noname
4
4
4
6
-2.690991835663140819e+00 5.084131562722371545e-01 4.584062580255801045e+00 -7.777516077455940424e-01
-9.161012305612533657e-01 1.219363506064513825e+00 3.902789206819476941e+00 1.296912807103858700e+00
1.029185454979362424e+00 -7.270633368882429837e-01 -8.133021196231654315e+00 -5.760848281111831115e-01
-2.144630233426746690e-01 3.873330271416991488e-01 -2.620167222756125369e+01 -2.062831979392529380e+00
-8.453589697820437232e-01 1.510318151144515730e-01 2.597210153254064480e+01 2.100464072074009536e+00
-2.080063756063774694e-01 1.685103390830920977e-01 1.168634383681361050e-01 1.188187284768411067e-01
-7.345121463348603719e+00
5.954768157752337032e+00
-2.462131176705620650e+00
2.605381200202326220e+00
3.494576554311470851e+00
-2.252499705526963825e-01
ReLU
0.1
6
5
-4.971553527033613640e-01 -4.237049972621662608e-01 -1.223478185723263278e+00 -6.385114592083064311e-01 8.319096514221246963e-02 8.370651983445744904e-01
-2.784936316121233713e-01 -1.453477229470768739e+00 -5.477506526837769979e-02 -3.911977526091405810e-01 -2.397214950446179601e-03 8.370651983445744904e-01
1.656845219811364123e+00 1.373719371789663191e+00 -9.172753086056011362e-01 -1.425395163048011948e+00 -1.816363429534764373e+00 -1.048962700069558246e-01
3.031017742493553602e-01 -7.745826701797450253e-01 3.031017742493553602e-01 -4.886151356537051793e-01 -3.984237831165794996e-01 8.370651983445744904e-01
9.406956861243598311e-01 -1.512201220883717223e+00 9.406956861243598311e-01 -2.170937304676765933e+00 -7.060356974887833648e-01 -8.717187860683955902e-01
-7.001551755442151359e-01
-1.246304839342026405e+00
1.073146751629664131e+01
-1.250092077351508069e+00
-4.925212417530104303e-01
ReLU
0.1
5
2
-4.542403974736401451e-01 -3.219386445979590533e-02 6.924130447029478441e-01 1.746270838940520154e-01 -1.683620700405306314e+00
-3.711838188930632887e-01 7.393468719439068478e-03 6.564998048229702121e-01 4.912304294360462231e-01 -1.701263780336507825e+00
1.167386982727637079e+00
1.510153230703664029e+00
Linear
0.1

ct 2024-06-16 14:35:56.827442
