noname
4
4
4
6
-2.690991835663140819e+00 5.084131562722371545e-01 4.584062580255801045e+00 -7.777516077455940424e-01
-8.190017190736278430e-01 1.201097438822217756e+00 3.489620598948582231e+00 1.272632704587187469e+00
1.029185454979362424e+00 -7.270633368882429837e-01 -8.133021196231654315e+00 -5.760848281111831115e-01
-2.950951949151920523e-04 2.290619597962695320e-01 -2.646456918083983467e+01 -2.080119509383457910e+00
-7.028810703615760991e-01 2.155862810909481286e-01 2.611990952348194739e+01 2.129464783041454368e+00
-2.080063756063774694e-01 1.685103390830920977e-01 1.168634383681361050e-01 1.188187284768411067e-01
-7.345121463348603719e+00
6.041064377005689323e+00
-2.462131176705620650e+00
2.601981090900452376e+00
3.470682515287243142e+00
-2.252499705526963825e-01
ReLU
0.1
6
5
-4.971553527033613640e-01 -4.237049972621662608e-01 -1.223478185723263278e+00 -6.385114592083064311e-01 8.319096514221246963e-02 8.370651983445744904e-01
-2.784936316121233713e-01 -1.453477229470768739e+00 -5.477506526837769979e-02 -3.911977526091405810e-01 -2.397214950446179601e-03 8.370651983445744904e-01
1.656845219811364123e+00 1.408884182743549651e+00 -9.172753086056011362e-01 -1.399677698997590092e+00 -1.868666497937880866e+00 -1.048962700069558246e-01
3.031017742493553602e-01 -7.745826701797450253e-01 3.031017742493553602e-01 -4.886151356537051793e-01 -3.984237831165794996e-01 8.370651983445744904e-01
9.406956861243598311e-01 -1.512201220883717223e+00 9.406956861243598311e-01 -2.170937304676765933e+00 -7.060356974887833648e-01 -8.717187860683955902e-01
-7.001551755442151359e-01
-1.246304839342026405e+00
1.054284475378580410e+01
-1.250092077351508069e+00
-4.925212417530104303e-01
ReLU
0.1
5
2
-4.542403974736401451e-01 -3.219386445979590533e-02 6.907822163118985115e-01 1.746270838940520154e-01 -1.683620700405306314e+00
-3.711838188930632887e-01 7.393468719439068478e-03 6.595046867063052431e-01 4.912304294360462231e-01 -1.701263780336507825e+00
1.280608384978628722e+00
1.565876538260780437e+00
Linear
0.1

ct 2024-06-16 14:35:52.661253
