noname
4
4
4
8
-1.149251903558481169e+00 9.334026358541654966e-01 1.946786282040809057e+00 3.368803735492532647e-01
8.225831154848729510e-01 1.283607700087206815e+00 2.610423924787663275e+00 -4.044118437469138017e-01
1.152916953803701829e-02 8.756242705190724340e-01 1.610597955107319734e+00 -4.007428563074479921e-01
-8.824351584610622412e-01 1.215125617066159514e+00 -3.177244750460166856e+00 -5.658962984433347776e-01
1.970464413146743254e+00 7.437020556507214497e-01 2.952622110750793283e+00 1.655199115775493501e+00
8.078146382833109040e-01 1.209468757047112542e+00 3.310628919878790821e+00 2.993358275805323432e-01
-9.910681774279760381e-01 4.763140421749606501e-01 1.702955717936850411e+00 4.961249120068729757e-01
-1.329126944587950998e+00 1.495695179634793703e+00 -1.222252669684317505e-01 -3.985526180603983226e-01
-6.951304037081674769e-01
-5.581939162290774220e-02
-2.513585617297959818e-01
-1.014249794942709615e+00
8.394100187340020058e-01
4.372586130782177283e-01
-1.101576350951220196e+00
-7.244699879826609346e-01
ReLU
0.2
8
8
-2.662003338498401539e-01 -6.912351661634366096e-01 -5.164602834232334683e-01 -5.686159683154329292e-01 4.765176483058697343e-02 -4.545177466466924776e-01 -1.007764898214377647e+00 -2.741614921510149849e-01
1.516483048929479979e-02 1.153695174711487220e-01 -2.295925207175715244e-01 -9.529344766673998324e-01 4.039337885910720405e-01 5.515091182706330919e-01 -8.036008435326829069e-01 -5.206532868685336268e-01
-5.008923715935483800e-01 -6.113965048944708380e-01 -2.975411991729972061e-01 -2.115263502740799273e-01 -6.231681094274717919e-02 8.360595327309400249e-03 -1.594334055308017417e+00 -8.063974592622735749e-01
-8.026634392042290844e-02 -9.685434642474323175e-01 -1.739237790599283962e-01 -5.208698208011207642e-01 -8.708682526069870811e-01 -7.613267183880724209e-01 -1.176765919748981037e+00 -9.478726026053657661e-01
-3.254561710040408395e-01 -8.549078792460269582e-01 -5.383103481256846790e-01 -2.143579373456447057e-01 -1.104089459084381941e+00 -3.615211384691359719e-01 -9.858480290793990575e-01 -1.095692431407202294e+00
3.341404258093420149e-02 -6.336507612695556346e-02 2.377240665477190762e-01 -9.635904145319309499e-01 1.105107196245630252e+00 7.244990448859655041e-01 -1.769688195056569713e+00 -5.502019673821358925e-01
-2.122704822419695381e-01 8.292565708515968748e-01 7.482488857401335507e-03 -4.305067497292083822e-01 1.567498085390104379e+00 1.013289989039050987e+00 -7.487186927547400117e-01 2.235000851674195932e-01
-8.397256395125622941e-01 -5.223499016253700944e-01 -4.964670135576293997e-01 -9.671360095881186281e-01 -5.535375798777005807e-01 -5.634582929619480485e-01 -1.697985497203679417e+00 -4.787752194329292776e-01
9.933489067760429281e-01
1.392116645190202950e+00
1.196746426668353847e+00
-4.237314393338684204e-01
-6.412465460510078374e-01
2.243722327675949924e+00
2.166061927653362140e+00
-1.193062148074625961e+00
ReLU
0.2
8
2
2.504008504693658876e-01 3.849922358091344837e-02 1.801065347507284364e-01 -4.987145468172713980e-01 -6.010107012484512401e-01 9.500004922327347501e-01 9.152210129080723400e-01 -7.608113154387228239e-01
-1.603266722402402200e-01 4.722494746151624512e-02 1.080139409677995238e-01 -5.310409333270672549e-01 -3.227732369187172323e-01 7.586443030126717169e-01 8.356767647383754882e-01 -5.912779692107020812e-01
3.510229338197129678e+00
2.972036656916824171e+00
Linear
0.2

ct 2024-06-10 22:44:55.574137
