noname
4
4
4
8
-1.193400948634064651e+00 9.201933913560637057e-01 1.781719119473765156e+00 3.234150487365564097e-01
1.981827230901034853e-01 1.565952361837182671e+00 2.742140402499417817e+00 4.530775324798603232e-01
-1.857664448554863790e-01 8.716943746490825040e-01 2.190770188244053340e+00 1.613491089327296901e-01
-3.390433061587388774e+00 -9.702373673432739265e-01 -1.220662546535559656e+01 -1.244925951896831418e+00
1.818276289493547138e+00 1.902372968365475092e+00 1.240666555141342053e+00 2.669332485033446112e+00
1.735184568422887263e+00 1.835877095328425357e+00 1.719884733859567083e+00 1.603498271458659863e+00
-2.405592828060826527e+00 1.996438936887663163e+00 1.369330031130810355e+01 1.877867673364790324e+00
-1.821754852511070055e+00 9.512473861068679870e-01 -1.738786376791428445e+00 -1.914035270085240048e-01
-7.119017958454797457e-01
1.336897597219304235e-01
-3.840615012884607271e-01
-1.915343697271728374e+00
3.230825163700352110e-01
5.911585065488134116e-01
-3.593926685308264535e+00
-8.691899368127091741e-01
ReLU
0.2
8
8
-2.644641270724118476e-01 -8.089412491034448927e-01 -5.072141401424419271e-01 -1.440090146428318341e-01 3.539519820567871289e-01 -8.398514879229352914e-01 -1.349899327067767274e+00 -2.038451340594513994e-01
6.507959971139366633e-03 -8.291477126534864406e-02 -2.781126793543774456e-01 -9.118521959889278605e-01 1.322003573362787454e-01 1.700578696016005198e-01 -8.189393937624926956e-01 -6.424188624702512618e-01
-5.015179957636572983e-01 -8.038092406917289878e-01 -3.033421032733504830e-01 -4.053391921632792383e-01 -2.142030010150380859e-01 -3.689690357360030926e-01 -1.605255950420080513e+00 -8.349972260992067907e-01
-8.037676626733594731e-02 -9.686554195970188408e-01 -1.740317709021241832e-01 -5.209830159144311912e-01 -8.709843376583039642e-01 -7.614381955602937957e-01 -1.176903052204695266e+00 -9.479889863763814040e-01
-3.255673556634411381e-01 -8.550671757021620634e-01 -5.384417614017067422e-01 -2.144726252866905047e-01 -1.104231442683513809e+00 -3.616728674837926261e-01 -9.860812510494791905e-01 -1.095827249283255478e+00
2.085467441549649359e-01 -6.224504144969320585e-01 3.455410371738495412e-01 -8.662694414635849771e-01 1.107538263747434915e+00 5.345001384035241720e-01 -3.209122830234645729e+00 -3.216436398770641247e-01
1.260167384164576597e-02 8.695054069272986075e-01 2.536282223725711549e-01 -1.550065534409623691e+00 1.012879123743357646e+00 1.042630988097871247e+00 -2.276035302867121857e+00 1.821574767008707048e-03
-8.398367490574691896e-01 -5.225112892842357359e-01 -4.965999774986300519e-01 -9.672534901476290692e-01 -5.536688010199551924e-01 -5.636075973731390354e-01 -1.698223378409712492e+00 -4.789142624638292878e-01
3.269074903787902997e-01
4.240832085400728091e-01
5.136347357268915559e-01
-4.238723029911090068e-01
-6.414220826275913723e-01
1.704812209007948276e+00
1.809004876296748776e+00
-1.193213837390316723e+00
ReLU
0.2
8
2
2.524138051292099810e-02 1.224913153472985267e-01 -2.201508830658363836e-01 -4.987987144793959438e-01 -6.010834459143716835e-01 1.176115641299990910e+00 1.136675217231277291e+00 -7.609079988321338917e-01
4.538086768887674219e-03 2.387639171080378209e-01 -1.366157802273037791e-01 -5.311204258116314358e-01 -3.228390942064370273e-01 6.240940046841060296e-01 1.210681440151312627e+00 -5.913685538463985258e-01
4.893479533604681464e+00
4.121903877008347372e+00
Linear
0.2

ct 2024-06-10 22:45:02.586086
