noname
4
4
4
12
3.123650527672383603e-01 8.456028314749211017e-01 5.077779702387765770e-01 1.292216701926482691e-01
5.554742512498547224e-01 6.365373369792249880e-01 6.180085809933359986e-01 7.065052916552100326e-02
8.479846197138826702e-02 8.567925654579271466e-01 9.484262272918019265e-01 5.387898813529164999e-01
4.575858021210079118e-01 5.709129852456062970e-01 5.678163358753117729e-01 8.972098766625786759e-01
6.273664422829274834e-01 3.872627955190271337e-02 2.194233724028248067e-01 6.962242173946766588e-01
4.071553462714597726e-01 1.223327924772497494e-01 7.302205159787269473e-01 2.167696574138742727e-01
3.753266100125625115e-01 9.240295796052939714e-01 7.023373571222694123e-01 2.664361838604949462e-01
5.613352986451762838e-01 2.669657329833801662e-01 9.898305828665130424e-01 1.104424032125471689e-01
4.964406216825112961e-01 1.010360157461133723e-01 4.659676599530300778e-01 4.274508336478455850e-01
2.057204308079293442e-01 8.221561245261692630e-01 1.212650871554612486e-01 5.347233803474458202e-01
4.911476544778952680e-01 5.997066106545781983e-01 8.022051499437661271e-01 5.465348930336833000e-01
5.723669065484132679e-01 5.600528026580671170e-01 7.419501299032755792e-01 6.113339101354695604e-01
8.362851281433602013e-01
9.339577963715299802e-01
8.598833013784934476e-01
3.860230486117007809e-01
5.854442278238092268e-01
4.106382822384291864e-01
9.387668483944797138e-02
4.851398681492698484e-01
7.966331550675707085e-01
8.074626671650857457e-01
6.336569198722201701e-01
5.855351642667214751e-01
ReLU
0.001
12
12
9.163670622426406398e-01 4.778384190795940678e-01 9.034897533732901831e-01 1.770387939326915558e-02 9.096847235112012209e-01 1.298475271908035300e-01 1.450695449812837989e-01 2.666420814339107159e-01 6.267625865354465864e-01 2.429839106532938608e-01 1.007314034225560873e+00 5.882654404442172469e-01
3.250334832817878272e-01 5.741560016243052456e-02 1.161016420932834969e-01 -5.877098379583826915e-02 4.275486764068200940e-02 -8.434526367287897841e-02 6.365904631510419520e-01 6.513012136666718188e-01 1.177050889596881617e-01 1.332885923862909550e-01 7.043403097680169811e-01 3.822870279173459229e-01
8.026767514472639142e-01 7.113582213227841455e-01 5.888811678399231697e-01 6.635308146918317274e-01 7.337850761937790844e-01 6.127503681022588022e-01 9.352576407939765524e-01 4.423969220022203608e-01 7.893293682043002191e-01 1.952299084103142623e-01 1.565018280652320237e-01 4.949703806588782729e-01
5.949253156645516460e-01 5.812104605962878923e-01 8.531380449721917003e-01 6.591124680657509671e-01 5.300393153271457103e-02 8.797333106475728748e-01 5.992888270002504347e-01 7.140554371122103117e-01 2.450743093105746118e-01 7.463292336474214306e-01 5.473831729672310464e-01 -1.244494329785423847e-01
3.005279610582681227e-01 1.528196044631568162e-01 9.523704054144439546e-01 5.835201373574518818e-02 1.361165497672692237e-01 6.613232520715237595e-01 4.129632575785156523e-01 8.527104805983796165e-01 5.437556444035129832e-01 7.859251620828670848e-02 3.194294460128981328e-01 4.350545262089423049e-01
1.717209389224960969e-01 6.342165101885324230e-01 4.236170666713670596e-01 9.566474669087401406e-01 7.869889267746609240e-01 9.899410645600881242e-01 9.732994495144036140e-01 6.043255938430718011e-02 3.426779075821221876e-01 3.259383749685008658e-01 5.497946900183889873e-01 1.193307915722080781e-01
2.842655469348809305e-01 7.702452931568157801e-01 2.743849641628701708e-01 3.143255049560823161e-02 4.037142333247034087e-01 5.308965289730671611e-01 1.907766806108428526e-01 1.008030654544262106e+00 7.023467068804750690e-01 7.710014537740798035e-01 1.103465268891472284e-01 2.874852610462031444e-01
7.460829886961451995e-01 5.790365614528908411e-01 -1.525213095651112988e-02 7.251885513369045466e-02 1.323655036847296851e-01 -1.993246047893025910e-02 5.352263311785274702e-01 6.651751903052194326e-01 1.288646729463116536e-01 8.492754835409985215e-02 8.681017284391252531e-01 2.390225431641218312e-01
9.622496286825582557e-01 8.737704876506269258e-02 2.577465102897184002e-01 1.043219886003943914e-01 8.941955321956245317e-01 3.860705197719259685e-01 2.644758311294682640e-01 5.008749350014072288e-01 6.538074346344405763e-01 7.055388959297833606e-01 5.174187487276801223e-01 7.912427002050766989e-01
6.721650875448312856e-01 6.043769587325751314e-01 7.530269144476653409e-01 6.535324432315098298e-01 5.522861236381196859e-01 9.875716924039350531e-01 4.686181806015429219e-01 7.869784357557543242e-01 8.638932048859098156e-01 3.176204802961309359e-01 1.065171473925772716e+00 4.142479657442550978e-01
8.657310513678064812e-01 4.198279519583659747e-01 9.255386364320288273e-01 3.567741382959735419e-01 9.916477258516054327e-01 6.635360761702843169e-01 2.125527438346774128e-02 5.140579550380159901e-01 6.931984860988221753e-01 5.265740212314318214e-01 4.576838053785383664e-01 4.333290115817343691e-01
6.821815477829434871e-01 4.065499975571427727e-01 9.375261743836961204e-01 3.104287829696188994e-01 8.240727675316376066e-01 2.954536578025216964e-01 7.546612739813998161e-01 2.754285985397995629e-01 6.280736306481337072e-01 6.155495833832425046e-01 2.253389751108740013e-01 -8.435671450506723734e-02
4.935130933744865667e-01
8.889517221344669373e-01
4.167416025937769053e-01
4.547163648379950324e-02
8.624606557011639252e-01
7.788975969664639898e-01
1.548157154105403444e-01
2.105239695814266621e-01
7.558216522619537470e-01
9.255206116657753446e-02
2.375854020542362277e-01
1.991846525318619610e-01
ReLU
0.001
12
2
4.127014329180719310e-01 8.527174570849065105e-02 5.217567965312779332e-01 5.217873721667640186e-02 1.965047334774628895e-01 8.624004440425615536e-01 1.047267217524370686e+00 2.067308922942882599e-01 2.415652355436115895e-01 3.318917101682150039e-01 9.105069683831062965e-01 2.105312701488889771e-01
3.187464491575027203e-01 8.419775433454348423e-01 7.103993224769343806e-01 3.729520153419116912e-01 5.710119901242652896e-01 7.373789808092533482e-01 7.352248142578607926e-01 8.531346870693271578e-01 6.957443988238988242e-01 2.109883182721415951e-01 4.809109814575583952e-01 7.569619410099880374e-01
5.238081653060069343e-01
3.823853822653354717e-01
Linear
0.001

ct 2024-06-03 18:40:53.895368
