noname
4
4
4
12
1.080218548162960868e-01 7.458363505701862683e-01 6.064804373647273428e-01 2.077262741683495173e-01
3.237290282053130186e-01 5.689362816241555487e-01 7.861164492421841565e-01 8.735964490424689977e-02
-1.558002587216398005e-01 7.425254417271754948e-01 9.859111369158867211e-01 5.703112591995888048e-01
6.098027668510439536e-01 8.707429069045403702e-01 1.198896345741134600e-01 4.654520347043100692e-01
7.194945737856290879e-01 2.772200535587280856e-01 -2.678343745755193961e-01 3.202694514953211002e-01
1.928156559416429883e-01 1.452686657080464461e-01 7.505449599165401331e-01 1.126879805951075814e-01
-1.493412115162724707e-01 7.885042363023210266e-01 1.151843270701255140e+00 2.484651743104997479e-01
3.848525213727134742e-01 1.624068143236364892e-01 8.926912023203873447e-01 1.222471747141376797e-01
3.083824832581105735e-01 1.454272213899449884e-01 4.013707466762042042e-01 3.048669949399143708e-01
-1.355382119442366876e-02 7.163828659510473873e-01 1.423256939033734625e-01 5.651188973370295798e-01
2.998564443443273997e-01 5.446454023983409165e-01 6.075532089687102344e-01 4.729736300186767051e-01
4.341705534796925225e-01 5.835064393840649899e-01 5.489951016214605906e-01 4.726287597188286727e-01
7.754380077893159307e-01
9.078437632428765225e-01
8.613955724196339370e-01
4.187113315155936433e-01
6.930754281800279859e-01
4.682520692744526203e-01
-2.953912618870409013e-01
5.199222723872919394e-01
8.717197919960384400e-01
8.011053256995683824e-01
7.323363301942207304e-01
6.777790179612726007e-01
ReLU
0.001
12
12
8.923688874071274979e-01 4.546123536642814322e-01 8.654590701017788046e-01 -1.610808677846708448e-01 7.167431251666663838e-01 7.147910027910170383e-02 4.257310722308882966e-01 1.727588324901930539e-01 5.543964862325269083e-01 1.561122328540018311e-01 9.178218939080770022e-01 4.867453908446328081e-01
8.522355557433239359e-02 -1.464427845807486639e-01 2.540841096183181144e-02 -2.149554245491323012e-01 2.690094585402890218e-02 -1.465943009213008796e-01 2.679381857308241743e-01 5.882274461482721595e-01 1.342481963552153157e-01 6.788960359018079982e-02 6.615881246047771169e-01 3.337448966478965828e-01
6.824539681288550597e-01 6.116354083852768575e-01 5.339914244586640990e-01 4.921022218207821153e-01 6.186795684331187761e-01 5.592344210688834361e-01 9.086236817200110671e-01 3.606679442028887239e-01 7.650478523915891227e-01 1.228955151603333407e-01 9.099569144033600732e-02 4.190305080001635596e-01
3.414373489064967959e-01 3.597958894438013644e-01 7.412081046746152868e-01 4.815778920155181497e-01 -1.037172079650742216e-04 7.929660743017525881e-01 2.479201470872726409e-01 6.250391805554572633e-01 2.281985087987966343e-01 6.523159668723088611e-01 4.776771365858928919e-01 -1.999811472364734222e-01
1.015002423453159469e-01 -1.470766159405092338e-02 8.686713806121757475e-01 -1.133509622437895853e-01 7.498802029684258075e-02 5.958497698215381444e-01 1.631294238310779798e-01 7.725004655034327650e-01 5.401540211273535563e-01 4.330459719451591229e-03 2.602564100086425247e-01 3.683243218373031813e-01
1.206975921752142106e-01 5.935206035130869973e-01 3.900553682931124366e-01 7.914448638239524048e-01 6.380349895438707231e-01 9.455450544360851639e-01 1.128481600544181784e+00 -1.989104914186784479e-02 3.032410471387893547e-01 2.569669871622283219e-01 4.805065810505865231e-01 3.865812081208847006e-02
2.585169064543078599e-01 7.509136250811547786e-01 2.496733329533796508e-01 -1.290057494697547102e-01 2.452232338573566151e-01 4.914829580156768740e-01 4.127800440016688999e-01 9.302368517364302258e-01 6.589193707382384746e-01 7.043265595031688031e-01 4.164779294401192017e-02 2.073524485844677467e-01
5.299431117436641525e-01 3.954796029797484347e-01 -9.713003998966689145e-02 -9.033147851247842752e-02 8.793488981782671132e-02 -8.009364962947967959e-02 2.478316047014659795e-01 5.964667627993015531e-01 1.344892645616804217e-01 1.603078224674844843e-02 8.193557987155150046e-01 1.827949974191781790e-01
7.662836272559195860e-01 -7.494494545806648644e-02 1.742698241239839518e-01 -6.552132324159228027e-02 8.416358066419326045e-01 3.227567812261209479e-01 3.060232872187066029e-03 4.212483632014838442e-01 6.569601882248962132e-01 6.356302593755948083e-01 4.600987564922834894e-01 7.265081845533875038e-01
6.699556026850608248e-01 5.962799385398431795e-01 7.150533264577532133e-01 4.727225500756012666e-01 3.357986998905475584e-01 9.235692043704533116e-01 8.402669367817117152e-01 6.866356951929925012e-01 7.729976560328725155e-01 2.217564031407581737e-01 9.657148349948414534e-01 3.030213563786326447e-01
8.872805238375525150e-01 4.388119829035553865e-01 9.099091900371431008e-01 1.990488974331050820e-01 8.062008107094773557e-01 6.243617422214456925e-01 3.796691755538131874e-01 4.341614856580517934e-01 6.320926186805350122e-01 4.571714155472657581e-01 3.814635540179553974e-01 3.454925974810316713e-01
4.694216212757132412e-01 2.282585179423382848e-01 8.530067694323978378e-01 1.457719259441324078e-01 7.835735823735077155e-01 2.340625694993536676e-01 4.550283455491206386e-01 2.024256000430459390e-01 6.365542581754316531e-01 5.474059986565283920e-01 1.744133494084232627e-01 -1.422720553928566445e-01
5.097790972858617931e-01
8.622890571568013751e-01
4.317230547211174940e-01
-1.456190483427696226e-02
8.541635068444735079e-01
8.132730786269681822e-01
1.950528425220953432e-01
1.901723124085074323e-01
7.610844628515884835e-01
9.869162265252344468e-02
2.820696881625034402e-01
1.917213106101468278e-01
ReLU
0.001
12
2
4.103170614825812357e-01 1.063933602103354498e-01 5.337712486346635199e-01 6.887881893882764894e-02 2.006079796077801514e-01 8.646672014063179201e-01 1.039967319492085984e+00 2.461731487007783881e-01 2.166275937463401358e-01 3.247362289266731428e-01 8.954594866836818046e-01 2.058454462363311088e-01
2.236388149457055052e-01 7.337737505794764692e-01 5.890733808544865724e-01 2.398846757459500156e-01 4.887555279594069657e-01 6.266267398114798715e-01 6.402163841867264393e-01 6.894455786189129798e-01 6.172117756116858311e-01 1.127691789813605183e-01 3.884462707434473971e-01 6.478728855349966675e-01
6.106580117110559369e-01
3.636924994734431205e-01
Linear
0.001

ct 2024-06-03 18:41:45.956775
