noname
4
2
2
32
6.374128729858807851e-01 2.012642367493534812e-02
5.438655282254715173e-01 6.679687004688893148e-02
1.753820068639437568e-01 2.403645764585358446e-01
6.293037191647750106e-01 2.287405904252386157e-01
1.473915398521389863e-01 3.717330219232722888e-01
4.306711488689984324e-01 5.662478951057869914e-01
5.202378181425961756e-01 4.199825317916746625e-01
1.190922670804689942e-01 -1.468279068445650093e-01
5.628801914391589056e-01 -3.730027923256037936e-01
1.915493314251170698e-01 -2.115530968969549785e-01
8.614717334319695009e-04 4.222687033692936742e-01
4.024290217262080915e-01 -3.369190752531175392e-01
2.339577321263178744e-01 3.005760276698101197e-01
-3.618804222912955226e-02 2.512083288060504987e-02
-3.845073090982874531e-01 2.500672587516364898e-01
1.423776830050455244e-01 -1.417906038217964237e-01
-3.169092222581802454e-01 2.110231302351295024e-01
-1.633685460889377772e-01 5.937715676188924929e-01
2.814408558079043998e-01 -2.749920218464023125e-01
-8.724691726591346508e-02 1.124803432044917291e-02
6.115129982711917656e-01 5.084112080851699994e-02
1.568258419081346444e-01 -4.831923319150518981e-02
1.446905022590451451e-01 3.740045934946411438e-02
-1.185599332794345928e-01 5.177403842375714882e-02
1.155800364449645345e-01 5.308133665308992777e-01
6.240569411992525906e-01 1.718544342764209976e-01
4.825418514946790971e-01 3.803873179144048877e-02
-2.164124198002915778e-01 5.811066471762549313e-01
6.521299236850205960e-02 -7.941975923181263108e-02
6.052186981240913199e-02 1.584141123746348190e-01
5.527465237078249549e-01 -1.079606131262474296e-02
3.199195312482644438e-01 4.991196892083492598e-01
5.996661608084157269e-01
-1.994303460104702441e-01
2.572016058649204684e-01
5.161465064133319292e-01
1.563618196386137860e-01
4.254963887781455512e-01
4.705641414881944207e-01
3.130362152239032913e-01
-1.442679226658876435e-01
3.812825032909125111e-01
-1.091410565259035848e-01
-7.474704606955283326e-02
2.191829818600008473e-01
-1.760856678888007010e-01
2.218029635140312539e-01
3.029178621003592586e-01
1.958469632625408838e-02
-2.853409251972738869e-01
1.135246072302735360e-01
8.236080157210489139e-01
4.514807576087786489e-01
1.326606834235370402e-01
-6.299905463000592121e-02
4.621174357726714477e-01
4.788768599488792410e-01
3.987934365311049389e-01
5.403783008004193755e-01
4.321972186122587378e-01
-1.134276951401270994e-01
-1.312699240598931005e-01
9.932326218012828278e-02
6.248050319513487327e-01
ReLU
0.0001
32
32
1.992275312828009348e-01 5.371217393203246981e-01 2.338967789080404203e-01 3.299593061141297690e-01 -3.950639856854555321e-01 4.965201373222222214e-01 1.148587044487613396e-01 4.910244693978884634e-01 3.864387298342824018e-01 1.794012552424687629e-02 4.538662276769185322e-01 6.245536460857056271e-01 1.214571470026545308e-01 7.371802850764670456e-01 3.892448123414439243e-01 -1.548393173156629998e-01 4.077995476996790769e-01 -5.348061802319521024e-02 1.835301578645679235e-02 -9.115160823645293564e-02 1.734599912220142690e-02 4.436388086153026378e-01 1.220965719611739886e-01 6.056118097545093448e-01 2.462125089278167644e-01 2.566422906307590512e-01 1.023837843181794466e-01 -9.759857294109912373e-02 7.305565861415483364e-02 4.559931045644282643e-01 2.486872016068859270e-01 2.396927473117325680e-01
-1.520065442699982117e-01 3.984009978655384532e-01 1.142062639646313771e-01 -1.168055714039128723e-01 2.476994624548616020e-01 -2.725454516545118278e-01 -2.836427636870936242e-01 3.858691593288441912e-01 3.803547735529563822e-01 -7.517476631245707808e-02 -1.154830936423592719e-01 -2.514826473403590779e-01 2.978275097775272967e-02 2.381223992250259547e-01 -7.024131514441955826e-02 -7.599603982397086337e-03 -1.216051654123261605e-01 -2.817110008253623579e-02 5.278128420956555988e-01 3.875277865498304442e-01 5.111945241169163490e-01 4.243745456861957033e-01 2.547331118135769956e-01 -3.569110706654064075e-02 1.675264743962564251e-01 -3.779092838156204448e-01 1.102877512751315875e-01 1.112101839394181446e-01 -2.027342035087131844e-02 6.656822220103131293e-02 6.105314045890225527e-02 -7.099677231080198103e-02
-1.081954905370928754e-01 4.031432730603822789e-01 -2.869618365503251445e-01 -4.566823191806058946e-02 -2.866907988769039073e-01 1.023946411748394986e-01 -2.415152506113274478e-01 3.337705286755975886e-01 1.968641693165651407e-02 4.818261450272250945e-01 4.488706070864381115e-01 1.686433319782566498e-01 3.888551372301434772e-01 5.307217502761826244e-01 3.708242786015552434e-02 2.922126220452601619e-01 1.902458508242917956e-01 3.143321993484241572e-01 4.165150580206293252e-01 3.860196642943807821e-01 -7.448160998996113114e-02 5.058835097402702985e-01 8.181435447717189113e-02 7.219719633989878094e-02 -4.057947996225216847e-02 -4.394221498241393520e-01 5.381427971023626800e-01 4.043323124006191760e-01 1.014240569235029255e-01 -2.425809363960646503e-01 -2.671761175101342034e-01 -4.149467540353930506e-01
3.049453728126793467e-02 -1.353297681485479131e-01 2.494370255167001060e-01 -4.472529408248843152e-01 -1.158086134359155757e-02 -4.431259835271397773e-01 4.548027368511066149e-01 2.417012620987185334e-01 1.878611341275141788e-01 7.455217580376518605e-01 -2.249891506498378491e-01 -5.944915885891952079e-03 -3.648989175970920873e-01 5.906504378416556345e-02 -2.151172681271371900e-01 6.082943539988887593e-01 5.014925584204839998e-02 -3.034984235619813675e-01 1.240117621427694328e-01 1.838497503914976183e-01 2.725216326844679404e-01 5.748350178203331939e-02 6.145733589061742608e-01 6.077403504397558276e-01 -3.830053631560442762e-02 -3.376111082680491315e-02 5.596761111115112763e-01 3.509898928439729171e-01 2.046518664893819117e-01 -1.303979545438152809e-01 -3.978628798185092630e-01 3.125110889882914411e-01
8.965079541502161617e-03 7.077563846958425664e-01 6.443406806266341880e-01 6.180519412521425782e-01 6.084616762882884000e-01 7.516884151926246371e-01 3.186403359638314559e-01 7.482446350969754745e-01 8.803712874694674673e-02 2.330889979752024180e-02 7.039525971320766962e-01 2.476321294075304602e-01 3.449245358294479868e-01 5.887937263657616604e-01 9.654437578900348926e-02 4.010808679087732864e-01 1.716654262768875783e-01 1.438506478296746882e-01 3.926187658097274324e-01 2.158201341810963847e-01 4.359044573329059480e-01 3.601802758847442720e-01 -1.240002608039727228e-01 6.834486982446841274e-01 4.701650515957414012e-01 2.859708788272002922e-01 -1.141369676532760363e-01 -1.683862122690247543e-01 1.262238258035786598e-01 6.332662122747273470e-01 -1.459052534066557910e-02 6.555465263031131640e-01
-6.959721291187236092e-02 1.877151876497763494e-01 5.102955581669701424e-01 -2.135253801356973846e-01 3.790993591898668136e-01 -3.007017247959343220e-01 -3.535866022212608706e-01 3.901891500446200145e-01 5.773320132425131535e-01 3.078393191543129515e-01 2.730256340690905281e-01 3.821481539416120010e-01 4.070914304083357860e-01 -1.704235725266545487e-01 -1.206970388700570607e-01 1.294678670695031120e-01 1.470779859113197086e-01 -1.854455669200964774e-01 -8.918693782304383533e-02 2.235185822316820003e-01 -4.475192597426607133e-01 1.938815010064043678e-02 5.733543269566959699e-01 2.208100806426811502e-01 4.359628376283385398e-01 -1.096355138097323545e-01 1.975703410708777308e-01 4.085726955726743936e-01 1.151634049989444519e-01 -3.856091999155327743e-01 2.662016322625570530e-01 -9.705795642813958013e-02
-2.764798989284353858e-01 5.437901693641994383e-01 -2.807415978245489940e-01 -3.094051777052975738e-01 -1.587761224786604086e-01 -3.791966757870268157e-01 3.478338737889569848e-02 6.940732438338946542e-02 -2.973876988208272731e-01 1.547327973183960925e-01 -2.810735055069166211e-01 -2.010085740950182387e-01 2.751391094951252322e-02 3.706758450760488932e-01 -1.910635373620393207e-01 2.239381602790221637e-01 1.861511091268484019e-01 2.955129772738111504e-01 4.063810803103171804e-03 4.324111861621715569e-01 -9.679240018201162865e-02 3.135225639597745695e-01 -1.678999747073241511e-01 1.937550027757597715e-01 3.000671958542410964e-02 3.054210559882323262e-01 -3.385968762419941380e-01 2.117336858801758814e-01 1.064299741702361135e-01 4.031869414967807069e-02 4.599890568091291598e-01 3.062016678807703562e-01
6.173448925318120173e-01 1.987997709599172158e-01 1.801664390715393138e-01 1.653091763809087511e-01 5.175775729599070563e-02 4.732535991554094323e-01 -1.406219931412050483e-01 2.720554268970991618e-01 2.254056131522558237e-01 1.761702266109444193e-01 8.536488123650691484e-02 -6.882434874694659532e-02 -1.746591576167985937e-01 1.233987633979627685e-01 3.542173773245590462e-01 2.854214975774765350e-01 -1.355827692960597519e-01 -1.789214436574495248e-01 3.252986002769112650e-01 7.923338752880161318e-01 3.641460927080615861e-01 -2.790943990089289964e-02 -6.288621947222414188e-02 7.791618379936648964e-01 2.577349298706718694e-01 -1.554602287043469096e-02 -5.560218541214335952e-03 6.362227558323322318e-01 4.797408052306411097e-01 5.034364693401416346e-01 -1.011024895444501831e-01 4.090251544552827023e-01
3.856761710472113996e-02 8.341765871880971184e-02 -2.810575869532587756e-01 3.258343856627130553e-01 1.600489150553285056e-01 -4.063444620061826829e-01 4.159640513885821678e-01 4.483164721700631100e-02 -1.471169084625120471e-01 -5.161999718831148526e-02 5.130147420870720953e-01 2.851996426403127227e-01 2.301020773999301605e-01 4.264294481711077278e-01 6.621176667584010023e-01 1.153655429613606176e-01 -1.283007164613953477e-01 3.679746084061518152e-01 3.125957342136463368e-01 5.542502411828479358e-01 -4.941520727124762424e-02 1.990833136207379242e-02 -3.787815249664039929e-01 5.294035852411743681e-01 -1.331729895051337043e-01 -3.408106372573686538e-01 1.454361513449242693e-01 2.691665619145257593e-01 7.126630287147689424e-01 3.247271769991202373e-01 3.903745295779398883e-01 -3.458579552232005083e-01
2.737803344865784583e-01 2.171088248240751056e-02 -3.059911696544739823e-01 -2.269687982947746485e-01 3.384706858568895527e-01 -1.127369152314313255e-01 3.304950234138167020e-01 3.442356337052000503e-01 3.708994625536267131e-01 6.051230240523498144e-02 -3.036249970570819579e-01 2.667673488174737151e-01 -4.047358340566069024e-01 4.307178345326752034e-01 -1.590718347843588509e-01 7.119880417452645327e-01 6.656344516315716442e-01 4.040441202217705946e-02 -3.636762282820975994e-02 8.432338018135393520e-01 5.593979566198807873e-01 1.326668149823493348e-01 2.895095872792570191e-01 6.032349557069427437e-01 2.626327953003208537e-01 -9.154573479999306151e-02 -1.617382939092853189e-01 -4.063925972979840484e-01 1.386746954285972000e-01 1.457365056923173030e-01 5.438248254035549234e-01 4.353291962578043073e-01
-2.550111315705345105e-01 3.467959311989455840e-01 5.740221651111299117e-01 -3.713577102684564868e-01 3.337121301582907651e-01 2.159863768430202446e-01 2.734978788406897676e-01 6.348549267905408966e-01 1.038238247342423010e-01 6.899558860857544218e-01 3.838377199068593870e-01 -7.566420437607929150e-02 4.489634164386427373e-01 5.152678799792397291e-01 2.973932808601967848e-01 2.042233573797910540e-01 3.715725013836900237e-01 4.756015352931467627e-02 -1.869848706366924462e-01 6.609794544556614193e-01 -2.391798035011623580e-01 6.262600986777860923e-01 2.626818914193965182e-01 1.637353414570572735e-02 -2.396545756437989394e-01 -2.196579734517898619e-01 3.894844527260406530e-01 -7.807148560484532263e-02 6.811093859767257674e-01 1.652360176291868821e-01 3.308161799768589706e-01 -2.780069187210305534e-02
-4.694930272326945375e-01 -4.730751309732155602e-02 -8.676887739310905345e-03 1.870533725175903828e-01 -4.173613177472977886e-01 2.894947994263483843e-02 1.150868615966279956e-01 4.978316461849842667e-01 2.860800152439012534e-01 2.403012148216849830e-01 3.239166445415373463e-01 2.871953107374589642e-01 7.699997083928128427e-02 6.275333874689501545e-01 3.888985953122361394e-01 8.152905282301320389e-02 -7.349042081340130539e-02 5.058164241779721237e-01 7.810350147662838971e-01 6.450632746244805427e-01 -1.169570432262873050e-01 -3.217195885533105093e-01 -1.774123397923964562e-01 3.193872115417587532e-01 6.678136232215032241e-03 4.249042776223396767e-01 -3.080438928393338174e-02 3.601242540648063040e-01 6.635747311744201182e-01 -4.030634228560645571e-01 -5.535549943168053405e-02 -3.837747853314989188e-02
1.046198933740129233e-02 6.563799350774017771e-01 6.400574765662673249e-01 4.617366251623763462e-01 6.228029031275350569e-01 2.511661871510742494e-01 -1.768604597029961867e-01 5.956659804577069117e-01 2.194949518593098531e-02 7.774047084702204735e-01 5.781276754899160597e-01 7.028891549359774782e-01 -2.507954754835113875e-01 8.047969349331460798e-01 -7.296763394750221954e-02 7.425117161098696572e-01 1.533749480802112097e-01 5.355178688109766272e-01 7.504917148389304016e-01 2.301107427022215379e-01 6.489879070143364515e-02 -1.410944395498214821e-01 5.078576760739494933e-01 6.044099559982084591e-01 5.131199443434488749e-01 -3.584614112526280510e-02 4.818453244864181473e-01 5.596627733890108258e-01 4.489986295369666203e-01 4.926606725134337061e-01 3.693548218146958800e-02 9.729329015356077970e-02
-1.123447731969020175e-01 1.525714633489361205e-01 3.798534123811963537e-01 -3.531583117964032792e-01 -1.596848473082302100e-01 5.592635595854719699e-02 5.037351513242958045e-01 5.445427119626514711e-01 1.954073095431501927e-01 -5.392766376373817061e-02 -1.883007625734668122e-01 3.038616404930652992e-01 4.348339896021563566e-01 3.105457618727014424e-01 4.002643561940872896e-01 -1.173541573047628822e-01 1.691665313257703640e-01 -2.113641452951618149e-01 5.832878573165041214e-01 8.541096582294436246e-01 3.493618026934950938e-01 5.052056001036678845e-01 7.408753896736889298e-03 -8.990327773147938073e-02 2.502079582782785749e-01 1.174661158490654944e-01 -2.962444852796959904e-01 3.702197324476849682e-01 6.943835139738869788e-01 -3.025042080639480657e-01 1.856546493043451790e-02 3.346559701963336408e-02
-1.729406897571973134e-01 5.775080912338492745e-01 4.556657000276290170e-01 -3.624804390753327832e-01 8.330033503401464146e-02 1.292852043903255643e-01 -2.035828101653337774e-01 5.620070731214887871e-01 3.026709345678720298e-01 5.492688529260452146e-01 -1.431135439080018501e-01 2.650747449196027561e-01 3.348981095235892824e-01 6.481450886892061725e-01 5.050733706337853790e-02 4.581347561544380498e-01 -1.242794286063680226e-01 3.565963805757924598e-01 7.230640820086559062e-01 2.389696644259042546e-01 -1.332289360868167405e-01 -1.162124415624791046e-01 -2.936737605769361159e-01 2.330829542236542984e-01 -2.394529665064888679e-01 -4.159514462803801105e-01 5.597645761847419577e-01 -3.697675163568793499e-02 4.543934928364597448e-01 -8.196454189204106094e-03 -1.444198514943039469e-01 -5.993835382327199202e-02
6.969335990943856252e-02 -2.314611871025170076e-01 3.345355627087344130e-01 3.536170262494198746e-01 6.423589697406737464e-01 5.095706350252968697e-01 -8.679221846384908845e-02 3.402182899618583778e-01 -2.672157921197274022e-02 4.786888316278259947e-01 6.585771227120953419e-01 2.593976668501776217e-01 1.203390089402150455e-02 3.408056778466149739e-01 1.479706660544710950e-01 3.136611880640942651e-01 -3.913939798910776903e-03 4.103553742465703737e-03 6.122561011243059514e-01 3.437559362076860747e-01 2.988261985984502767e-01 1.986324622089372383e-01 4.581776371002548864e-01 2.745873449634794183e-01 -1.174186656127114980e-01 6.474466122561770565e-01 1.559132659640054264e-01 1.215161404723701516e-01 5.890135065791968910e-02 -2.098998786695700086e-02 2.283700643819485954e-01 -7.032576999955181263e-02
-2.366535303796157008e-01 1.708345179712961182e-01 4.308053346397884564e-02 3.993156920291668910e-01 2.271773227974642831e-02 3.612099543810607938e-01 -1.643442564007149831e-01 4.780573390875579587e-02 2.350753757673917643e-01 6.667257428247127526e-01 4.674251495824732067e-02 5.632485577423689271e-01 2.068712982602624872e-01 2.075694333773362155e-01 6.051183123405451392e-01 1.446923359698680245e-01 4.426274992458426039e-01 -3.897629024616284243e-01 -1.990632151834098584e-01 8.913311224792029863e-01 1.174548749997000735e-01 1.640172804206094792e-01 1.073327147220761307e-01 6.186562900059339176e-01 1.445504831484475949e-01 2.630070832057953764e-02 3.682510389175306931e-01 2.853939200605170035e-01 -6.709556785335929474e-02 -2.812599649644643707e-01 2.899544875040807601e-01 4.056911689980992053e-01
5.171504737289831510e-01 -2.777781146616422059e-01 -1.939670700214543575e-01 -3.239413760693445332e-01 -6.822204212720159311e-02 -1.094861633183447508e-01 -2.682028536256353957e-01 5.690153469608096870e-01 -2.813619818207944157e-01 7.371186768734432349e-01 -9.659247555722390299e-02 2.464254046139239263e-01 -3.325825378225021334e-01 4.951118763701948255e-01 -2.637888292237111632e-01 4.177420067493962663e-01 5.822257734083523539e-01 3.711944479415906634e-02 1.170382546288769032e-01 1.574673006647485662e-01 -1.581075327243910145e-01 8.966785755588558421e-03 3.777772456889507552e-02 6.085098511298250301e-01 4.012966189606884115e-01 4.960581039734367481e-01 -8.529017613189691926e-02 -2.554024543313231366e-01 6.113712240346349525e-01 2.910188101023274410e-01 -2.598652213682901002e-01 4.911517267374954088e-01
2.321614778375417076e-01 -1.028749346328311498e-01 2.900082103498576869e-01 -1.206323604590873733e-01 -1.300563829119400217e-01 4.123477138476273618e-01 4.049843906275152339e-01 4.994658865973104073e-02 4.162109424142895198e-01 5.128729475759280509e-01 -2.932537039085171549e-02 4.360171947120106695e-01 -2.884332307426941133e-01 8.201946454367907424e-02 7.158678634902204685e-01 3.799599718059023523e-01 5.896432130155696560e-01 -3.041773175186086586e-01 4.123326968740455012e-01 7.571438773028151825e-01 -1.493982822395427835e-03 6.169697330960737247e-01 4.226818473765645567e-01 -5.307907134662913362e-02 2.164556364224538842e-01 5.612478959896141095e-01 1.257214427722380123e-01 2.391184277615649167e-01 2.996701279860751743e-01 4.036783581168940094e-01 2.487902702519025899e-01 5.093595506784103222e-01
3.341207687916589175e-01 4.336299818986175669e-01 4.155122109713615952e-01 2.700819229322837245e-01 -1.289748090235610656e-01 -1.092010507362043276e-01 2.213530605007733298e-01 6.485630629295547900e-01 2.428563919524479864e-01 2.375898426929133056e-01 -2.838317912578931512e-01 5.872800788621768131e-01 -1.885803983424497732e-01 1.377340734305469161e-01 3.868577784325595847e-01 -1.146576754215833382e-01 3.463908204980229999e-01 4.616695452687288315e-01 6.935286302805065972e-01 3.601732776265184066e-01 2.607236710402896160e-02 4.391763738963895269e-01 1.607188708710192981e-01 1.838401742624318491e-01 5.263740329089831027e-01 1.077040546735825305e-01 4.702892743668352638e-01 -4.042880566852388724e-01 4.697714063233412451e-01 3.384157480509945859e-02 2.922554177726010560e-01 -1.595062171931581688e-02
1.514661830895819017e-01 3.229394758366898044e-01 2.550171153426920578e-01 -4.073226855498692789e-01 -3.805701207462377500e-01 -1.929080356951805575e-01 2.586922024820445531e-01 2.048564188157706301e-01 6.159738914371197527e-02 4.455817601891642887e-01 -2.103653414247872722e-01 1.286310497956446863e-01 -3.516411771296620303e-01 -1.222455345455846082e-01 4.293061012094184226e-01 2.299584615373724550e-01 6.160261507607269760e-01 3.488760681203230685e-01 5.404627229629170859e-01 5.102834427889493263e-01 2.519086695593535374e-01 3.209703978903078458e-01 1.766017650519653426e-01 3.183879379443482760e-01 5.618797824962968868e-01 -1.720272354979922314e-01 1.308245629218710189e-02 -1.428895197193761069e-01 4.404549767480430700e-01 -3.368473453148367047e-02 -3.848759171980952187e-01 4.330885701017671979e-02
-3.363496948453107982e-01 7.930008949561298537e-02 -2.088400621209895447e-01 -1.392692321642743924e-01 3.037632841680680817e-01 -5.894494723047408180e-02 -3.744219608745997241e-01 6.452914735483490372e-01 -3.377906318249181972e-01 2.456153174794114824e-01 -3.261247927243739186e-02 -6.679032327609918385e-02 -3.426688651860065882e-01 -1.521988408252788749e-01 1.321210537857341050e-02 2.766192931967300095e-01 3.877903816220145544e-02 -2.060525042795120498e-01 5.572372805438278176e-01 7.510006293485164131e-01 2.027317370161238475e-01 -2.539461803490936642e-01 -1.031045423219159318e-01 6.616042747646825317e-01 5.022364995249785080e-01 -3.866811402381963025e-02 2.727383826508867903e-01 2.410537543314006104e-01 4.235011294078686039e-01 5.044301263720867290e-01 -2.605465089996557571e-01 2.750034443766057324e-01
4.363688473196108419e-01 4.047922350937342983e-01 -1.242118590454757282e-01 -3.979624644151849577e-01 -2.671066955356536377e-01 -3.868092921678013552e-01 -1.038271969461779937e-01 7.533114138484174882e-01 3.708782210316012296e-01 8.749196820066836369e-03 1.633432584046087543e-01 3.328322702499846852e-01 -3.663501417638662105e-01 2.274494707138343674e-01 1.174456088785632152e-01 6.402358722989325290e-01 -6.260759385553403555e-02 5.612582568678391448e-01 5.346856770807087988e-01 5.920303267127750013e-01 3.619940367049622743e-01 3.207487482980149185e-01 6.511804292651311998e-01 -1.126738062946494451e-01 1.829001333888441716e-01 2.176998611910218873e-01 -1.300671435394858688e-01 1.760055205437235093e-01 2.102217267649356958e-01 4.548803777402271598e-01 9.993773275815996671e-02 7.185630367431398990e-02
-1.337301142130315201e-01 1.799586370209318442e-01 9.896607741955881776e-02 3.752053018953671049e-01 2.004098265070190787e-01 -3.178308816291999239e-01 2.248298285305627142e-01 7.593976306279702770e-01 1.261537910751516500e-01 5.936838434827906852e-01 3.366644425532176049e-02 6.142629986069066961e-01 -1.900302276502554288e-01 4.956152278022328272e-01 1.730787328242033019e-01 6.450788097955264533e-01 4.283457024312173345e-01 1.148950002374836132e-01 -8.090506147191724173e-02 3.825647779406248783e-01 -3.891499975737995887e-01 2.797258425053081865e-01 5.214260797526640845e-01 2.746450777576669999e-01 2.521079336244025360e-01 -4.301892896919272125e-01 2.220253843896156376e-01 3.846533698795434053e-01 7.917089632551875811e-01 2.585482764579218329e-01 4.827341534356406894e-01 1.722766230800631682e-01
4.059624594344892201e-01 -4.217308866777282894e-01 -1.457933281874684572e-01 4.403759626286214979e-01 9.141352983491748962e-02 -2.900612039501165307e-01 1.015424555646509547e-01 5.690860108763526881e-01 2.449478298593544268e-01 6.602869648566863647e-01 -1.353429519757488875e-01 -2.890727757076733129e-01 5.238199165602235308e-01 2.809844520851804139e-01 -6.071914268148106281e-02 1.573233868827925430e-01 6.720784743168748410e-01 -2.537858929956291476e-01 3.926183795313961666e-01 4.572813480418446708e-01 3.127154918083971391e-01 -2.114734285054325480e-01 -3.415270829440238409e-01 3.211772706610367401e-01 -4.036739515037534587e-01 -1.543015992497895512e-02 -2.783646067859456008e-01 4.046542274122142402e-01 7.881545251440836841e-01 -2.262162027022091293e-01 1.856108589533595754e-01 -3.120790557003389476e-01
-2.556628741727831056e-01 3.231861599478851876e-01 4.740788203780040844e-01 -2.520764968630800906e-01 3.900011358114499616e-01 -1.412688990529572530e-01 -1.600459425210238318e-01 8.621776311746711663e-01 3.748308845499949138e-01 3.773043213601362522e-02 4.360892031282633807e-01 5.416467006356641134e-01 3.427767209593650388e-02 2.814036786911745455e-02 3.997751115108956754e-01 3.015837915396960556e-01 1.779297146374919369e-01 -1.210365610022556548e-01 4.787840596516369507e-01 5.225770912772583765e-01 -1.207830486940943658e-02 1.431652901155203161e-01 -1.707793963889536401e-02 5.895987530685805472e-02 1.279413497156249024e-01 1.108664376188053802e-01 1.913028921877899524e-01 2.595063014122007683e-01 3.630898506080224575e-01 8.858296137744141319e-02 -3.654974682341276537e-01 -3.076328661831369549e-01
7.405914435802980755e-02 -6.707211712785840149e-03 5.717163553562603084e-01 4.857895399928445213e-01 -2.270303995287774323e-01 8.837504374290222620e-02 -4.371237838591734426e-01 7.864384916838017547e-01 -1.373304286906962546e-01 -1.053136866852241865e-01 4.320241092115556340e-03 -1.155333841030129760e-01 5.518305232826208329e-01 1.271518578388352583e-01 4.416994451068333438e-01 2.216329878859274183e-01 3.360706090977668703e-01 7.413108028133695571e-02 4.243183902219874182e-01 8.153717257189230239e-01 -4.036917232671699551e-01 3.399316904413187679e-01 1.216847087993975923e-01 4.753595193471165659e-01 5.253787833694010256e-01 -3.227834874590903014e-01 -4.028430103849963695e-01 -4.017701635489197010e-01 4.483516647139744737e-01 1.288145596154618433e-01 1.777667557614700244e-01 2.755300742525783678e-02
6.177928555180772774e-01 -2.043714542265188394e-01 6.605206480039834682e-01 1.776751253724009605e-01 6.607965511286176818e-01 2.563342590148401934e-01 4.573538236417264979e-01 3.648007064974724267e-01 2.589426726275166346e-01 7.716364067121931347e-01 6.321389534098474927e-01 -4.765242603732739585e-02 1.353096081413386262e-03 6.114859831178462990e-01 2.474248024912681920e-01 4.392753926192275588e-02 -3.956020542372647858e-02 -6.023037955869164212e-02 -6.809866985086819591e-02 -7.591045489696307547e-02 5.198983343213027242e-01 -1.545790361913652600e-01 6.892511179823511691e-01 6.434981509292501123e-01 9.724276627681742446e-02 4.309500052208760090e-01 -2.321036586384648548e-01 7.548026542986708831e-01 3.169319214843463461e-01 6.402791558487095358e-01 2.807325884682864148e-01 1.362632246317593832e-01
4.369604141736722625e-01 2.365851391109909108e-01 3.875030829271812749e-01 -1.778133765749475015e-01 2.106044724923907818e-01 -3.438694350358817431e-01 -2.380485168431650811e-01 3.553195597423677299e-01 3.743242826941053369e-01 -2.107425012116619437e-02 -1.711567188008825680e-01 5.683107826244817584e-01 9.562506153317440472e-02 6.630084510449680835e-01 2.531902989813114568e-02 6.130601981713842408e-01 -2.623895910997795511e-01 1.917158264994844874e-01 3.967393782360027071e-02 8.769912504825443100e-02 1.796792577528354695e-01 -2.733248175823338455e-01 2.419091506243329637e-01 5.329490854870789773e-01 6.707728886746880392e-02 1.391649397293580892e-01 -4.262516568786198778e-01 2.616787498123327588e-02 4.544820439230427556e-01 -1.027629878925657991e-01 5.042490363447000856e-01 4.313926345170002175e-01
-2.342137853239695533e-01 2.323977859679115521e-01 -1.466989817542558028e-01 2.182205093080460956e-01 -1.422005535221725625e-01 6.232311921061842730e-01 4.650499845986487690e-01 2.382076528376698976e-01 -8.294189161787798859e-02 3.908319003351994336e-01 6.712878338612521256e-01 6.955675303598615189e-01 4.527988588497736666e-01 3.663536035979623740e-01 4.650002013383746080e-01 5.520416561108252435e-02 5.732976624147406719e-01 4.457685959021973621e-01 1.502762236240277882e-01 6.695190144444177482e-01 -6.886303081776937174e-02 -1.520952404990128237e-01 5.382658198354056678e-01 1.251229401831685795e-01 2.293001422231776831e-01 5.865597151609451831e-01 -1.907465261495033815e-01 -9.907873580160830862e-02 6.058504378337308677e-03 2.411810414067042663e-01 5.360513457518630703e-02 4.656483883434792137e-02
-1.253887486770165205e-01 4.107301726103388950e-01 3.679719837261066773e-01 2.252927982407660346e-01 -6.448151590122594076e-03 1.885398668846769432e-01 3.007901813887318143e-01 4.738813117367591810e-01 4.225292554061697570e-01 8.836890913334277675e-02 5.271381767560275877e-01 6.011657908823776486e-01 -8.596181625083064350e-04 1.927019821148465428e-01 6.603364134470016689e-01 -1.364436427312298861e-02 -5.415929005832702259e-02 -1.732492065401474435e-01 3.191813549511251513e-01 3.334625247910766310e-01 -4.056984720825494439e-01 4.778730325074736357e-02 -5.525705111250150958e-02 6.776750804321407529e-01 -2.804741605937398075e-01 3.871219374287527271e-01 -1.831339938886223512e-02 1.510327054732902782e-02 6.521190172608386515e-01 -3.691515019685751575e-01 7.079914035698453567e-02 -1.454812370111487341e-01
2.783409079455403390e-01 1.644491456558421771e-01 -1.560055197029278917e-01 -2.384393589111434841e-01 -2.623934345172900251e-01 -3.967952009426823912e-01 4.661464451721297753e-01 8.978254710747353151e-01 4.823200902962883063e-01 4.254856564195796387e-01 -6.643745450567500876e-02 6.555511257182180529e-01 5.179059135440694517e-01 7.923309462794886349e-02 9.823624980206069335e-02 -1.313157392685130875e-01 4.024978829997264973e-01 -1.673740011806064132e-01 8.221021594339715799e-01 6.003005681353370537e-01 2.112320948132544521e-02 6.180365052510554680e-01 4.454993154425028745e-01 -5.304135728822929885e-02 1.649254827579918828e-02 -2.023309127018076137e-01 -1.061657397361029515e-01 7.261859605375019060e-03 4.060522074184777508e-02 2.382561023307621373e-01 4.739603759275717310e-01 -4.257451334907979557e-01
2.397410325498418038e-01
-2.489791354606758766e-02
3.834844563244538818e-01
-3.536655366080057039e-01
9.679435230650715316e-02
3.596281022702651486e-01
-3.581977648526674662e-01
3.761519682168704831e-02
2.947770877181392635e-01
-4.584394840665879101e-01
-5.582421114176579907e-02
-4.603470400430362264e-01
2.232135118546541841e-01
1.045699640438933070e-01
5.891636533330003866e-02
1.149470692076720243e-02
-4.442854955646316495e-01
3.695138086691652779e-01
5.577780839915860017e-02
4.306419017698628338e-01
2.900297552580178295e-01
7.164770054929887888e-02
-4.920722742171633746e-01
-3.263715628724365714e-01
1.347594666184014078e-01
3.972523609471709793e-01
1.738232136205683231e-01
1.333780696181222636e-01
-2.437839755717737256e-01
4.843333766330365497e-01
2.556792689280952269e-01
-4.207433962341541323e-01
ReLU
0.0001
32
3
-3.879656826669048569e-02 3.420384512123216814e-01 6.804215347749875686e-01 5.147081243396073313e-01 2.768254856257698626e-01 3.817065857086944514e-02 5.211500538289858264e-01 3.657519866897684241e-02 4.973563520411679317e-02 -1.808245774579933240e-01 -1.779522219037344422e-01 -2.007302454897903488e-01 5.637306165001874925e-02 6.455519110857343978e-01 4.815658431906763015e-01 -9.134624016751619058e-02 1.720364965182437644e-01 5.743175783447340699e-01 -2.100878272042452921e-01 3.385758546742234643e-01 1.338893642639867043e-01 5.519118479470205285e-01 7.203212894401539446e-02 -8.036789984121808783e-02 3.934727021454983466e-03 6.627964455823710521e-01 2.993829296916684091e-01 -3.008271547399616885e-01 7.284974633460883364e-01 3.150465923224977094e-01 6.069649157790625305e-01 4.906092219263163967e-01
1.412739969832961240e-01 -1.885957432263194178e-01 6.514654029409095992e-01 7.010929719176444141e-01 -1.264380749499720846e-01 2.019342415283063019e-01 2.553528948830318668e-01 -2.209446425934904756e-01 6.608890366750281853e-01 4.974484144823737020e-01 4.550670737019285039e-01 6.594426875970196278e-01 2.215833501402130618e-02 3.303723187870382105e-01 3.340399263255358631e-01 1.392266152477679431e-01 3.798855770258335873e-01 5.370176418776545502e-01 -2.630465973606226429e-02 3.009733007025280904e-01 4.269027522706806410e-01 4.209941302607274061e-01 -9.587025452634989620e-02 2.606444835920769254e-01 3.683631972857793757e-01 1.072627880921592503e-01 3.478492021942229395e-01 5.023279320417577826e-02 4.522314883153277787e-01 -3.266867043843050822e-01 2.494897511791522304e-01 4.189936351193625230e-02
2.350211155451687461e-01 4.965035365698597380e-01 -1.080270189676756504e-01 2.257875084385626008e-01 -3.317674215235091317e-01 4.846700714346061090e-01 4.666755582242420042e-01 4.075820439244504101e-01 1.298426164272854441e-02 1.928896166816942703e-01 9.892462106458226045e-02 4.637558066131170498e-01 -1.755923659313977092e-01 -1.399758446718081528e-01 1.823392692111570068e-01 -1.553247733624955607e-01 6.029325004766864504e-01 7.986801683695510246e-02 4.042033631964177531e-01 2.079657766360546237e-02 -2.534885511486686949e-01 -2.298749374908414245e-01 5.002545573473261564e-01 5.122211022303528871e-01 7.639009718751580413e-01 -1.275573785234253021e-01 -2.777035289837431753e-01 -6.603679779673483907e-02 -2.593872064086402141e-01 4.481824805221090169e-01 2.515129536664451604e-01 4.039448245985204355e-01
4.546410530279042933e-02
3.712761893223034959e-01
3.417083700752052700e-01
Linear
0.0001
1717149228.085162
