noname
4
4
4
4
3.783040613341949854e+00 6.410508706798201395e-01 -1.304987922115106169e+00 4.536166864355094530e-01
8.176413210767288220e-01 -9.913946048984075832e-01 -4.769992436951232762e+00 -1.147248666268676498e+00
4.071511606129637473e-01 3.641967210663306642e-01 -3.431827565835114391e-01 5.432057262399696551e-01
1.105279325962188919e+00 1.076659652493219710e+00 1.144586280226690400e+00 8.781998307675459303e-01
9.791496538252979498e-01
6.170975903946365193e-01
-3.222996509948717336e-01
9.341500123403032596e-01
ReLU
0.1
4
3
4.635263752907249901e-01 -7.055878627406497738e-01 6.679176255750459215e-03 9.939918635256431712e-01
-3.673600236685259368e-01 -1.006854084551871642e+00 -8.971337491966386857e-01 8.497877314848825692e-02
-2.390092024156805495e-01 7.257096064914700558e-04 -3.218336843755092297e-02 7.666536134488191045e-01
8.763831950010106953e-01
-1.201084124487556304e+00
-1.736497041055736767e-01
ReLU
0.1
3
2
1.008891342713226225e+00 -4.098444695232814072e-01 1.947918616805043024e-02
1.015803315344024904e+00 -3.678004206108953511e-01 1.858340145440766089e-01
1.929854890522880950e+00
1.571606777687485801e+00
Linear
0.1

ct 2024-06-16 20:27:52.643080
