noname
4
4
4
4
1.506137547094500206e+00 -1.352852425254678637e-01 -1.340218160221849253e+01 -5.553673077569262206e-01
5.613796352677489221e-01 -9.617471722080749297e-01 -1.608318990037210128e+01 -1.487843939332736509e+00
-3.670522973953849744e-01 2.066510145115252606e-01 1.089462061635552814e+00 6.483367762146120539e-01
1.298719242748328284e+00 1.360332672901678697e+00 -1.692960681044023641e+00 1.032230478353686420e+00
3.693555550700963863e+00
3.009427516243620371e+00
-5.239694859093848578e+00
-4.391838528806682462e-01
ReLU
0.1
4
3
2.042621664263832848e+00 -1.905545248280640980e+00 2.482669909124076701e-01 1.914799573983484160e-01
-4.013336208859341059e-01 -1.030323045242356628e+00 -9.191320523032924239e-01 2.768462079550406893e-02
-3.351047499389030015e+00 -5.334651811903283469e-02 -3.356313202538063756e-02 -5.468593090397304290e-02
-2.877115066106411545e-02
-1.261066588248878295e+00
-1.385865519048991301e-01
ReLU
0.1
3
2
1.265312095698443384e+00 -4.286208635040202886e-01 -9.991896666608719446e-01
9.924919821811279963e-01 -3.913537909127728365e-01 4.099378948967102310e-01
2.129389197971506498e+00
1.980884339801388672e+00
Linear
0.1

ct 2024-06-16 20:28:09.296662
