noname
4
4
4
12
1.133400188882563303e-01 6.706478020581376764e-01 3.690240871339896533e-01 2.890044961090730280e-01
4.901734814982741106e-01 1.532224825400493040e-01 5.747028276908047184e-01 3.790553995976051471e-01
1.878646920455390446e-01 2.875700588752649334e-01 8.912435914230811829e-01 4.623727040330091742e-01
6.355311942986983098e-01 5.799805460768328036e-01 9.435514692258735181e-01 7.354558520583599490e-01
7.016525237255036851e-01 5.345973805303561033e-01 1.233356395356415725e+00 2.143029362891350764e-01
7.720972690161194141e-01 3.732863490386251759e-01 9.251393190494445751e-01 1.326213009732834791e-01
6.027896806630771431e-01 2.364597025639880445e-01 1.078725222562168184e+00 3.654546345167351551e-01
5.057003804341845266e-01 3.220666270905350181e-01 6.756814342250526684e-01 4.975496756363533279e-01
6.385601308182585756e-01 6.542952763930598437e-01 7.903856447613929470e-01 4.945819997522250544e-01
8.741061359340986936e-01 1.067667468704908695e-01 6.994866435837145957e-01 3.380758976455626730e-01
4.606007983508847436e-01 6.427785159045703578e-01 8.528550065809720193e-01 3.305427016740702384e-01
4.694788960719126214e-01 6.831871886280403983e-01 4.647843894434766088e-01 5.420320091332458956e-01
5.256729758625965365e-01
1.030797886223149273e+00
9.371477211003230723e-01
1.124134796123610780e+00
5.646571716228989679e-01
7.556791166313191477e-01
7.784290624188778818e-01
9.302437353109455076e-01
3.973319719342343626e-01
9.097319537262081868e-01
7.010729094777268244e-01
5.868041478887726647e-01
ReLU
0.001
12
12
7.539901104281863109e-01 1.006769529958313925e+00 4.595292213865918157e-02 1.198803163317214565e-01 8.755941472818801197e-01 1.843441260689893946e-01 7.920590354925691745e-01 7.417428291047366562e-01 -5.133125817539740954e-02 1.643792501648606297e-01 9.544417333040611240e-01 6.995410610807301088e-01
3.162451514416894094e-01 7.700939440565657268e-03 9.867353599067825165e-01 2.407156590750659381e-02 5.657635725665039611e-03 7.936877288757004933e-01 8.289681314185104455e-01 -6.146751570018207760e-03 7.657283214526393600e-01 6.528721908560382037e-01 8.315459251073119562e-01 9.516333491633384156e-01
3.830593468594134521e-01 8.501392775735617802e-01 4.697038033924693656e-01 9.876797604299814015e-01 9.059204650705472428e-01 1.028292036660992226e+00 4.687047835989104350e-01 9.018778132372975431e-01 1.843792275071557546e-02 6.925379748169815386e-01 2.557494307091578989e-01 7.038605820180968697e-01
2.867964229714429769e-01 5.296046495717605662e-01 5.557890262378499813e-01 6.474281267848142063e-01 4.883048855960220314e-01 -1.712995508144128931e-01 7.407424854027467864e-01 9.299484833561607600e-01 5.960255793235081923e-01 7.664936465441596347e-01 7.985054255233851039e-01 4.710796332801402142e-02
2.678672735829065038e-02 2.113271967100781024e-01 8.414637597733205521e-01 4.578503865604814926e-01 2.104240213493874523e-01 4.408570206111353529e-01 8.233250369870372953e-01 5.832877309673515365e-01 1.103130726558079894e-01 5.859847169904054409e-01 7.095739866619341640e-01 4.531695961988296273e-01
1.989195031824156634e-01 7.937343539865270303e-01 1.155340364084414678e-01 8.481258903084392120e-01 4.644751960589581508e-01 3.430527841837918701e-01 3.787864201903899386e-01 4.043300774595663394e-01 2.862405778724139704e-01 6.325644194125058517e-01 2.124856839702331524e-01 6.436414820383036250e-01
1.351452256118369777e-01 1.771039650219414507e-01 3.443430276016746228e-01 6.265000011385367662e-01 6.270154780595619259e-01 7.628043769563657150e-01 2.130214750085555608e-01 8.080018797565655664e-01 3.254164342947723498e-01 4.671920649634995204e-01 -4.614393202691590562e-02 7.026666711858339243e-01
4.912696247723712800e-02 3.549887090158835856e-01 6.756198169918413710e-01 2.012504462792385762e-01 9.298420906368981553e-01 6.400600510124674347e-01 6.387491223708752219e-01 1.846586313051588879e-01 2.860296705329296585e-01 3.383613671373892351e-01 5.030299204110959543e-01 3.821414011947074085e-01
2.146152320025463967e-01 8.773205245662696328e-01 9.515794600405111936e-01 7.245225217562577535e-01 3.368282352264358459e-01 9.564353727577848963e-01 2.269238242534000471e-01 2.883677499006311873e-01 4.888743393598873888e-01 8.038436051380846159e-01 6.449658386127690157e-01 9.202018635084889819e-01
5.775034771388833921e-01 6.760857564438932377e-01 8.588402986534492134e-02 -1.084628381748679871e-02 4.866043210346990833e-01 1.089626897353398904e+00 4.596041671369914261e-01 6.903952016520115142e-01 3.864080317643711071e-01 9.440140137627621719e-01 1.037571750767684486e+00 8.836672189286024492e-01
6.121487998948688114e-01 5.061999675064399185e-01 7.552096078567617221e-01 3.453617480228881598e-01 7.412928918643497678e-01 3.988068459463804394e-01 9.491702827573165191e-01 6.953608309250193242e-01 3.733618342414729563e-03 9.484595790195770038e-01 3.636490126878146323e-01 1.529977937148961631e-01
6.549374115569407406e-01 8.228000814323855883e-01 1.307490675374533562e-01 2.329973782004766680e-01 7.393718479997339887e-01 7.840773728310546087e-01 4.864513842526987375e-01 7.420074787093767776e-01 7.889798636163924961e-01 8.550069886740881975e-01 9.125615179442599090e-02 3.863377001294881485e-01
7.631753952987958556e-01
-7.840876700015020351e-02
1.556750693750240111e-01
1.106045432428433284e-01
4.024789220081075314e-01
1.958780059965045950e-01
4.698152449447725587e-01
1.640468175457607813e-01
9.130439310505480410e-01
4.730836083194063790e-01
7.776563542015773045e-01
2.225053197980956243e-01
ReLU
0.001
12
2
3.493904608921175048e-01 4.449986505459948560e-01 7.715792826272965810e-01 8.190603560757649115e-02 5.062071697329389997e-01 6.448221610321894781e-01 3.142381232520012890e-01 8.824994175521369000e-01 7.609130575588373135e-01 3.259859355539589942e-01 8.993876539381685520e-01 6.891440140446242202e-01
2.753571323918949446e-02 8.740511405117762367e-01 4.398889543514271083e-01 3.302640065213985898e-01 6.221027930631434222e-01 9.396929294678770805e-01 6.819304495583004000e-01 6.155390487382161879e-01 8.791918004961974953e-01 -3.664051542110167980e-02 6.436339681925760114e-01 9.071839157310043200e-01
6.356580861781012670e-01
6.291113080332243479e-01
Linear
0.001

ct 2024-06-03 12:29:46.488891
