noname
4
4
4
2
5.453630445701361795e-01 1.369918811088179089e-01 8.907370144573667492e-01 8.404089822944921240e-01
3.109104513991557961e-01 -3.425633109345164184e-01 1.353882953140592260e+00 1.362081662437713669e+00
5.909496541150083271e-01
-1.453306218682352269e-01
ReLU
0.2
2
2
7.383300175861137182e-01 1.876205760361599750e-01
-8.265056238212162287e-02 -2.569880600379049196e-01
1.173845233800538956e+00
3.454975192539511131e-01
ReLU
0.2
2
2
9.743497745284752654e-01 1.856432257690295018e-01
5.720976331537671600e-01 3.797585748918193560e-01
8.954819921146754957e-01
1.067121011265888875e+00
Linear
0.2

ct 2024-06-12 08:55:17.215614
