noname
4
4
4
10
1.037793907534811710e+00 3.944987505140633011e-01 -5.700836604576736688e-01 7.995078623824973807e-01
1.599844073870853922e+00 4.320934182169223758e-01 -2.536674435141067496e-01 1.360546819828103438e+00
2.378766177212034094e+00 1.106721325383710042e+00 6.946914515325015582e-01 1.002011357284215531e+00
2.120540099905962261e+00 1.277021479496565748e+00 1.456767154721151591e+00 8.958488515016403975e-01
6.928804585088200740e-01 5.048385102658474732e-01 -1.044702044332949553e+00 4.265312458987469135e-01
1.073067840390462546e+00 1.377068696751808097e-01 -2.234892982670274808e+00 1.271458053223446238e-01
-2.182299143905900074e+00 1.399828821827943548e+00 7.516365783180359195e+00 1.270228903722405711e+00
8.609580033792552101e-01 1.570419874531382209e+00 2.455000598342983231e+00 1.338422274500625342e+00
1.191601831912808551e-01 3.943071547718087766e-01 1.440715352160980012e-01 3.050493908463138837e-01
1.400222571480967071e+00 7.237504371108450796e-01 1.468687150212257597e+00 5.138247495386806252e-01
-2.650780108551937797e+00
4.008847792700195867e-01
2.156888492962678872e-01
4.758802292568590220e-01
-5.566879120274681458e-01
-1.250606649684075089e+00
-2.158961237061010063e+00
1.183746504259254317e+00
-3.599877121762568577e-01
-1.255089639204427787e-01
ReLU
0.2
10
10
1.650503893301239963e-02 -1.259093714535156616e-01 -3.590328875483284055e-01 -1.824499960309796387e-01 -5.963898199478895323e-01 -8.520929237147879531e-01 -5.856630384778748200e-01 -3.280130993132565065e-01 -5.184218633483069771e-01 -2.799132998575859510e-01
1.227977487240923260e+00 6.482629483124532355e-01 2.755102934992949559e-01 5.057610282111997257e-01 -6.231611763901555301e-02 -2.788323048714175245e-01 -2.913407944352320200e+00 1.184047312158510890e+00 -2.471769665857273257e-01 7.300303187021738027e-02
-8.324138255001587439e-01 1.026895107182353595e-03 -4.724929292253293167e-01 -1.264065587804475088e+00 -2.730037068907669173e-01 -7.174678353121319851e-01 1.271951644315619800e+00 -1.314339343420123374e+00 1.617029580754962212e-02 -1.294343565059848267e+00
-1.147328498170091748e+00 -1.326264536088341606e+00 -5.215698279263628057e-02 -2.462306444024121577e-01 -3.827493442804708046e-01 -7.900423125551098158e-02 -1.325535407885340744e+00 -7.126051583170951442e-01 -1.048066155880107653e+00 -2.474326268175778831e-01
5.152041332113885819e-01 9.709060949298580212e-01 4.151473391157200488e-01 7.341601921066907011e-01 -6.683263371039152023e-01 -5.508083046635303681e-04 -3.011146239022405524e+00 7.421780529065131748e-01 -7.789410220875721269e-02 8.646184731784238853e-01
8.064282868027733420e-01 5.371498266282747069e-01 1.057287329836531786e-01 -1.156954227062794438e-01 -3.310691548243328008e-01 -9.912585141967606983e-01 -3.263295259040874363e+00 5.579295170814617677e-01 -3.849213578597944774e-01 2.731814041770132609e-02
-5.764744009334249464e-02 7.714341730649227902e-01 -5.116792251771318419e-03 3.681957106314333594e-01 -1.211325998014802563e+00 -6.491847276802908961e-01 -1.807813960738432257e+00 8.591904818982190051e-01 2.421116379003444286e-01 5.975879782647298688e-01
1.250376064472787929e+00 8.204852553159854844e-01 3.132743900894726097e-01 2.609515484113002493e-01 -2.885698944429309631e-01 -8.031308270184285281e-01 -2.147919412210546497e+00 7.688632637498222788e-01 2.812863448620858131e-01 -2.472950212589905827e-01
8.081919958185757036e-01 1.492317172857007268e-01 -1.035351333277301222e-01 -4.632208327064171183e-01 -3.160173945049831179e-01 -1.281361983873224863e+00 -3.820747998508943866e+00 4.194311642086512859e-01 -3.571148047368272183e-02 -2.107466784875496740e-02
1.080611688876822241e+00 3.729705496506178775e-01 6.782093776585640388e-01 3.578241416282265108e-01 -2.496178853129035480e-01 -6.044392322789369221e-01 -2.361392138584746281e+00 7.677595016384942683e-01 -4.095273266342671636e-01 5.750939636638728869e-01
-4.882944284681530606e-02
9.957840011384291312e-01
-2.186514717292742660e-01
8.829156175231930304e-01
1.177715842842560923e+00
8.398556252902410479e-01
5.459967094808553245e-01
1.373748609523151032e+00
7.528557693879757151e-01
1.307383381478149698e+00
ReLU
0.2
10
2
3.751121820100159487e-01 1.302769335430704167e+00 9.264159649032970290e-01 -7.305834846788756831e-01 1.285144390177924700e+00 9.992000857933255320e-01 6.564966206332579768e-01 9.551418980237601497e-01 8.194325752976366894e-01 1.012566877356991801e+00
1.618825219799308324e-01 1.219921770967311359e+00 2.051658627985828987e-01 1.356625997048281684e+00 1.383140185973662728e+00 7.151892789561102581e-02 8.976459526285555102e-01 1.105289086304412027e+00 -5.768605098693542488e-02 9.253137475462693828e-01
2.903141539251901104e+00
1.432037380050500186e+00
Linear
0.2

ct 2024-06-12 10:50:36.541251
