noname
4
4
4
8
-5.084256768391648418e-01 3.345356085470683194e-01 1.563032307172591118e+01 1.698714993309212495e+00
-1.416063599531830253e+00 7.799523203986103992e-01 3.375876251662263794e+00 1.761545442644282922e+00
-1.913523957513832086e+00 2.396108151176026824e-01 -1.100557196130645288e+00 -4.567050663505283770e-01
-1.226681431196859684e+00 1.019335050593012326e+00 3.097150618300473468e+01 4.038808984412548320e+00
-1.161831068754946239e+00 -3.855961221161471331e-01 1.995287412773786784e+01 1.681219180057725859e+00
-2.167135979829131198e+00 2.149480240016941601e-01 -9.253652476981532038e-01 -7.725581095737242832e-01
1.311010753587825983e-01 1.315697747576576593e-01 -1.411327558981625652e+00 -2.157594385943449045e-01
-1.942782807749050766e+00 -4.742659709292734727e-02 1.346040942703138121e+00 -2.528099101841934648e-01
5.472799249628342189e+00
-6.161856942625385081e+00
-4.283083431581875544e+00
-3.315658171546153277e+00
1.614250368743781472e+00
-4.112153888283862635e+00
-3.957320139238607482e+00
-2.867423481841073318e+00
ReLU
0.1
8
7
1.822500403739311103e+00 -1.092372729483065630e+00 -1.879518190694814961e-01 -1.088194789860860601e+00 -1.323143577757583289e+00 5.723362588051480460e-01 -1.236206017352346143e+00 -1.351797976443696314e-01
-2.910814272937421732e-02 -8.274612880879497756e-02 -2.614609334385425976e-01 1.000000000000000021e-03 1.000000000000000021e-03 1.000000000000000021e-03 1.000000000000000021e-03 1.000000000000000021e-03
-5.856309813292304156e-01 1.959795184815416313e-01 -2.640745410898189816e-01 -6.437720366684636097e-01 1.000000000000000021e-03 1.000000000000000021e-03 1.000000000000000021e-03 1.000000000000000021e-03
-4.708336683674884671e-01 -6.023728574349245246e-01 1.100000000000000066e-03 -4.987771670747744301e-01 1.000000000000000021e-03 1.000000000000000021e-03 1.000000000000000021e-03 1.000000000000000021e-03
-4.815518733873475066e-01 1.100000000000000066e-03 1.100000000000000066e-03 -5.552606892815963313e-01 -4.751947417515812733e-01 1.000000000000000021e-03 1.000000000000000021e-03 1.000000000000000021e-03
-6.455404615039136429e-01 1.100000000000000066e-03 1.100000000000000066e-03 -7.372965019350209426e-01 -6.389208986154569780e-01 1.100000000000000066e-03 1.000000000000000021e-03 1.000000000000000021e-03
-4.838701269474639521e-01 1.100000000000000066e-03 1.100000000000000066e-03 -5.335779942049747593e-01 -4.917707942477264060e-01 1.100000000000000066e-03 1.100000000000000066e-03 1.000000000000000021e-03
-1.180469877476159751e-02
-1.311280582877847600e-01
-4.028056130233229615e-01
-4.696622212721211498e-01
-4.874864961005079822e-01
-6.489089485118179068e-01
-4.826349534159153909e-01
ReLU
0.1
7
2
7.435365812745770020e-01 8.190850499825104436e-02 1.687284142138694987e-01 8.128854092701967016e-01 -4.827679581738018588e-01 -4.098398093156077615e-01 -4.851756643164903959e-01
7.381369940233598603e-01 5.617391046390825954e-02 7.214039533208572996e-02 -5.236068336561219283e-01 -4.783537272190642176e-01 -2.332803412750259764e-01 -4.850657779367792966e-01
1.482873059309230301e+00
1.471835240840012826e+00
Linear
0.1

ct 2024-06-16 10:23:11.089756
