noname
4
4
4
12
1.021939800111530960e+00 1.205360735928977522e+00 4.898719450088847016e-01 4.210657169646895293e-01
1.129275823909969168e+00 6.809285350343404764e-01 1.152186851172599669e+00 5.131284927945883867e-01
-8.530403033551127168e-01 1.044375669223144509e+00 2.634457828356008502e+00 1.804446855205215083e-01
1.300277248677171205e+00 1.092432682419053336e+00 1.597735356319870181e+00 8.780281729586704165e-01
2.102418599819261047e+00 6.656595329455535781e-01 1.296566685413046205e+00 6.567361162623088777e-01
3.210421078221846747e-01 2.330759763831878606e-01 6.739967845851345674e-01 6.319377990511727827e-02
1.135731960162842391e+00 9.118673911363204265e-01 3.234888539353729664e-01 5.986063613082289736e-01
4.110190762673257003e-01 6.899210920251875878e-01 -5.415086818956509063e-02 3.555423866898961838e-01
1.326539305861513363e+00 1.287883191147741302e+00 7.362957173524076193e-01 1.233501685472954801e+00
-1.120629329058147938e+00 1.446743236078881445e+00 2.519411836338941502e+00 1.200466168246084181e-01
1.721630848069090947e+00 1.032093352272781983e+00 1.398034259906305143e+00 9.064529373967213921e-01
8.596529624107016598e-01 7.612476284760858469e-01 -3.606400776282183696e-01 2.668750966372132050e-01
2.927238470384220803e-01
5.856150668621510347e-01
-9.703280880380134032e-01
1.024686800847598889e+00
9.670519769661006793e-01
-1.652652308383248392e-01
4.962428715370990617e-01
5.909986655784888604e-02
1.324327387814800305e+00
-1.719967003877700407e-01
1.030011515229652064e+00
-2.432597389843880187e-01
ReLU
0.1
12
12
-4.639495961218217390e-01 5.339534476495714221e-01 2.602646468663349574e-02 5.179553839470752985e-01 2.456404046222983861e-01 -2.640771927130028951e-01 1.157401975343547024e-01 1.316317957226195157e-01 1.063905109485802525e+00 -5.266861323525151573e-01 2.600647569925915725e-01 -7.253565691093201151e-01
-1.164348609638811566e-01 -5.433092106592738446e-01 -1.963394875388609628e-01 -2.508125940531757414e-01 -1.577453535049911509e-02 -1.895757222897766214e-01 7.584572261834113260e-02 -5.535092772296132946e-01 -5.074264876735330720e-02 7.331929593175570692e-02 4.584376151075022499e-01 2.316584483265971828e-01
3.408136960736204979e-01 5.819037534313281634e-01 6.112534851627307031e-01 9.886476329497759785e-01 9.975205162937128556e-01 2.025543889809038878e-01 6.903621121584365694e-01 4.094516069536530689e-01 1.247318117983816421e+00 7.000260245227715172e-01 8.960876605911120008e-01 4.158140664714873314e-01
-2.966986206542209237e-01 7.909135718736749754e-02 1.813625549291303096e-01 -4.356478907832775915e-01 1.545797380143555944e-01 -4.352153905222790886e-01 -8.018214459783347126e-01 -1.224943189596898740e-01 2.954315120848604592e-01 -1.433825187745009500e-01 -2.380724431300262622e-01 1.022339919925930873e-01
2.023551085851517661e-01 1.552770207192845919e-01 3.585670684519054463e-01 5.204371619564182039e-01 -1.944574130876319251e-01 2.315645412816084436e-01 -3.214624371057710484e-01 3.116534187260072697e-01 -1.339516916104320221e-01 8.089168073630143008e-01 5.142081261676280102e-01 6.305760321393081291e-01
-4.520602050143078809e-01 1.545649228770707984e-01 4.335686946509630935e-01 -5.713457570672609842e-01 -4.240435231184230824e-01 -4.096936975787785484e-01 -7.852474500152201164e-02 1.488816082712573485e-01 -1.692545096564985769e-03 1.354933394966086890e-01 2.890047045085770150e-01 -3.574106534048465678e-01
5.958890759490395039e-01 -1.148067647838376532e-02 3.073050045209177461e-01 4.513635056373762056e-01 7.518030503022865574e-01 6.343283724152661007e-02 1.811376306626225896e-01 -4.724013679763569007e-01 7.203117247019762415e-01 5.271702899507924034e-01 7.205527420662359850e-01 -5.263328940006405388e-01
-6.315336461371550136e-01 -3.855293459561172087e-01 6.262345465691279145e-01 1.260862698653129055e-01 -9.949197048365376883e-02 -3.734539137819806870e-02 -6.302578530685822855e-01 -2.024390206588344288e-01 1.199192751762153952e-01 -2.073687086694747383e-01 2.715812641967575991e-01 1.152899565921975400e-01
-7.645848398717962624e-01 -1.341136639698813223e-04 -5.498413965674002757e-01 -8.330787962293384474e-01 -2.387825227799980354e-01 -9.225860410239150600e-02 -8.690761654199886665e-01 -1.529361702359935127e-01 -7.116439503812689304e-01 -4.578567688158129978e-01 -4.486680052099872307e-01 -2.884371310421847134e-01
-7.385762742355203581e-02 -1.879624445509825159e-01 4.825026150939247249e-01 3.291231820672039787e-01 3.955919601110544775e-02 -7.459146944523451506e-01 -6.697459284566718019e-01 -1.975132307838571022e-01 5.587161881428906463e-02 -4.871371208357955784e-01 -3.857543257403713288e-01 -1.367598808295299451e-01
-2.319621980320277776e-01 -1.593442621765423228e-01 5.915755172576036003e-01 3.466784332995825196e-02 -1.208065896095327912e-01 2.854628698884063565e-01 -1.697008470140714820e-01 1.238774764790326888e-01 1.149771919120039926e-01 2.333679037932541167e-01 -2.968002898825076730e-01 2.105978589848050975e-01
-5.570991026663221768e-02 -7.702442436896161926e-01 -1.590784066027349508e-01 -6.535110584819949775e-01 4.003391429652406602e-02 -1.498570662429735134e-01 -5.724500046301911338e-01 -4.414347099114462325e-01 -4.181750805847603836e-01 -4.977969548129433930e-01 -2.197188658968299291e-01 -6.753241329969710272e-01
1.948206897439389795e+00
3.140291542820241588e-01
2.209286763565442069e+00
8.343136026450784781e-01
9.820574337880620952e-01
5.333916270106998647e-01
1.522701582275941545e+00
3.752371766989257562e-01
-6.701903310717076401e-02
3.834214979300608062e-01
8.816084760496918360e-01
-1.134917274658492001e-02
ReLU
0.1
12
2
8.240676256952522705e-01 1.358944661549028529e-02 1.228534475396988235e+00 8.222395644734835363e-02 2.195313743370406745e-01 -2.537997930134146957e-02 9.462740403489380281e-01 6.261635765455368652e-02 1.451735102635356156e-01 1.036996649241555060e-02 4.908974999894186869e-02 -1.622868705974215564e-01
6.880462877826788448e-01 7.461087581039516775e-03 1.534750864498179768e+00 1.846168906642983026e-02 4.482921303743547248e-01 -7.381184489174821839e-02 1.031307569919839739e+00 -9.250739284357651152e-04 2.405366856010273668e-01 -9.519802756648017283e-02 4.905987349110925433e-02 4.254990350227441098e-01
2.552576386433885514e+00
2.146934047604188045e+00
Linear
0.1

ct 2024-06-10 19:30:48.097553
