noname
4
4
4
4
-2.954037524963367134e-01 5.054681356209735910e-01 7.506869075447074380e+00 2.274709241402413928e-01
2.203955699483302944e+00 1.667960226471151719e+00 8.994785273861950259e+00 1.682531470466209100e+00
1.743031062866261749e+00 -9.701100129077224743e-01 -3.256650323722790841e+00 7.185969807778654905e-01
-2.001166209654136274e+00 7.970792744827286391e-01 2.224577760884607969e+01 1.510114898068248834e+00
-2.183689554093910967e+00
2.747808828536769443e+00
-2.524850864512451221e-01
-4.864805897050578309e+00
ReLU
0.2
4
4
-9.933541704689742291e-01 -1.713986312285748825e+00 -1.135427127470677311e+00 -8.873197434683910423e-01
-2.290169754261359991e-01 -6.729362919224524120e-01 -3.804379618669391228e-01 -3.695171057189301778e-02
-2.615284324881534506e+00 4.883719903143347030e-01 3.800538742530908398e-01 -3.592890050885106046e+00
-2.943518631874986885e-02 -4.660410288784662680e-01 -7.332763056718946126e-01 -1.647472493934115656e-02
1.634502160834309770e+00
-2.705449487536659703e-01
1.327895745085079904e+00
-3.433551645850556611e-01
ReLU
0.2
4
2
-7.739866053038952920e-01 -5.801822925377911888e-01 6.078091933440464834e-01 -1.378352944001035585e-01
-9.717805646710633294e-01 -5.751856072825622945e-02 7.532482471509606148e-01 -4.346846642539394789e-01
3.156010302213878127e+00
2.983742230837625797e+00
Linear
0.2

ct 2024-06-11 15:43:37.231528
