noname
4
4
4
3
5.175585117414385206e-01 4.911605612150550249e-01 3.420159435312397189e+00 1.022308796012121768e+00
-1.261463201733920847e-01 5.460045641919911708e-01 1.822135723693691922e+00 1.988054999693773806e-01
-2.136267554141704217e+00 1.144386090469828865e+00 2.229949286880373194e+01 1.418612266476019679e+00
2.488431946263988781e+00
-1.132755091935377045e+00
-4.634934694095337981e+00
ReLU
0.1
3
3
-2.767844046913335854e-01 1.550166787540044055e-01 1.350577847301753232e-01
6.020694686071362822e-01 -2.769924432773027689e-01 -2.276786165240986204e+00
1.889305799085778947e-02 -6.562118979335952451e-01 -4.887068451445460426e-01
-7.405492633706518835e-02
1.668407299592548215e-02
-1.388453475470268761e-01
ReLU
0.1
3
2
2.320213600252295227e-02 1.000292271159641810e+00 -4.989279278818286451e-02
7.086918176723726141e-03 1.155621984826344484e+00 4.642211430299967440e-02
1.723625790035133498e+00
2.063224434287754594e+00
Linear
0.1

ct 2024-06-16 14:00:13.601895
