noname
4
4
4
3
1.419073915073029379e+00 4.218881344423089375e-01 1.186289294333818134e+00 7.765526873439331235e-01
1.226157207048472308e+00 1.730761534251634010e-02 -1.413292277508072914e+01 -1.650019245766196629e-01
-1.289137465648168224e+00 1.547508688074016536e+00 5.778497084516063254e+00 8.561033744191124395e-01
1.080408476652844119e+00
3.405800947070976470e+00
-2.422322140312061389e+00
ReLU
0.1
3
3
-5.984417052982939772e-02 -3.332903333577990068e-01 -2.871578600987957364e-01
-3.429302367886107872e-01 1.091355426229268621e+00 -1.973251553901679056e+00
-1.192934527375810294e+00 1.207995561277550367e+00 -6.457507929423749182e-01
-2.448997767469445197e-01
7.603807450360257070e-01
1.115553592387761583e-01
ReLU
0.1
3
2
7.836314370418949460e-03 1.746701848238667587e+00 -1.603335686422580730e+00
1.865444881139188826e-02 1.178721937952611265e+00 -1.147178682569199637e+00
1.871698657003199262e+00
2.010416711845634641e+00
Linear
0.1

ct 2024-06-16 18:49:55.859277
