noname
4
4
4
12
1.060375452258687456e+00 3.564231877633959877e-01 -1.163632139516209696e+00 7.614129351580614102e-01
7.954743493619815808e-01 7.845339616735407251e-01 1.114414788452146254e+00 6.669054319086229476e-01
3.514497165581889626e-01 8.317690334267370256e-01 1.283251458469272466e+00 7.467298430000490761e-01
7.100422394048928609e-01 5.372017176768262292e-01 9.279002988390077089e-01 5.220192926447612125e-01
2.499597346886704763e+00 3.407414942632092103e-01 -1.322919840108748968e+00 7.823716642730735860e-01
1.021025833257849902e+00 6.338507682096770068e-01 1.784865149948347551e-02 4.830947383606367662e-01
2.174015588572248137e-01 1.081720080476019641e+00 9.918692737753653788e-01 4.107940497456128437e-01
1.397157337729260096e-01 6.572657988832714127e-01 1.256067314275383984e+00 4.833325152640802758e-01
3.685739520103826217e-01 4.121349187915694934e-01 1.543034787357861370e+00 3.877802695565200075e-01
5.989329618808874045e-01 1.056992514595347654e-01 1.249934650308741846e+00 3.129769378160936477e-01
1.494765348458278742e-01 1.015891622916490267e+00 1.026229805724691690e+00 9.198359131215401163e-01
-6.075352441275595761e-02 7.406176322839869153e-01 1.329387611738489738e+00 7.174998338620290905e-01
7.927443202444121040e-01
6.640958649630597233e-01
8.354652674346356722e-01
6.332958067838072580e-01
4.160410624629945486e-01
2.032332768125825195e-01
-1.195668512497703034e-01
1.069832390313265824e+00
7.879053677184413296e-01
8.640705173581774146e-01
9.492369690497979295e-01
9.417229233710556757e-01
ReLU
0.01
12
12
8.298285310685007410e-01 7.894979443575319555e-01 6.186247124730142044e-01 3.386569232481208003e-01 1.296683440082444960e+00 5.119680917640859752e-01 1.019714323148902091e+00 3.204109989350937271e-01 6.100828924139205522e-01 4.032937779811455736e-01 6.382160098987085250e-01 2.697246354507608634e-01
1.363212939300294246e-01 4.132843961778059350e-01 9.286844708650384694e-01 6.698508745964202316e-01 8.724995278846775504e-01 5.201941446326412422e-01 5.065055360927844114e-02 6.822161577410998934e-01 -4.636016632954245709e-02 5.624024004451111391e-01 1.305414880059966032e-01 8.396137242000247802e-01
2.931342773928583556e-01 9.496194882406072679e-02 1.911046153720320495e-01 5.093009136460129316e-01 2.161712626308784010e-03 3.471035580356487960e-02 3.995401829953126871e-02 8.756265551962481020e-01 7.512708196228736757e-01 6.303450654693557587e-01 8.102352006260162831e-01 4.724754177194286364e-01
-1.846314308684148808e-01 1.158351518790161627e-01 2.206334976153053185e-01 -2.105183520196840519e-03 -1.234805828370966196e-02 2.616203211354484748e-01 -6.257163671586987164e-01 -9.006540778898064481e-03 1.569766433231967184e-02 -2.263493350587016950e-01 -3.452474405672216751e-01 -5.530419916116287027e-01
1.009163799869936678e-01 1.448019155290458659e-01 3.711232836805641311e-01 9.349192396177238296e-01 2.846599587910388363e-01 5.453160590061119084e-01 5.829014011560715858e-01 8.648138389275394911e-01 5.625525443999196407e-01 2.285557151173295554e-01 2.186603436338312723e-01 1.785223676651093438e-01
6.612902058565404140e-01 8.109992171390307814e-01 1.023271557839737333e+00 8.537290871097485967e-02 5.733341186972873427e-01 -1.101842619251553884e-01 1.142450767400909478e-01 3.147020481696886640e-01 9.668099703486575658e-01 9.333765368624175052e-01 5.069741708294682736e-01 7.423382770269526532e-01
1.411272730955726584e-01 3.213900359718741551e-01 2.249196551590126325e-01 -1.814570567502766796e-01 9.143542914718244541e-02 -2.142003866233622711e-01 -2.464493629306091504e-02 -5.460527110539805662e-01 2.679361841992873305e-01 -4.277286926610447404e-01 -7.175318761626869879e-02 -4.591524250714677513e-01
8.584238960605073965e-01 6.626070965551229819e-02 3.441840287615113292e-01 2.418209731454956657e-01 3.157560396845019435e-01 5.918688200522463916e-01 1.126494946855031154e-01 1.400193042586785064e-01 3.859419631999170264e-01 8.437036438302953911e-01 7.306719538756868415e-01 1.441589305673765253e-01
8.448413388893849518e-01 8.653751600401898836e-01 5.834738652762601063e-01 7.034219659129899993e-01 3.110819589291238252e-01 1.086365282726426823e-01 6.529344426103544929e-01 7.992152046724320114e-01 5.986479823671777417e-02 2.139418202937526103e-01 7.420139126427526266e-01 3.679749642345855887e-01
8.400513408694136597e-02 -5.406395710845953717e-01 2.307517914420866845e-01 -1.801557080256363519e-02 -3.063944156078868275e-01 3.769072098032887341e-01 -2.680349951070316039e-01 8.399074767292072363e-02 -4.167415503012295713e-02 -2.600153024246149025e-01 3.774730386438854834e-01 2.277696926512561837e-01
-6.851128095158279252e-02 3.829777887990074015e-01 9.980294680179043754e-01 4.382262723160794682e-01 6.273663150635697683e-01 -5.752383797230066209e-01 8.354707484008796481e-01 9.220417163498445534e-01 6.758898215876683047e-01 4.038016070191395857e-01 4.403132284257053053e-01 7.325089235644123287e-01
2.366540195033020322e-01 2.661398204778320231e-01 -3.318311294010241053e-01 1.861010307073105718e-01 -3.243418996033148871e-01 -4.166665710921205745e-01 -4.720306675545178354e-01 -5.483763600257024473e-01 -2.696484251775310148e-01 -8.692928883192986567e-02 -5.656448829921371102e-01 -3.879519600219171749e-01
1.144044282738827967e+00
9.238656697670388773e-02
5.384657643815218275e-01
-4.752312906896806188e-01
4.487232450589093702e-01
6.221448751540076261e-01
-3.567425289208852046e-01
3.679758032137253054e-01
9.449147751106897752e-01
-2.138527943242325424e-01
9.126357278958974195e-01
1.610512336547945678e-01
ReLU
0.01
12
2
7.371990054706142326e-01 3.183687994072370020e-01 6.191625322190742464e-01 9.484465150496751429e-02 7.406439776079873916e-01 7.707151591491041565e-01 4.738323586798365294e-02 6.243800854493477548e-01 6.039676128685165235e-01 3.253642844518903759e-02 6.641965751309855115e-01 6.596640459118900679e-02
1.100504412132224052e+00 4.205198795744738982e-01 8.202808246675058479e-01 4.397426311343361482e-01 2.319171494800454647e-01 5.673190207524559936e-01 8.621075009935594835e-01 3.400157718091860737e-01 6.192325922461429100e-01 -1.326334565219874084e-01 1.041148669838554142e+00 3.807192257806601976e-01
1.349252753367217839e+00
6.771777729372382426e-01
Linear
0.01

ct 2024-06-03 12:28:10.581301
