noname
4
4
4
6
-1.460639708759327471e+00 8.715929992856988884e-01 1.778802283931041472e+01 2.129877576052640276e+00
9.670423672929587267e-02 3.568673800005929819e-01 -8.730236776655033282e+00 -4.491855017263363670e-01
-5.144811299793550230e-01 8.465477310948611445e-01 3.719704509723396058e+00 1.323882857987334516e+00
-3.782747643927064640e-01 -1.476172467411257516e-02 5.541985333940208092e-01 1.107182340581203961e-01
4.631547242513539553e-01 5.816051719085858773e-02 3.191660405434970094e-01 1.163822309878205646e-01
3.565566380517631861e-01 -1.955367648590510543e-01 8.111478745538951152e-02 1.437705662734498346e-01
-3.055839192435067186e+00
-1.553034004950219149e+00
2.540967075543497877e+00
-6.483528766499645490e-01
-7.064977982563873660e-01
-5.794080016418592383e-01
ReLU
0.1
6
5
-1.654423736456692273e+00 -8.688388199973045012e-01 8.382684596415863609e-01 -1.515398309177517222e-01 -5.180314974593898114e-01 -1.195701641457106307e-01
-2.922777184838857290e-01 -9.703942990942407976e-01 -3.605902618225062528e-01 1.000000000000000021e-03 1.000000000000000021e-03 1.000000000000000021e-03
1.022486175704607619e-01 -6.307005473960601849e-01 -3.232095219431613264e-01 1.000000000000000021e-03 1.000000000000000021e-03 1.000000000000000021e-03
-4.576214798979398868e-01 -4.478663686344267481e-01 -4.435096433728422660e-01 1.000000000000000021e-03 1.000000000000000021e-03 1.000000000000000021e-03
-6.254347727439752980e-01 -4.715367159284838405e-01 -4.838505722756074601e-01 1.000000000000000021e-03 1.000000000000000021e-03 1.000000000000000021e-03
8.464877096804058754e-01
-9.261097151651628279e-01
-6.816224381685467293e-01
-4.372030968084143487e-01
-4.885226741272509776e-01
ReLU
0.1
5
2
1.058425320301515704e+00 -4.270910545041287087e-01 -5.917678215743544801e-01 -4.420651138103989242e-01 -4.665047807105793254e-01
9.862538752022690369e-01 -1.017713852426063714e-01 -1.641543218320667130e-01 -4.461540643655356742e-01 -5.151031290589430656e-01
1.882390219163185163e+00
1.943285058659304898e+00
Linear
0.1

ct 2024-06-16 09:27:31.675610
