noname
4
4
4
20
-1.049476008843839153e-01 1.534635888328854225e+00 -5.232805306206383955e-01 -4.986790850829547761e-01
-1.881811131841134799e+00 1.906542679151847164e+00 7.820634041021829574e+00 7.312220935115099074e-01
-9.889828539595111323e-01 9.185523950536802484e-01 2.628592358320611666e+00 3.821468737848850439e-01
1.844113970976799743e+00 1.378812469373164040e+00 -1.829429426688533145e+00 3.457191254660482826e+00
4.126674990488783945e-01 3.472360011255274381e-01 -5.574916379982480130e+00 2.205493778285005479e+00
-2.445178624806589596e-01 5.560501722963689941e-01 -1.615809281506250805e+00 4.887107330371157632e-01
-1.423644289489653270e+00 1.633649181257748495e+00 7.191040792255603442e+00 5.273235949168948444e-01
5.176741998504517106e+00 4.228020017770947270e+00 1.423654426150096075e+00 3.640783814211139280e+00
2.034843121253651632e-01 -7.364152364357065550e-02 -2.612972322347811183e+00 4.079419413742782496e-01
-5.151547478440004824e+00 1.519290260813548565e+00 7.120154632769781777e+00 1.238753940416687849e+00
1.421533854833846755e+00 4.481485970761709403e+00 1.062141757696508648e+01 3.520396795848357296e+00
7.881350181430727408e-01 1.233304110912569973e+00 -3.048441401508383830e+00 1.659083659239855457e+00
1.120136112672262207e+00 4.638660201335506050e-01 -4.241391212120219634e-01 7.423451147094652924e-01
-1.345333569438057264e+00 1.158525119835815520e+00 2.278041066134468551e+00 7.100295140515527903e-01
-1.984604058654054093e+00 1.192632193824748388e+00 2.621275779940967166e+00 7.663687557159840624e-01
-1.118883748252623711e+00 1.024656742190962477e+00 3.208462602272628317e+01 1.734014478059012099e+00
-1.230379523227393523e+00 2.170104068189496527e+00 -3.012224587728621131e-02 1.298963214933415156e+00
4.106036607556793477e-02 3.013691335959312045e+00 3.985753724584468305e+00 1.465838538205476382e+00
-9.155341560322108885e-01 4.746563235187776231e-01 1.405441634179404709e+00 2.311926450641913974e-02
-6.400460081243968258e-01 6.563606118941344159e-01 -3.030629400848662502e+00 3.633834001230526467e-01
-5.537477972653131353e+00
-3.530244740363854827e+00
-1.043955552227528116e+00
1.063448740624778122e+00
-1.276479735002192362e+00
-8.648507619467538099e-01
-3.390986987106815675e+00
6.137373044658949173e-01
-1.528771995108225257e+00
-2.301117895313844919e+00
3.166514558972580495e+00
-1.542620008121945441e+00
-1.242413194862800552e+00
-1.553557327028811885e+00
-1.687642781631657707e+00
-6.538814333423677461e+00
-7.693930763171501486e-01
-1.620028173699617380e+00
-2.690774957461660399e+00
-1.901681418132616486e+00
ReLU
0.2
20
20
-1.667293633047939316e+00 -7.573140741335485648e-01 2.653521971048197758e-02 -1.152760929465070916e+00 -3.038060913040196542e+00 -4.736419148540284008e-01 -2.954285867589196424e-01 -1.408683227385507886e+00 -8.597161510525535011e-01 -7.602230933374389821e-01 -4.333694568592203922e+00 -1.277781330321327014e+00 -1.362334766695460830e+00 -5.952794482319858638e-01 -8.099530991921120027e-01 -1.177734628931949246e+00 -1.012541352123999649e+00 7.983999578328792035e-01 -2.746509069516590573e-01 -4.257540619773674262e-01
-4.283625002951834682e-01 -2.641057455084553585e+00 -7.342869622066312552e-01 -1.565692115538471485e-01 -5.011452063608266005e-01 -1.000242286759922106e+00 -2.323909623975132455e+00 -3.652665051724764966e-01 -4.749700596181652967e-01 -1.561715221873047010e+00 -2.435341447423508665e+00 -3.197977182960161646e-01 -5.036785521826028234e-01 1.809762158384587427e-01 -2.711229167730367928e-01 -4.229619898917572840e+00 -6.492635109575587427e-01 -1.412655866496151047e+00 -1.464193016251917612e-01 -7.855978725709299448e-01
-1.882978737821627169e+00 -2.129694015890045922e+00 -1.394613357008531285e+00 -2.750812285280702429e+00 -2.821923754618235414e+00 -5.169244184164272227e-01 -2.768533154302749710e-01 -4.565223850415701112e-01 -2.714629453900549994e-01 -6.187222243520839049e-01 -7.057113050632256801e+00 -1.204671937509377955e+00 -1.129278018790458527e+00 4.159672785066161338e-01 -9.728727811916676460e-01 -1.611447752921572940e+00 -1.584827199309419177e+00 -8.624397778504738765e-01 -1.547289097621657339e+00 -1.375504262498822072e+00
-2.260710246490838238e-01 -1.465200069395121929e+00 -3.057599149762454949e-01 -1.497278053912369788e+00 3.464204070454939832e-01 -2.831355484759812691e-01 -3.615138137420409459e-01 -7.662532264124803927e-01 -4.837109446267850305e-02 -1.148343478563991438e+00 -2.410793072634818957e-01 -3.741940992920984033e-01 -3.221553338334919303e-01 2.042584211574737796e-01 -1.584517095858626323e-01 -9.151329436299387998e-01 -4.784186947065298123e-01 4.970403809123558614e-01 -5.261044092323943211e-01 4.095535255321543500e-01
-1.157132080123915774e+00 -1.461330377970395666e+00 -1.056722742605392895e+00 -1.426100756540696901e+00 -8.054032627644193143e-01 -1.729243766949793981e+00 -1.607707435650731931e+00 -1.229280811401544771e+00 -1.548793637644502841e+00 -1.257276041981681525e+00 -6.871306090210262951e-01 -1.137380545080368011e+00 -9.617024462427439246e-01 -1.190303737765766368e+00 -1.565403920986721875e+00 -9.927642713046936906e-01 -1.515930383196594677e+00 -1.366611783955103965e+00 -1.492568820728609635e+00 -1.375860382391380421e+00
-1.747076939055438149e+00 -2.138246496773107630e+00 -1.413671225704271839e+00 -4.950470476853487511e+00 -2.683371187408230440e+00 -9.868416885575111985e-01 -1.166876312526059056e+00 -1.883016880591390496e+00 -7.895819690520949896e-01 -1.114432047299861006e+00 -5.281350760871871053e+00 -2.486322992313416247e+00 -7.920679891987109089e-01 -1.175045738674384888e+00 -1.807932967126257617e+00 -1.154219629639677169e+00 -2.206823432378874017e+00 -1.708702721478607245e+00 -1.184767842306138297e+00 -1.129747604491958324e+00
-1.013351401088150139e+00 -6.688655075947697037e-01 -8.536733060732641654e-02 -3.659685280184155509e+00 -1.925362795659812942e+00 -1.228591337640537323e-01 -1.552254818047608953e-01 -1.032946045792848988e+00 5.308846486801294118e-01 -2.539727310631937907e-01 -4.784608968894867864e+00 -1.422965090999394944e+00 -1.400214198713186198e+00 5.814975315957260360e-01 -1.979567395523303963e-01 -1.361703783275557855e+00 -1.464399300543915317e+00 1.167205215059173851e+00 -2.255356725903720605e+00 -6.365354398507943046e-01
1.098214230990261386e+00 -1.953808876784578041e+00 -7.285657630327097012e-01 1.852564224157457751e-01 2.052245614563802167e+00 -7.151561525150987308e-02 -2.115005240469761461e+00 -1.245642318866252429e+00 -2.576379537314208434e-01 -1.221576905818539727e+00 -3.422820475575798937e+00 -2.505688642571713420e-01 -2.037944433245956199e-01 9.514599699621867357e-02 -5.039286951870319831e-01 -1.466751805358947003e+00 -1.536041387043191042e-01 -5.311055363156388376e-01 -7.979932248034360409e-01 -8.302954560915171145e-02
-5.372091582849859437e-01 -2.223851312613700504e+00 -2.525194480598726421e-01 -2.706890501794024795e-01 2.107563738811071730e+00 -1.736951273586372080e-01 -2.154957378331261442e+00 -7.025489461608666053e-01 2.917560040453664461e-01 -1.680322849982839539e+00 -1.684697667808955801e+00 -3.783993281984876500e-02 -4.080837925803531552e-01 -2.702704864126682649e-01 -7.409499746080384641e-01 -2.584719337843459197e+00 -4.858300318137618312e-01 -9.757603635948032261e-01 4.180530155654338387e-01 -6.357441458060570927e-01
1.596183648654890597e+00 -2.747929956581249389e+00 -3.702836810547786572e-01 1.080524375468088216e+00 4.727390669476396606e-02 -5.671375381943516425e-01 -1.716115251423542931e+00 -1.924760530024076099e-01 -7.775834011800123458e-01 -2.087637153089844322e+00 -7.662047936246967339e-01 7.429695988029376419e-02 -6.818606056329687970e-01 -1.652608355205914537e-01 -4.266887267169957587e-01 -9.307101859447318049e+00 7.833330616755491971e-02 -1.776564994614808990e+00 3.353819937953195773e-01 -6.941268123941329860e-01
-1.708499213078433110e+00 -1.512394042752247980e+00 -9.902993092527809793e-01 -6.588547191985756335e-01 7.086559251032249762e-03 -1.302740494584506026e+00 -1.248478964994655049e+00 -1.231307540401129552e+00 -1.661807620882073122e+00 -1.861358247111853270e+00 -5.553364421396366213e-01 -1.013200843531721018e+00 8.537748748166557045e-01 -7.950942656199563308e-01 -2.125484075285100527e+00 -1.726479385804690070e+00 -9.731864928777542723e-01 -1.396114210328321059e+00 -1.638180261269513327e+00 -1.618602533351377604e+00
-1.513139796391799852e+00 -7.341311651598667609e-01 6.629609359513138900e-01 -5.169797815533189400e+00 -3.130496554904360185e+00 4.629088278738148765e-01 -2.106777594515859831e-01 -1.877947684722420033e-02 4.714601151400292234e-01 -1.177648448461934061e+00 -4.817316288773782595e+00 -1.719061535732498314e+00 -4.484580995775716006e-01 -3.726399124223004899e-01 -3.562701239102487039e-01 -6.974991718695585652e-01 -1.445780495624964468e+00 1.338670272709277187e+00 -1.732179808176265379e+00 -3.249501154056124164e-01
-1.245207980385318436e+00 -9.556001451994512452e-01 -7.137420890263375117e-01 -1.727754551370107139e+00 1.988426303206832335e+00 -7.233353846559641143e-02 -4.678541684880533347e-01 -1.751676592635391660e+00 -5.296247990241666898e-02 -2.980299576949223539e-01 -3.059563768599549594e+00 -1.113221756768840477e-02 -2.083824513275807921e-01 -5.437390736830279847e-01 -2.120345597432460871e-01 5.281300475842316544e-01 -6.836873430762910875e-01 -5.777323202359567755e-01 -1.846514003130351300e+00 3.122679664268570576e-01
1.877927048234201868e+00 -3.001225740533642217e+00 -1.840611782780572289e-02 1.320202198397370408e+00 1.038304404465508979e+00 1.058870681692742483e-01 -2.379840082762558762e+00 8.981357732384016579e-01 1.090899219732324593e-01 -4.192486940778261673e-01 1.529237701048730136e+00 5.151936249920718858e-01 -3.934758711484846461e-01 1.127179802697694022e+00 -3.457677571887334267e-01 -1.009177986841131336e+01 6.053724513804353835e-01 6.104003044589376703e-01 2.823405953020571846e-01 -8.065106981683320964e-01
1.099881632518331598e+00 -2.183945635317038558e+00 -2.610632141982482390e-01 -1.289881679559305327e+00 2.319965960280949147e-01 -1.377575936791398670e-01 -2.339491223609245107e+00 1.241282520189064709e+00 -2.473107277361731582e-01 -1.442358262826138215e+00 -1.013913456272825364e+00 -3.554680834927353983e-01 -6.495114050033868880e-01 4.953055465958356440e-01 -2.647344061983541996e-01 -3.438361638566489464e+00 2.687628525109843070e-01 -1.652852005841840000e-01 -6.363330149099540867e-01 -1.033845991483432064e-02
1.863104435112906243e+00 -2.134263526861952975e+00 -6.665643661482489879e-01 -2.828326731534452243e+00 -5.501029230943544901e-01 -6.006413928409497505e-01 -2.528911866760380711e+00 -6.627979767981702075e-01 -2.165677261325671399e-01 -1.662907694684848003e+00 -5.789833627002588523e-01 -4.518550761537230565e-01 -5.757648064529399257e-01 4.180939435388086323e-01 -1.260861275066895715e-01 -3.397763063481553214e+00 -1.021294802517958289e-01 9.216136870983449025e-01 2.797548326173837641e-02 3.185248402573263582e-01
-3.839197564745540636e-01 -1.405838997465429507e+00 -3.480008820133888570e-01 -2.773501344213929465e-01 -1.745413024987406692e+00 -2.694330229473268501e-01 -1.317455119699181498e+00 -1.540767012210545905e+00 -1.824033839916506805e-01 -1.009416543584907844e+00 -3.040852309158875055e+00 -6.834880692066391816e-01 -4.774066319840659656e-01 8.916742611176871336e-02 -4.713965073679276530e-01 -1.060404187509834451e+00 -5.031055281221339381e-01 -1.119733008618883696e+00 -3.205048851793839138e-01 -5.131590186612331461e-01
-1.146862948354647749e+00 -1.945769732049019041e+00 -9.107647035799875113e-01 -7.539977520748887940e+00 -2.521269693075599339e+00 -2.649678331574382706e-01 -4.485492212766132303e-01 -1.116249458835197883e+00 -8.472568918335943167e-01 -1.170918538721672952e+00 -1.197578150104452988e+01 -1.626259786412322272e+00 1.089254224422992051e-01 -6.724531626520963146e-01 -1.635220559475819346e+00 -2.125470072500772467e+00 -1.907178127883088381e+00 -2.862600502072449427e+00 -1.809118128768905986e+00 -2.156630198210053861e-01
2.281328797753285897e+00 -2.438383355248104678e+00 1.692041187989612172e-01 5.751132844141744194e-01 -9.563728895766239191e-01 -2.200999244914332575e-02 -1.976987496371996444e+00 1.054132146547004378e+00 6.620734386345952238e-01 -1.322547382054767018e-01 1.651017220421129084e+00 -9.463706790667897328e-01 -9.436090053392785781e-02 5.312659107888502152e-01 -3.158516096352611546e-01 -1.366060788641510193e+01 -4.924624078800160509e-02 1.550914820394349025e-01 -2.672652509211216887e-01 -5.277515213752723700e-01
-1.533330996908988997e+00 -1.488103364749197022e+00 -7.513323186991303082e-01 -8.252748231231269438e-01 2.870092628815851810e-01 5.187712726507802685e-01 -1.389871185368195317e+00 -1.186556087314884600e+00 2.030625828971246716e-01 -1.849597576678154942e+00 -5.986581941946064189e-01 -5.082192039539507045e-01 -7.389685147676562371e-01 -1.590048756559170329e-01 -1.200989668403407373e+00 2.661914433720085141e-02 -1.256552646878313695e+00 -6.542228226864696961e-01 -2.986223510093721223e-01 -5.072822232264148079e-01
1.938511657803917654e+00
3.172804030152526433e+00
7.503869878261001380e-01
-1.230590535253705958e-01
-1.035457621064575395e+00
-2.884021791471406693e-01
8.979208877860487270e-01
-2.192541133693175492e-01
-1.868980355191708978e-02
9.068601009617782704e-01
-1.795854871686115573e-01
1.508562709942923963e+00
-9.757595649740579136e-01
5.065664964764343914e+00
1.337795586807066561e+00
2.139925069744710306e+00
2.034383980561214056e+00
1.510301930917724800e+00
3.621437612269840400e+00
-3.350888848970134393e-01
ReLU
0.2
20
2
-1.023029741673300963e+00 -8.139270506486007140e-01 -5.753134496099475692e-01 -2.368762400529225431e-01 7.663554033407536936e-01 -6.208256237131176691e-01 -4.090334207234180286e-01 2.356181542441012355e-01 4.245691762084443099e-01 2.612843958356486085e-01 -5.291556604912730361e-02 -9.867987108546624198e-01 -5.869621876642183711e-01 1.509076006626432376e+00 -5.645771878202782146e-01 -6.643262580196804823e-01 -2.325546488872996254e-01 -9.837593441845530196e-01 1.492681534422728218e+00 -2.866418323264510737e-01
-1.033888176873496434e+00 -1.161198518417284831e+00 -6.732896003494192039e-01 1.928130516013173978e-01 7.261905898427343242e-01 -1.061939912452896317e+00 -4.847757829437179256e-01 5.614099020575746835e-01 -4.087698379502416324e-02 -3.584722169408823822e-01 -5.033311423635746795e-01 -7.209184084071279530e-01 -1.180406263045053583e+00 1.949296734198114001e+00 -4.618629824725874466e-01 4.839017504631614175e-01 -6.880637042607462561e-01 -1.142940467958829753e+00 1.177726958109424515e+00 4.462071332320331485e-01
1.401687772920831421e+01
1.046094968445055429e+01
Linear
0.2

ct 2024-06-12 09:27:35.021812
