noname
4
2
2
5
1.287222589558646990e-01 1.351657817121185989e-01
4.687013109263095667e-01 7.908727269587659259e-02
4.523580670689772432e-02 3.745376241090360714e-01
4.104235180724408738e-01 5.974903742231320036e-01
5.441961441449597592e-01 6.816970523011001148e-01
-8.070404439747565217e-02
1.541036354184037449e-01
-6.454439434166542311e-02
-2.684237299784108730e-02
2.493692876526573399e-01
ReLU
0.001
5
5
4.999942967508466118e-01 1.012537270695355041e-01 3.499404314599710020e-01 4.876886079398590201e-01 5.721282549455414257e-01
2.603061322301326586e-01 3.418146230621587067e-01 4.494694132380018248e-01 5.428154587311339041e-01 3.783868869825656733e-01
-9.225400461375815597e-02 7.007193374076265968e-01 4.454962126201992278e-01 1.399639956208862668e-01 4.132794648725348075e-01
2.519043581337703230e-01 1.715519697412866418e-01 7.330211927899117352e-01 9.336497312108650581e-02 3.073843535076775310e-02
-1.415854721446019315e-01 -9.517243536925160119e-02 -7.019124805760018626e-02 7.145976199909229720e-01 -4.632197326005274562e-02
6.499126338722042151e-01
7.198419382735493643e-01
4.755364282549747745e-01
-2.173329178238827403e-02
1.253917841998031420e-02
ReLU
0.001
5
3
8.206191814918633032e-01 3.623717981929820420e-01 5.273528051458422489e-02 2.133700036840914527e-01 7.147022992758084170e-01
5.816110870842806646e-01 -3.886970083675045373e-02 8.839633432654291356e-01 2.330760481802943984e-01 6.712098240267234672e-01
2.052339811398041225e-01 5.475813332220664797e-01 4.731155097616762673e-01 5.237609419815485445e-01 7.393931693951847350e-01
3.456242814937635632e-01
-5.135093228769781887e-02
2.092429650169852773e-01
Linear
0.001

ct 2024-06-02 15:52:37.785818
