noname
4
4
4
6
1.182908142055119516e+00 -3.351430638222956948e-01 -3.202514754914619033e+01 -9.645356264888924613e-01
-1.011793129113151668e+00 3.191957709171028945e+00 5.641934462185878907e+00 1.407038362977710122e+00
-2.408501738672110815e+00 -2.980200827255242935e+00 -2.240026426362975442e+01 -2.569585721074784779e+00
4.601916326170530702e+00 1.196710137488884884e+00 2.731637865756011418e+00 9.166588528215448006e-01
3.787148124845791664e+00 -3.120740454955401866e+00 -2.134299637813944628e+01 -2.952108344496861214e+00
-6.768798471907966352e-01 5.994186292990473230e-01 -5.410290260192515133e-01 3.494004758256057941e-01
7.479377868475691749e+00
-4.900721576416344760e+00
3.547708135427617204e+00
-3.741004021358284692e+00
-5.121582539533412692e+00
-7.453121843556422821e-01
ReLU
0.2
6
6
-8.981518292640122691e-01 -1.959729198323542976e+00 -3.968129373195046661e+00 -3.480205197723081345e-01 -1.494467306637742299e+00 4.996752997286746933e-01
-2.652085375763330033e-01 7.113020296853538559e-03 -4.085170129886747326e+00 -5.258422329774096182e-01 -6.233531031774001141e-01 -8.551080720561030080e-02
1.065380112707058124e+00 3.019164257695056364e+00 -1.928829236898477628e+00 1.100036081802863830e+00 -1.876821991261280687e+00 -7.019825009949658412e-01
-1.838033397854085815e-01 -4.824313976956092209e-01 -1.083772222213664094e+00 -4.196482741537321259e-01 -1.548956517102987762e+00 1.135606440518353438e-01
-2.247969423337221884e-03 -6.435295163354627368e-01 -2.957187039428004760e-01 -3.071105465623889530e-01 -4.098078276986545920e-01 -1.152692698775968777e-01
-4.152558669405443048e+00 -2.982615467955155530e+00 -2.803716099716694998e+00 1.223394439979162085e+00 -1.479760022342945791e-01 -3.309188144330484777e-02
2.333487501218319160e+00
-4.148597350554612539e-01
2.735452314923381145e+00
-1.052773813811803266e-01
-1.547896661915156881e-02
2.088076122490196695e+00
ReLU
0.2
6
2
-1.863817860146707917e+00 3.289526441038729820e-01 8.583112756550171918e-01 1.410242149076686158e-01 -1.610918145840387894e-01 -1.902726283567991006e+00
-4.475911174067987441e-01 1.492289768819044515e-01 7.727185089297298193e-01 6.032960419773289451e-02 3.382249474340029982e-01 -2.138418267820251462e+00
8.054569448599854908e+00
7.073115302447434694e+00
Linear
0.2

ct 2024-06-12 10:42:23.593470
