noname
4
4
4
3
2.005755559139157373e-01 3.688259924842107740e-02 3.062971919138908206e-01 2.237367473229339154e-01
4.504807098707586110e-02 2.212742966498096875e-01 5.634860278555156032e-01 3.230274329444874359e-01
2.583875587150562536e-01 2.298874883007719916e-01 3.426985264222971450e-01 4.732901712504142822e-01
8.582721899611327476e-01
9.348542456695864145e-01
6.770460560244764281e-01
ReLU
0.1
3
3
9.249224652719965079e-01 8.746331915095338916e-01 8.815857550586112534e-01
7.242138802978250745e-01 3.153160977140658794e-01 9.653023985175712696e-01
6.542079496023462948e-01 6.943643839429577413e-01 2.088384719781672949e-01
1.337544562414140215e-01
2.426960705400031948e-01
5.794645606910105995e-01
ReLU
0.1
3
2
8.368506851379550193e-01 3.814641416895873105e-01 8.003211167420604122e-01
2.384349788944178927e-01 7.893720995876688518e-01 1.140430581268576660e-01
5.981472726031673570e-01
9.991583575320507338e-01
Linear
0.1

ct 2024-06-16 15:29:57.629753
