noname
4
4
4
16
2.369627677688630196e-01 -5.180796327984517335e-02 -1.352688864604487007e+00 2.682999631345522884e-01
1.254599546208411687e-01 2.714776117300790603e-01 1.805145740249157749e+00 6.974250163819316339e-02
2.382412199750303175e-02 1.485476780953992382e+00 1.198655319479303483e+00 8.066236320054716025e-01
2.077199307624647329e+00 1.796655102022552408e-01 -1.625389376169415812e+00 1.178191242160308239e+00
-3.807946794416728342e-01 4.667750846506191209e-01 1.501568213602744173e+01 7.643616791689168410e-01
1.915782997535803167e+00 2.756674891521102566e+00 3.100375701749963575e+00 8.009630922069369552e-01
1.343932220931443933e+00 1.463151584830122864e+00 8.455020794216628818e-03 1.020395177298001332e+00
1.479624790186731431e+00 1.392797576372349022e+00 3.534973351617363702e-01 9.396836939891415330e-01
-3.442727342976339977e-01 9.093619176777668622e-01 2.139979458766834597e+00 2.841922822488970324e-01
8.277972447973317438e-01 1.934665146291055349e+00 1.265840288778453671e+00 1.663045885011807057e+00
3.718288217371917281e-01 6.699837130334689306e-01 -4.206336198991466047e-01 3.700455293600750650e-01
-1.165306713178130504e+00 9.549946140519833815e-01 3.533874132288961079e+00 6.780236134732142705e-01
8.853087496416612856e-01 1.166833916281398098e+00 -2.128360094474354702e-01 9.322558607707038814e-01
-8.411866720074256953e-01 8.128130977741093721e-01 8.147614342252350594e-01 3.330493308219180104e-01
9.350689574644289737e-01 1.304154110857736804e+00 1.447963032101808878e+00 1.012062348212597440e+00
1.362578295204646794e+00 1.746091019308541714e+00 2.481804158682196615e+00 1.893583043363235241e+00
-7.980566692695058029e-01
-7.402971270997629194e-01
-5.569273025053063098e-01
-3.038403825138021874e-01
-3.260614448579276292e+00
6.351331379834471713e-01
1.996490855279360044e-01
3.504845479754882531e-02
-1.441130381517528480e+00
1.357518275143355435e+00
-1.668742182178555369e-02
-1.647226214126071620e+00
3.523517573570349448e-01
-4.790094216392425386e-01
6.773402711139582255e-01
2.180657354604521814e+00
ReLU
0.1
16
16
2.478357310076144127e-01 -2.924520718123027052e-01 -1.114170478099860834e-01 -1.830976274854044794e-01 -7.209841778508367049e+00 1.314641453705495788e+00 1.253503326072041568e-01 -6.144495102604977110e-02 -9.263412892275111332e-01 3.009380158581725917e-01 2.611612283756378217e-01 -9.064064134154775632e-01 1.119459846904071326e-01 7.569838396256555087e-03 -9.255579035985468661e-02 1.153654124352410992e+00
-3.479045630616894869e-01 -8.808699849517416247e-01 -6.286221511702152487e-01 -5.483269081937590661e-01 -1.017102944676548404e+01 5.531885439511284863e-01 5.197299458253699239e-02 6.434013756469904033e-01 -3.419729376227118034e-01 3.556549278999924235e-01 -3.388963566322755749e-01 -9.577206951949150948e-01 1.950539456642933975e-02 5.948552253786185684e-01 5.959806287700759597e-01 5.107226420770619724e-01
-9.614032255191704013e-02 -4.262435382480395663e-01 6.249969850446472908e-01 1.845600907298292903e-01 -7.234916481837975866e+00 1.460791141410492343e-02 4.654449687356871923e-01 6.504944814417890075e-01 -9.445906791520418677e-01 5.154166899403249680e-01 -3.827835974601064284e-01 -7.174133964160449572e-01 -1.529372626591330442e-01 4.280060948965425105e-02 1.229294881701111508e-01 4.089252306808998511e-02
1.060468210645432348e-02 -9.160897826791434273e-01 -7.185430812224744557e-01 -1.379672715147807205e+00 -4.426582615319565761e+00 6.961745831904305945e-03 -2.300880263376107460e-01 -8.330790383070875160e-01 -8.515324483336880190e-01 9.366275285036387843e-02 -2.425878516885853209e-01 -1.281594212604425742e+00 -3.401493081719346723e-01 -3.432105105150028423e-01 5.082407985458042843e-02 -5.674251306859291466e-01
-2.213948192416023350e-02 -6.734483408183985498e-01 -5.769692166830654445e-01 -4.516864046718776365e-02 -9.509223887788254004e+00 9.495199900779828228e-01 -8.794260824064822901e-02 6.876083877346096662e-03 -3.098342949524470202e-01 4.088725771921812302e-01 1.571815086808075468e-01 -3.162037849098595088e-01 6.268969126641321665e-03 3.269474216065590411e-01 -4.501658921452412199e-01 4.780094853028264978e-01
2.647064829805612085e-01 -2.956598022917366619e-01 4.746033851081443017e-02 1.152942743812239434e-01 -5.656765105128666704e+00 -1.242426310224829106e-01 3.336793565529488220e-02 6.229636415781640846e-01 -9.722760762338912288e-01 1.138957053972873418e-01 -2.421729551319911911e-01 -1.937639355493981363e-01 3.911332795797158035e-02 -6.930247893301006573e-03 1.830374497261710309e-01 -1.774156911370526057e-01
-2.936402100345544830e-01 4.883668663467339438e-02 1.516902840930905993e-01 -6.562266610804418088e-01 -2.720562737653271057e+00 -2.456768508045102939e-01 -4.416947936266901187e-01 3.841242456265824279e-01 -9.074126949070228099e-01 2.752638266941930256e-01 -2.448553298561025604e-01 -9.486627861473834189e-01 3.722279767970163022e-01 -5.329513943661171593e-01 -2.016528672356183716e-01 -2.970583342372392077e-01
-5.418738707603052429e-01 -6.083102244733263886e-01 5.402377719801026990e-01 7.858595993527919266e-01 -6.801731033572497864e+00 -3.134427962288000025e-01 -2.742638169431471096e-01 7.432468950342289993e-02 -1.068865058913268662e+00 -4.352754063273890361e-01 -5.897208511016593935e-02 -1.039734145463097503e+00 -1.000892975276121248e-02 1.881529653731923157e-01 -4.610589668607552594e-01 4.239990760038623296e-01
9.880076346602760518e-02 -4.731076051921748737e-01 2.143037150141238190e-01 3.423363991323103428e-01 -4.353041119853017449e+00 -9.975772624570251879e-02 -4.318629248875368032e-01 -5.806684755625853012e-02 -1.091661648275573882e+00 1.352791881313202549e-01 4.174190602071164991e-02 -7.034877919314175276e-01 3.092108598578884870e-01 -4.290124977450450738e-01 -4.532662330846540244e-01 -2.872900394398716362e-01
4.467972949413989009e-02 -5.121707157675962074e-01 3.326770886479829548e-01 3.435672500175914745e-01 -6.368507622029437876e+00 6.002661649808501698e-01 1.307826743908439004e-01 1.304538482134998956e-01 -8.582029922504024189e-01 9.650742912353011960e-01 4.619324868051711414e-02 -9.463411957496756788e-01 -1.358417072653476942e-01 1.655855877028983986e-02 3.574350750455040915e-01 1.566127691916661346e+00
-4.236325943266580629e-02 -6.091235281511494515e-01 -2.004893120933538275e-01 -3.122585757427722153e-01 -3.954728499911853934e+00 -7.079362683677474788e-01 -8.751267270397877773e-01 -2.049013569440494287e-01 -9.548643164848812370e-01 -8.739174930393638352e-01 -7.292393756875271693e-01 -5.752722582035108001e-01 -1.064381662661520345e+00 -8.543102072052136120e-02 -5.213927046755122419e-01 -5.478803292656583140e-02
5.916836737063427831e-01 -7.509180615271313086e-02 3.064882231173257643e-01 1.030035286619035206e+00 -6.104080941622904710e+00 3.917503158796920015e-01 -1.346262404211009955e-01 8.201096744962660390e-02 -9.873694422678869209e-01 4.423120506698811627e-01 1.490934260587506999e-01 -1.220319430348406842e+00 5.024764024759150738e-01 -4.340730290145901060e-01 5.720347121097628662e-01 1.637800234567080349e+00
1.828228016894188346e-01 -2.240636175166837996e-01 -3.170168439296420781e-01 2.094136643602634296e-01 -2.789588708837072994e-01 -1.690076450876208725e+00 -1.014605634150298252e+00 -1.135380079949846133e+00 -1.377585041926759069e-01 -4.515066440990410657e-01 -3.766313566491777398e-01 -1.077819780346231715e+00 -8.718261199927971328e-01 -4.230016241290191492e-01 -6.809324897518328479e-01 -2.156902663084137375e-02
-4.314118413292683529e-01 3.218237805830644060e-02 4.746477001048862721e-01 4.589389659758245088e-01 -7.541747543333015003e+00 8.862603782687142329e-02 3.868275518112931910e-01 6.985244054797158653e-02 -3.757176641372583781e-01 4.234410579638339112e-01 -2.008349041949912261e-01 -7.172860965368512698e-01 -9.702769475309366842e-02 5.921083507269503388e-01 -3.178553532051456298e-01 1.453919648674227016e-01
-5.789791731233916439e-01 7.181352984435891706e-02 -2.725244668717379803e-01 2.111657476971696701e-01 -8.426633163618245659e-01 1.348310102822677416e-02 -5.033627158446761785e-01 -2.663760458338724213e-01 -4.044313828322393389e-01 -2.446781467846322611e-01 1.916655122527567423e-01 -4.316273590326917819e-01 -1.997982417694707247e-01 8.094544565557849902e-02 1.037664203959283299e-01 -1.040532301113433200e-01
7.939875740828374051e-02 2.808273185453597637e-02 -1.927372804287437735e-01 -3.378277108276374618e-01 -7.234369450376531674e+00 2.561247225288668106e-01 4.660505933291000935e-01 2.320250057168478097e-01 -6.915087708322321669e-01 1.750611925305811667e-01 1.360887847695547714e-01 -7.222424081501590543e-01 2.417901645758787077e-01 4.549977435588885011e-01 9.353416730280179614e-01 1.874506517086760859e-01
1.570813872285819146e+00
-4.712230041260988961e-02
-2.821262030263793630e-02
6.591289835642085704e-01
1.014210442091087128e+00
-1.551380838133572804e-01
-4.736346119152167605e-02
4.563632558536362405e-01
-4.525080269252899174e-04
1.545225272465881261e+00
6.605280303024529953e-01
1.366188997485522805e+00
-5.947493747303016871e-04
5.814024602255623009e-01
-1.702469748907740055e-01
-1.338689066539717198e-01
ReLU
0.1
16
2
1.032936599227996854e+00 4.907690792375967170e-01 3.354951911696975597e-01 -1.827199856255987132e-01 7.441773819654643463e-01 1.228415212635658969e-02 7.575256688848360995e-03 2.854037437818197631e-01 2.474228279085481930e-01 1.359679922078743219e+00 -2.389968793291713245e-01 1.425227290851158513e+00 2.828215033252006738e-01 4.352648234928916393e-01 -3.227409225718353564e-02 2.434755150306647242e-01
1.287848057701098226e+00 6.947474939860593945e-01 3.239348672091309500e-01 -7.755444252828716523e-02 1.025238726580299131e+00 1.007516381125866944e-01 -1.260079690331514062e-02 1.025714436279345915e-01 5.361147337225766890e-02 1.180686200445461242e+00 -1.491880679031415136e-01 1.104204173412320023e+00 -1.064427759186991479e-01 4.389104313462713347e-01 5.587005166264127215e-02 3.498869430328505614e-01
3.738954050381435135e+00
2.910177901321957972e+00
Linear
0.1

ct 2024-06-03 18:57:01.493746
