noname
4
4
4
12
9.921676018391291096e-01 5.163192266587631751e-01 1.523959025896344244e-01 4.004347523280031851e-01
1.394851948325663393e+00 5.557190917951164710e-01 6.078564302424854793e-01 3.313962600998157093e-01
1.844724761422164017e+00 3.107072263808797752e-01 -1.703860974135581241e+00 5.804360187404259408e-01
8.669316313041185162e-02 4.973249931202557428e-01 2.267726234291196075e-01 7.039022212329898442e-01
6.029908366308190937e-01 4.139780599989061338e-01 -2.239952553257527623e-01 5.659574017663479006e-01
1.292838479664856211e+00 1.013586415014356090e+00 1.861223351815310401e-01 5.849359856848951322e-01
1.020244567446515038e+00 4.605178401072491101e-01 2.024153420202461917e-01 2.422314919010029599e-01
3.122363909653471103e-01 4.700379070531549575e-01 7.968537453376399737e-01 6.216245160406651538e-01
-6.178690070048952210e-01 5.168253269030521624e-01 2.760453551284005158e+00 -2.379240028862455447e-01
1.778134020232595924e+00 2.665205638399133492e-01 -1.003224955428108744e+00 5.620266186023807897e-01
-3.404381271125904440e-02 7.008657640787768761e-01 9.368397879264989125e-02 7.231614850162492170e-01
5.730552379125769535e-01 8.747924020914890075e-01 -9.363350454418654933e-03 8.971873291023965136e-01
1.904027342077518614e-01
3.561532284398481463e-01
1.496487736018101145e-01
9.743060310971031202e-01
6.410450449179797561e-01
5.679405903357743757e-01
3.915983659784219029e-01
8.675757391010057162e-01
-5.965862716607932270e-02
4.616137943878439454e-01
6.895507119644860294e-01
8.452718551181089834e-01
ReLU
0.005
12
12
2.302612058113235882e-01 9.402022097815879165e-02 7.290785826966498240e-01 9.087697870462111416e-01 4.116743957791830222e-01 -2.072108154239322431e-01 1.572368623662770415e-01 6.772740757778230591e-01 1.830673607845386464e+00 2.176591782748922566e-01 7.274828601261685845e-01 1.322545659055439360e-01
1.049133459294769866e-01 -9.389942115982365112e-02 6.091938719771261557e-01 3.011115478041290761e-01 3.388207434586970046e-01 9.565531091714322975e-02 7.033617793924769046e-01 5.908731492291997567e-01 -5.581256351257706250e-01 4.738178470822344002e-01 4.364730416527158319e-01 4.853001307695099104e-02
1.977189283440549117e-01 6.628847774008067573e-02 5.722886126942934304e-01 3.473087097499236720e-01 5.118825454199247282e-01 7.811074205078956112e-01 1.500225334055340642e-01 7.736908552506270853e-01 3.524953625399839807e-01 5.365022806699869529e-01 6.100638473184519794e-01 5.570917398624556371e-01
5.499461424252120034e-01 5.190870565237805101e-01 9.489223111345025663e-02 2.950972445400250610e-01 6.896711955979044628e-01 1.366590114588775440e-01 -1.742493827574147780e-01 7.340934671209872753e-02 5.662314548298436057e-01 7.697335363024715438e-01 -1.443938785648265360e-02 2.017609632120370700e-01
1.925707055875892637e-01 1.268579781984152111e-01 3.024927880743074060e-01 1.111432729928299862e-01 8.902843097150404672e-01 7.129578080179348465e-01 6.869460581809354593e-01 9.229449430308142022e-01 7.343567147148876151e-01 8.756371447000106389e-01 4.249895195572274686e-01 4.760470675121458162e-01
1.154350318740230003e-01 7.387264593997373840e-02 5.414091965759013775e-02 3.622945441711260539e-01 6.986091858936663845e-01 4.029315048157365853e-01 -3.411848988030467544e-01 2.141157002846183210e-01 1.794354216366486510e+00 -7.965065561195006083e-02 2.215259154431461763e-01 3.981180678000796336e-01
-3.796749024789063121e-02 -6.806241045903610454e-01 -2.802114957324957079e-01 -2.564034575694885132e-01 5.689890124396542737e-01 2.521139602682814784e-01 -2.983329331728539757e-01 -1.965475995434977641e-01 -6.538146298791319699e-01 -5.287629089163921048e-01 2.670583650546139998e-01 4.289918212159318234e-01
-3.127382000056991851e-01 6.353074620295635633e-01 4.160105999526297338e-01 7.786303425248680687e-01 5.562989380056742039e-01 6.747578027463303485e-01 7.658743943070690785e-02 5.009049408861563357e-01 1.908318019368114293e-01 2.540968924772215032e-01 2.337667113013339182e-01 3.293718518675716189e-01
5.139596067156948500e-01 4.059125752093133838e-02 5.095245744089929030e-01 -6.254015759254617779e-02 -6.071806937144617194e-02 3.755080287850845466e-02 -3.258324498712624750e-01 8.874488594309736245e-01 1.327209472251507760e+00 1.266411161374909056e-01 8.659069089779510842e-01 7.741219480500487471e-01
-1.979285499168585150e-01 5.903090265617257915e-01 4.636023895061570643e-01 4.853575922886568250e-01 2.530692144386593179e-01 3.879289438607047558e-01 4.892172466278156898e-03 1.069179839541210431e+00 8.004774314821165859e-01 5.481820620755694096e-01 6.970223772305127463e-01 1.662547464560445998e-01
-5.062397936599730697e-01 2.718442047273042506e-01 2.262005154348920299e-01 6.985074385903673466e-01 -1.194123468442605668e-01 5.113058439983855230e-01 2.874858022912166189e-01 7.786878801641855530e-01 3.003775459568603368e-01 5.799113542775883312e-01 7.348577492364042341e-01 1.283786501263331839e-02
-3.803583702290844887e-02 1.557109035364082072e-01 8.754300955829345809e-02 3.503780161054919629e-01 -3.950612210546263631e-02 -1.056546685763257443e-01 -3.050829831479250354e-01 3.490169157529306870e-05 2.301073304092131067e-01 1.484307328411752225e-01 4.885476359034245375e-01 8.582973994066330770e-01
7.852542773833435241e-01
1.216913693534522611e+00
6.941690428495038701e-01
1.835363159127542942e-01
8.447606270118865890e-01
6.043209137220396654e-01
1.055067551113203050e+00
1.325459210185082393e+00
-1.046883057673769074e-02
6.051419908369399803e-01
7.526521029893314951e-01
1.049439054348911382e+00
ReLU
0.005
12
2
1.534785026669197028e-01 8.607822274335519275e-01 6.450404139421053173e-01 5.189013612825015276e-01 9.571872010647799467e-01 1.767458020794078488e-01 2.247896037803918667e-01 9.484832213786916766e-01 6.567994320503550698e-02 6.896266191788495981e-01 3.445884870417446066e-01 4.661258507802338302e-01
6.071524149287534922e-01 1.429080078160474554e-01 6.484599801399735242e-01 6.663246278605708950e-01 8.032233432918698401e-01 6.866944560895407168e-01 -2.022073105675294483e-02 2.922852453393291472e-01 5.473534814425932149e-01 9.692652972683651891e-01 2.609067532588241756e-01 2.905525003560940345e-01
1.460147562325221582e+00
8.272820778650717966e-01
Linear
0.005

ct 2024-06-03 12:43:03.736931
