noname
4
4
4
2
1.100724132041768000e+00 2.142046747538536966e+00 6.146804139354491880e+00 1.814284822978847744e+00
-3.357762329309332827e+00 1.981255380179103964e+00 6.802255651214244914e+00 1.312464999119127951e+00
2.409799887563820242e+00
-3.080226105596512554e+00
ReLU
0.2
2
2
-1.788231852760173088e-02 -7.356507000394181262e-01
4.881017658851752872e-01 -1.235376831461950653e+00
-1.887281482728461468e-01
2.880998358359206438e-02
ReLU
0.2
2
2
2.139004108280701810e-01 5.887958679335515422e-01
4.748311569761285433e-01 7.338921705120504679e-01
2.481971615135654563e+00
2.719829596471690092e+00
Linear
0.2

ct 2024-06-12 10:28:39.575921
