noname
4
4
4
4
-2.972812051491139140e+00 2.286833969819250800e+00 4.881175747188751579e+00 1.941752396917169332e-01
-1.577605839455264780e+00 1.647928912792592460e+00 2.850296740721963573e+01 4.623444783100297606e+00
2.199127554974080301e+00 3.497702488275578503e+00 4.710760141005106760e+00 2.179606752709575268e+00
-1.770173983462152156e-01 7.601626491773243455e-01 -3.078614650344103154e+01 -2.468585253969567184e+00
-5.086327876798027781e+00
-2.501938990521819228e+00
1.629019817267608916e+00
-3.852455267033509489e+00
ReLU
0.1
4
13
-1.332034322218379030e+00 -1.241631867473609985e+00 -1.003065453233951548e-01 -5.726479762463001499e-01
-4.050273170824694180e-01 -5.436326724646370900e-01 -1.355046710497783247e+00 -9.630111754782348654e-02
-1.893475180332090391e-01 -1.424597847837495879e+00 -1.220238827639579693e+00 -2.024278933290394100e+00
-2.073515294161835110e-01 -7.782216853970811421e-01 4.539730159759026717e-01 -8.746677007259517911e-01
0.000000000000000000e+00 0.000000000000000000e+00 0.000000000000000000e+00 0.000000000000000000e+00
0.000000000000000000e+00 0.000000000000000000e+00 0.000000000000000000e+00 0.000000000000000000e+00
0.000000000000000000e+00 0.000000000000000000e+00 0.000000000000000000e+00 0.000000000000000000e+00
0.000000000000000000e+00 0.000000000000000000e+00 0.000000000000000000e+00 0.000000000000000000e+00
0.000000000000000000e+00 0.000000000000000000e+00 0.000000000000000000e+00 0.000000000000000000e+00
0.000000000000000000e+00 0.000000000000000000e+00 0.000000000000000000e+00 0.000000000000000000e+00
0.000000000000000000e+00 0.000000000000000000e+00 0.000000000000000000e+00 0.000000000000000000e+00
0.000000000000000000e+00 0.000000000000000000e+00 0.000000000000000000e+00 0.000000000000000000e+00
0.000000000000000000e+00 0.000000000000000000e+00 0.000000000000000000e+00 0.000000000000000000e+00
-4.088192525724335114e-01
-1.152256667306995191e-01
-3.300247304112276236e-02
5.022046938950076367e+00
0.000000000000000000e+00
0.000000000000000000e+00
0.000000000000000000e+00
0.000000000000000000e+00
0.000000000000000000e+00
0.000000000000000000e+00
0.000000000000000000e+00
0.000000000000000000e+00
0.000000000000000000e+00
ReLU
0.1
13
2
-4.374852595440019698e-01 5.787629046264778365e-01 4.475456732026311113e-01 9.768972544722299700e-01 0.000000000000000000e+00 0.000000000000000000e+00 0.000000000000000000e+00 0.000000000000000000e+00 0.000000000000000000e+00 0.000000000000000000e+00 0.000000000000000000e+00 0.000000000000000000e+00 0.000000000000000000e+00
-3.474277867253078300e-01 -2.585245168361965593e-02 2.370977672087401233e-01 1.005326789024524770e+00 0.000000000000000000e+00 0.000000000000000000e+00 0.000000000000000000e+00 0.000000000000000000e+00 0.000000000000000000e+00 0.000000000000000000e+00 0.000000000000000000e+00 0.000000000000000000e+00 0.000000000000000000e+00
1.812778763399481186e+00
1.410493597720034131e+00
Linear
0.1

ct 2024-06-15 19:13:46.537975
