noname
4
4
4
4
-3.418410029178925225e+00 1.682866220170459615e+00 3.533421333887562632e+00 1.206953478673674196e+00
-1.546900208360817208e+00 1.901394068010071159e+00 2.928397902370549488e+01 3.858552214987285289e+00
1.942159721909407777e+00 3.180408501283248590e+00 4.679537664408181641e+00 1.885941938603288959e+00
5.310412488039372159e-01 4.145836022779712526e-01 -2.912901968284125687e+01 -2.279354361306532351e+00
-4.147248364816758404e+00
-4.052512361695068677e+00
1.373175249427365241e+00
-3.748386985747748756e+00
ReLU
0.1
4
13
-1.332034322218379030e+00 -1.241631867473609985e+00 -1.003065453233951548e-01 -5.726479762463001499e-01
-4.050273170824694180e-01 -5.436326724646370900e-01 -1.355046710497783247e+00 -9.630111754782348654e-02
-1.893475180332090391e-01 -1.424597847837495879e+00 -1.220238827639579693e+00 -2.024278933290394100e+00
3.425719143883489970e-01 -8.566296145247024318e-01 4.346082016651018898e-01 -8.326139222626427472e-01
0.000000000000000000e+00 0.000000000000000000e+00 0.000000000000000000e+00 0.000000000000000000e+00
0.000000000000000000e+00 0.000000000000000000e+00 0.000000000000000000e+00 0.000000000000000000e+00
0.000000000000000000e+00 0.000000000000000000e+00 0.000000000000000000e+00 0.000000000000000000e+00
0.000000000000000000e+00 0.000000000000000000e+00 0.000000000000000000e+00 0.000000000000000000e+00
0.000000000000000000e+00 0.000000000000000000e+00 0.000000000000000000e+00 0.000000000000000000e+00
0.000000000000000000e+00 0.000000000000000000e+00 0.000000000000000000e+00 0.000000000000000000e+00
0.000000000000000000e+00 0.000000000000000000e+00 0.000000000000000000e+00 0.000000000000000000e+00
0.000000000000000000e+00 0.000000000000000000e+00 0.000000000000000000e+00 0.000000000000000000e+00
0.000000000000000000e+00 0.000000000000000000e+00 0.000000000000000000e+00 0.000000000000000000e+00
-4.088192525724335114e-01
-1.152256667306995191e-01
-3.300247304112276236e-02
4.020840809958614592e+00
0.000000000000000000e+00
0.000000000000000000e+00
0.000000000000000000e+00
0.000000000000000000e+00
0.000000000000000000e+00
0.000000000000000000e+00
0.000000000000000000e+00
0.000000000000000000e+00
0.000000000000000000e+00
ReLU
0.1
13
2
-4.374852595440019698e-01 5.787629046264778365e-01 4.475456732026311113e-01 1.134352581257602521e+00 0.000000000000000000e+00 0.000000000000000000e+00 0.000000000000000000e+00 0.000000000000000000e+00 0.000000000000000000e+00 0.000000000000000000e+00 0.000000000000000000e+00 0.000000000000000000e+00 0.000000000000000000e+00
-3.474277867253078300e-01 -2.585245168361965593e-02 2.370977672087401233e-01 1.234597230292881376e+00 0.000000000000000000e+00 0.000000000000000000e+00 0.000000000000000000e+00 0.000000000000000000e+00 0.000000000000000000e+00 0.000000000000000000e+00 0.000000000000000000e+00 0.000000000000000000e+00 0.000000000000000000e+00
1.512485272013226911e+00
1.228338948133671282e+00
Linear
0.1

ct 2024-06-15 19:13:15.237655
