noname
4
4
4
4
-2.972812051491139140e+00 2.286833969819250800e+00 4.881175747188751579e+00 1.941752396917169332e-01
-1.108008151561135746e+00 1.925667324286911786e+00 2.955024056595533111e+01 3.685785521381482521e+00
2.497110790741465802e+00 2.927407022891429733e+00 4.019529890282342421e+00 1.683145096941658148e+00
4.075503325228868046e-01 4.744353924938409239e-01 -2.915518033044213198e+01 -2.153574038425565274e+00
-5.086327876798027781e+00
-4.132968809970366308e+00
1.207478066279631168e+00
-3.814609171364596207e+00
ReLU
0.1
4
13
-1.332034322218379030e+00 -1.241631867473609985e+00 -1.003065453233951548e-01 -5.726479762463001499e-01
-4.050273170824694180e-01 -5.436326724646370900e-01 -1.355046710497783247e+00 -9.630111754782348654e-02
-1.893475180332090391e-01 -1.424597847837495879e+00 -1.220238827639579693e+00 -2.024278933290394100e+00
-2.073515294161835110e-01 -8.602150796280612077e-01 5.295188815356141054e-01 -8.163867928038897048e-01
0.000000000000000000e+00 0.000000000000000000e+00 0.000000000000000000e+00 0.000000000000000000e+00
0.000000000000000000e+00 0.000000000000000000e+00 0.000000000000000000e+00 0.000000000000000000e+00
0.000000000000000000e+00 0.000000000000000000e+00 0.000000000000000000e+00 0.000000000000000000e+00
0.000000000000000000e+00 0.000000000000000000e+00 0.000000000000000000e+00 0.000000000000000000e+00
0.000000000000000000e+00 0.000000000000000000e+00 0.000000000000000000e+00 0.000000000000000000e+00
0.000000000000000000e+00 0.000000000000000000e+00 0.000000000000000000e+00 0.000000000000000000e+00
0.000000000000000000e+00 0.000000000000000000e+00 0.000000000000000000e+00 0.000000000000000000e+00
0.000000000000000000e+00 0.000000000000000000e+00 0.000000000000000000e+00 0.000000000000000000e+00
0.000000000000000000e+00 0.000000000000000000e+00 0.000000000000000000e+00 0.000000000000000000e+00
-4.088192525724335114e-01
-1.152256667306995191e-01
-3.300247304112276236e-02
4.228478012325296298e+00
0.000000000000000000e+00
0.000000000000000000e+00
0.000000000000000000e+00
0.000000000000000000e+00
0.000000000000000000e+00
0.000000000000000000e+00
0.000000000000000000e+00
0.000000000000000000e+00
0.000000000000000000e+00
ReLU
0.1
13
2
-4.374852595440019698e-01 5.787629046264778365e-01 4.475456732026311113e-01 1.076804923242374423e+00 0.000000000000000000e+00 0.000000000000000000e+00 0.000000000000000000e+00 0.000000000000000000e+00 0.000000000000000000e+00 0.000000000000000000e+00 0.000000000000000000e+00 0.000000000000000000e+00 0.000000000000000000e+00
-3.474277867253078300e-01 -2.585245168361965593e-02 2.370977672087401233e-01 1.189837967960717613e+00 0.000000000000000000e+00 0.000000000000000000e+00 0.000000000000000000e+00 0.000000000000000000e+00 0.000000000000000000e+00 0.000000000000000000e+00 0.000000000000000000e+00 0.000000000000000000e+00 0.000000000000000000e+00
1.544782354177729022e+00
1.196808379417337642e+00
Linear
0.1

ct 2024-06-15 19:13:17.350136
