noname
4
4
4
6
1.002286093827075675e+00 -8.966023808621506053e-01 -5.190600757549230337e+00 -5.187257292058581326e-01
2.474411148679660055e+00 6.106702458061730177e-01 8.426874600669673754e-01 1.335775802659870726e+00
2.026471778000844104e+00 7.613791279956906299e-01 6.927446321526138373e-01 4.780638238432771137e-01
1.780946240165541150e+00 1.148670375250275377e+00 -9.325252190199602165e-01 1.743060684162329510e+00
9.936609713102038111e-01 6.574847233259356605e-01 1.803908878867059029e-01 9.302446320541675195e-01
-1.386875426539227796e+00 1.338605602138924988e+00 6.113261590520282951e+00 1.609907010596558274e+00
3.912609522120022443e-01
8.389621718423275754e-01
-1.758870252539805612e-02
1.754658490805355298e-01
7.605432350958694909e-02
-2.025040876699511383e+00
ReLU
0.2
6
6
9.684823089893379588e-03 1.145808051028132990e+00 1.843191976094542828e-01 6.874804582603983860e-01 5.447028357581481517e-01 -1.299802505845482736e+00
-3.949298942015577185e-01 4.039864682485110881e-01 -2.599933897077468803e-01 3.223414331850772419e-01 -1.314196224231354848e-01 -1.296852783823853050e+00
-1.188676637054155716e+00 -6.608217844673140995e-01 -1.249522445596997544e+00 -1.058170187479246849e+00 -7.647652306697824143e-01 -1.050600444522580501e+00
-5.554881414567315323e-01 3.164435880798778800e-01 5.393693573864608362e-03 4.976385340673963320e-01 4.556017195564204814e-01 -1.506207520870686434e+00
-6.713466263327015904e-01 9.345536690468385643e-01 2.350887261169253561e-01 -6.826418921303745169e-02 5.905960839763576414e-02 -1.337177676770560986e+00
-4.817838005861920792e-01 2.839932999758743026e-01 -1.759325992119042115e-01 1.360875507549132168e-01 -1.894050635131187266e-01 -1.146349009652190887e+00
1.641381768017728726e+00
1.692950391905295726e-01
-7.327693708982045973e-01
1.086394286999870173e+00
1.439097368570083635e+00
9.099548874757772410e-01
ReLU
0.2
6
2
1.181777306530723326e+00 3.874386850023382456e-01 6.242555702902161663e-01 7.295339089207860672e-01 1.077315655515851844e+00 5.066256925651877463e-01
1.201217296451119410e+00 2.411541558663699292e-01 3.953760686805466440e-01 6.326052375325249555e-01 7.137912485113352412e-01 5.152560651199403763e-01
2.866591091357068244e+00
1.700701723276659250e+00
Linear
0.2

ct 2024-06-12 09:02:48.565022
