noname
4
4
4
4
-1.148705709321797608e+00 8.926299234134634775e-01 5.202848590372154192e+00 2.719093723467907453e-01
-6.785531460167926188e-01 1.036122500519800704e+00 6.553476716296628979e+00 2.931859738289445128e-01
2.594823154583065783e+00 2.328969800606859764e+00 -9.376026816097798866e-01 3.215815775820583866e+00
-1.036133576487185293e+00 8.124301266581279712e-01 8.910510120801221845e+00 -1.223975287873019235e-01
-1.846965822705448179e+00
-2.368693177768462554e+00
7.621197230349490148e-01
-2.756346210291951593e+00
ReLU
0.2
4
4
-9.633049021293151881e-01 -1.910487952998882522e+00 -8.422410867000280563e-03 -6.786182811680330218e-01
-3.191313278047968605e-01 -7.501556511577073261e-01 -4.414949456284704143e-01 -2.054956888609566767e-01
-3.313080201950725501e-01 1.203809235184741117e-01 -1.239714499638469858e-01 -6.646766260091120371e-01
-1.786450350714583246e+00 -1.337744113678769109e+00 8.129135965499828531e-01 -2.591359035878346706e+00
-6.707113023116528794e-02
-3.661788147040669350e-01
-2.379844906403871529e-01
-7.465427995408748657e-03
ReLU
0.2
4
2
-8.886508106308619453e-03 -1.767330553374213131e-01 -2.447881086252719496e-01 8.300258797426263158e-01
-5.107811269358356054e-02 -1.185286348264152634e-01 -1.039985531055528378e-01 8.769769325886900280e-01
3.195925605036198824e+00
2.682744255080726781e+00
Linear
0.2

ct 2024-06-12 01:49:16.402765
