noname
4
4
4
6
2.072203662188920159e+00 4.862310736825881663e-01 -3.222649798242515828e+01 -7.443038521155590503e-01
-2.708989438129173061e-02 2.748665078805959450e+00 -2.238454768808338269e+00 2.032070466993197488e+00
3.724147532554694884e+00 4.932680933347953989e+00 4.517220727918134671e+00 3.187840887233445830e+00
-3.093380288782388909e+00 1.641501644927560788e+00 5.915269612058482451e+00 7.358290820831779877e-01
-4.549994441157829278e-02 4.730676309140342539e-01 1.014388499970441160e+01 3.535523823484669759e-01
-1.490020006598895108e+00 1.482253580600412013e+00 2.782133151113507452e+00 1.369279540654888550e+00
-6.101826959235848946e+00
-1.098810085318400853e+00
2.542133663551007672e+00
-2.805119970551758435e+00
-3.125535891605437211e+00
-3.232749308631539531e+00
ReLU
0.1
6
6
-2.072441848950321297e-01 -7.562472117631634516e-01 1.868551869887176073e-02 1.758025228501425563e-01 -2.861923223598312305e+00 2.180302297718340054e-01
2.498049983745056213e-01 -1.643253013813967156e+00 -7.035723540750992155e-01 9.741177475937073948e-01 -2.168492585840013476e+00 -6.698888013009556275e-01
-2.559048637924361130e-02 -1.467434108541291471e-01 -1.587787536156370638e-01 1.482754982277557088e-01 -2.633099900685981432e+00 -4.106482345807305756e-01
1.532127946238589944e+00 1.078294797241005076e+00 -1.078252645834214540e+00 3.616696868075977012e-01 -2.966046461465531525e+00 3.637704885046341013e-02
-1.962473869895962508e+00 1.212319382770324361e-01 1.025464391041767787e+00 -2.730270442508414552e-01 -1.688210719349489519e+00 2.051381979993369686e-01
-6.060301753324197627e-01 -4.981243612667975440e-01 -1.650122150773162932e+00 2.301061572029982349e-01 -3.838637220535603412e+00 4.749201513363326445e-03
-2.227291330479557740e-01
-7.625108227171507602e-01
-1.541257408902871884e-01
1.930118008883992542e-01
1.565889760291860000e+00
-8.284229886701059975e-01
ReLU
0.1
6
2
-4.988844922980247010e-03 -7.328387861364528411e-02 7.315880553630072641e-03 -9.104117368898987372e-01 1.206636524263045906e+00 1.683035762670030744e+00
-1.318674164178052291e-02 -3.266423083368782954e-01 -6.240881898298834829e-03 -3.651850322871069698e-01 1.335533197401550964e+00 1.128725387589424450e-01
4.600952572718584044e+00
4.389339576394869269e+00
Linear
0.1

ct 2024-06-11 10:23:01.872870
