noname
4
4
4
3
5.599288030364024671e-03 1.792527400697864204e-01 2.558657847692985543e-01 8.765982547443758044e-01
5.360349442701363154e-01 4.179633721224631504e-01 1.821751504475436212e-01 7.873971354327158334e-01
6.711459752592896510e-01 7.416186881347044402e-01 6.803213990523840904e-01 7.396200614805727991e-01
2.399950251292731762e-01
3.912599415093959143e-01
1.700418102949563526e-01
ReLU
0.1
3
3
4.265391866631162987e-01 6.319361495694127973e-01 2.425365551021294586e-01
5.329386220991483292e-01 1.469392389056664028e-01 7.347654351860517519e-01
8.816885374026817157e-02 4.870419627378854699e-01 5.956829722879448674e-01
5.440577478697260494e-01
1.559381297891411222e-01
7.414194369696149867e-01
ReLU
0.1
3
2
4.762019123423316680e-01 2.045067000109401789e-02 7.556637944070334623e-01
1.684552990195682387e-01 3.873499356311511654e-01 6.375552932733974387e-01
6.713423276628367464e-01
4.329331070378418245e-01
Linear
0.1

ct 2024-06-16 14:23:52.040822
