noname
4
4
4
3
5.629316694533192944e-01 3.009350829457754228e-01 -4.296332817248353919e+00 -5.820041293793638132e-02
1.892739800980446141e+00 9.523186272626049664e-01 -5.035377398785164660e-01 1.366278997483215685e+00
1.391557184208787490e+00 7.984339773139179641e-01 -1.868852402572719562e+00 9.151865735464519425e-01
6.348353724956934396e-01
9.438823988641493745e-01
8.353643284624537313e-02
ReLU
0.1
3
3
-2.906095077740560723e-02 1.130702058595987325e-01 -9.026794829401095788e-01
4.299374509835099945e-01 -8.867351928937028394e-01 3.542425439862784686e-01
-6.519488674758954216e-01 6.897569161424882411e-01 3.342291580795675454e-01
-9.333376624192360471e-02
-1.739469280105483684e-01
6.563312721721813181e-02
ReLU
0.1
3
2
-4.058255719869757056e-02 -3.188224571846799416e-01 7.501812725591081588e-01
-6.389719203778460033e-02 -4.702564410134853906e-02 6.825787267734043651e-01
2.170017357234568678e+00
1.609923114627041851e+00
Linear
0.1

ct 2024-06-16 14:24:10.790787
