noname
4
4
4
8
3.825467825554739743e-01 7.982250247185779246e-01 2.078791477751931460e-01 4.465217778870910759e-01
7.643552794624299818e-01 6.395544264035567528e-01 2.590950378071308902e-01 8.256845561693364477e-01
1.960417856415271332e-01 5.098914374657788073e-01 4.710573404175923962e-01 1.564890087846303734e-01
1.287552977993191572e+00 4.385742924244269703e-01 1.009401836667036811e-01 8.655498704516421116e-01
6.244004785520349543e-01 6.007394289792037378e-01 8.781314277020094497e-03 2.747815269202469324e-01
8.597660080235655089e-01 2.682019733544350748e-01 6.482937267615361820e-01 4.946615871197816428e-01
3.625635176349671918e-01 6.618666749919599468e-01 -5.820094446166647340e-02 5.907537182223367989e-01
3.513330380888852744e-01 6.020907132923156158e-02 2.702536082047596669e-02 1.126944280659163411e-01
-4.399793510272331158e-04
3.680263773442212227e-01
8.284514644827962737e-01
2.633040779308078450e-01
5.925199055474826837e-01
1.022755837695267456e+00
4.585112150317536828e-01
6.645381292657785988e-01
ReLU
0.001
8
8
7.786322373333273150e-01 3.911287211716360512e-01 5.628569115514996113e-02 9.256536088388921391e-01 2.751422735894287208e-01 3.599973601722351590e-01 2.920162885243305917e-01 6.661750494886957696e-01
7.532383049733354374e-01 8.124455028122378186e-01 6.721654172363527024e-01 7.601490483786729757e-02 7.575104635121837626e-02 4.936882988318817139e-02 -3.484952608342938019e-02 5.563548288208970405e-01
-1.977377697832020595e-02 -4.591177260797871945e-02 3.158219434083027188e-01 -7.764365530369647661e-02 4.275335860334684990e-02 7.398325792243469756e-01 -1.619711094485261696e-02 8.207862924031905649e-02
6.642466253598988679e-01 4.370810329121687654e-01 1.161585767766935007e-01 -6.796791829532702889e-02 5.627238146583752876e-01 7.752593482800457236e-02 4.014014567020576241e-01 5.305791093819374193e-01
2.054803071480949539e-01 8.823264262497183819e-02 8.358317868774072235e-01 -6.747233626772276838e-02 3.616580759691022384e-02 1.034359783072351657e-01 6.820102802121674745e-01 4.165803017293090993e-01
3.747563709704838653e-01 9.631398913107244719e-02 1.560217541739273017e-01 7.814551538022658853e-03 6.784472829581424946e-01 1.755279579285455305e-01 4.929910538167510126e-01 1.006311535773767751e+00
8.631916510020118949e-01 5.453980056708174207e-01 1.351323730590703598e-01 1.601063631441652368e-01 2.452568879551619493e-02 4.047640801460987703e-01 2.052374196148594107e-02 7.817139472629147656e-01
2.272148209780237293e-01 6.682447183628443810e-01 8.995988496196531958e-01 2.128108172145922183e-01 3.154229952957809946e-02 4.595561068359634294e-01 6.756151047984002567e-01 1.970379638689407908e-01
5.036819079087431206e-01
2.313668178849790369e-01
8.355865454176921725e-01
8.545069762132345703e-01
4.330552751643423903e-01
8.143986913902673264e-01
1.606852095445756301e-01
2.358733925750376992e-01
ReLU
0.001
8
2
3.059294595193469690e-01 4.354112437932288748e-01 9.230713816079945122e-01 8.369675334206305717e-01 9.142269012448698273e-01 4.552676797584961910e-01 2.318617250089859139e-01 5.465357916851610875e-01
5.423303057103320279e-01 1.690815348972037613e-01 9.382862678938748147e-01 8.528574971850406694e-01 5.903133278045468169e-01 8.905471825128064012e-02 5.132814714263197464e-01 3.989970258260907010e-01
3.068744686936355492e-01
4.516209707528383577e-01
Linear
0.001

ct 2024-06-03 10:39:48.366407
