noname
4
4
4
12
8.984563470136869290e-01 8.119760790899952507e-01 1.043257179331088746e+00 4.891314669458428077e-01
1.775919703727197874e+00 5.250165458960973641e-01 -1.267039388510126541e+00 1.223853753047281723e+00
6.293045826387656527e-01 7.968719226227364283e-01 6.264098229577218513e-01 4.787590604620126089e-01
5.277249230777861788e-01 9.631180457722402499e-01 1.723783447929664536e+00 4.504337546061482622e-01
9.038547927574928087e-01 9.647991438021013000e-01 -8.903059935977768458e-01 9.461416513562384001e-01
2.081040218095304151e-01 1.097026540035942244e+00 1.078433557380955143e+00 1.000529796289522322e+00
-5.976892971394159176e-02 3.896093307915965420e-01 -3.858817596986539589e-01 3.056293544655709349e-01
3.785377723205017864e-01 8.431372887215152767e-01 2.063831080023285747e+00 6.254250218157272334e-01
1.184412508078002579e+00 1.494310830362116427e+00 2.072405230103991691e+00 6.574425941641359739e-01
1.106019673403635384e+00 6.037268209539113917e-01 -1.198486210396666252e+00 7.803479221012714628e-01
-1.998731968869680853e-01 1.147826865927996876e+00 1.926331807494822801e+00 9.073831158729173119e-01
3.603168090882984953e-01 1.439093678947884758e-01 7.563889863393126189e-01 9.301315752958595751e-02
4.591790735865026729e-01
4.844771647454522712e-01
3.488438104383567717e-01
7.411048198645042717e-01
4.195751762878013880e-01
1.030416432252139414e+00
4.654511803094433381e-02
9.349117787564933391e-01
1.184368749303927881e+00
2.001651183091606445e-01
1.023209723519172609e+00
1.346669962523427133e-01
ReLU
0.1
12
12
3.920906330741891210e-01 6.655265390696174510e-01 1.174545851523581125e-01 1.754685115680364449e-01 4.454120720127724975e-01 2.217984882351832499e-01 -8.739494309249665194e-02 2.832356138327450923e-01 5.363070040303556940e-01 1.141145882192190764e-01 7.268357043693537411e-01 -1.251076178764521096e-01
3.707808274762284806e-01 9.558029438929108168e-02 2.771081457247537849e-01 3.565339959765793654e-01 2.503022138529211738e-01 3.402343261945710018e-01 5.368643983300755984e-01 3.390050524066360871e-01 4.556097611474430598e-01 6.207120566046155918e-01 1.438137062304541969e-01 9.612058482219686117e-02
-6.075325622693107386e-01 -1.267034467352248783e-01 -4.423223228421402919e-01 -2.634163661816139035e-01 5.653375095040327758e-02 2.869630708068325875e-01 3.293656814872249483e-01 4.036757194725096309e-01 6.610728199779234426e-01 -5.302029951319172513e-02 -4.795312926481060112e-02 -6.600961617281322358e-01
1.783430899724146035e-01 1.033929956593423238e+00 6.370502725596873805e-01 7.261087314159873074e-01 8.539438265916291515e-01 9.727021656668202176e-01 -1.252147929921967884e-01 8.018361032982693759e-01 3.859927651899421885e-01 -4.648711363966832183e-02 5.104480118704745051e-01 3.485965460086974943e-01
-3.021154322501302114e-01 -7.867337569614739345e-02 -1.761463637090635026e-01 -7.900335858750515139e-02 -2.872028001997353197e-01 6.335138372783679639e-01 4.292615782578784733e-01 5.086667478586204272e-01 -1.191245684005881461e-01 1.104601656826978140e-01 5.832862633663733476e-01 -3.124978286052844667e-01
-4.400272136560474251e-02 -4.962781111705824588e-02 -8.153924477869761711e-02 5.657413894251261954e-01 -4.338696319117076317e-01 5.088107653310557782e-02 6.915400297942865537e-02 1.299389251646940191e-01 9.761598451538015808e-02 -5.418457209950324760e-01 3.282794963456115434e-01 2.594192752734472140e-01
2.215948483933772584e-01 1.653722768445536340e-01 2.031124948078399661e-01 9.008961606518647858e-02 -1.915244715489540228e-01 7.379174183807336584e-01 -1.715625195649884138e-01 1.435942398109235629e-01 3.636574930395793936e-01 5.575245372067489935e-01 6.589966851452641050e-01 1.479560213585746908e-01
-6.534390213747943710e-01 -1.456869083625237649e-01 -1.013673413903972031e+00 -5.790423170781411333e-01 -6.190741845176030989e-01 -7.178212583808111225e-01 2.106857846004771273e-01 -7.550519834027330512e-01 -9.406021012059394559e-01 -2.741097639424599497e-01 -7.530043662020642452e-03 -1.153020317397468020e+00
4.654958329837440290e-01 2.720841464251257391e-01 3.935038088077104645e-01 6.275573455199759954e-01 -2.863341599670134463e-01 9.570192285439836632e-02 -1.473631259909887747e-01 6.649417508953607836e-01 1.149955256856677988e+00 4.856441057177963150e-01 1.824283019779483761e-01 -2.239607006586658011e-01
2.961105949714071817e-01 3.449513324315021667e-01 -9.665994870341311496e-02 6.152575071995041167e-01 4.747748041615365011e-01 5.355231409568811385e-01 6.507239284071050789e-02 8.337334278586451264e-01 4.754230847400015003e-01 2.854297378149839651e-02 3.611135744529058722e-01 3.794414238585939181e-01
4.815136541878080045e-01 8.092396919257924814e-01 -1.925242936894295820e-01 -2.878406511079795171e-01 1.948594498356519822e-01 9.741814303100841954e-01 1.231104665833897618e-02 7.406464146242056623e-01 6.446376824310948717e-01 -9.908793952329694732e-02 9.066347516271325846e-01 -2.188005708222127421e-01
-2.848665926367004164e-02 2.819694589708050536e-01 6.530690439867331554e-02 3.744734458209512673e-01 -3.413821517002748607e-01 -3.331822240174904248e-01 -4.100804099657805180e-02 1.192430569291897391e-01 5.254709084446705925e-01 -1.024236810459117353e-01 -2.715513184296479143e-01 -2.564123655624249154e-01
1.335482718520524248e+00
6.457664827062882251e-01
8.770151496509280553e-02
1.324513102509793150e+00
7.063015556187191013e-01
8.331851130332813549e-01
7.416126839870542664e-01
-9.841425044481346696e-01
7.985393835992730116e-01
1.051067083477361441e+00
6.493533409527508793e-01
4.452081090399340191e-01
ReLU
0.1
12
2
7.034714827719577013e-01 4.131630515018167582e-01 7.882922127532489276e-02 9.016837783896004543e-01 3.817099351958643805e-01 1.297782755634781515e-01 4.617553133711444491e-01 -5.099847416903635633e-02 2.802140334445911707e-01 5.705832661639598236e-01 6.105385810071739527e-01 -1.197122626037060156e-02
8.103912188150854679e-01 5.484751772550294779e-01 9.473200778971056779e-02 8.806162914629318550e-01 2.033079162425505126e-01 2.742521908645617068e-01 4.320518220359998440e-01 4.026537549637780877e-01 8.951420384820090170e-01 5.997826739090778014e-01 4.516379579195163863e-01 2.456211388386316530e-01
1.464577618651341950e+00
1.861751037458432734e+00
Linear
0.1

ct 2024-06-11 11:59:58.400008
