noname
4
4
4
12
5.389458346943623024e-01 1.093852929134295771e+00 8.123659232350832760e-01 1.340423160572556949e+00
7.228873454519183506e-01 7.549091422397671280e-01 8.439128636728713273e-01 5.930765683417912326e-01
1.800580908237805255e+00 5.602680678688821692e-01 4.005649134651724785e-01 1.544327465721683668e+00
3.673092706484890058e-01 7.615394331643570158e-01 1.519113552960530189e+00 9.925675078535241003e-01
5.953963412808280786e-01 9.508334633591324359e-01 2.377992451582279509e-01 9.192456302186224892e-01
-3.157179513138108184e+00 1.416934728085295525e+00 9.103436554669364966e+00 1.670578039160225181e+00
-1.288049219665339695e+00 1.038666797897104921e+00 8.534306666194354518e-01 6.341874839045448242e-01
7.254179737461652344e-01 4.468115062076203348e-01 -3.866104788490970501e-01 7.601960560428958624e-01
4.745890852798274606e-01 1.321261498514009647e+00 1.976148585847784744e+00 1.125989398097926086e+00
6.723770481004203159e-01 8.080240385602440734e-01 7.105043233718355555e-01 6.258704379891643077e-01
9.580106255653447755e-01 3.144527205634277123e-01 -1.698796363456721858e-01 6.693759129727354651e-01
3.314149988356426824e-01 9.557364847595610780e-01 1.282724676319090706e+00 6.593480914473418553e-01
9.180681382427638981e-01
1.774094074933740828e-01
8.159059351887563150e-01
1.044655969826337572e+00
8.113995120804524952e-02
-2.521792094620454616e+00
-7.368454338602473674e-01
-4.687324846062427414e-02
9.886470149474537727e-01
2.534036094654292803e-01
-6.719220398575534436e-02
4.816517981805191750e-01
ReLU
0.1
12
12
-3.370152412789081398e-01 1.826086542080750663e-01 8.608973011087965588e-02 1.577619411768167446e-01 -6.308265012165030772e-01 -5.379200372040247036e-01 1.685184182980260792e-01 -5.746947533684737541e-01 -5.886372275989311120e-01 -4.717336204257073784e-01 -5.368072613377816715e-01 -5.304888261735325461e-01
6.111360333972859493e-01 6.498072187389656307e-01 9.855063060489797078e-01 -1.525527233888542521e-02 6.101747518973652529e-01 -1.873071735360011925e+00 4.714439890265451072e-01 5.313949432032498699e-01 6.015927494254762198e-02 4.749809466191966777e-03 7.125812473135298419e-02 4.769728197769847466e-01
5.654463380772950520e-01 -1.480632733331588846e-01 3.276850521282343442e-01 2.375979864761509353e-01 -3.221768653499072488e-01 -8.652400577074118582e-01 1.412391691054003806e-01 5.405359789658763514e-01 6.061019222549358654e-01 3.620572089568011576e-01 5.950407623566313919e-01 -5.507677615767065937e-01
1.055506318371770780e+00 2.138523078548616729e-02 6.260526321981587650e-01 1.013116961550418083e+00 -1.853048282474059616e-01 -3.306161664399380307e+00 4.333994714406064763e-01 7.800449004434145683e-02 7.973045052006670907e-01 4.642584732709806317e-01 9.270227329788084669e-02 -5.835657503342155800e-02
-3.908115579094562642e-01 -2.231076241811037753e-01 -4.462496677494029451e-01 -2.643736911920321897e-01 -2.471997497000070210e-01 -1.973172757345734440e-01 -2.907538179981276616e-01 1.721719612365953112e-01 -5.564469879599064361e-01 2.534080276312090652e-01 1.455782992286835942e-01 -5.832920054427506162e-01
9.447456788666841465e-02 -1.800126038458489952e-01 6.900955014398041376e-01 5.991271465358108950e-01 -7.413382586108682171e-01 -3.869129123016977534e+00 -5.154085868450366537e-01 6.330746798271462417e-02 9.440317362635171072e-01 -2.541888571788530893e-01 -3.301057818186415860e-01 5.038999499270923055e-01
1.573799928211918886e-01 2.362947754525122346e-01 5.435945257759672300e-01 -1.335972679068601066e-01 4.987988580958311463e-02 -2.678300117255848267e+00 -3.270943077826777290e-01 2.539362622916336090e-02 3.715868475689400596e-01 -3.174362403624996776e-01 3.834562824082894065e-03 1.882478862248211371e-01
5.142131440798709818e-02 8.598709093530935987e-02 1.093148393825376319e+00 7.404799299040402960e-02 4.838689632289701614e-01 -2.087661516575837428e+00 -7.946992376887970777e-02 3.762075322677469469e-01 6.817900509594382319e-01 2.830203526217118792e-01 4.176828339569924053e-01 4.965597474931747746e-01
1.114296383010605851e+00 5.332991301357162262e-02 6.063452791236172423e-01 1.307073851388171448e+00 7.698024462022340364e-01 -2.185778276302782430e+00 -6.544728054050900912e-02 -1.358889243641311917e-01 5.392722544123260686e-01 6.520181071562927699e-02 3.960316854176874068e-01 5.869272673453951317e-01
-1.220531610655750110e-01 1.200742050378405916e-02 1.652218313571592601e-01 -7.039081856013434946e-02 9.240870178757151776e-02 -8.453351330664971020e-01 3.238478780947809388e-01 -2.954215305374437439e-01 4.357503128421373884e-01 2.483720879795126846e-01 -4.197265635012520923e-01 -3.871472539461781603e-01
7.740817922585173372e-02 5.304132697867542934e-01 9.423332249906442304e-04 -2.043784955804451298e-01 1.797759830296605243e-01 -1.913610818935350455e+00 -2.271564928077337009e-01 3.915872170626255588e-01 7.059217691753395529e-01 5.002935352326773888e-01 -8.683144890782496655e-03 -4.399836058261313299e-01
5.611929693483109771e-01 -1.413911777473865483e-01 4.502648119559057860e-02 8.364755078749480655e-01 -2.402822224325130152e-01 -2.268582976301036780e+00 3.834076578846909444e-01 9.814400590387089077e-03 -9.727781040967735729e-03 -2.193188957631160563e-01 -2.109262801644935237e-01 2.157822655697638481e-01
5.254746864177294308e-01
7.837929608192002462e-01
5.340476106085599861e-01
1.692913174375102692e+00
8.245348981230787855e-01
1.012445350546707923e+00
6.249089770073559258e-01
8.863445514052620267e-01
1.250460496952303657e+00
3.637130316429562082e-01
6.436855314803977546e-01
1.262376867647206247e+00
ReLU
0.1
12
2
-1.181276582798183872e-01 4.223513635726269810e-01 2.101591737512419344e-01 1.342373284134871669e+00 -2.875796324337021592e-01 9.860691878810811106e-01 3.059772272861908116e-01 5.901853973836148626e-01 1.149254684966304563e+00 1.038673646531512729e-01 2.794934733765055412e-01 6.573966675771343304e-01
-1.018025501569562175e-01 7.611397969422334375e-01 5.040676769131842150e-01 1.027611112726110498e+00 -4.064587809195676499e-02 5.994820155886027013e-01 1.908043093746248642e-01 8.901987736987319044e-01 1.199938028985966687e+00 4.582169207032214114e-02 2.569951330548460589e-01 4.564413568727658799e-01
2.915940839104414373e+00
2.708814248601948638e+00
Linear
0.1

ct 2024-06-11 11:51:28.984107
