noname
4
4
4
16
-1.165396762137248243e-01 1.050160265630554063e-01 -1.257721325803163870e+00 2.022388752889153485e-01
3.761892900699157938e+00 3.495668169483013177e+00 4.071458566254492872e+00 2.768833289402067521e+00
-3.524209628375377795e-02 1.527949849079882072e-01 8.014925885814945250e-01 2.752867031001984821e-01
1.280430194200677274e+00 -2.930718918052472310e-01 -3.279031942982683745e+00 -1.519425127437951939e-01
-1.703792545839611483e+00 1.566052373564708056e-01 -3.530784886999068228e-01 2.840096223871620973e-01
-4.974926732592483414e-01 1.309378787451827897e+00 1.898802061849612954e+01 7.105745110092500649e-01
-3.611407713123063967e+00 2.267490458146532717e+00 3.377670591573705750e+00 6.353850336825251910e-01
-2.239818965313731258e+00 3.337526869778471461e+00 6.124970158891515304e+00 1.761668377002517660e+00
1.230772306657408777e+00 4.779636350680223522e+00 9.252426320013352523e+00 2.962250526826725849e+00
-4.348206946250298799e+00 2.664734395249613641e+00 2.111544154988131083e+01 2.729715579824778082e+00
6.955025825760343672e+00 2.978860090126731475e+00 8.032005270523812079e-01 3.659379244340601467e+00
-1.137316596321535089e-01 1.956717702582730922e+00 -9.428940209825252827e-01 1.813664423853909247e+00
1.633300558555513371e+00 4.486469616367309843e-02 -8.868251603434758934e+00 1.579327251193151982e+00
-2.751661929910040438e+00 2.837647531255215849e+00 1.111520587500323032e+01 6.912744517894039431e-01
5.608699620516190976e-01 1.549778397152367093e+00 2.942368808882586784e+00 9.750285667510052434e-01
2.575822669001053833e-01 2.405207941277061334e-01 -1.275735508285879671e+00 2.956076584055067902e-01
-4.842827154212974716e-01
4.804936669369566093e-01
-9.513264352754475794e-01
-2.252845239428821866e+00
-5.097319055667740351e+00
-5.048890378172030680e+00
-3.183781645429128115e+00
-1.404954135563024176e+00
2.298177233224429017e+00
-5.239656658458095251e+00
1.106513187015409683e+00
-4.884245742980696248e-01
-6.381870237104704247e-01
-5.940354812969623310e+00
-3.086177320872923513e+00
-6.029659830041103064e-01
ReLU
0.2
16
16
-2.981327022551975015e-01 -3.608747059757398734e+00 7.706186935119395676e-01 -4.467695744477104269e-01 -9.075963746694944156e-02 -6.815586918137026551e-01 -1.776669934157900865e+00 2.794577608097216781e-01 -5.623264795018855011e+00 -9.729123757070718970e-01 -3.021692900137674886e+00 5.120151175955123257e-01 -1.479469923542093168e+00 2.428101407804983125e-01 -3.306277839629355730e-01 -7.536137281133174076e-03
-1.317505350187817177e-02 -1.349476535967189639e+00 1.096049443531228462e-01 -1.767603761565303300e+00 -2.059488976815167793e-01 -1.652893415691292889e+00 -9.370486856245251461e-01 8.860210135910951967e-01 -4.103599830145276961e+00 1.327029122036647024e+00 -4.043346341561499635e+00 1.975592595510722305e-02 -2.447481020810607089e-01 -3.539076609495864223e-01 -6.114425885541788785e-01 -7.581126513378659837e-01
4.351885103143064981e-01 8.276509687368693857e-01 -1.228959434976225201e-01 -7.700871721840674144e-01 1.647668145072286039e-01 -6.374548912808335466e+00 -1.501625363018555426e+00 9.032641276482067383e-01 1.168483665348347911e+00 -6.288091602452775319e+00 1.044483569350564300e+00 4.254290212223725276e-01 4.424910286191524600e-01 -1.801522640024137978e+00 -9.361154660274240147e-02 8.168582910071665870e-02
-1.887689840275342534e-01 -1.235483419321423026e+00 -5.570911423663835738e-01 -6.056472223189517390e-01 -9.176539624583237575e-01 -7.702979494662083759e+00 -7.601723835242869820e-02 1.545966426711128161e+00 -4.949653556978935581e-02 -6.230526183243698668e-01 -1.709313506220471179e+00 4.778332954941469368e-01 -1.412186317800595114e+00 -1.983133861217781568e+00 -8.482224078072913009e-01 8.369955948117610567e-02
-4.584052058205765889e-01 -5.819100925315617845e-01 -1.900527972647799990e-01 -2.684798852894275667e-01 4.818346010484479969e-01 -1.446291570675163785e+00 -1.686546358789025035e-01 -6.287707243601962093e-01 -3.608031436172157158e-02 1.083812051645149516e-01 5.114247129105687489e-02 4.054676476385256877e-03 -6.971315818747807480e-01 -3.531954535978007004e-04 -5.332794184132777504e-01 2.553696136721643195e-01
1.527522115708596639e-01 -2.565838453324189139e+00 7.774317979327665107e-01 8.453172838669355260e-02 7.920519984465675956e-01 -2.322475501264844144e+00 -5.622686861763326327e-01 2.756437999341944334e+00 -2.544642022781606006e+00 -1.010606627291313453e+00 -8.535356626217740494e-01 1.232225149587692581e+00 1.366058980368095588e+00 -3.504762794122014413e-01 -2.974134926410748059e-01 -4.181058821103713630e-01
-5.935548823508384197e-01 -1.320765162050935304e+00 -6.724362122690256127e-01 8.010380274918704746e-02 5.657854326098169517e-01 -4.741847979712102479e+00 -3.110856629330795986e-01 -5.623815057037220844e-02 -3.339900560958225517e-02 -1.041419808416988113e+00 -4.810795292088103636e-01 -2.529126385868057381e-01 -1.727809808241054235e-01 3.751454392256834969e-01 -4.905346321544141741e-01 -3.162370268713247112e-01
5.147216960475612391e-01 -1.207599655640737568e+00 -5.890346229469105577e-01 -2.219262017993169911e-01 5.917478344947373348e-01 -2.522782491794718918e-01 9.306413448727925142e-02 -7.550974296733394819e-01 -1.778505743949428952e+00 -4.031461545936362856e-01 -1.464136522222083014e+00 -6.685705138113043899e-01 5.859013330420268506e-01 -7.750930740916635031e-01 -1.962034359785120308e-01 3.342268656083629552e-01
-4.169108573417258934e-01 -7.119585706989371987e-01 -2.872207968849758153e-01 6.746890403727225927e-01 8.581870512788670746e-01 -6.592366027814152929e+00 4.106059486973363537e-01 -3.324166266140582970e-01 -2.262973545272238152e+00 1.952005505017022358e-01 5.086036884449518514e-01 -5.063112929645094962e-01 3.421277417483510330e-01 -2.127895923132176126e+00 -4.191957403280084302e-03 -9.713414821210424044e-02
-4.258224947679078998e-01 -1.999137115939416898e+00 1.759604068003214547e-02 -1.825581036840346338e-01 -1.356517348027432179e+00 -1.276216750127567856e+00 -1.094545117077174279e+00 -7.407212797644492641e-02 -1.797089050749527184e+00 -1.458256668159199299e+00 -3.247044933335778705e-01 -3.516253062444913424e-01 -1.601098529784032554e+00 9.330025746720643776e-02 -7.796067833104712852e-01 1.378264037026493138e-01
-9.125725258294987291e-03 -4.276285444043034012e+00 -8.128210521197059002e-01 -1.470515601617029322e+00 -5.932218654855478945e+00 -2.911897217621514100e-01 -2.036063201580859960e+00 2.240845028895735447e-01 -4.203525111209223120e+00 1.687295061229865611e+00 -2.933195402424937370e+00 1.158050340256767452e+00 1.002455167647896328e+00 -9.526413523890024937e-01 -7.228983475984492868e-01 -3.571165607523241192e-01
-1.212810261381107146e+00 -1.135448201685929970e+00 -1.129672942086620058e+00 -1.095067388303642808e+00 -1.588211592096387292e+00 -6.885914924051932395e-01 -1.976778132494382834e-01 -4.014563520580710088e-01 -4.198911461299325021e-01 -2.169277309502060380e-01 -4.952626480938255860e-01 -1.193452604112699600e+00 -5.563388254594220372e-01 -5.922165551929209348e-01 -7.069368839399611248e-01 -1.065205721390728222e+00
-7.722212955054248429e-01 -1.502258644596325077e+00 -3.959749993632300513e-01 -1.834988446384818728e-01 1.231130893913979785e+00 -4.671086821642708387e+00 -2.141787310011570855e-01 -4.686894511504889893e-01 -2.286437246562784964e-01 -1.715421795226852453e+00 -9.299032388848057495e-01 7.015598180067138534e-01 -2.040861959299734352e+00 -2.198961410015687623e-01 -3.477944691402676813e-01 -3.521979906639052249e-01
-1.363525990637684648e+00 -9.856250112462683344e-01 -1.066728239925110566e+00 -9.356363164167662561e-01 -1.629032204823342989e+00 -5.136275909731234934e-01 -1.491547221953686941e+00 -1.278433225068848822e+00 -1.094856845465480788e+00 -1.251998382703413348e+00 -1.561259743522755317e+00 -7.765142080737450492e-01 -1.582012501272864080e+00 -8.402653687966791241e-01 -7.909020750879832695e-01 -1.000586846422682807e+00
-1.483061724388636815e-01 -8.879410447375738480e-01 -6.634193671735579834e-01 -1.914123605797357075e-01 2.366929425336991924e-02 6.551751664068863890e-02 -4.354869273902932381e-02 3.312081981352708593e-01 -1.161111292656703764e+00 -4.564493306913649517e-01 -1.304202325320038991e+00 -1.603352946037666371e-01 -7.827948703707676703e-01 -3.867551251671599299e-01 9.741620368979782285e-02 2.996885352800788271e-01
-8.487791469668916067e-01 4.288389047090457318e-02 -1.051575333876628715e-01 -9.165428279492859875e-01 -1.635634422170130442e+00 -1.018826454558189765e+00 -4.499106454071524208e-01 -7.715672570354307203e-01 -6.713247298696808363e-01 -8.689197497178356988e-01 -3.916153525516825051e-01 -6.996732189758734233e-01 -4.665924717700226654e-01 -4.400514293025817869e-01 -6.141444683486642075e-01 -3.432399295212783530e-01
1.735602461631747806e-01
2.299460414879745063e+00
2.555036765375127583e+00
1.206854271314536042e+00
-2.972425181045823539e-01
2.049571692645726362e+00
-4.597412193950971560e-01
-7.394606319330361277e-01
3.361437480309500403e-01
2.964739552271716150e+00
5.750062379647424837e-01
-1.080646635475100092e+00
-6.323415854688919646e-01
-7.407372559687108726e-01
-1.666125626723418962e-01
-5.026446670794720850e-01
ReLU
0.2
16
2
-7.956306189423575370e-01 -7.032948381590100606e-01 1.865661464302467154e+00 -7.624224260953054166e-01 -1.811926169463107554e-03 -4.936361679582975670e-01 4.919850135498524124e-02 3.169582386965936194e-01 9.376598619302367599e-02 -8.825229306672328633e-01 -1.999422523855959588e-01 1.024941330371847981e-02 1.850395468156078305e-01 5.685606209810174505e-01 -1.944573899298807362e-01 -3.985993271748706213e-01
-8.506753744726631705e-01 -5.096428069381648829e-01 1.719552501950879719e+00 3.402868006824372737e-01 7.469538098057385000e-02 -9.358186860007016161e-01 1.262715538515104229e-03 1.207830585937762213e-01 5.547596793887568656e-02 -6.827893073172478511e-01 -3.851986831252958710e-01 1.879582415872423085e-01 -2.839159051252094709e-02 6.326092696452146891e-01 -8.784935735068135493e-03 -2.237472298099917878e-01
1.294025798689812845e+01
1.259541759305211350e+01
Linear
0.2

ct 2024-06-12 09:19:16.365685
