noname
4
4
4
16
-1.165396762137248243e-01 1.050160265630554063e-01 -1.257721325803163870e+00 2.022388752889153485e-01
5.506648056477847497e+00 4.667951363834412781e+00 1.134251588678346856e+00 3.165386806244709916e+00
-3.524209628375377795e-02 1.527949849079882072e-01 8.014925885814945250e-01 2.752867031001984821e-01
1.280430194200677274e+00 -2.930718918052472310e-01 -3.279031942982683745e+00 -1.519425127437951939e-01
-1.703792545839611483e+00 1.566052373564708056e-01 -3.530784886999068228e-01 2.840096223871620973e-01
-9.169827390741712714e-01 8.223149681620589568e-01 1.854193950661299084e+01 7.115470517257167504e-01
-2.887539039093789839e+00 1.731210502750709646e+00 2.859502298015918154e+00 9.158886770277958611e-01
-3.300370469524918526e+00 6.250621427160863774e+00 1.218801328947060192e+01 1.907250490990399783e+00
3.485576304195070030e+00 7.126181045973323691e+00 1.410644592768672467e+01 4.654053638621724609e+00
-4.986762826586894903e-02 7.767009857112912030e-01 4.261533150624625677e+01 2.012789857100589774e+00
1.053742114825268850e+01 3.971584256844572725e+00 -1.462126681922066185e+00 5.075229653554178988e+00
-7.998067720279282700e-01 2.001762596643059666e+00 -1.223754066528175644e+00 1.631873397760374989e+00
4.049207972244079912e-01 6.331954507981938374e-01 -8.741088753539861145e+00 1.448870230809709891e+00
-2.751661929910040438e+00 2.837647531255215849e+00 1.111520587500323032e+01 6.912744517894039431e-01
5.608699620516190976e-01 1.549778397152367093e+00 2.942368808882586784e+00 9.750285667510052434e-01
-2.365129390640318685e-01 1.041261843361777906e-01 -1.423445130437277273e+00 2.160313805874762294e-01
-4.842827154212974716e-01
-7.804283761480975690e-01
-9.513264352754475794e-01
-2.252845239428821866e+00
-5.097319055667740351e+00
-5.425877074155114776e+00
-3.587809579121616022e+00
-2.472311041407846410e+00
3.443364711401276423e+00
-8.802472291888980394e+00
1.673942090263113247e+00
-2.216722647665073431e+00
-9.597645417856991434e-01
-5.940354812969623310e+00
-3.086177320872923513e+00
-7.436247487657844379e-01
ReLU
0.2
16
16
-2.981327022551975015e-01 -3.608747059755173403e+00 7.706186935119395676e-01 -4.467695744477104269e-01 -9.075963746694944156e-02 -6.815586918137026551e-01 -1.667477424622483939e+00 3.260613833814337004e-01 -6.025220288205038521e+00 -9.906537219813003059e-01 -3.241533283134809373e+00 5.083025991366654228e-01 -1.493925385733870570e+00 2.428101407804983125e-01 -3.306277839629355730e-01 -7.536137281133174076e-03
-1.317505350187817177e-02 -1.070740215326879463e+00 1.096049443531228462e-01 -1.767603761565303300e+00 -2.059488976815167793e-01 -1.652893415691292889e+00 -9.264116072882033759e-01 -1.689691233140010684e+00 -6.582601910851852978e+00 -1.099750487463666167e-02 -4.335529556826773323e+00 -8.387896988502160367e-01 1.200316356626548231e+00 -3.539076609495864223e-01 -6.114425885541788785e-01 -8.780246632971854259e-01
4.351885103143064981e-01 1.655247726470871206e-01 -1.228959434976225201e-01 -7.700871721840674144e-01 1.647668145072286039e-01 -6.335762238763844145e+00 6.834844246173406024e-01 7.212981239855661419e-01 1.564152578741800026e+00 -1.391860102940219335e+01 1.060702458425287986e+00 -1.043966517587920251e+00 2.179977809051279469e-01 -1.801522640024137978e+00 -9.361154660274240147e-02 5.879521922114639976e-01
-1.887689840275342534e-01 1.918719781723542850e+00 -5.570911423663835738e-01 -6.056472223189517390e-01 -9.176539624583237575e-01 -7.702979494662083759e+00 -5.037719308055828016e-01 8.506402385701625768e-01 -2.913232482869509976e+00 4.246347883187541861e+00 -1.513945977272013632e+00 4.086838878015426335e-01 -9.618405836131382891e-01 -1.983133861217781568e+00 -8.482224078072913009e-01 1.474166555279499968e-01
-4.584052058205765889e-01 -3.684409301621635713e+00 -1.900527972647799990e-01 -2.684798852894275667e-01 4.818346010484479969e-01 -1.446291570675163785e+00 -1.686546358788716393e-01 -1.020598066411492200e+00 -4.739896555871832895e+00 1.890491875389954890e+00 -4.488348234134804216e+00 4.054676476385256877e-03 -6.969850137174562477e-01 -3.531954535978007004e-04 -5.332794184132777504e-01 2.553696136721643195e-01
1.527522115708596639e-01 -1.924865467720260348e+00 7.774317979327665107e-01 8.453172838669355260e-02 7.920519984465675956e-01 -2.322475501264844144e+00 -1.123917914227811898e-01 -9.222549144313209324e-02 -4.207418271677713761e+00 6.307408690991065381e-01 -1.348902626428073015e+00 1.805880452836778671e+00 3.378259100657128866e-01 -3.504762794122014413e-01 -2.974134926410748059e-01 -5.178959881167691792e-01
-5.935548823508384197e-01 -1.320765162050935304e+00 -6.724362122690256127e-01 8.010380274918704746e-02 5.657854326098169517e-01 -4.741847979712102479e+00 -3.110856629330795986e-01 -5.623815057037220844e-02 -3.339900560958225517e-02 -1.041419808416988113e+00 -4.810795292088103636e-01 -2.529126385868057381e-01 -1.727809808241054235e-01 3.751454392256834969e-01 -4.905346321544141741e-01 -3.162370268713247112e-01
5.147216960475612391e-01 -1.207599655640737568e+00 -5.890346229469105577e-01 -2.219262017993169911e-01 5.917478344947373348e-01 -2.522782491794718918e-01 9.306413448727925142e-02 -7.550974296733394819e-01 -1.778505743949428952e+00 -4.031461545936362856e-01 -1.432742942131520758e+00 -6.685705138113043899e-01 3.463912885744161452e-01 -7.750930740916635031e-01 -1.962034359785120308e-01 3.454553151949961709e-01
-4.169108573417258934e-01 -6.547834761967392669e-01 -2.872207968849758153e-01 6.746890403727225927e-01 8.581870512788670746e-01 -6.592366027814152929e+00 4.358348419770967097e-01 -4.305267230892857455e-01 -2.571005133691040445e+00 -4.472538994772836674e-01 5.436482760431669004e-01 -4.926490800558357419e-01 9.725274895465887415e-01 -2.127895923132176126e+00 -4.191957403280084302e-03 -1.084051726259612630e-01
-4.258224947679078998e-01 -9.685274037508666556e-01 1.759604068003214547e-02 -1.825581036840346338e-01 -1.356517348027432179e+00 -1.276216750127567856e+00 -1.441680084065561918e+00 1.984990852086369939e+00 -3.161317394554489901e+00 1.544620169332144022e-01 -2.298281607641906366e+00 3.022371169525228662e-01 -2.576473872832011125e+00 9.330025746720643776e-02 -7.796067833104712852e-01 1.378264037026493138e-01
-9.125725258294987291e-03 -4.329177502343856787e+00 -8.128210521197059002e-01 -1.470515601617029322e+00 -5.932218654855478945e+00 -2.911897217621514100e-01 -2.019025046078453123e+00 -3.556912114927169299e-01 -5.049075254522900735e+00 1.745328365585051333e+00 -2.405543540093376897e+00 3.000903910110849226e-01 1.277492805308918733e+00 -9.526413523890024937e-01 -7.228983475984492868e-01 -4.671375421880473722e-01
-1.212810261381107146e+00 -1.135448201685929970e+00 -1.129672942086620058e+00 -1.095067388303642808e+00 -1.588211592096387292e+00 -6.885914924051932395e-01 -1.976778132494382834e-01 -4.014563520580710088e-01 -4.198911461299325021e-01 -2.169277309502060380e-01 -4.952626480938255860e-01 -1.193452604112699600e+00 -5.563388254594220372e-01 -5.922165551929209348e-01 -7.069368839399611248e-01 -1.065205721390728222e+00
-7.722212955054248429e-01 -1.502258644596325077e+00 -3.959749993632300513e-01 -1.834988446384818728e-01 1.231130893913979785e+00 -4.671086821642708387e+00 -2.141787310011570855e-01 -4.686894511504889893e-01 -2.286437246562784964e-01 -1.715421795226852453e+00 -9.299032388848057495e-01 7.015598180067138534e-01 -2.040861959299734352e+00 -2.198961410015687623e-01 -3.477944691402676813e-01 -3.521979906639052249e-01
-1.363525990637684648e+00 -9.856250112462683344e-01 -1.066728239925110566e+00 -9.356363164167662561e-01 -1.629032204823342989e+00 -5.136275909731234934e-01 -1.491547221953686941e+00 -1.278433225068848822e+00 -1.094856845465480788e+00 -1.251998382703413348e+00 -1.561259743522755317e+00 -7.765142080737450492e-01 -1.582012501272864080e+00 -8.402653687966791241e-01 -7.909020750879832695e-01 -1.000586846422682807e+00
-1.483061724388636815e-01 -8.879410447375738480e-01 -6.634193671735579834e-01 -1.914123605797357075e-01 2.366929425336991924e-02 6.551751664068863890e-02 -4.354869273902932381e-02 -6.954268127232815511e-02 -1.167300654824377393e+00 -4.564493306913649517e-01 -1.304202325320038991e+00 -1.603352946037666371e-01 -7.827948703707676703e-01 -3.867551251671599299e-01 9.741620368979782285e-02 2.996885352800788271e-01
-8.487791469668916067e-01 4.288389047090457318e-02 -1.051575333876628715e-01 -9.165428279492859875e-01 -1.635634422170130442e+00 -1.018826454558189765e+00 -4.499106454071524208e-01 -7.715672570354307203e-01 -6.713247298696808363e-01 -8.689197497178356988e-01 -3.916153525516825051e-01 -6.996732189758734233e-01 -4.665924717700226654e-01 -4.400514293025817869e-01 -6.141444683486642075e-01 -3.432399295212783530e-01
-3.334837383670243849e-01
1.336446304680576347e+00
-1.278882790412941617e+00
3.400832035485239047e+00
-6.304791769546846503e+00
4.182365879629895145e-01
-4.597412193950971560e-01
-9.042954390218826966e-01
9.325533031147844598e-01
7.942916710398544300e-01
-3.365745261939468991e-01
-1.080646635475100092e+00
-6.323415854688919646e-01
-7.407372559687108726e-01
-3.772769084003697038e-01
-5.026446670794720850e-01
ReLU
0.2
16
2
-5.525484790899103382e-01 -1.027037767110404065e+00 1.317858158714426464e+00 -1.591220405341666755e+00 3.660367918704952928e+00 -3.311858599565486450e-01 4.919850135498524124e-02 2.724619422029087579e-01 6.265507614598359032e-02 -7.550554331604822922e-01 2.127681562113669100e-01 1.024941330371847981e-02 1.850395468156078305e-01 5.685606209810174505e-01 -1.840633391980017741e-01 -3.985993271748706213e-01
-7.899008987421255457e-01 -7.728900868666592761e-01 1.382962355277309596e+00 -1.302644089138231376e+00 -2.094990621587739632e+00 -4.539351691915561871e-01 1.262715538515104229e-03 9.019430306105033490e-02 -5.410522705145761613e-01 -2.431125441331124792e-01 -3.988615756349596642e-01 1.879582415872423085e-01 -2.839159051252094709e-02 6.326092696452146891e-01 -1.791104591227419759e-02 -2.237472298099917878e-01
1.711521106719798624e+01
1.680074101203372550e+01
Linear
0.2

ct 2024-06-12 09:20:08.086365
