noname
4
4
4
12
7.092117162344197645e+00 3.875259341118107326e+00 -3.867386548182339290e+00 1.678227049863001419e+00
-1.702250184583102177e+00 5.775171704928641070e-01 -2.977932759999407653e-01 -2.122682784522360866e-01
-1.207161154264153824e+00 8.838815531408216186e-01 1.041786179008463931e+00 -7.396350150771311555e-03
6.615258859083261722e-01 1.659081234785900527e+00 -4.624958430767323492e+00 -3.988802866001765146e+00
-2.463032062174463355e-01 1.643346297444833459e-01 5.078869273935258111e-01 1.354186507123205929e-01
-3.859530037301655003e-01 2.730868663959002962e-01 1.627530846967103262e+00 -8.578866096530841576e-03
-5.865427211260778595e-01 5.105448898219953069e-01 2.110265446775548615e+00 2.603841817463997677e-01
-3.944914062018529677e+00 -3.218517489843770729e+00 -2.092954195619098812e+01 -5.015360171454785743e+00
-1.289565363031878498e+01 1.297537573597597138e+00 -2.036539724138242580e+00 -2.998647776029360834e+00
1.523177009494587786e+00 -1.232647615286631027e+00 -1.161130884869917779e+01 -1.188463159951415715e+00
-3.241493290062556820e+00 1.695635196184162474e+00 5.024690125487575543e+00 5.553293614635277375e-01
1.792899113697431490e+00 -3.358075902573260940e-01 -3.329888027709329634e+01 -8.969752160989604706e-01
1.480106533422039128e+00
-1.551248347062362143e+00
-1.701767628015214973e+00
-5.013138376313912126e+00
-3.417912737376288534e-01
-9.299979868848765596e-01
-9.154655086996612567e-01
4.192308238787540553e+00
-7.514106977807204046e+00
-3.499996536389952340e+00
-3.399292640534393950e+00
7.621013685598085452e+00
ReLU
0.2
12
12
-8.367505052438151125e-01 3.716430604341469657e-01 2.988259883848612408e-01 -1.371209482671853719e+00 -3.383234023278153257e-01 -9.478661487322412316e-02 -2.430757263678697544e-01 -1.322059907831584669e+00 -6.487407697000479700e+00 -3.595162632481033183e-01 -1.824426991447222202e+00 -2.297607047329452090e+00
-3.538584272167607514e-01 -7.531118560345775315e-01 -9.741543568180660584e-01 -1.097586088965054829e+00 1.564459718866565985e-01 -1.139338039973040395e+00 -8.759347727156999719e-01 -1.004153765618001737e+00 -1.297657321108946771e-01 9.152310358094140064e-02 -6.257583567731104246e-01 -3.048339032679330818e-01
-1.166516150658667428e+00 -9.750033696435984609e-01 -5.032132739850179171e-01 -8.603927335073078275e-01 -3.683571760876359624e-01 -6.472947117928667948e-01 -9.898057189068814044e-01 -1.720608908117534641e-01 -5.206723366247607149e-02 1.811671568421602263e-01 -6.699387736155428819e-01 -8.150864043918197854e-01
-5.892232614028881654e-01 1.618360188137339117e-01 4.556567263030006365e-01 -1.881683862255021822e+00 -1.620082332910043610e-01 -7.557872898922584071e-01 -5.285619145920816830e-01 -6.005354336463526899e+00 -6.150248901866394169e-01 -5.395169348634514250e-01 -2.038548255445726376e+00 -5.325011177092996151e-02
-1.446891775824351578e+00 -4.842011000018225375e-01 9.270275241414902001e-02 -1.343374051008648706e+00 -2.876982071457133139e-01 -1.175216962099368656e+00 -7.573269808525406876e-01 -1.589460465555412538e+00 1.453835546081117869e+00 -7.802225289872034564e-01 -2.120954435679429650e+00 -3.284195603508631489e+00
-1.422897347124300937e+00 -1.839742618587348610e-01 -9.766798292689317373e-02 -5.925373255627931490e-01 -1.360052420495402592e-01 -3.666913616455783065e-01 -1.297383647078405033e-01 -4.134253969202944523e-01 8.930707938647466371e-01 -2.301671445154165052e-01 -1.484522522123085775e+00 -2.348612808056228740e+00
-5.993075535902301354e-01 1.018196203434453828e+00 -3.109060360931824030e-01 -8.682708287222321575e-01 -2.707697890509411232e-01 -3.408747481617661057e-01 -7.753988238095639307e-01 -5.533676786325603558e+00 4.604603194478896988e+00 8.034829050456198107e-01 -1.986091535422905396e+00 -6.784863016255211488e-01
-6.836877706625847650e-02 -7.651395976692214607e-01 -8.939571018637018085e-01 -2.802923631605270249e-01 -3.849923251092794430e-01 -7.258223469947507889e-01 -6.046683594776171011e-01 -3.622347997072744574e-01 -8.575128930112625447e-01 -7.892322086567153949e-01 -5.087670137889780397e-01 -2.149037099716731014e-01
5.248566100320403160e-01 -2.598035167274097557e-01 9.476186003427321258e-02 -4.815744391391378443e+00 -2.695439152676143979e-01 -5.972176264743601637e-01 -9.590801617634423515e-01 -1.854690648188506374e+00 -3.479183905753366335e-01 -4.499476179215148086e+00 -2.261597763595931010e+00 -6.010556432091598289e+00
8.308813322700827619e-01 4.116635046093773675e-02 -6.808471313448358764e-01 -7.332563741772931687e-01 5.286788392974857143e-01 -1.292362838209884235e-01 -4.754946023343382677e-01 -1.844657608070075616e+00 1.794114238842327680e+00 2.275290070915913787e-01 -1.843648229428849872e+00 7.362317315149168317e-01
-1.825066296630173834e+00 -5.521623138608684478e-01 1.451170630139031748e-01 -1.577123795584009391e+00 2.984612214470031555e-01 6.002903389809258888e-02 -2.794514496750537536e-01 -7.759368841087675994e-01 -1.428672151598155526e+00 -2.897399878284857566e-01 -1.939357817726276911e+00 -2.735056640462198096e+00
-1.295058397381978255e+00 -1.361256824341188665e+00 -9.638860028382585377e-01 -1.318587519707552946e+00 -9.897358172531054432e-01 -1.625427283859503413e+00 -8.383615517177401832e-01 -7.335317763466824292e-01 -1.785431221827829429e+00 -1.640807707010594862e+00 -1.521795345579888936e+00 -1.105505287836626271e+00
5.178063608122712047e+00
-6.785127005335660211e-02
-7.519005160505749796e-02
-1.161879755230019740e+00
-3.666503336121008094e-01
-1.190854281882952476e-01
-8.979116837424728770e-01
-3.384989710528538698e-01
3.369266462479738156e+00
7.876709720401938064e+00
-3.688719999295838048e-01
-8.229560661888593032e-01
ReLU
0.2
12
2
-2.313847662161821805e+00 5.765361672407429694e-01 6.378517398935271698e-01 5.271550651779978169e-01 -2.893287308493622256e-01 -3.267481921784118337e-01 -5.252943208420426391e-01 8.158437385305119527e-01 -1.246478545779362346e+00 1.299855290392213591e+00 -4.825343897542185290e-01 1.145577067511285740e+00
-9.233391255830584177e-01 1.150329499664376476e+00 7.521509603580142089e-01 3.671669245090448674e-01 -1.498820407551252620e-01 -4.197821749452543827e-01 6.269913888382190326e-01 3.506470531260131307e-01 -3.315687418451433555e+00 1.285607705394226752e+00 -4.307284976065482995e-01 -4.185545211352372230e-01
1.508573362740634671e+01
1.141316798945482880e+01
Linear
0.2

ct 2024-06-12 15:00:02.268471
