noname
4
2
2
22
1.362023835358604495e-01 1.651872539947410456e-01
-1.955303523498579370e-03 -6.727057581157634691e-02
5.309200379627241478e-02 5.225770478506326366e-01
-2.153764998024831068e-01 4.908416048765289474e-01
2.745593274751265134e-01 -9.880946406032384277e-02
5.608418080749264512e-01 5.744761016079724669e-01
5.953530585024000565e-01 2.197544110964380903e-01
-1.606354490444393823e-01 4.488799089985554547e-01
3.744321311334226632e-01 6.705599620348432488e-01
4.163378913067730669e-01 1.453515607394757492e-01
5.729148287926805194e-01 4.593154431835241303e-01
1.146020014660813630e-01 -1.253589557867500759e-01
5.786611239213143021e-01 6.143304790525800918e-01
2.820422222995307426e-01 1.474956388372457572e-01
2.282135688548534436e-01 3.157627039435014216e-01
5.230174858685893158e-01 -1.989590654723479013e-01
-2.798778505470173039e-01 4.284043978162719313e-01
-2.160651378056741567e-01 4.368681786903274578e-01
-1.086420554837003866e-01 3.311578049989366002e-01
4.065991965168496147e-01 2.929236043157669167e-01
4.342313459293583588e-01 5.982160380399943467e-01
4.504218300321393698e-01 2.688751949198927016e-01
2.189073199124224323e-01
5.884828586285485441e-01
3.641977432844181184e-01
7.062333557270944473e-01
5.530807842906748650e-01
5.842729922170220025e-02
-7.819928616043918257e-02
1.284714274924328437e-01
-1.488916614506879399e-01
7.191803606397691173e-02
2.667554160477937919e-01
5.061455216336280954e-02
2.304316052873797704e-01
4.042939383943607856e-01
6.264393422667238198e-01
-1.747175008976646904e-01
-4.815552892070779772e-02
1.446400408071904231e-01
-7.182437135140491702e-02
4.319437777890602348e-01
6.727484085360498911e-01
3.002157796890920771e-01
ReLU
0.0001
22
22
2.298235490238398349e-01 8.674474617590813841e-01 2.464696717254598601e-01 3.324283827570436167e-01 -8.724088327410163546e-02 -1.338599147445267701e-01 6.780734497536391459e-01 6.700332075327573023e-01 5.671860799323477087e-01 -7.385733277825418108e-02 -4.633887224852783343e-02 7.705803653627664174e-01 5.366601954626020188e-01 2.321054680509301582e-01 -8.710843958208608351e-02 6.902575899605317700e-01 1.943705381422589085e-01 2.737524534188078285e-01 3.612122548834076907e-01 4.551627183429611256e-01 5.622894001384594054e-01 7.092676306288745458e-01
1.644483111603438630e-01 1.406768406326488474e-01 5.754339751209984755e-01 5.866620748213939862e-01 6.877962737833888118e-01 6.192471166512474312e-01 1.397349043243779065e-01 -5.858675274388040755e-02 6.094259789648986958e-01 3.184377461571192836e-01 3.619486843008487553e-01 -1.702333468965530269e-02 2.126222146953109238e-02 1.999735319471993844e-01 4.724772817945782077e-01 -7.128592655890687683e-03 1.555320405761584646e-01 3.552421092247826651e-01 1.659742779088184961e-01 -3.402941995965768629e-01 3.729730792083702506e-01 -8.270689698997843453e-02
4.570431458030699834e-01 2.536630040490862048e-01 4.189586986406638736e-01 4.490444515868617925e-01 1.155436158927631629e+00 9.396338627418202583e-01 1.202117649942097577e+00 1.188783080482870291e+00 5.165823720911906225e-01 1.179709616369187808e+00 6.411017973456096808e-01 8.217842786535384247e-01 6.899598600616458910e-01 1.032442938934311494e+00 5.346934941876523295e-01 8.507512387655133956e-01 5.008971995163272739e-01 4.414104379320574756e-01 4.849869979631683536e-01 8.732589569831405996e-01 6.629129367681393381e-01 7.538748542019199084e-01
6.526771586372991374e-01 -4.523365926144764376e-02 -4.043791642530079194e-02 -3.381139838788652652e-01 3.447131151207106781e-01 -2.775179074881593128e-02 5.552663277711562539e-01 1.279985045107207564e-01 5.792484913689008863e-01 -3.361595587276977604e-01 2.267018081074738400e-01 7.645481919277485883e-02 2.995903340792477887e-01 -3.190110135485947351e-01 3.661658956666960507e-01 5.217866754148543507e-01 5.319161992940344419e-01 3.838638192404947858e-01 -3.914902386662972439e-02 5.791424469786837781e-01 -2.143922512612917441e-01 2.283076718609977976e-02
7.698127621604019533e-01 7.686432186480115503e-01 5.868744608749351110e-01 4.080543860688649604e-01 7.766934143100195920e-01 1.970700992151364767e-02 8.049075069225805068e-01 1.000385316107421874e+00 9.769601769083151588e-01 6.300104122074889901e-01 4.063503574436151955e-01 8.162075722563268965e-01 9.798327894567645524e-01 7.964197642110552033e-01 7.030906011785602594e-01 5.622209130021599277e-01 8.925988403076866584e-01 6.426450024581722431e-01 4.971186231253047483e-01 5.605011455228472439e-01 9.795815083246509625e-01 7.485473311424168941e-01
6.195617929411889602e-01 8.221018991484019267e-01 3.124583792579396779e-02 -3.161099758956785744e-01 1.243262394221716916e-01 3.767360804111313799e-01 -9.584365678735805305e-02 3.481507477142410378e-01 1.806243498292563199e-01 -1.745175557795311527e-01 -1.031831149684311472e-01 5.755501464128003342e-01 3.855383775057773521e-01 5.984627994665913109e-01 6.029249805700349629e-01 2.014438169995282635e-01 4.125723203620805801e-01 3.220787262484682834e-01 -6.272846664472149503e-02 4.130792972546419306e-01 1.693606010542985096e-01 4.465233309943349438e-01
-9.172251219421524715e-02 2.198595334610511931e-01 -8.107219460239013797e-02 -2.524567411256990468e-01 4.166193766454854841e-01 2.819941828448476184e-01 1.965375881424611393e-01 1.664765851267356045e-01 -3.359116290531499183e-01 3.316602846245172986e-01 2.860886188416879583e-01 3.226461724704191569e-01 -3.409352514737588602e-01 1.915362730939777214e-01 -2.613133775842765849e-01 -1.490493907602224721e-01 1.096101879384002858e-01 6.613146974013327517e-01 2.979481239248558677e-01 7.041628525772540559e-02 1.543498238146695789e-01 -2.748579593347914504e-02
3.413776190386883513e-01 1.136276730308873745e-01 -2.691713979936312673e-01 -2.349459020961073008e-01 -2.253332699554873864e-01 -1.056687499378111544e-01 -1.673997493665829173e-01 -2.566360672019448244e-02 1.742191806698449308e-01 1.424880096679931041e-01 -1.409702138808705540e-01 -1.005895924214520176e-01 5.620390344796029058e-01 2.862187979189609321e-01 2.665632885812035946e-01 7.022399278599885664e-01 5.060608150152008378e-01 6.005186411348808484e-01 6.697888031683421062e-01 2.015170053894032587e-01 4.149232521135774454e-01 3.996893663134282737e-01
3.679587688319164718e-01 5.354915368678201393e-01 4.362103572158504416e-01 4.113033639802023411e-01 1.082657397878496325e-01 -1.671409134748104153e-01 9.650415833984431202e-02 -2.682528484337969865e-01 -2.519185173502154762e-01 5.003260676227127002e-01 1.127219449475671681e-01 4.729463013989848030e-01 -8.320890733190578620e-03 6.228141252654095794e-01 1.203907077922534014e-01 6.561466578172590047e-01 2.132540054795020040e-02 4.460187286854514106e-03 2.915192217601593125e-02 5.896211951363690140e-01 -1.718924065955789726e-01 -1.293450125791365812e-01
-3.276454248282055504e-02 6.917135421436362286e-01 7.510547727307087529e-02 4.278418658499934524e-01 1.705411465263389770e-01 1.809314567664180307e-01 2.060742545256756542e-01 2.261236951008463170e-01 5.071834863374289348e-01 2.669089380439723658e-01 -3.332773976336886879e-01 -1.174544179160625784e-01 5.866880198139949876e-01 5.497280485715032305e-02 -1.974401923610595577e-01 6.428550162710529037e-01 -1.878041899374989498e-01 2.954496565405588873e-02 2.905811628523475854e-01 7.588695744709682278e-02 -1.756697869829981773e-01 -2.292192050390624292e-01
5.539097589369308405e-01 2.159023773916986591e-02 4.117582093548344951e-02 2.278606519500345901e-02 6.390192613052436688e-01 4.810640658102006140e-01 -7.792913159159159386e-02 -3.106270308604742666e-02 4.026346904785994135e-02 1.052606242260600289e-01 4.074317899468896109e-01 5.050404184697526722e-01 1.488727420943750934e-01 2.465741567960530733e-01 -2.483762053840257722e-01 -1.607124671903201185e-01 3.271235828490861586e-01 1.177739607854559889e-01 -2.958769149937306997e-01 -2.942381563503083663e-01 -3.633732326552218672e-01 4.634290532746075386e-01
4.999573154829665134e-01 5.800653850822907742e-01 5.771374485440888824e-01 -9.986218864350637769e-02 3.346538294583365492e-01 -4.719180045372999704e-02 4.462785162737088474e-01 -1.420901996629676811e-01 2.572979977846412969e-01 4.641867736535001954e-01 -3.844231740818263576e-01 5.476691845967962546e-02 -1.658992972680901345e-01 5.409454690551677158e-01 2.468947812763038763e-01 -3.124929253976245214e-01 -1.019361002449481607e-01 2.660654425709222393e-01 3.146667094527217379e-01 3.389101206508411401e-01 1.466659035369859421e-01 5.385095090526673123e-02
1.685831109920293835e-01 8.560956911644893585e-01 2.415887443983847915e-01 3.967903332846788866e-01 -2.734021222623391756e-01 -1.609941568879837415e-01 -1.250487305830035589e-01 2.074479555679203113e-01 3.742075843287741010e-01 3.304544921714870354e-01 3.173946878262716431e-02 1.355257405066319365e-01 9.334556076459306698e-03 -7.348957599125857665e-02 3.492309543110977410e-01 3.556517722913313806e-01 2.678402950050261522e-01 5.850175173281370045e-01 -1.283069760367676060e-01 -7.499122948702445501e-02 2.567304535628594508e-01 5.369925696589470387e-01
2.318029119951615646e-01 7.758925360058527287e-01 2.256802771357258042e-01 -2.158425401544374622e-01 1.103544975397463372e-02 3.258496433917096313e-01 5.296577253115242190e-01 3.085953326731281643e-01 3.671028545921231068e-01 6.244678583246494608e-01 5.373805018403807754e-01 2.641247765293421867e-01 5.226627832163007609e-02 6.827107864335472953e-02 -2.026898433345230288e-01 3.800143259262414586e-01 -1.592117779147998735e-01 6.320218035492404240e-01 -3.281644382650288072e-02 3.055554336819440997e-01 5.926935879319200629e-01 -1.169082083485272622e-01
1.990954844885115538e-01 7.482207372407667645e-01 3.637096936210446607e-01 -2.259958287437727753e-01 5.293084174274526044e-01 1.934243963146407841e-01 -1.216149718166102539e-01 -2.982256228383624586e-01 -1.894433350845450559e-01 4.256813991838236944e-01 3.581983649619860932e-01 -1.318308207510185959e-01 -1.884076228762780747e-01 1.817167232177177294e-01 5.406066609919299992e-01 -3.266954584562678510e-02 -7.512483810961162467e-02 1.989801730945117142e-01 -4.425275480874069078e-03 4.529037506008011804e-01 1.387298538235255119e-01 5.503567115326229997e-01
5.626885903100852654e-02 1.860936094177448319e-01 3.643208136058803115e-01 3.420898311105602385e-01 -1.313281480445487592e-01 5.784996240962209102e-01 -2.170845536388715108e-02 4.571778035071146773e-01 -2.823428979880146517e-01 -3.259062124070399302e-01 -5.933148384401236430e-02 6.484589583220270459e-01 1.276793322550536236e-01 3.004245622957607553e-01 4.918669807135095939e-01 -2.075819294233524070e-01 4.824514198529336051e-01 1.927468315890302486e-01 3.496941198684617724e-01 -2.108408435898714850e-02 2.194823030342695769e-01 -1.874926092240496445e-01
-1.538796975936299882e-01 4.706742852066305716e-01 -1.491683048100769793e-01 6.357217181533664219e-02 1.774076540902040922e-01 2.471671242384361200e-01 3.456113677849698140e-01 1.710966015794364581e-01 -3.459698980621933595e-01 2.936880471477914534e-01 -1.611882048450351823e-01 -9.072779705531661132e-02 3.469471286443942537e-01 4.818944415665600278e-01 -2.956253272094815365e-01 -8.019791310983426236e-02 -6.345510446839955354e-02 -1.849796226495114410e-02 5.388672652677599650e-01 6.106649867480643534e-01 -6.776253847363264068e-03 3.567752410587330392e-01
1.035337490820225081e+00 6.415937047666470106e-01 9.085318648075354497e-01 3.061981017758617085e-01 8.530516524203244355e-01 7.157335612639318390e-01 9.507099337013747986e-01 7.596403610318427368e-01 3.838927920062490950e-01 5.646970054960231966e-01 9.932444097096480018e-01 7.148502524856845119e-02 1.180819145672508119e+00 1.224215340891168902e+00 7.691710754878772205e-01 6.367923169882445666e-01 1.144658305108073870e+00 8.408427170672823081e-01 4.888574253170142603e-01 5.867811587118842986e-01 6.950336915535145765e-01 1.061632128227786076e+00
5.872494994397124968e-01 2.238986579313892444e-02 9.195905634629515657e-02 6.283128716087326149e-01 -9.708654940218447438e-02 1.915804554968710549e-01 2.232817737222375920e-01 -1.106706447700303020e-01 3.284513559655133363e-01 4.436168533152351490e-01 1.338952006549198326e-01 -6.947634202157475236e-02 2.826862435130908513e-01 1.208022886438573779e-01 7.574987727825921446e-02 1.239287668637877732e-01 -2.275767984969634394e-01 -7.455017966756034148e-03 5.009126107690422547e-01 3.759068765395697231e-01 -3.315994067860763561e-01 7.577861595825932661e-02
4.208535566916448700e-01 2.256297543220897317e-01 1.042927790799860421e+00 7.794759213005306719e-01 7.162210967602200551e-02 2.658817249717587150e-01 1.741373205146037328e-01 2.671313574090881660e-01 4.470922570230249637e-01 9.215262487831149540e-01 6.479925066152217861e-01 9.412840353465445897e-01 1.030888183392750346e+00 2.302942976887145110e-01 8.210503729031872755e-01 5.451017608915416091e-01 4.415726026656360270e-01 6.593866771578473784e-01 9.782785640577701392e-01 5.828395405354256376e-01 8.161295287060570391e-01 6.775300937626923536e-01
-2.955826414962557935e-01 3.800571358443760039e-01 4.611524787673695891e-02 2.918962391253947519e-01 2.092535192300193359e-01 1.837890737366273952e-01 -2.029162853821133705e-01 4.170405417312530449e-01 -2.016982726894422928e-01 4.882735535338491584e-01 3.618293749135868542e-01 8.169242340014617465e-01 -1.819675931075204478e-01 -5.736030675641148879e-02 -2.775069024399616224e-01 2.056311933710558981e-01 4.649542729120786921e-01 -5.558670530127340914e-02 1.227203098306248186e-01 4.261268086075575279e-01 8.209547008161156845e-02 2.013336396215197888e-01
-6.287216600237596764e-02 5.559090006062804568e-01 2.429945857614978499e-01 4.408646355853064192e-01 1.005791675047257305e-01 3.921755083947934262e-01 -6.096296979576014234e-03 1.265038746800770664e-01 -8.121980031951910040e-02 1.339512366251555120e-01 1.471025328944051691e-01 4.946918198163409719e-01 -1.367607905851482286e-01 -1.313917503964663613e-01 4.340147558651916843e-02 4.364402427378688554e-01 -3.043657737403898111e-01 4.123331644920728567e-01 -2.456969203532593515e-01 -8.004746369716916887e-02 5.880015921975354498e-01 -4.612733089019405153e-02
2.444606561131949241e-01
5.011745685253375937e-01
5.964563788177925652e-01
1.381451712979931967e-01
7.501578638186383596e-01
5.568880048904305546e-01
4.902593481957842059e-01
-6.706394214935290643e-02
4.542809454042621709e-01
5.773663374479224286e-01
-3.258347536586019277e-01
-8.428610222582046119e-02
5.252057673461444365e-01
1.547127860330881066e-01
3.389871376403842951e-01
1.239585894178142772e-01
-2.683482777945774833e-01
1.313759499961636878e+00
2.263756841771815548e-02
1.112291416908231412e+00
5.237943092951176105e-01
2.226099321217068494e-01
ReLU
0.0001
22
3
3.566854396777323633e-01 1.323623578565551462e-01 -2.833364532803798186e-01 4.715301586476516871e-01 -1.637674612400286112e-01 2.686452513822368826e-01 5.638727799828364695e-01 -2.579280194286894812e-01 -3.530308657640029990e-02 4.734945218769753272e-01 -6.577025267862100788e-02 6.652335262152521134e-01 2.658060216631192296e-01 6.975333191444059722e-01 -8.551077850107792477e-02 3.823396730517015230e-01 5.509908165061856433e-01 -3.033358842123260457e-01 2.712947885751918475e-01 -3.498419675484700786e-01 -2.033337454195894844e-01 -1.535785190354922447e-01
2.197325453169158421e-02 5.478511830280357042e-01 -3.759795800437660818e-01 2.658135276065202723e-01 -3.683477019756480064e-02 -1.905672052873989830e-01 6.404794002193435754e-01 2.142872262041644049e-01 4.179853118582879667e-01 -9.125473805927086790e-02 2.701536591634697282e-01 6.425984167893573629e-01 6.524381038163467039e-01 4.848225613998654038e-01 4.792431575692453483e-01 1.256473608571347933e-01 9.099263937140539271e-02 -2.323888613596046815e-01 -2.121723807122245786e-01 -3.296295239501881302e-01 7.846532276799422778e-02 -1.831669984370339109e-03
-2.041592963443911168e-01 1.633078012722743444e-01 -2.338554478263034919e-01 2.826398796830544291e-01 -2.559621601905130994e-01 5.428940159281784306e-01 1.773618259785492146e-01 4.765594015465661748e-01 1.210108661597765062e-01 2.596991560349444228e-01 5.105932246999416169e-01 7.420478961653976385e-03 2.983156184891999074e-01 2.356090755730602324e-02 3.160870746130808318e-01 1.822015057333798704e-01 1.771816366068297011e-01 -3.110161797447466014e-01 3.678211327313560264e-01 -1.070330153928274741e-01 6.978742122268227766e-01 2.976780246035075628e-01
9.418787510868971424e-02
-2.960421332772016911e-01
4.315529362496113852e-01
Linear
0.0001
1717144356.907994
