noname
4
4
4
12
3.219729408078922384e-01 1.021965675962011710e+00 3.339344684893821125e+01 1.204811039523156824e+00
-7.978635570740458816e-01 2.168518470795335606e-01 2.848502752134695015e+01 1.290521639839316892e+00
-1.420441351876656100e+00 1.248920863785971114e-01 1.925289898896250573e+00 6.604607848766321787e-01
-2.264153242377975772e+00 7.034936841449650480e-01 1.210849597690812196e+01 3.452500379286619903e-01
6.580457180132372130e+00 5.995629297721617235e+00 9.182024212924060791e+00 3.263191042365439554e+00
-5.566860914828627438e-01 -2.007497511843220339e-01 -5.722898328899308495e+00 8.103675190477304113e-01
-8.973838763133498708e-02 -2.311703942380188614e+00 1.863985086759293708e+01 -1.223849387808709999e+00
2.676324312377589831e-01 2.012290480624404354e-01 8.275089162707555124e-01 5.989553202134033638e-01
7.064933440975933177e-02 5.911764205292927565e-01 -9.485610202380941880e-01 5.948611771458383046e-01
-8.802609088150715744e-01 1.110919507296114217e+00 1.534284954484044450e+00 6.354528913132324597e-01
-5.078940525095783087e-01 -1.649837067841609883e+00 -3.544276557502521907e+00 2.136595905981415466e+00
-4.047731801457253586e-02 2.543377448132822849e+00 9.482646110865703415e-01 4.322876401360210785e+00
-6.825308871161197999e+00
6.054426688716247007e+00
-5.011529683604607044e+00
1.938884815158973929e+00
2.511913111795293752e+00
-2.303313812352957068e+00
3.263030111260491584e+00
-1.520508869347571457e+00
-1.264700870895294704e+00
-1.416526963768207414e+00
-3.751276341498589240e+00
1.673613303139667607e+00
ReLU
0.1
12
12
-1.670230249010928869e+00 -9.150028335741421104e-02 -7.066065136767948895e-02 -5.773367277767070815e-01 -1.104710081285352058e-01 -1.382180353953862129e-01 -6.382844490354604439e-01 -2.816468960381344755e-01 -2.945015965947898884e-02 2.831456855302684483e-02 -1.473022319725374729e-01 -1.746846058272814584e-01
-1.781981901683226566e+00 3.441210967018807493e-02 -1.556476814811940668e-01 -3.325823276658622547e-03 -6.806794613567563879e-01 -2.658445397223545559e-01 -1.899328489247064322e+00 -5.764252678611258007e-01 -3.618778631914332244e-01 1.526423613372344390e-01 -7.248930617620984451e-01 5.550572365574987094e-02
5.966150382958167464e-01 -2.567103939947966040e+00 2.585755946764377367e+00 -3.175246994702156211e+00 -1.332200645944201511e+00 -2.390801212896746519e-01 -4.167942590790692847e+00 -9.360016280302650704e-02 -7.198123263694106155e-02 4.011223262174683502e-01 4.109656651756501966e-01 -3.125709227958023195e+00
-2.340615857021638657e+00 5.137707336509281797e-01 -2.110119464676305789e-01 -1.975917193622669155e+00 -2.683558411052227477e+00 -9.752262870867177691e-01 -4.152622896639011074e+00 2.318297989780424007e-01 -9.483390049832582380e-02 -3.584086562290733080e-01 1.200466775335307934e-01 -1.970093914775379984e+00
-1.457645411318164941e+00 -7.791303054695425390e-02 -6.658574070873609640e-01 -2.438719313802560108e-04 -9.897732852496408107e-01 -2.496290106922676166e-01 -1.267033457935527352e+00 -3.289474540709820816e-01 -7.858942225471458876e-02 1.777441609515210685e-01 -4.647306565098348607e-01 -8.189593582712410003e-01
-3.002617038830744267e+00 -1.631204164630190023e-02 4.514128084357905968e-02 -4.557335232092519228e-01 -5.659234079828889818e-01 -5.593442730554416542e-01 -1.989193991391716709e+00 -3.357640763440890019e-01 -3.665559859037501034e-02 -8.385724193341782817e-02 -2.222407993045019681e-01 -3.678810660873278460e-01
-3.614376947121932915e+00 -1.102307799408753342e+00 2.064172281698501699e-01 -1.694182952154458688e+00 -1.664735191597700004e+00 -8.653051153596961198e-01 -1.871515391620870883e+00 -1.859553826095441120e-01 -1.043541484581691353e-01 1.213240861608857052e-01 -2.139018562672589108e-01 -9.321413212441485019e-01
-2.783886194373662359e+00 -5.808466935317866398e-01 -2.994769636632828580e-01 4.800704241122845106e-01 -4.678540310580390771e-01 -9.503988643097531774e-01 -2.831508356958331252e+00 4.201467864538777769e-02 2.513125872378650372e-01 -4.010977571458752833e-02 2.352250733458162713e-01 -1.950527562687687455e+00
-7.032651822578161571e+00 -6.696674077514881418e-01 -2.580320663704823922e-02 -2.648901491266424379e-01 -1.182069944601508160e+00 -2.027834031143839866e+00 -1.586731752199694867e+00 -1.099822105739084732e-01 -6.443074779578255029e-01 1.203211348547321008e-01 -7.530471085670328302e-01 -3.734710470147959871e+00
-1.990095225314223226e+00 -1.032200665381443905e+01 4.935015310920712883e-01 -5.994168037222286083e-01 -5.959804002730537675e-01 -1.251270417401737056e+00 -5.034450178293468081e-01 1.273658261163149730e+00 1.395113016692371311e+00 -8.085413779113237442e-02 -8.146478735564356422e-01 -2.378865968499949801e+00
-1.561475603261339939e+00 -1.762769221530610109e-01 -2.961140036369387385e-01 -3.825401949643312816e-01 -7.921955755670363475e-01 4.312131871566120545e-01 -8.555390992120114058e-02 1.380132955187879651e-01 -2.615598742537184052e-01 -1.281701178226120341e-01 -8.844232665270046478e-01 -8.654898998714438685e-01
-1.543105592429729001e+01 1.762168347377332522e-01 -1.725170270061984867e+00 -2.659758726440524246e-01 2.552807138656713271e+00 5.635912253262203020e-01 -6.248789141899336874e-01 -9.660838189771753237e-02 6.776657094074738097e-02 1.271631958507165872e-01 6.650521027534391783e-01 1.057846606815259882e+00
-2.152420328203763777e-01
-7.739849958181816980e-01
-2.198464920236911091e+00
-1.943217081114087197e+00
-4.398966445039705908e-01
-3.103103443054036625e-01
-1.252421690920896280e-01
-5.131091159471965479e-01
-2.245119238959955923e-02
1.645114219686943269e+00
-3.582556086839636111e-01
4.431242161475375529e-01
ReLU
0.1
12
2
4.379715004843028059e-02 1.615118999859487536e-01 -1.847772482172495456e+00 6.452815708465483580e-01 6.188368061027550715e-02 2.085877660157332558e-01 -2.018129206029064537e-01 2.619210658401411873e-01 -1.268070991258387903e-01 -1.362338938671036059e+00 7.471921228584012253e-02 8.628743017037235896e-01
-1.005056425557642602e-01 5.262029608906459294e-02 5.030897238465534826e+00 6.352346559772467094e-01 7.261317703802322443e-02 2.965382907213545138e-01 -4.179723907249332515e-01 3.293792435446105116e-01 1.275128019547100422e-01 -1.428545853389691977e+00 2.972671304231800510e-02 9.043580614605021273e-01
1.085323907014531741e+01
1.220094227556302258e+01
Linear
0.1

ct 2024-06-11 13:29:54.631297
