noname
4
4
4
12
-1.903394661456671466e+00 -3.245996521204221053e-02 -4.438487706206109884e+00 -2.228277976638336488e-01
-1.331229985029996676e+00 2.518327110599633545e-01 1.879821546968462459e-02 -3.185907138975871966e-01
-2.757226587195651835e+00 -4.769214351520274064e+00 -2.901551228900492063e+01 -4.329602722833447714e+00
-4.971968576384664829e+00 1.296194020359177079e+00 -2.737414226073790480e-01 7.530367675050301246e-01
-2.469918554252759968e+00 1.749931909468376290e+00 2.800597767856444431e+00 8.933853477606303883e-01
-2.523751076539858751e+00 8.046794378450743412e-01 2.870788341110429798e+00 -2.007376139027905459e-01
-8.183153711856753221e-01 1.427122863008976339e-01 -6.049736085180628109e+00 2.200637625561789254e-02
-9.768599376322874006e-01 1.833959031745201029e+00 2.391497169635240283e+00 7.961424870055697767e-01
-3.130513324663753427e-01 3.709286319535839427e-01 5.785509240454195234e-01 3.206146260556727579e-01
-2.079660005950970392e-01 1.084049336515561013e+00 3.601707145507538144e+01 2.163060969871874573e+00
1.785372782882097553e+00 3.693085070169688677e+00 4.937558015996659222e+00 3.900329093527318935e+00
-2.909158960274918382e+00 2.537037427383595833e+00 2.579025281418458437e+00 -2.075113545969309026e-01
-3.821266992136266083e+00
-2.888031987322563054e+00
-6.052950399014887850e+00
-2.072385699653949143e+00
-3.161123790888257012e+00
-3.628145625535180496e+00
-1.430220449371504277e+00
-1.650233996448063900e+00
-5.164626026302744366e-01
-6.717402619060339752e+00
1.889233265182441279e+00
-2.769709917361498963e+00
ReLU
0.2
12
12
-8.324466846244193974e-01 -1.575200727632290354e+00 -7.671853317010389750e-01 1.638968033091731114e-01 -1.635007578498737790e-01 -6.269988709496163715e-01 6.485348134522712638e-01 5.754453058014005577e-03 -7.368890066594487032e-02 -1.049391001767497222e+00 -1.886967579713177412e-01 -5.232658494688728901e-01
-1.132819874492142220e-01 -1.417458630940964026e+00 -6.031141214453374921e-01 -1.466385879171229478e-02 -1.416811422155800915e-01 -4.744696815220478259e-02 -7.213007053911486555e-01 -1.462531487738102820e+00 3.087829517213304120e-01 -5.605268582824595391e+00 -2.587210891941181812e-01 -1.049877161419013605e-01
-1.171781772788629272e+00 -7.975383661985190331e-01 -1.160364182580030823e+00 -6.966305689463818673e-01 -1.451163663712016216e+00 -1.662788918101427926e+00 -1.147924366120945505e+00 -1.582463554265981509e+00 -1.384706887123487551e+00 -1.194528455697468683e+00 -1.135249598532933168e+00 -9.919579951727915956e-01
-4.483287114041873411e-01 -1.401234331717386761e+00 -2.006014024704067200e+00 -2.404662443293376084e-01 -4.520336090096936654e-03 -6.318471619879165724e-01 -6.203592273279714409e-01 -8.389691759939378254e-03 -4.592063699059271698e-01 -7.734183184071436123e+00 -6.697848878146199780e-01 -5.652859401233206738e-01
1.629963206551388710e+00 -8.790202788339358808e-02 -2.331849456256399833e+00 -5.759172831033360085e-01 6.294213950379635714e-01 -2.153755815155440345e+00 5.816650039613777690e-01 4.453936188106284444e-01 9.064407549995623370e-02 -2.087394621029528885e+00 3.500965877263397807e-01 2.415358316257540383e-02
-2.322504641282892301e-01 -1.074276803466674313e+00 -3.204953378596221647e+00 5.412263518068630708e-01 6.725463445342426683e-01 4.181498188900658469e-02 4.956734034668114353e-01 1.329167528314664504e-01 1.473836607254120079e-01 -2.502543563474973976e+00 -2.664432409475028685e+00 5.103089989328446485e-01
-4.606038620683927109e-01 -1.440609237455365843e+00 -1.043576174929815581e+00 6.026077049487730264e-01 5.580389596834883781e-01 3.509804676199662077e-01 -1.396571854969090642e+00 1.556464615622815510e-02 3.469507121760474072e-02 -2.077546856365416694e+00 -9.201927599950040504e-01 -5.392636387730563863e-01
-5.473521136843358947e-01 -1.327492463821412949e+00 -3.225334871287266925e+00 -2.373577278072334096e-01 -1.001721111919961826e+00 1.532060195789019863e+00 1.243934325072361957e-01 -1.542321385296020919e+00 -2.865267896757641708e-01 -1.487434888652660980e+01 1.955361576533900525e-01 -1.176041005113516585e-01
8.947464249663698854e-02 -1.721428221794372826e+00 -6.481480664609617914e-01 -1.128038862185718472e+00 1.510077230197986786e+00 -5.940153186639410277e-02 -6.828734411426661266e-01 7.199327150720038482e-01 2.087042425313899163e-01 -4.827754577702862981e+00 -2.567114309450876153e+00 -1.412414434055853443e-02
6.912751335006415143e-01 -1.798959893870659021e+00 -9.572104940067999168e-01 2.352753237294614441e-01 1.742829922292662703e-01 -2.575541493171817353e-01 -6.695751026783611781e-01 -6.019813716950027649e-01 -1.858809096182619802e-01 -4.572388613115069056e+00 -4.360147535585177751e-03 -2.966352385726342411e-01
-3.155579639063376129e-01 -1.256074222691429876e+00 -2.609181056626291628e+00 1.367257121637817374e-01 -1.225231371289530052e-01 -2.569828568638904187e+00 -4.366303977763880823e-02 -4.711046931252604320e-01 1.792381596066363603e-01 -5.289008849692375058e+00 1.926928908545361141e+00 3.151887656045644359e-01
-1.452096232121782848e-01 -1.713737548551618639e+00 -3.992686694806108494e-01 -3.151021951650165298e-01 7.918276445922207973e-02 -5.043952584607218521e-03 3.875523826082897805e-01 -1.001900284687839537e+00 -4.589387609095437748e-01 -4.440821572487914537e+00 -1.029956736798708500e-01 -2.454865908528729851e-02
-2.897393551424670699e-01
-1.366622311810081980e+00
-1.062600612542370593e+00
-6.210397951471227085e-01
3.797420411638446236e+00
1.384082893383673518e+00
-5.961630887033225745e-01
2.109072646406471296e+00
-5.161206272372427240e-01
-5.765053852242365551e-01
3.500076748092086465e+00
-2.008598090163378758e-01
ReLU
0.2
12
2
5.891431413724601551e-02 1.701687251941967627e-01 8.242847510400780342e-01 4.417909878688415226e-01 1.262050380060694810e+00 -9.524310981682833077e-01 4.771481727771161724e-02 9.136246490285830912e-01 -3.113786114719090947e-01 5.221405427204890703e-02 1.611691710833158986e+00 1.192280256469496758e-01
-2.763786913764854428e-02 -1.336479068421239369e-01 7.236211578359386110e-01 6.399929370679848795e-01 1.153959944415683392e+00 5.866747471947314496e-01 3.806193490609864893e-01 -1.408882532942732801e+00 1.042436385082492339e-01 1.575735790702608163e-01 2.329351474244664821e+00 -2.946994512688739729e-02
9.651899496695801162e+00
9.857495383095033148e+00
Linear
0.2

ct 2024-06-12 01:27:53.964813
