noname
4
4
4
5
4.156903247671181467e-01 -8.880334345559955933e-01 -8.042423569526434335e+00 -1.613345519836860142e-01
-1.376063323468947441e+00 9.073692068118923704e-01 1.099696044041102283e+01 1.168845028398251662e+00
1.683278678002658957e+00 1.351760904933030583e+00 1.802291170728533176e+00 1.496869254666777671e+00
0.000000000000000000e+00 0.000000000000000000e+00 0.000000000000000000e+00 0.000000000000000000e+00
0.000000000000000000e+00 0.000000000000000000e+00 0.000000000000000000e+00 0.000000000000000000e+00
-2.486953699640690463e+00
-2.320275243020087252e+00
1.731108025664794381e+00
0.000000000000000000e+00
0.000000000000000000e+00
ReLU
0.1
5
4
-1.486714014168615927e+00 -3.370574890847968685e+00 8.815888642605806957e-01 0.000000000000000000e+00 0.000000000000000000e+00
-1.022508835379017933e+00 -6.454352103263487628e-01 -6.234330299068221448e-01 0.000000000000000000e+00 0.000000000000000000e+00
-4.950740389475730141e-01 -1.074400634538313914e+00 2.936671823160504763e-02 0.000000000000000000e+00 0.000000000000000000e+00
0.000000000000000000e+00 0.000000000000000000e+00 0.000000000000000000e+00 0.000000000000000000e+00 0.000000000000000000e+00
4.731838954075079373e-01
-5.613119901421921298e-01
-1.355065396500905461e-01
0.000000000000000000e+00
ReLU
0.1
4
2
1.002196742171041821e+00 5.754929730696942691e-01 2.584524782919261215e-02 0.000000000000000000e+00
9.824937339137078673e-01 5.955565174752123214e-01 6.683486437490950005e-02 0.000000000000000000e+00
2.271998987279550519e+00
2.140212507292369004e+00
Linear
0.1

ct 2024-06-17 02:56:52.209116
