noname
4
4
4
8
4.337297798993819065e+00 5.332678927623636156e+00 7.675238322253165713e+00 3.799421290892460945e+00
-1.928325415769908957e-02 4.865144778462644481e-01 2.914938175688247313e+01 1.110370678755764118e+00
-3.196191595970435118e-01 5.730982820070819050e-01 -1.908224505498476553e+00 5.287061520584341867e-01
1.852880622767856922e+00 3.574967374449224078e+00 -3.255251510300161577e+00 1.880606218531497564e+00
-1.992011176283360774e+00 1.584895704725404864e+00 6.603718462271348955e+00 2.526919590465389609e-01
2.535937715312629237e+00 6.096336480826811233e+00 2.344880302114589643e+00 1.536172930765642874e+00
1.189663950304131301e+00 4.226452130150166187e-01 -1.647691039189908890e+00 3.194534889998548177e-01
-1.123374938820450170e-01 1.268569934662120979e-01 2.133149485077097562e+00 6.263645250694310773e-02
3.555299520855795148e+00
-6.031625494024324574e+00
-7.823853338505891708e-01
-1.223926609888960293e+00
-3.196409218995983625e+00
9.667044755147687907e-01
-2.456820331543113856e+00
-6.689897580857949722e-01
ReLU
0.1
8
8
-1.343262692794051416e+00 1.047148273143412717e-01 -3.127501720967054144e-01 -1.235308756400390395e+00 5.648868701988696978e-02 -5.002459543765553907e-01 -3.924587090398832800e-01 -5.992123096922827991e-02
-8.093680215056059168e+00 1.073173336613643336e+00 8.618210122757595515e-02 -3.178092905402245982e+00 7.050654889507391998e-02 -1.780087965646947934e+00 8.519100040591179868e-01 3.890582124548941922e-01
1.386531059907891716e+00 -1.332360436712634133e+01 -1.744796238091341212e-01 -2.760278071659866272e-01 3.003239306945800768e-01 7.113840244099381982e-01 -8.627709343455982616e-01 3.431647483998657711e-01
-4.230615142538232121e+00 3.824415265405424424e+00 -1.289622397860611114e-01 -1.976450202832985559e+00 -1.013839615092804181e-01 -1.428760250190647119e+00 -4.221883662825289818e-01 3.644074003528112449e-02
-2.284212754535734469e+00 -2.377356011686964088e+00 -5.177574706526846260e-01 -1.851694764678580629e+00 1.734410334067368054e-01 -2.663850620010959958e+00 2.750640477026873865e-01 3.909658369245742615e-01
-2.579322832004009580e+00 -8.942357334856791962e-01 -3.512503163861127042e-01 -9.424865741088704896e-01 1.169279581456685556e-02 -1.981411215014091898e+00 3.594925093104540115e-01 4.757038612913665893e-02
-5.972267195024569264e-02 -2.398641437785715425e-01 3.502825826425208233e-01 -2.365433215050260773e-01 -1.463788961420838322e-02 -8.554289513736221609e-03 5.184224584231996585e-02 1.122034728446613810e-01
-1.393606032660174576e-01 -1.361472222866337047e-02 -2.843168925360030075e-01 -5.492647080926849057e-01 1.850614756654577961e-02 9.485163392956222697e-03 -1.114910814204257278e-01 -4.126043139218993350e-01
-4.372518900019190524e-01
-1.865824650629969161e+00
-1.839691064232998441e+00
-1.391671369429186900e+00
1.549862011768120107e+00
-2.528361614187278228e+00
-5.686413332635116558e-02
-4.813657611110801204e-02
ReLU
0.1
8
2
-1.007449015454834063e-01 -1.508184575404946104e+00 1.021576905522542988e+00 -8.139048959019363760e-01 -9.544624889043209492e-01 -1.220200235984009618e+00 5.374009075291298621e-02 5.100970731118793788e-02
3.040894498935943768e-01 6.058935502890043789e-01 1.026875260765222508e+00 -8.009013379600231630e-01 -1.129018316527700350e+00 -1.677262689838365350e+00 1.685209737246828182e-02 1.162608491651054808e-02
8.110061417628493530e+00
7.674958037519807874e+00
Linear
0.1

ct 2024-06-10 22:34:56.635173
