noname
4
2
2
22
1.138712052838520596e-02 -6.605455288139223946e-02
1.856563984134148859e-01 -1.355910952689993731e-01
-1.625450001093420305e-01 8.004623343885779174e-02
6.143648804873671002e-03 -2.590184020818000338e-02
3.985594226090042325e-01 1.882032109525221680e-02
5.711505290221557951e-01 3.841651914027944814e-01
2.200862816119147636e-01 4.423014279366129786e-01
-1.855209106129890040e-01 1.029259300368219193e-01
1.515966877042599081e-01 2.652750707334012858e-01
3.833294159816484376e-03 -3.579078182019267140e-02
2.883206694350013907e-02 3.330580753728592525e-01
4.338986901539961250e-01 4.061693054077771675e-02
1.239910313604279113e-01 -1.657802306456526709e-01
2.339696962366587529e-01 6.089472797647175195e-01
-2.970340960842260403e-02 5.628492975133109200e-01
5.878295449502837222e-01 1.372215341208208594e-01
-1.533758209615718460e-01 1.547727997045884596e-01
5.429887976743190681e-01 6.441472539391677188e-01
-2.651379361028361470e-01 1.303748660157335038e-01
-3.207115456850526125e-02 5.137379534969056527e-01
1.004332995876348021e-02 -6.851055816208320715e-02
8.213871633727234944e-02 2.797022131556390900e-01
2.764256333721873404e-01
1.510811934287193403e-01
-2.949240902085495386e-02
1.633862870507715448e-01
-1.147894125831689094e-01
3.606863174961616458e-01
1.341088327488842991e-01
-1.184650515589448366e-01
3.331228154772576389e-01
1.440147228193079387e-01
4.374381473446813384e-01
6.273375724229923733e-01
1.727887202141700496e-01
-2.969046292772404283e-01
5.763729059253646092e-01
3.282792854615386724e-01
3.985684438344648806e-01
2.636007527387463911e-01
6.256289831184899120e-01
2.963480887529732488e-01
3.094236035631702797e-01
6.297380862966691639e-01
ReLU
0.001
22
22
-5.185935524889108417e-02 5.931745155279548598e-01 8.877652777111311178e-01 4.538973957663987591e-01 2.771461336124390051e-01 4.754218076609523225e-01 4.563178969731151446e-01 7.687937846343839698e-01 -2.357299235366459578e-01 9.690042031127617250e-02 4.734963774078266852e-01 -2.055348353428660402e-01 3.988961135651342138e-01 4.722360296053014772e-01 2.725500186639406852e-01 -1.941154038583096653e-01 1.978255766605059585e-01 3.800953447617422959e-02 3.310481876305061411e-01 4.994235811622436128e-01 6.937790384992582604e-01 6.529697642802094748e-01
8.930319481445619934e-01 5.009093915460524071e-01 7.371554729340900058e-01 3.104937750738976515e-02 7.587488149589822761e-01 2.581099991822905504e-01 1.040587715642616873e-01 6.948526074193170921e-01 4.222338812693343657e-01 8.940672566391831555e-02 -2.772638866653522050e-02 2.241335700259610986e-01 5.018838313048236133e-01 6.801583249221271332e-01 4.743591944367329671e-01 3.396039277842307497e-02 1.597514822028531234e-01 8.827360437508663393e-01 9.856138709425354971e-02 9.669535022955476344e-02 8.813379521920124970e-01 3.236019234901200137e-01
4.421595120796616984e-01 -2.441538753891738522e-01 6.918514654534192454e-01 4.644784727628868404e-01 4.891253964559799661e-01 -1.340756343130005412e-01 3.626303240866821098e-01 8.044551535735957604e-01 -3.073125113548502152e-01 8.748741067946088634e-01 6.022633580090247518e-01 -4.199759941726926016e-01 3.369914294458395965e-01 -3.677137009792175171e-01 3.974797936441237245e-01 -2.300794854775786158e-01 2.779149988359894130e-02 -2.972434868448369794e-01 3.041284789188641313e-01 4.388199146057021605e-02 2.840954037948663080e-01 5.343329809766032001e-01
5.182747325049680276e-01 1.009112392950929291e-02 4.508503750308503477e-01 -1.674135848466907772e-01 5.978282387832646316e-01 -7.989063584727570944e-02 4.387131279782215953e-01 2.412529804270743539e-01 -1.511085796060756548e-01 5.941950594239812922e-02 -2.035188043375722455e-01 -4.396437747750277236e-02 2.527535278470036118e-01 5.511770420774151358e-01 -1.516436107761240104e-01 -1.354058930127914617e-01 8.470533355128406772e-02 3.342909105583411478e-01 -1.128930199467328005e-01 4.448434604461377062e-01 3.228687161178263598e-01 2.990576714464402985e-01
-9.316305566344006833e-03 3.235795631475305578e-01 1.992665797737994404e-01 3.514785761008499265e-01 1.071298738880622214e-01 1.974168430824560505e-01 9.355257151309396071e-03 5.465983546148292516e-02 -7.318406901800937614e-02 3.289704992194361077e-01 2.199507368656089534e-01 3.427220295525686307e-03 3.840304728012102764e-01 3.087284229168008598e-01 6.643368119464077015e-02 3.778988793242382682e-01 4.970053321793519441e-01 1.154390566452234146e-01 -2.619664632006824326e-03 5.614619213009842680e-01 4.837427765715586747e-01 3.481130934026520074e-01
6.857981545556216529e-01 2.740342252117332691e-02 9.396652851307699672e-01 1.563540737953794668e-01 -7.476270588509330295e-02 -2.356598632498735912e-01 -1.233871824427017760e-01 1.403573737079967798e-01 -3.073683216930190309e-01 -1.112507316037739946e-01 3.210813760292700048e-01 -2.680347259076030220e-01 2.091902862900723858e-01 5.886682907645715002e-01 1.705224150457932113e-03 -4.136912822899200259e-01 5.341177135964283451e-01 -9.650401595801444410e-02 6.898560707643151824e-02 -8.903711772247939471e-02 -4.215203586623421372e-02 3.714718032398233172e-01
7.869605478748438188e-01 5.850811262739951113e-01 9.230013444567251035e-01 6.656205224047681002e-01 7.620163171470823761e-03 -1.050409023279887250e-01 -1.813312078022093765e-01 2.720173469172426084e-01 6.077999354628831757e-02 2.050201022570928844e-01 -1.725922531894930889e-01 -4.009615340967716546e-01 2.514496712542860224e-01 1.185672268531104967e-01 -3.808246996131676217e-03 8.796551499640239968e-02 2.027118917032422751e-01 1.431834915812567055e-01 -9.862621476901847761e-02 2.001729996629648678e-01 -2.388147133520631196e-02 -2.007163501349413237e-01
-5.599961289496097061e-02 4.030207535901625948e-01 4.152209247739305775e-01 4.344975565670223389e-02 3.436084587229285003e-01 -7.976296731241208637e-02 2.915166224588443544e-01 2.364449920398574434e-01 3.527852676215070815e-01 1.524270728310983258e-01 1.171063571277015242e-01 1.564099350386512488e-01 -1.693960586546996716e-01 -3.885284825874942699e-02 4.089660308360395374e-02 2.264791614218743254e-01 -1.320194800024248882e-01 -7.283618905031863378e-02 4.306928298650349873e-01 3.755581649172900494e-01 3.230455270876785856e-01 -1.533008249799436562e-01
6.090031418470669144e-02 -1.590356141187084515e-01 1.524030362691964069e-01 -1.597608103518605716e-01 -3.431301769598489870e-01 -3.579937940179465095e-01 -2.238271781400335281e-01 6.018683134204659835e-01 5.213432558673014583e-01 1.496267558306101642e-01 -2.069347252594622155e-01 4.840672411410736897e-01 -2.139620670469005448e-01 6.143720226258396477e-02 -6.307238640468611213e-02 -3.115329837798191948e-01 6.479399581184748236e-01 3.038450807672877230e-01 3.571794812538719999e-01 1.647406051186914300e-01 -6.735977871877964207e-02 -2.753521857888947544e-01
4.522654434041344929e-01 -1.729835842230059706e-01 7.955061009541055661e-01 4.356666613114817399e-01 4.812167178802143064e-01 -3.756167424312142900e-01 4.942483636015329029e-01 6.348133621111402558e-01 5.586733973205540993e-01 3.023276571978115723e-01 -2.315377616199174315e-01 -1.161466261398265559e-01 -1.318636942195431094e-01 -1.608604294011727887e-01 4.335151235042589146e-01 3.479496037062877467e-01 -1.364882157027951827e-02 2.630563415714176623e-01 7.642428805269502190e-01 -3.035423717009237965e-01 2.056764332264315875e-01 -3.071973493809811440e-01
5.828141167063500827e-01 -2.329473428721470524e-03 5.911538220502534635e-01 4.012729864539288371e-01 3.149717775079302617e-01 2.140273486175966744e-01 -2.920978373884974486e-02 1.557129928075942915e-01 5.692183046193417528e-01 7.752697514282324009e-01 -2.424952122636691576e-01 1.825863932023590874e-01 6.116163299723790248e-01 5.082746503335366928e-01 -4.582162648530037352e-02 1.747402597520882062e-01 6.110828082333519262e-01 -2.183832081341473830e-01 8.275622993929745430e-01 -2.168580146115064999e-01 4.896381456567851925e-02 -3.297176752506849606e-01
4.836923682231045740e-01 3.946948253386851069e-01 4.578523317742639875e-01 6.401993387369826483e-01 -1.736280066550383722e-02 -1.951706691257064363e-01 3.934259527377502175e-01 -1.277812726389398190e-01 6.325029712497366730e-02 7.368058073040374412e-01 1.111823024057971010e-01 1.975755092417287306e-01 6.078960088530654948e-01 5.338414595397461548e-01 2.668268986631593953e-01 3.312214195365598690e-01 6.509124716614501649e-01 1.976746515270622617e-01 5.682828837539224964e-02 -3.843789316112140031e-01 1.423443912999278194e-01 4.850751433577401017e-01
4.195292588021896085e-01 6.649052862618735071e-01 9.065548402524248317e-01 2.710091055074022037e-01 1.386287513988103681e-01 -2.175202138693183296e-01 3.512234851322519891e-01 1.710899396250397941e-01 4.592354048897653862e-01 8.788361303871633501e-01 6.337929850427149736e-01 -5.290915479905761165e-02 -1.233815090269877596e-01 3.732049038819906239e-01 5.407829428918979886e-01 4.505944668050382296e-01 5.128122479997068162e-01 2.769798867896643424e-01 7.032827900664518905e-01 6.428149724120947317e-01 -1.243377416140730059e-02 5.964687592382946768e-01
4.878107684297251778e-02 1.547874029060606060e-01 1.021797660135020519e-01 5.972348229759126825e-01 -6.834525320025519601e-02 5.452957437123919782e-01 3.272475292202067787e-01 6.251285756404273419e-01 3.339330692432682657e-01 5.313548835190647079e-02 6.943143288833543147e-01 3.551121996369435152e-01 -4.231863888819992897e-02 7.873650545778207444e-02 -1.220664448713361522e-01 2.712492553438665688e-01 2.361188758141515853e-01 -1.885366379041875096e-01 6.255579929534189620e-01 4.114976534168251487e-01 5.888768986833973207e-01 3.055440536855716371e-01
9.847467623684982851e-02 1.934863110190868651e-01 7.887111084542075545e-01 2.188485072673159171e-01 3.366501222465702048e-01 1.566692504553621745e-01 2.970118214475602203e-01 8.278487900199830163e-01 7.611811780870618438e-02 6.552746630922150484e-01 -1.966148742738767774e-01 -1.971528694864932429e-01 2.042488139223860855e-01 -3.732043742702145783e-02 1.696880874749610857e-02 -1.241432591805770036e-01 3.488313501277182094e-01 -4.940863443404255179e-02 7.903125087218422218e-01 4.259517179809718668e-01 7.022428984589808021e-01 3.887474563922694304e-01
4.317602577507404504e-01 3.784401947878049954e-01 4.398054811747473258e-01 -4.195104575784673606e-02 2.668557134913986384e-01 -3.331034513332744029e-01 4.266113427854205109e-01 3.365355853238955475e-01 3.048781478683065260e-01 6.107450587470427683e-01 5.351691263434957824e-01 -3.093202584490803431e-01 3.886630602253717814e-01 -1.849833137753679468e-01 -3.854069850196368829e-01 -1.307114033408143458e-02 -7.356884310756245382e-02 -1.582221986455913665e-01 3.379426860847159486e-01 3.750700790423404651e-01 8.036245665348134004e-01 4.025347105492859678e-01
2.069983342851234864e-01 1.306492445895903187e-01 8.214470718316813080e-01 7.054020146815183079e-01 -3.927836241501044268e-01 -4.226551284826307042e-01 4.420978957190875303e-01 4.565250717926891411e-02 -1.461570658850234183e-01 5.277005478910937741e-01 -1.097846020847163123e-01 -3.689017358731560559e-01 1.437295335913117700e-01 -2.912195546078173020e-02 1.727873499725632589e-01 2.605478352886421711e-01 6.906504562797896041e-01 -1.241275186216685283e-01 2.745989529651089445e-01 3.746065136569923792e-01 8.567306685440171377e-01 2.566655437465150125e-01
5.611259000706381173e-02 5.382811192990184096e-02 1.804522161516153855e-01 -1.865054847213273859e-01 -3.752982438768787676e-01 -2.242947583815241008e-01 3.091099493882943361e-01 3.869866512452465601e-01 -3.577830748900585056e-01 5.886194316622090916e-01 5.654447339442829623e-01 2.618511714587991313e-02 6.560141026855629276e-01 1.547651962747071536e-02 4.829107417235006250e-01 -3.346351251093195311e-01 1.071299284017322717e-01 1.721285986729242934e-01 7.810284121561652526e-01 8.315273787231002023e-02 1.343921935506094956e-01 1.263591144483100226e-01
2.363275391597726566e-02 5.650637164452481515e-02 6.330157644597754762e-01 4.204245786872236046e-01 -4.920377043614616863e-02 2.109783353081984836e-01 -2.411227809785697618e-01 7.660630572073495737e-02 1.081538602306169466e-01 8.404090691407504199e-01 -1.647434221231948714e-01 -3.084975898788680504e-01 5.315246893483430712e-01 5.283670151649931812e-01 2.821150294029807770e-01 4.608090812633941491e-01 1.932480548084669070e-01 -3.121331920231769086e-01 7.332729699453424121e-01 2.607208362011025904e-01 2.697183689174887933e-01 -3.565121746017687818e-03
3.443350846288711353e-01 1.780369403079100354e-01 2.717799450585086096e-01 1.171915712529577047e-01 -1.634495570531752096e-01 -2.776874819262971639e-01 2.564217588424082539e-01 8.686732095048925739e-01 3.580179914012659448e-01 5.095120089476475878e-01 4.171369873014105778e-01 -2.719848604887727950e-01 4.903824718663191695e-01 5.329667828464337842e-02 5.764469716290260975e-02 -2.944816490214414162e-01 -1.093430043954435743e-01 -2.189626827145645660e-01 2.149012270480881170e-01 4.145433606406719318e-01 2.688603243740919080e-01 -1.366752784595474945e-01
-4.645054520515662366e-02 6.045025574127575740e-02 9.350401798371200668e-01 6.219429645018197395e-01 -4.165654766629779682e-02 5.160771771119871953e-01 3.221478894728472264e-01 -5.335892895202894864e-02 9.286612210440011728e-01 3.159241478288156713e-01 7.511880165853438429e-01 3.662012351610231531e-01 6.531543584953092285e-01 4.898702945527778074e-01 7.907403048217636066e-01 6.409201196947302837e-01 8.316503773164846125e-01 5.038204853798420313e-01 2.247765598558790490e-01 5.958472692008142113e-01 2.000999369676626227e-01 8.148591621375017580e-01
4.019791311525820476e-01 -5.906434581228840741e-02 6.004908675482560909e-01 8.104044675380400742e-02 4.349911435296982543e-01 4.887273446155808165e-01 4.788717125983536493e-01 8.079890780620472279e-01 1.469033040369119303e-01 8.665267160155697423e-01 1.891825349117118582e-01 5.692695833648482306e-01 -4.271370453469517520e-02 3.997655462766362411e-01 6.601475742868194718e-01 2.600870756697468145e-01 -1.140719821201855444e-01 4.566281897811257096e-02 1.539731253438822167e-01 5.029715707703965588e-01 -1.070775244694130574e-01 -1.287378346278680169e-02
4.003156130137560109e-01
7.294592213207414799e-01
-4.653645732570640958e-01
1.446624599036547276e-01
-8.488771655026922103e-02
-4.034433446602541662e-01
-5.170320094791306387e-01
-1.096389411167902062e-01
-2.171778758757641759e-01
3.309329521807570784e-01
-4.089344929571548382e-01
-4.840518983377934958e-01
-4.585030798112841866e-01
-3.110541281500964206e-01
-5.265107848174498395e-01
-2.625549597036983540e-01
-2.797806660514438604e-01
-4.432278802606944845e-01
-2.378053178215617722e-02
2.799011793819384253e-01
2.360402191025406937e-01
3.951694922030556945e-01
ReLU
0.001
22
3
-1.820991921531563418e-01 -3.872347858187279446e-01 2.229271956258214726e-01 -1.197123924346597292e-02 -2.591204230711504075e-01 5.898280581336267092e-01 3.149263497997770722e-01 2.224644355550960684e-01 4.405080333353272870e-01 5.264991771951150756e-01 5.296867354354568569e-01 4.654499519863732893e-01 -6.537861241918251076e-02 1.796005044336730361e-01 5.462886470125150051e-01 5.343644441811938872e-01 4.413949534055589541e-01 5.740508636278743859e-01 -7.714469617618703416e-03 3.291034151495058069e-01 -1.085283765046048954e-01 1.473161144614911211e-01
3.882631651486215252e-01 1.021936527717453025e-01 4.863509217696497799e-01 2.312579939836808748e-02 -3.409768212292775824e-01 2.540139547913418672e-01 6.829623487136309290e-01 -1.241452676398947796e-02 2.652424780705797125e-01 -8.594907750972208271e-02 3.535603640163804268e-02 1.808196692560799235e-01 3.917900614323943653e-01 -1.453639602642708695e-01 4.714428522719773529e-01 6.873095666964545991e-01 2.420506444233312959e-01 -1.442553867781384003e-01 -2.756698288288376639e-02 5.683907384449700118e-01 -2.637119935083046540e-01 -2.174816871163412768e-01
-2.538726788861263572e-01 -3.256025292090219403e-01 6.925173430279477627e-01 1.283299992700268344e-01 5.944172886248255683e-01 5.835570594004219069e-01 4.509464371181778897e-01 3.674885294842231698e-01 4.533503069986144496e-01 5.851544178901914028e-01 -4.426380669311590077e-02 -8.059138677195870626e-02 -1.694653618575207299e-01 9.124013124816791886e-02 7.325488057011717569e-01 5.547237782415075369e-01 7.395360560705289688e-01 3.211171699478853614e-01 2.344150423366792302e-01 -1.639394992635979098e-01 -2.102120226615118437e-01 1.775151600593818102e-01
2.146169314999739064e-01
2.162896806236783154e-01
4.786724838466670934e-02
Linear
0.001
1717140963.358333
