noname
4
4
4
7
4.033260096731504096e-01 1.273823446277388693e-01 2.571911040163445961e+01 3.049281178008308224e+00
1.687779427874301019e+00 -5.665787266155755120e-01 -2.515098921761717676e+01 -2.572198563420304396e+00
-1.968217126787131344e+00 5.792064103469893865e-01 -4.092829467763805518e-01 1.100595381179884757e+00
-1.724321000890656874e+00 -3.660805592304642864e-01 8.749617149021148288e-01 -2.036176346534009085e-01
-4.451706088042570730e-01 -4.773042449225712303e-01 1.007271151126194697e+00 9.109866840789657694e-01
2.100819781157203525e-01 -1.463798446684789201e-01 -8.808041572759320315e-02 4.828074557101130759e-02
2.779792461346298205e-01 -3.386531079504087605e-01 -6.740984147488588984e-01 -2.975294262341733886e-01
-3.236417377430391706e+00
-3.136824473358313714e+00
6.956804718308057245e-01
-6.084321712940315763e+00
-4.349473807518438484e+00
-7.515149448791763609e-01
-6.419634142977136415e-01
ReLU
0.1
7
7
-9.047590601888239048e-01 -8.723133226354105041e-01 2.109094400988297813e-01 -2.159732293232705214e+00 -8.315757654681347200e-01 2.830556358722898305e-02 -3.324624973579579090e-02
-2.922777184838857290e-01 -9.703942990942407976e-01 -3.605902618225062528e-01 1.000000000000000021e-03 1.000000000000000021e-03 1.000000000000000021e-03 1.000000000000000021e-03
-3.043899663012187062e+00 -6.307005473960601849e-01 -3.232095219431613264e-01 1.000000000000000021e-03 1.000000000000000021e-03 1.000000000000000021e-03 1.000000000000000021e-03
-4.576214798979398868e-01 -4.478663686344267481e-01 -4.435096433728422660e-01 1.000000000000000021e-03 1.000000000000000021e-03 1.000000000000000021e-03 1.000000000000000021e-03
-6.254347727439752980e-01 -4.715367159284838405e-01 -4.838505722756074601e-01 1.000000000000000021e-03 1.000000000000000021e-03 1.000000000000000021e-03 1.000000000000000021e-03
-5.595698931301575918e-01 -6.561244623278847943e-01 -4.839046909594672541e-01 1.000000000000000021e-03 1.000000000000000021e-03 1.000000000000000021e-03 1.000000000000000021e-03
-1.559746417964314125e+00 -6.604975018784763341e-01 -6.484931157671114388e-01 1.000000000000000021e-03 1.000000000000000021e-03 1.000000000000000021e-03 1.000000000000000021e-03
4.717051987256604129e+00
-9.261097151651628279e-01
-3.827357536616343481e+00
-4.372030968084143487e-01
-4.885226741272509776e-01
-4.817959608812916739e-01
-7.036279410224850484e-01
ReLU
0.1
7
2
1.174430883687006544e+00 -4.270910545041287087e-01 2.279168087114197494e+00 -4.420651138103989242e-01 -4.665047807105793254e-01 -4.892008107487111346e-01 -4.527077904000942898e-01
1.119560900360194289e+00 -1.017713852426063714e-01 2.972723487349338445e+00 -4.461540643655356742e-01 -5.151031290589430656e-01 -4.825382954885880649e-01 -3.787429831210204489e-01
1.237881344155007168e+00
1.477657812858491848e+00
Linear
0.1

ct 2024-06-16 09:29:34.306154
