noname
4
2
2
5
2.129514504917790763e-01 2.881400373128211179e-01
5.760045778169581299e-01 -4.070804439164157212e-02
-2.267485925298148158e-02 5.026560459736340025e-01
-1.517791899028741454e-01 2.988800939350839125e-01
7.054608193463030030e-01 4.140918283383961396e-01
2.329163610271345330e-01
2.873813147003534407e-01
7.533226179171873538e-01
1.972390039753670055e-01
4.590938481345168687e-01
ReLU
0.0001
5
5
7.307244786322790731e-01 6.193921536853589371e-01 5.621058735466256673e-01 6.752313174652078143e-01 5.408061958037346795e-01
7.835339672107863307e-02 7.235012728979092755e-02 4.378758700384522973e-01 7.727080807192410195e-01 1.600359466686517851e-01
5.639479029171962088e-01 1.485868683408458346e-01 2.487938364616652798e-02 6.946913217984160838e-01 1.889974727310745894e-01
3.980316361068022002e-01 -4.119564174125786571e-02 -1.810987898823282205e-01 4.908234545711771535e-01 -1.985040451270061457e-01
3.810752390833263004e-01 2.948571808225135538e-01 2.407532939109957582e-01 6.833536556823545105e-01 4.614189806410081141e-01
5.095765805729461917e-01
6.228549982264262042e-01
8.555402902076323368e-01
-1.528429391375421553e-01
5.817949512153799407e-01
ReLU
0.0001
5
3
5.584623273499637053e-01 3.609976203884127099e-01 3.833036100288085835e-01 4.303870247282344796e-01 -1.402135870711384014e-01
5.107806358852950979e-01 9.552436493124628891e-02 -2.022294825059122933e-02 3.084881796635411400e-01 3.369537565008045021e-01
1.852679926470318095e-01 5.020984243018755677e-01 4.667356939698102947e-01 9.309038035575055436e-02 2.807403471280692231e-01
5.244069361147827291e-01
1.652536723709530642e-01
7.462930676747171477e-01
Linear
0.0001

ct 2024-06-02 01:56:16.224690
