noname
4
4
4
6
2.334254923339453391e+00 2.792089564912905608e+00 6.372088154231792423e+00 2.304689150593789648e+00
-1.407908194808070945e+00 2.186092205915925124e+00 -1.223129325650489513e-01 1.644777158103760906e+00
-1.626261053134678169e+00 8.211355254280475746e-01 -7.209397273743181067e-01 1.785758787824824056e-01
-1.843559212635423661e+00 1.588895583938399581e+00 2.914650559492921289e+01 2.219450876291223729e+00
-1.072881895724209000e+00 1.595378559388377804e+00 1.472649925769706947e+01 7.223165038241067260e-01
-3.930568724768880307e-01 -6.491121015780143555e-02 -8.459276386746797272e+00 1.741523062510832665e+00
2.611844130617993809e+00
-2.665011557841847178e+00
-1.185936422129041157e+00
-5.849084999174844590e+00
-4.591651475438606411e+00
2.906488998115499406e-02
ReLU
0.2
6
6
-2.924447975249780951e-01 -1.461826779119119291e+00 -1.287161551798012393e+00 -7.397250882214319034e-01 -6.890092617187566770e-02 -1.108518813204777853e+00
-2.611777506183914355e-01 2.407754584231186767e-01 -4.396129005502857900e-01 -3.077560045979363501e+00 -1.986126064344584830e+00 2.763463144021726658e-01
-1.092689264625930079e+00 -6.879248476265829026e-01 -7.579125180363682768e-01 -1.450279790461347362e+00 -7.149075121519290477e-01 -1.251156401757903325e+00
2.342401314958646175e-02 -4.341861010972624113e-01 -7.919933548245393640e-01 -2.188962876284248488e-02 -4.955591042867506957e+00 -2.402600634149721359e-01
1.186451699440561613e+00 -3.794534987430511763e-01 -6.055345681871991959e-01 -3.162732161160687561e+00 -4.695841976344641289e+00 4.616765565586790077e-01
-3.155701474468131540e+00 -6.056824115097303451e-01 7.063961802164754333e-01 -9.611418610371720295e-01 -1.196365803835070629e+00 8.890538429515748575e-02
-8.261244914685078600e-01
1.783337608211883030e+00
-7.205423011839734437e-02
-4.983358565440176857e-01
6.395880155973190373e-01
-1.780487285970961064e+00
ReLU
0.2
6
2
1.660840466578041852e+00 3.460771273721639507e-01 7.263444387256040580e-01 1.136618983556757362e-01 1.055355658706832900e+00 2.074904583811884307e-01
-3.284060793788526889e-01 -5.519152663175800333e-01 4.417367525315312737e-01 -1.350804696593186915e-01 8.845181710475688019e-01 1.846731980003936402e-01
3.810844821367039614e+00
4.380796496123441131e+00
Linear
0.2

ct 2024-06-12 18:04:36.605505
