noname
4
4
4
8
-5.375531876445092117e-01 1.061390018986110961e+00 1.236450247053062057e+01 7.305481078395978933e-01
1.830794351247815088e+00 8.938607000533963509e-01 7.835919973591207871e-03 2.365978490437564030e+00
1.540008393896121763e-01 4.211423715195709017e-01 -1.218271959743522981e+00 3.740877657331925232e-01
1.708992221973554271e+00 1.546130008851319904e+00 3.698761897902656415e+00 1.399872342459631769e+00
2.966880749235746961e+00 -5.308203720223167998e-01 -5.761943339960891919e+00 -1.002887720255116050e-01
2.599553221544875559e+00 1.319731812395712245e+00 -6.660203230120539386e-01 5.502159237280493942e-01
-2.448473793276822796e+00 1.263697770492206551e+00 1.347347509385412678e+01 1.506847570533087932e+00
-8.168600879138896431e-01 5.698741792887288549e-01 1.049576472252335746e+00 2.859363320867270852e-01
-3.554545637354818766e+00
3.924211591828929424e-01
-6.308915717916652177e-01
1.460879224297173984e+00
-1.363915572069976267e+00
-6.222207316424169937e-02
-3.457043454294968843e+00
-6.419518801940616859e-01
ReLU
0.1
8
8
-4.584361529504628940e+00 3.274570082936542614e-01 -5.764345786131529481e-01 -1.524524513358954669e-01 -4.878489487914248329e-02 -7.743525806863320593e-01 -1.928766410133665232e+00 4.229865373951768870e-01
-6.356588827138808462e+00 4.423200627902690307e-01 -7.166867824831196776e-02 1.414246465002037267e-01 -3.620395089959121959e-01 -5.589115225761180916e-01 -2.399273066578554214e+00 2.371633847145392937e-01
-3.080395897271511974e+00 1.248910298318556267e+00 -8.550556330678538153e-02 1.263695938200803726e+00 -3.000569024819338404e-01 3.300150208754084047e-01 -4.514968521076500707e+00 3.390910654602898866e-01
-1.521176108113395098e-01 -3.104545792702887663e+00 -8.209642055650706594e-02 -5.291757925166081789e-01 2.589338085360165520e-01 7.118296067667736482e-01 3.587323404186983922e-01 1.356916332548114834e-01
-5.994837305130876537e+00 2.550744428862482538e-01 -6.466793340001132373e-01 3.050659913960911962e-01 1.167691616873147431e-01 1.461412904097816601e-01 -2.590910725344640841e+00 -1.202526943290647687e-01
-2.348499126263038139e+00 5.999042091464831250e-01 -2.731346844779407833e-03 5.394653289820108832e-02 4.167453458057291948e-01 1.816621580358404042e-01 -3.160174765926023976e+00 1.418715977210091017e-01
-2.838087983652854973e+00 -3.528354649707413637e-01 -2.117755003791125801e-01 1.202544964963073587e-01 -2.402188785733659071e-01 -4.706897464633801320e-01 -7.697383020858019620e-01 -6.329701982112502234e-01
-3.770543345122788770e-01 -1.333129208866660198e+00 6.377575918673401567e-01 -2.932895983028502407e+00 1.349020569360347643e+00 1.544309759320662723e+00 1.903462932734225344e-01 4.878899608276027755e-01
7.361657823914986853e-02
5.326913384338989310e-01
1.509117089083176877e+00
1.115249674423189452e+00
3.107520492834048853e-01
8.780629299122155729e-01
-1.998285991164353292e-01
1.004963948353583714e+00
ReLU
0.1
8
2
1.524301625223268009e-01 4.251321358969339936e-01 1.581818735659858977e+00 -2.468106281462738028e-01 4.469972187013497855e-01 6.054479009273371348e-01 2.678018386503294365e-02 -1.327123340111564742e+00
9.924458533893208700e-02 2.133764104299843978e-01 1.677166530727989491e+00 7.012747065058538842e-01 4.060119483578718547e-01 5.391760809958973111e-01 -1.383057650994233903e-02 -1.521720287455204268e+00
4.923922547031168051e+00
4.964732411650733646e+00
Linear
0.1

ct 2024-06-10 22:22:52.618916
