noname
4
4
4
2
-5.728458960524759336e-01 4.126160514160014392e-01 5.235726110956787416e+00 8.332490409756755367e-01
-8.765540893447451021e-01 1.100569928921876439e+00 5.003151641036350128e+00 2.055191554520987840e-01
2.567218556671302387e+00
-2.364129808083927475e+00
ReLU
0.2
2
2
-4.190247210426583102e-01 -4.786625923909776370e-01
4.300562245535446970e-01 -9.914610225835512880e-01
-3.948462909375409779e-01
6.792031556356879773e-02
ReLU
0.2
2
2
-1.467003734686669891e-01 5.405114587075459109e-01
-2.913825049924632649e-01 6.752822776773385050e-01
1.764138176171079042e+00
2.522476151791130938e+00
Linear
0.2

ct 2024-06-12 10:29:48.654694
