noname
4
4
4
4
2.090044189294928412e-01 1.192556500398590291e+00 -4.238912425504940545e-02 6.699297388576859191e-01
1.866860765154773727e+00 7.369068223986178223e-01 2.149116107208256521e-01 1.234229829533625367e+00
1.167831199455035440e+00 1.408829495229500850e+00 5.856068652584377476e-01 1.064656193814483620e+00
-5.707299304448099075e-01 7.111794014627996763e-01 7.367286880969454721e+00 4.822070637081971034e-01
-3.897238995461174138e-01
3.155267520045544338e-01
4.821400861325148002e-01
-2.099049546284422085e+00
ReLU
0.1
4
3
-4.083972899427633640e-01 1.668203440157578835e-02 2.504881769437045103e-01 -2.419462475120912170e+00
3.181990414599727424e-01 7.337703075849393297e-01 3.559018246614499281e-01 -2.790438770969090321e+00
-2.060196015875286404e-02 7.858779504375734692e-02 -3.958281563235858669e-01 9.107733356377467615e-01
-2.209196958980032613e-02
6.485239492877431858e-03
-7.105654351384242950e-01
ReLU
0.1
3
2
1.577272646771502584e-01 4.716923435093815509e-01 -1.482138681218610754e-01
1.543777884213536900e-01 7.180794757040332987e-01 -3.776427822469328732e-01
1.629808790430093524e+00
1.541051602026361822e+00
Linear
0.1

ct 2024-06-16 22:01:05.325924
