noname
4
4
4
12
1.413993744944472830e-01 1.121545216245208865e-01 6.406460343202988739e-01 8.049703167132684634e-01
6.014671436786881431e-01 9.095893805356156658e-01 8.815389570766515304e-01 8.103499928194112245e-01
9.340998582780886128e-01 9.769129654890051917e-01 6.518485212577517229e-01 6.628290858022225507e-01
8.163594193211378691e-01 7.656259862576563213e-01 3.150120634396125219e-03 8.441148026275034910e-01
3.820219117033114564e-01 7.129608195051997388e-01 9.278202842686755769e-02 9.806193400854730235e-01
1.785363811910095633e-01 6.962375823626487659e-01 4.015523475028487388e-01 1.730637847194729240e-01
3.820612771934684959e-01 4.865786952140082056e-01 8.964519475317245245e-01 2.984511991069929149e-01
2.794469373391490485e-01 6.050397025925859928e-01 5.493074983386141419e-01 5.987077285258455284e-01
1.823071525920144653e-01 4.370005137785284433e-01 6.334103023749758643e-01 4.245847701780560701e-01
6.257291653669690978e-01 3.697481637806843136e-02 8.848236077591916660e-01 6.352028442397021912e-01
3.599343377894784757e-01 7.207951241954105859e-01 3.387177684895590346e-01 1.682440445997424039e-01
1.732353115093291374e-01 8.295565875458688065e-02 1.149321337666028287e-01 5.240849916230961858e-01
4.569099465579442576e-01
3.734143704515580087e-02
2.234263489131375069e-01
7.649912696977633209e-01
4.960052842096822623e-01
4.719102118680553737e-01
4.451948454837032498e-01
7.249636098637974868e-01
2.749837614147838671e-01
4.827512585976111437e-01
3.092952219738205333e-01
9.530471814114872542e-01
ReLU
0.2
12
12
6.039174193452314654e-01 6.708953197251403822e-01 8.943355653979968567e-01 8.001432466144420275e-01 7.313409509025339261e-01 9.437140139822975948e-01 8.509981779103175104e-01 6.231888495187999366e-01 2.595457910985282668e-01 2.720556052672437053e-01 6.234101374747360591e-01 3.442612032204057648e-01
8.693510156051151849e-01 6.313338581253937765e-01 8.069857714349004674e-01 7.746660622448339195e-01 5.087106957655268547e-01 2.296013395415739122e-01 1.887397596775075570e-01 7.285629937671260770e-01 1.667225035603588923e-01 2.179343171104985988e-02 8.620576534355783860e-02 6.988959084658374898e-01
9.640148541297695051e-01 6.465509901236201618e-01 2.345607424196071156e-01 5.066243561785324090e-01 5.491175736529004814e-01 6.200819846969407578e-02 9.763759802040505864e-01 6.891438289760266622e-01 8.647471827175994274e-01 8.893789229132433860e-01 6.386963704526038565e-01 8.882277295452321031e-01
6.290542058882754306e-01 3.551409482694722897e-02 8.011514872280643962e-01 4.709824623763796403e-01 3.261499432454515457e-01 5.775331886916202917e-01 9.064175771365895473e-01 5.747051625556073295e-01 9.206485212512481864e-01 4.945307706185224639e-01 1.745455315738608792e-01 4.037367182005890953e-01
4.492027643018181582e-02 5.764901584610119256e-01 6.891390556937704304e-01 8.578542541513515252e-01 7.025785941313126282e-01 6.049175165288229739e-01 7.349709130158910142e-01 3.403227737425863486e-01 2.225952097486988412e-01 6.293575650310594405e-01 5.061512885773643555e-01 7.013132518473935706e-01
4.575154210958629619e-01 7.344389603179796167e-01 8.329715559481607468e-01 3.300255639734974711e-01 8.824300666016553496e-01 9.255612335487071185e-01 2.133329761071973696e-01 3.504236251189775109e-01 5.783227025104274999e-01 2.372922085070293674e-01 2.963293251324897737e-01 5.916106252005396415e-01
9.649097719352964786e-01 6.805511310536725977e-01 8.256556687919065496e-01 3.959175724134965657e-01 6.503270145983691686e-01 4.812340320545378525e-01 6.887748110018581116e-01 8.445418761183790535e-01 6.541812507321709269e-02 9.626243986879324810e-01 2.275913909275188995e-01 2.253961136324845738e-01
3.915234691456983551e-01 7.755562334180032824e-01 2.116561362536439894e-01 3.299319342468585159e-01 2.968757276297606662e-01 4.984564552323444975e-02 6.777444836191907074e-01 3.248343292052684461e-01 1.266027211899547478e-01 7.623310733216094315e-01 2.123588350815206471e-01 6.923179237603103164e-01
8.155628669729100277e-01 1.894628518260110805e-02 5.603688698582871552e-01 2.441758408492150645e-01 8.833065409106565236e-01 1.247953364941296606e-01 6.130826903517706539e-01 7.100118490909874680e-01 7.483755871334686338e-01 9.202894139983439636e-01 4.351335367032345136e-01 8.081381723012105445e-01
9.405711115548489598e-01 7.964186746530724781e-01 3.809947947737535312e-02 3.663768075601099294e-01 8.457565689499173534e-01 7.429773409060486111e-01 6.896872651397658593e-01 1.354759935104230539e-01 4.810087542751835255e-01 5.870651568606518600e-01 6.141862159371591634e-01 9.102021930244770243e-01
7.915082060435589817e-01 4.951907525558506551e-01 8.261133590118414638e-01 4.606235448133233490e-01 8.133474504874238509e-01 9.219466643531181171e-01 3.525988135528975720e-01 4.183960185620685390e-01 4.314902366493813535e-01 1.416299848489905866e-01 9.803372165013712891e-01 2.962953778712478226e-01
8.977430941845311319e-01 7.891338901448081700e-01 8.354188950629730659e-01 2.733331388728442723e-01 8.706102567091016375e-01 4.224111214672012782e-01 3.678953519161157759e-01 5.416422962012464870e-01 2.406819398969187729e-01 3.563003007725764615e-01 9.859716363532572414e-01 8.945227690106735130e-01
5.451705305721218364e-01
7.901948631849642357e-02
6.353099775639685642e-01
8.337748142477352520e-02
3.359746557817437917e-01
5.546312053755643179e-01
6.246942138117689280e-01
9.741120909022692453e-01
4.108508627183335982e-01
5.710880707794239175e-01
3.215113602707153628e-01
6.959691027960062115e-01
ReLU
0.2
12
2
8.801268285487654497e-01 8.709492391897557528e-01 4.818769600852883528e-01 4.389696046882760605e-01 7.600440841911230150e-01 9.730657465959346997e-02 5.209912208482071483e-01 8.585930703503490413e-01 6.771543123848966506e-01 3.733022782625526892e-01 4.455563305381937678e-01 4.939836125782860465e-01
5.636092508367955833e-01 8.246123466953525494e-01 9.962618165737145981e-01 4.330190170920182879e-01 7.177621931044342318e-02 8.187398371885787896e-01 9.381452297725390022e-01 8.589652072154254636e-01 6.323294438113181704e-01 9.946821856564280750e-02 8.154916743544105007e-01 1.368580902918973274e-01
6.535273470422046094e-01
1.606600964877946680e-01
Linear
0.2

ct 2024-06-10 15:13:23.705866
