noname
4
4
4
16
1.557851372123753853e-01 7.918324829982402724e-01 8.229956900519224128e-01 6.336887545322270610e-01
7.364843912118821390e-01 9.592904908076368975e-02 1.351030454083027299e-01 2.946943352285301687e-01
8.081757836614189561e-01 7.675038718489225475e-01 7.760670192347524088e-02 3.737432898797967140e-01
1.065494808943589389e+00 7.884949196590573806e-02 4.361966278319378554e-01 3.154747793358838037e-01
5.290715686579171573e-01 7.983225512829008608e-01 2.626887269458407781e-01 3.922712485778530600e-01
6.912090068431802070e-01 2.492188746716151038e-01 6.190734086911237055e-01 5.748371842954205224e-01
8.838392392440810319e-01 9.283229590639673345e-01 1.087579521769270086e+00 3.286868505476439051e-01
3.265464956268552821e-01 8.926040016032348312e-01 8.012318466528738359e-01 8.265717425306867705e-01
8.403342572057621584e-01 9.325446060951566585e-01 1.156358458987860827e+00 3.404278938537905752e-01
1.013211880922324726e+00 8.834812365867660278e-01 1.543394136664404948e-01 6.812510412293516504e-01
5.209062050689032830e-01 8.805275882554675082e-01 2.531883995714213631e-01 6.768405580156101609e-01
3.824471617492397058e-01 3.670360287424228041e-01 5.580791763208049483e-01 5.733545150232677301e-01
9.266465342473588773e-01 8.757352534146507494e-01 6.495762619451855846e-01 4.205965420843201796e-01
9.278852861377423489e-01 4.479900095881377831e-01 3.570156841011651316e-01 4.566933962627121590e-01
1.032180991731335151e+00 3.841520693407745601e-01 3.547872827723485001e-01 3.770651855295299448e-01
4.986149027341562623e-01 9.154756907255210407e-01 5.637893029592007110e-01 2.982941505289915529e-01
7.220167173355206414e-01
5.578028058657585886e-01
5.168855287568082657e-01
5.364357262296279849e-01
2.900846701111062242e-01
1.150896203979977495e+00
5.774759096205059894e-01
8.398063428754221071e-01
4.128429028992410821e-01
8.672208418486770931e-01
5.609190122047560401e-01
8.820949194962144357e-01
2.520578717120000589e-01
5.006908156908472796e-01
3.538264941509376427e-01
6.434079491208011259e-01
ReLU
0.01
16
16
8.831980935530985288e-01 2.741279674161156352e-02 5.362345424002464833e-01 8.624091026081128764e-01 9.514847705080620166e-02 5.120393821059626704e-01 4.220578478867990091e-01 7.008835708350250604e-01 1.935422665393206907e-03 8.319453755059941225e-01 6.332772786214255767e-01 4.829716897243810370e-01 3.078906580263880977e-01 1.120339552591330667e-01 7.488972788205849884e-01 5.782597795663538820e-01
3.393378189381510701e-01 1.870499692554779270e-01 7.555715260701841018e-02 5.807833307649441501e-01 4.130554198392334952e-01 1.374070036279008977e-01 6.680473133866356994e-01 5.259241498966804595e-01 3.564131708275573573e-01 6.614574646778730027e-02 -5.417753763443029086e-02 8.967419051694258680e-01 3.553355017362582746e-01 -5.830836313286265338e-02 8.252695677118762063e-01 3.491826131482920759e-01
1.782790987362700696e-01 8.195088717248093513e-01 4.700386277264455015e-01 2.097484806925690448e-01 9.375460147714619330e-01 9.312017378782884158e-01 6.965822964189208877e-01 1.602198396995134499e-01 4.915973808021815716e-01 1.037333502557503673e+00 8.051680233641037576e-01 8.182694886749614094e-01 3.807097247276841068e-01 2.368592385444207304e-01 6.106814002213536985e-02 7.255890471515676898e-01
7.599609602360262173e-01 3.669592415700390631e-01 2.825689406161909778e-01 1.614845927351267196e-01 1.697509499376032294e-01 2.027615254704500936e-01 3.137291562334454942e-01 4.158589545453070802e-01 1.610543420084574739e-01 6.394871231063588013e-01 4.185007438621494158e-01 3.540262654813113863e-01 1.869750962967915153e-01 5.941389042695981448e-01 5.413633099783243807e-01 5.667526798334492355e-01
9.686869390804749846e-01 7.692788416841319643e-01 1.792115066257268241e-01 4.753497105873716877e-01 -2.981233755314979805e-02 9.503144340151259417e-01 5.043494592585424652e-01 9.618148400943014042e-01 7.087158905868174985e-01 1.753842828629988970e-01 1.025199272816317009e-01 4.047884102609412005e-01 6.988877056709716373e-02 9.058337784323297059e-01 1.002184462910942764e-01 6.746468600799200299e-01
8.441586464951218449e-01 8.192831176682006111e-01 6.461523187568206650e-01 4.721822009236983919e-01 8.089970158969441716e-01 2.069801050943147480e-01 5.300991826713843391e-01 1.047234754030395232e+00 2.969420378845067932e-01 4.117654500666606543e-01 1.231530035807040097e-01 3.081602787645747465e-01 5.621698384334740742e-03 9.442629595350302552e-01 2.096781914687099735e-01 3.297924934332929214e-01
1.447837947550265243e-02 3.957970325645239207e-01 7.165019420183003085e-01 3.886415667608168478e-01 8.761862092779505035e-03 7.446413533519687933e-01 -7.666853476405541268e-02 7.903675619895127458e-01 4.577546965726258521e-01 9.234935248432017962e-01 5.409621785713647490e-01 6.421087050222054060e-01 7.581803945571495840e-01 3.492473823279924061e-01 7.721538866796203715e-01 3.112449848629970095e-01
9.009518396540278085e-01 2.377380883801814559e-01 2.877801290005924661e-01 2.953010744041072166e-02 3.954299211970543904e-02 7.781639437753472555e-01 6.695188158119107502e-01 8.076559323049271599e-01 8.557905167596271401e-01 9.166742845174090659e-01 3.221713278505160538e-01 1.019738557133472057e+00 2.239774989557076490e-01 3.895293202440845426e-01 6.444599419212573843e-02 3.247544169874633790e-01
4.005885792370352805e-01 3.399177594568162930e-01 6.552550100512006814e-01 -1.593406297492324861e-02 5.329833974574349487e-02 5.442118419163816112e-01 2.212178541703155310e-01 8.746816288572045739e-01 7.465870875666912043e-02 1.149754738269551380e-01 8.875854425247688972e-01 3.104584078886847287e-01 1.322813058563835631e-01 7.300473117961140401e-01 7.636334687547965405e-01 6.996295184363510167e-01
2.631564775311416304e-01 4.534134530038131938e-01 8.943697769372906947e-01 2.101580479766992360e-01 7.893117359638646136e-01 9.536432625976164479e-01 4.403354254643861987e-01 2.061061847949584025e-01 6.848988708992715946e-01 2.459030648226305238e-01 4.647409369559659664e-01 6.709946435165203837e-01 7.210228068536942425e-01 4.481390042592985345e-01 -7.850539034259881865e-02 9.861358671328823711e-01
1.207438004185404645e-01 4.798572059411121415e-01 6.871203425817811183e-01 5.856566669507765610e-01 3.484785714396042011e-01 1.571133421545561348e-01 5.919331535816698686e-01 7.208602829828254510e-01 5.536988150631487748e-01 6.636327971624045308e-02 5.707357498833516285e-01 9.054610629909582986e-01 2.117022618849408733e-01 4.436067262649751042e-01 1.403688141569456038e-01 6.092268514644429978e-01
2.636681191837043636e-01 -4.044144091891421072e-03 1.768561607298015648e-01 5.345589545864628533e-01 -2.165997825505514285e-01 7.611135831175817046e-01 6.553956163839836924e-01 8.851944526750743503e-01 5.837974769631804062e-01 6.701810202420436235e-01 1.173177936028631102e-01 9.501836865220127937e-01 -1.462938757199423179e-01 5.808666614828134067e-01 2.883474679408061792e-01 5.512236368611922455e-01
2.343860570436291368e-01 6.077505739659020412e-01 -5.386403749445892175e-02 5.478142986721963315e-01 3.717970312851620607e-01 3.419681453947400196e-01 7.304096938219907242e-01 6.172378088731917956e-01 5.332359871283814945e-01 3.350315482067008355e-01 -2.342423397095417734e-02 7.276173286474866275e-01 3.773317305255272092e-01 8.910267079224848397e-02 2.495764357418557566e-01 3.398975870929226151e-01
-5.317195227657593032e-02 4.426026402883257438e-01 -1.953401133596432970e-01 3.986964362951894159e-01 5.930926702734582445e-01 2.204924293201984409e-01 3.611721485674085907e-01 1.743494336300518144e-01 5.580410500126579271e-02 2.850127914056521661e-01 9.991287232753388869e-02 3.368296625244500686e-01 2.354227816244982285e-01 2.449112209006845398e-01 1.369200355086010179e-01 2.766600074900018441e-02
8.524510904166184011e-02 4.707439735909502154e-02 -3.516057993118449909e-01 2.026282285957606011e-01 -3.546373154901819591e-01 4.223583340727314894e-01 2.920705850044058582e-01 -3.083506588793247238e-01 -1.416520400028608850e-01 -4.267245151675422982e-02 -4.365841068675040959e-01 2.755033208558736457e-01 -2.842488648779328275e-01 2.952359171948619743e-01 -4.901673223056762785e-01 -5.110241070588522616e-01
6.470777341423405993e-01 4.025306628386524643e-01 4.969704823912448610e-01 3.468033114764111358e-01 1.245620327987426446e-01 3.184663470306055011e-01 3.040360958547953518e-01 3.809213980353811646e-01 5.188285643735306429e-01 7.042156720979245166e-02 -8.623661085075647048e-02 9.078743690502135699e-01 -1.041371361440369091e-02 6.293567833550541835e-01 3.274166942262823898e-01 -1.086803119404399637e-02
6.157948859177221346e-01
4.510289019709712854e-01
3.537103339518721801e-01
5.978191445050415886e-01
9.036268334976871319e-01
8.754699471146690781e-01
7.768939997305431833e-01
4.806209527036962581e-01
7.753025475085437712e-01
6.688710204127727987e-01
6.016736245527001259e-01
5.970214366010309082e-01
8.184970825595535571e-01
8.891769474800278461e-01
3.703978456074236703e-01
8.369648302701986342e-01
ReLU
0.01
16
2
6.689019394716978484e-01 6.086672393991714447e-01 7.733202944690131808e-01 3.505146751152082851e-01 5.436515433885060755e-01 9.527031359095886609e-01 9.139870329794852477e-01 5.099298538550371962e-01 8.072144018508085050e-01 7.673347707231872317e-01 7.400656110918558683e-01 9.027679663238075136e-01 5.405100841364339770e-01 4.823870072329661807e-01 3.379636902048566843e-02 7.604089836008933734e-01
3.961057766616409848e-01 5.084467118234331506e-01 8.483666601894389592e-01 5.309559045448853931e-01 4.630736320291057861e-01 8.902218950807161413e-01 3.645874431910903768e-01 8.481472887782307568e-01 7.213958583592886553e-01 9.968588554622092035e-01 1.293400657720471247e-01 2.853021163391014081e-01 4.260150059220099705e-01 1.472713190097039715e-01 -1.060298719602289184e-02 1.729843342042846344e-01
1.097895595965363347e+00
2.806656198909739386e-01
Linear
0.01

ct 2024-06-03 19:01:38.263710
