noname
4
4
4
16
6.446090149276777481e-01 1.284612670531842804e+00 3.201420656458594749e+00 5.018369341012756113e-01
3.515016230445193179e-01 3.362626708653473351e-01 4.176134024331549788e-01 2.035623923951156988e-01
4.526615370919638837e-01 6.073537907204522579e-01 -3.473726573054856104e+00 3.546712494964918694e-01
2.912211304921573096e-01 -6.073224777376656780e-02 6.828483257879744417e-02 1.149743567893615412e-02
3.157023086514869348e-02 7.504735679802796433e-01 -3.705344166573873110e+00 -3.275539054814177176e-01
3.499335881846518115e-01 7.535155074673638431e-01 1.996315605055616338e+00 7.854356517901485146e-01
6.856053073551671151e-01 9.524643913168816534e-01 1.941833902389687339e+00 3.379194717398894543e-01
5.019877825317021758e-01 1.293298259095529090e+00 1.304613513949853365e+00 9.515104220759184050e-01
1.274285750380693250e+00 1.119483068184746966e+00 4.120031721731189478e+00 2.547731612044863980e-01
6.913786280279301533e-01 9.171270346288814546e-01 -1.065801942393933333e+00 1.117626138645392952e+00
2.464862298589744483e-01 8.956303789498074597e-01 -3.128583926711665075e+00 -5.309083373076647350e-01
3.265155498630766262e-01 8.630007249917551748e-01 1.681098527189976988e+00 6.257062011158586179e-01
-3.619912454767990617e-01 7.707811380293650982e-01 5.771793386029817619e+00 9.562309398858221954e-01
9.399763214418005441e-01 6.593168477878443845e-01 1.586013663396482976e+00 3.166679759413498774e-01
8.897894739976350831e-01 1.697810202940079893e-01 -5.138927626304072405e+00 -3.563503428274620299e-01
1.090393250887112114e-01 9.329198360869660478e-01 -2.383380572411117893e+00 2.277849711602266403e-01
5.746470203521973907e-01
1.077845898901052674e-01
1.193713769512333878e+00
-2.452641843779925501e-01
1.135165662902976269e+00
1.085962888550125793e+00
1.312235226155956946e-01
8.745635357426724266e-01
-3.262937798795373934e-01
9.558464081308641891e-01
-6.461369989441556605e-01
8.249030579779766947e-01
-6.748638866302235639e-01
2.919544029521768391e-01
1.586834392972379160e+00
9.131378218559701443e-01
ReLU
0.01
16
16
8.764918112707947850e-01 -3.763341796085972191e-01 1.127521287100803626e-01 4.053862407249065325e-01 -5.907584221025240501e-01 5.439079544757849938e-01 1.123509302767136536e-01 7.082753239337034046e-01 -4.004597355760391997e-01 8.659690633697437745e-01 -2.404487698010700780e-01 4.336533168207384326e-01 -1.497127757213101207e+00 -1.585403149060066463e-01 1.910621710415221775e-01 8.330517852981758620e-02
3.498913722120662317e-01 -2.197612128020214328e-01 -3.331616101272356634e-01 1.520813551355054971e-01 -1.355292217841041480e-01 8.830622587267138168e-02 4.013118542137510958e-01 4.998908672282079135e-01 1.622111186004340094e-02 2.928664162251302591e-02 -7.007162542351840218e-01 7.948214390143307773e-01 -1.286553128416996650e+00 -3.216027065770871718e-01 3.383158114686494744e-01 -3.440454531666389121e-02
4.202049092614789649e-01 5.856465340918478590e-01 2.399510528065977588e-01 -6.974206369971618080e-02 3.434662233577272517e-01 1.214275652779069681e+00 5.101247490656474204e-01 4.510255725086746437e-01 3.456875227466360556e-02 1.301358221512917801e+00 1.508595716166350464e-01 1.033755460610416455e+00 -8.156057841609867243e-01 1.731290844913579430e-01 -3.514657414976931071e-01 3.898152601362736003e-01
7.414181330820216465e-01 -1.323120409396704722e-01 -1.504519903986172025e-01 -2.877049114254128792e-01 -4.388658478171450494e-01 1.175688023875153809e-01 -7.873785255288837104e-02 3.830563508322101240e-01 -4.617827338043546948e-01 5.414738932431099050e-01 -9.217641190075011315e-02 2.263050277011981748e-01 -1.063366458028593087e+00 2.697315416390350107e-01 2.609603430721777612e-02 1.352091483405371830e-01
1.031307463031557514e+00 3.618417155446048694e-01 -5.163158229534364763e-02 4.119571804916109803e-02 -4.879584734342278241e-01 1.030415394711538424e+00 1.874436529569586396e-01 1.045071702626551691e+00 1.564118293205319921e-01 2.522644768751509115e-01 -5.347980202398402438e-01 4.155981955684532880e-01 -1.414283444530391343e+00 6.648790861245602590e-01 -2.187381217458319316e-01 3.628236769585876376e-01
1.099451550825072177e+00 6.204551937567968078e-01 4.779704943290691843e-01 1.954363780393447991e-01 3.088633542804515297e-01 5.137039597082021514e-01 3.882093980858405402e-01 1.348959007168285984e+00 -5.617962557049665379e-02 7.146846089027761861e-01 -5.684326767723092422e-01 5.412293489486411646e-01 -1.365301419012192818e+00 9.034419322079115799e-01 -1.191696502598189739e-01 5.982707714427416834e-02
4.456692614693422844e-02 5.968802828173802588e-02 4.259246430310725251e-01 -3.954206375153849345e-02 -4.931390351731462784e-01 8.093417823616589901e-01 -2.960445069040050226e-01 8.154025332341851007e-01 2.083750988933826820e-01 1.007106569061397838e+00 -3.248905697512556867e-01 6.217867649704797994e-01 -1.146668047378758493e+00 1.332522078836523571e-01 3.915227368205024816e-01 -4.869343539950986288e-02
1.188763596953697155e+00 -1.311077250515901502e-02 1.477534740533101854e-01 -2.066709454463816487e-01 -4.871956410030967577e-01 1.081976618939308077e+00 4.529525905546459286e-01 1.152593696894820718e+00 2.136204670563557895e-01 1.179417176593146044e+00 -1.158349800797368045e-01 1.271280267322465907e+00 -4.582945033850426841e-01 3.457099495963635305e-01 -2.549504814312537615e-01 4.432641906783239133e-02
5.698394033946030390e-01 7.408759630042707767e-02 3.740900801522504815e-01 -3.450974287039469401e-01 -5.483434204047672456e-01 7.600059721209453389e-01 2.167630679067463970e-02 1.082522430477747655e+00 -2.927838072299690508e-01 3.264211569507955990e-01 1.331421843088113899e-01 4.512128310084797533e-01 -1.366603378028273807e+00 6.144557983384384414e-01 3.180400146362236113e-01 3.293980587766098256e-01
5.604944386939878509e-01 2.513121693910125298e-01 6.847195672350200324e-01 -1.662280492536169496e-02 1.832379083598772163e-01 1.286063651708073019e+00 2.711171751397801755e-01 5.597203655072918727e-01 1.754908388507553652e-01 5.457465396224948639e-01 -8.373947696672293106e-02 9.432633131751041455e-01 -2.339695772292398890e-01 4.295869749016237860e-01 -4.937014548137236281e-01 6.603701674616303530e-01
-4.994352554993209889e-03 -1.753973810484006635e-02 3.098717304718876520e-01 1.680963304613225517e-02 -1.638110909746697819e-01 -8.314239762752057006e-02 3.920736914119489769e-01 4.465766920845111176e-01 5.283357128279674297e-01 -1.603436801509164900e-01 -4.648221062134500481e-01 5.878761453892218380e-01 -2.377541836215100179e+00 3.881358839211761919e-02 -2.365583061195180026e-01 2.108410922004409216e-01
2.747015735220558197e-01 -3.363857655256345391e-01 -1.508803081833388557e-02 8.441230615644779167e-02 -5.112877466712142382e-01 8.040602506215991374e-01 4.588158615760337122e-01 8.816139913909718517e-01 4.243720342282997771e-01 7.517816038086247987e-01 -6.856581283611350441e-01 9.063303095031648438e-01 -2.152259661494404508e+00 3.550398885819210926e-01 7.696946673369997605e-02 3.245415884311924626e-01
2.299739899927984443e-01 1.557595463969464744e-01 -3.302873631573998159e-01 8.333648789782505117e-02 -2.141839149900742062e-02 2.896479553310370991e-01 4.204680685412527930e-01 5.803745052843812813e-01 7.719926096636817170e-02 2.953178716643415913e-01 -5.576658920585489954e-01 6.144714790686096606e-01 -1.233865690239430046e+00 -2.073130717260311118e-01 -6.591597021130066181e-02 5.799179956727593122e-02
1.437110571646394996e-01 3.438589869536911592e-01 -1.122669889709561747e-01 2.436609103412319399e-01 2.021767698240589384e-01 1.443546327300125331e-01 8.837926434670473341e-01 1.331764118270622188e-01 1.215058034569810097e+00 4.131156243740928824e-01 -1.160603852379649803e+00 1.984357021248980557e-01 -3.371324992005850785e+00 3.425497786146499135e-01 1.437371328447243080e-01 2.268921965929067072e-02
2.236266253413356164e+00 4.412041209672338260e-01 -4.924629814501412461e+00 2.541561840038192299e-01 -4.690561501519100673e+00 1.260597211100982218e+00 1.102990623791589853e+00 1.263722687970401326e+00 3.079849828398351530e+00 -7.585034136312882591e-01 -1.079132551216756442e+00 1.433942273336271667e+00 4.531685786180173814e+00 1.156094748185452215e+00 -8.249275544714741670e+00 -2.930251265424669960e+00
5.298015105195355012e-01 -1.016317081313095616e-01 2.336683045953511784e-01 -2.089789290527691856e-01 -1.149293049332826971e-01 3.108311836707442627e-02 1.248832622057233360e-01 9.601893941685681055e-02 4.870179698559326531e-01 -1.650993731127943509e-01 -8.004247292295769700e-01 5.622319135773055088e-01 -2.652510068775107310e+00 2.324918448851068520e-01 1.122114673436593463e-01 -2.117275619666150188e-01
8.595113686494348926e-01
6.173665799569864054e-01
8.396702413046945868e-01
7.604387997808268462e-01
1.305998406674325985e+00
1.399943289299428351e+00
1.095920782312988395e+00
1.049425012521043810e+00
1.186794227318520134e+00
1.194934642023808502e+00
6.649815906209149974e-01
9.502796739748526900e-01
1.085953965856474746e+00
9.916080232271000661e-01
-2.828855349646533845e+00
9.176865635690623080e-01
ReLU
0.01
16
2
5.427084940228159571e-01 3.649043703976972419e-01 7.681553609076035016e-01 2.265245287428719334e-01 5.899455680214287234e-01 1.027755451598135306e+00 7.593765007548062274e-01 6.106433865028507713e-01 7.662954562207957565e-01 7.544970182310380968e-01 4.314841052732455995e-01 8.799977255109847629e-01 3.803203260644982819e-01 9.246990181871971304e-01 -4.291513648977390183e+00 5.958412964850654525e-01
5.994155213517489145e-01 3.075902198270765164e-01 9.479403608213993193e-01 3.587543165407773293e-01 6.380049344815641454e-01 1.032507945447161735e+00 6.628982687288155207e-01 1.050557112420656081e+00 8.340788872888356131e-01 1.063987062716589715e+00 2.236215592918164019e-01 5.925785547770282546e-01 3.909822426371973858e-01 -6.618120111561250074e-02 -4.970395659283946443e+00 3.338679895396530761e-01
1.635960731067926277e+00
1.141168338843964847e+00
Linear
0.01

ct 2024-06-03 19:02:06.279595
