noname
4
4
4
6
-1.281381385029297437e+00 4.993001223773451680e-01 2.186717262317747412e+01 1.428066191583783784e+00
6.554616337728847997e-01 1.323891049375354401e+00 6.966494391863876423e+00 9.571166987542163440e-01
1.548384092055576255e+00 -1.907183949989178284e+00 -6.298548996817281420e+00 -7.383470326392244099e-01
-7.696582571794946537e-01 -1.612200601816730916e-01 -5.350678648887600808e+00 -1.370083767867599889e+00
1.582039461816929782e-01 -8.563935340875225566e-02 -6.931879437662307186e-01 -8.005472756631661427e-03
2.748517828433937882e-01 -5.033525501833497479e-02 2.357644523171797679e-01 1.173571893865319321e-01
-4.133836083921832660e+00
1.877944650140826566e+00
-3.383651199944710530e+00
-5.806102505336123265e+00
-6.536365735608368199e-01
-6.359202980800775507e-01
ReLU
0.1
6
3
-2.160710351992471689e-01 -1.274562583575775898e+00 -1.548052381847818404e-02 -9.500124609375673046e-01 6.960717322987601818e-01 1.000000000000000021e-02
-8.542445394223213695e-01 1.103267113045607907e-02 -5.408393409957228393e-01 -7.990034779819427113e-01 1.000000000000000021e-02 1.000000000000000021e-02
-1.694224706270814895e+00 4.293620719965693944e-01 -5.620866454401209911e-01 -1.469039261162136123e+00 -5.015026164018016042e-01 -4.684414993129566440e-01
-1.531593140451394663e-01
-7.502214195148658449e-02
1.322999818557828222e+00
ReLU
0.1
3
2
-9.497401395598152885e-01 4.530834813016791640e-02 1.217784588359379416e+00
-9.423519191368966430e-01 4.185336650711452000e-02 1.296829162690050774e+00
1.706556387003582920e+00
1.684414447246220581e+00
Linear
0.1

ct 2024-06-15 19:47:34.112569
