noname
4
4
4
12
7.207632504186476385e-01 3.896496884657320026e-01 4.841788747097324763e-01 7.139650423100586396e-01
3.784566506886443138e-01 4.302260950892688451e-01 1.481768325119277696e+00 5.253340620078892353e-01
-1.131204174565512005e-01 -2.607911181358780750e-01 1.643251619217259152e-01 -1.592291251835432075e-01
1.136590192300685143e+00 4.291458452557489478e-01 1.079077095817911225e+00 6.861168428038484368e-01
3.557008284787292474e-01 1.184868942343424880e+00 5.182029322260729431e-01 7.523918312628992133e-01
3.897105642236417533e-01 6.557988305767850079e-01 1.221529204016525316e+00 7.097552795406717463e-01
1.271300749892560755e-01 8.558512636892030567e-01 3.524578925187268896e-01 5.239053036559945253e-01
1.070317979143072140e+00 3.748050006667716025e-03 -6.127786498383052116e-01 8.333635989941542421e-01
5.039816319461657423e-01 6.865802284614613837e-01 2.056566131306261980e+00 1.725697467989621148e-01
4.349306066330726472e-01 8.002128958872468667e-01 4.997621950510739430e-01 4.299654540519699530e-01
8.046277561954078283e-01 2.330194619964593705e-01 8.637407026654136954e-02 1.074256396930321822e+00
7.771381569562028913e-02 1.448227814303093552e-02 -7.271246771494180861e-01 2.947093162659410459e-01
4.400002403119175343e-01
7.459042942735429893e-01
5.173862378831901171e-02
9.283258271832620645e-01
5.467366416158688791e-01
7.853278886357867306e-01
3.538690604012632024e-01
3.411737053259707442e-01
2.340699862977458495e-02
3.010830253784969046e-01
5.549922011576363667e-01
4.236087379631826855e-02
ReLU
0.1
12
12
1.492038170957090681e-01 2.998148199560994875e-01 2.962600090271158004e-01 6.599751319531154126e-01 7.455409826824733743e-01 3.371130399993551019e-01 4.985548425138993101e-01 3.551490899032517801e-01 7.705776890144080959e-02 2.684625199173119592e-01 9.370990145853022035e-01 1.445555219539183811e-01
4.448931000389200752e-01 5.540727351952649815e-02 4.458995943738308099e-01 3.516196860855587691e-01 1.166396094623178420e-01 4.796561500277551349e-01 5.001420042462453169e-02 5.958845119170027571e-01 5.037017016354933263e-01 2.336197409348557130e-01 7.007721404279314559e-01 4.743304940410169035e-01
9.260838414545373709e-01 2.334669327179637599e-01 -3.088153747968736540e-01 1.051851320194587380e+00 5.445849112273221104e-01 1.633688109636795283e-01 3.190309174132555659e-01 6.831440107840275333e-02 4.042087091253034337e-01 3.248928826515449786e-01 1.580107189358281872e-01 2.329013825792032866e-01
6.614056276404965962e-01 3.900465210615993161e-01 -3.953003268504155510e-01 2.667451723827006238e-01 -3.187926406313656980e-01 3.175145313414820536e-01 5.240455524527338343e-02 2.506887351417650400e-01 8.160175450978851552e-02 -5.291207053351298928e-01 1.384076080722189128e-01 -1.789636173865196966e-01
3.764915749645795229e-01 6.061916746989149951e-01 3.518407748132227481e-02 5.543704153121488121e-01 1.229167742810299002e-01 6.197379661224140524e-01 -1.409762880780993932e-01 6.972108260409815017e-01 9.087034794200327115e-01 1.100201283687516629e-01 7.223777415203113117e-01 -3.461428394602246716e-01
1.866886657831557383e-01 8.860531843100171168e-01 -4.235102055641198349e-01 6.145244490708583196e-02 -1.519519355516230907e-01 4.906710884406806916e-01 5.254424664785205951e-02 2.131661814711812986e-01 -1.301574024897106663e-01 1.865384366626591794e-01 5.648320342990276188e-01 2.903863086204011568e-01
6.101228630747648207e-01 1.928964542690038697e-01 9.357371040274306551e-02 6.378262831829392132e-01 8.095424960335675379e-01 5.043924718480139457e-01 6.426001082795650410e-01 1.440591890713475154e-01 2.705131697705646099e-01 3.400074361884928842e-01 7.366183725135386773e-01 1.964537228291416693e-01
6.305409231403356074e-01 6.215220133956007864e-02 1.592194465171119511e-01 7.052006458630273311e-01 8.958411808779392915e-01 3.459248992027487701e-01 5.608181967693225134e-02 5.961176163971978470e-01 8.829310058490527080e-01 4.658238057994399384e-01 -2.679308709878709671e-02 -2.470745392652990910e-02
2.069993296793531112e-01 1.981919734129678479e-01 4.954242310038767805e-01 1.605548452068968901e-01 2.798144078016269742e-01 4.210421525857586944e-02 -2.533577688771864594e-03 8.742882193072282204e-01 -2.733952647867729513e-02 5.439011149737482675e-01 3.873605250256092342e-02 -2.444247201364495026e-01
1.238643134388143358e-01 5.717598256840510373e-01 -2.018064014711728749e-01 3.490234061298275181e-01 3.257244094939205636e-01 7.594492718239663487e-02 3.169495424859127275e-01 -2.867382744850895393e-01 2.704392534544752258e-01 -2.867308915699602334e-01 -1.884735146468785594e-01 -1.297684735784242760e-01
2.187986217291263413e-01 -1.891329583767400457e-01 2.058433977048617150e-02 8.175407481730103676e-01 2.873890617837874251e-01 7.360990072168863696e-01 2.209371401306911842e-01 -1.886539645280312094e-01 1.758413302585222215e-01 8.767809972504639338e-02 -4.771115061540237567e-04 5.346503661522877121e-03
1.580312521925678615e-01 3.986812385483284316e-01 -1.281771541654410929e-01 1.039851696095442257e+00 5.678028430739319177e-01 4.348437541751845048e-01 4.931110300148515702e-01 9.088689370455246275e-01 8.855599977339112527e-01 3.678182135554302068e-01 8.414936533993041534e-01 2.359875264180756049e-01
7.042215232168527184e-01
1.194396683358589062e+00
7.909573383879311415e-01
8.286777481729842854e-02
8.108162550628179588e-01
1.109314527059089173e+00
1.283468729722859969e+00
5.086081262811730230e-01
1.321868171928479052e+00
8.114555142004797883e-01
1.153597209963004078e+00
1.506468328082111174e+00
ReLU
0.1
12
2
8.161757108020581963e-01 8.429640735409738017e-01 9.595328207402098464e-01 3.511940378223865067e-01 1.011155553787081551e+00 7.375944778101229948e-01 7.888244426445230051e-01 6.728300920895167181e-01 8.149045520049710278e-01 3.585332845268947022e-01 5.085074809585656830e-01 1.062441848368727682e+00
6.061078298043850454e-01 3.649367884807596107e-01 8.791761358212709654e-01 1.250258277768763471e-01 8.370588406767691669e-01 4.297603751229777669e-01 6.065782015789911163e-01 7.610957115472971601e-01 5.627223033808834707e-01 3.676291282481218281e-01 4.373336091452107999e-01 1.060201654535584570e+00
1.292238669488548375e+00
1.572137125653413792e+00
Linear
0.1

ct 2024-06-11 11:54:19.673833
