noname
4
4
4
6
2.947093881452008457e+00 2.765858175326885160e+00 5.882736364076315283e+00 1.833720255855053605e+00
-3.947208519777648528e-01 3.559780746216016367e-01 1.766590718103917268e-01 1.540736655320517345e-01
-1.227187170664193694e+00 3.820628530558061731e-01 5.267543988206837113e+00 6.838330681586197723e-01
-5.411265158175937451e-01 6.528490912884866715e-01 1.953204085197774020e+01 1.000303359548059712e+00
2.353622638716719451e-01 -1.751115668047656948e-01 -6.758582927050335587e-02 6.199038888826229332e-01
4.419995951273724133e-01 5.450707547978846934e-01 -4.805465955180613924e-01 6.315961100874081247e-01
1.881611171513817515e+00
-2.833983194601474298e-01
-8.381948724902279491e-01
-4.097740172324398245e+00
7.283389005357553403e-01
-6.438117389040268757e-01
ReLU
0.1
6
6
-4.947496340671196369e-01 -3.976097570149540739e-02 -4.835705562394509438e-01 -3.531592617978528414e-01 -9.065920183255121723e-02 -5.237020434626892262e-01
2.530915901581453631e-01 3.153283075193468745e-04 1.174971209379124915e+00 -1.567240358925573895e+00 -1.111714472408722010e+00 1.249302495341164942e-01
-1.049352400519524720e+00 -3.158985077023537258e-01 -1.281084459792565911e+00 -3.216268738982858366e+00 -9.790115563017236511e-01 3.678986078481343847e-01
9.438703149406529880e-01 1.431442663204145760e-01 -6.337173970695615388e-01 -4.268996587921627395e+00 3.712656405635519213e-02 3.634577855629992360e-01
-4.021518835204043046e-02 9.891861105207160054e-02 -6.724574479815694783e-01 -7.013305974664857390e-01 -4.102181490165487388e-01 2.988141635387561723e-01
4.389934148687020810e-01 -1.351176537712066861e-01 4.794497020818882516e-01 -1.790658876219806572e+00 -1.987398417601508482e+00 -2.659204131781397473e-01
-3.399269985116129544e-01
3.719107809460149294e-01
1.292288464308085194e+00
1.561547786213596467e+00
-2.263493084231383845e-01
-2.598692933514360481e-01
ReLU
0.1
6
2
9.714734865289724464e-02 7.443375460512246730e-03 -9.246038543045065339e-01 1.167512338730366528e+00 -5.369073384336176674e-02 3.284238918263132634e-01
1.206117724178512735e-01 4.083230463759850437e-01 -5.286908070511355806e-01 1.073209240165143852e+00 -3.958391287973123118e-02 2.735601198308705850e-01
2.590644811801071423e+00
2.398236546764968224e+00
Linear
0.1

ct 2024-06-16 16:02:04.831536
