noname
4
4
4
6
1.827981068636582718e-01 -3.426648325265687856e+00 -1.214530468017743736e+01 -3.399028724680010605e+00
6.836262566087761283e-02 1.063686032402982318e-01 -6.508337702940941050e+00 1.767731283445274360e-01
1.154051034232309370e+00 -1.953875310353991424e+00 -2.055722539598715315e+01 -1.863393916406803907e-01
3.063279680711811004e+00 9.302346601863674680e-01 -1.131587648413176872e+01 -2.539255347767403470e-01
1.397327671021958428e+00 -1.454401551424183703e-01 -1.912596533122934161e+01 -5.088279397422049710e-01
1.975035585630707524e-01 8.072756894115542536e-01 4.886761992048174741e-01 7.130399577626074237e-01
2.160860597410921180e+00
-2.147224429149681146e+00
-5.593111098378757085e+00
3.631908748782416652e+00
4.406453937393563614e+00
-2.878857607216102732e+00
ReLU
0.1
6
5
-9.543222540294387102e-01 -1.047972950558020644e+00 -6.545250488813728618e-01 2.358065623892516977e-02 -5.767439960031430779e+00 -4.652622118582621091e-01
-1.111425379776312283e+00 9.572576280889706635e-03 -2.027124028936141631e+00 4.576988982001746753e-01 4.207101751999412810e-03 -7.092929195898838302e-01
-1.395771018051782830e+00 -7.904253143346692267e-01 2.259212396705307380e-01 8.808935678041212025e-01 -4.758025718086977385e+00 2.450741185835076053e+00
-1.942050489371937250e+00 -2.683550420978317308e-01 2.032876953545234844e-01 4.436889941764571299e-01 -4.777736042350371193e+00 1.666056235089925064e+00
8.206533606816675264e-02 -6.052551031754725974e-01 2.141215323618082256e-01 -9.396499628697443374e-01 -1.426692654052680753e+00 -3.531627023328271497e-01
-2.684583760168791633e-01
5.217860681890547525e+00
-1.622525530287964868e+00
1.761623512424324689e+00
3.115590078236008864e+00
ReLU
0.1
5
2
-1.335731144841094009e+00 1.071734150547985820e+00 -5.556752644670872598e-01 -1.333670293086771208e+00 -2.052459452296302445e+00
-5.611712836839991558e-01 9.271511648624630730e-01 3.437578688349092748e-01 -2.091463525359159359e+00 -9.531140474655241945e-01
5.371067031157781280e+00
4.159097557278305324e+00
Linear
0.1

ct 2024-06-16 15:48:47.253674
