noname
4
4
4
8
1.386924985820668921e+00 5.665430666235162782e-01 -1.409597026981536771e+00 1.753868014022921112e-02
1.156210080312605859e+00 4.233540900627644765e-01 -1.515527812107695826e+00 3.479386806108201724e-01
6.993174277326085209e-01 5.619420945417971103e-01 2.891612245024754446e-01 1.663481021684062866e-01
-1.017123664448045028e+00 1.131395495512543370e+00 2.989225087141537673e-01 1.033709640339449121e-01
1.410326641190101649e+00 2.125383564867511510e-01 -1.129246821968832304e+00 2.406474182704337883e-01
9.425280648075466949e-01 2.376046127612868597e-02 -1.087638612031260221e+00 -3.363410702362727711e-02
1.449166961024078493e+00 -4.741764515994477125e-01 -3.591373165776968523e+00 -6.849909680691996794e-01
2.219900726801957269e+00 2.757352002607968422e-01 -2.377458739242384489e+00 1.111924109247854481e-01
-7.688143385652561612e-01
8.923983263298389534e-01
3.362438704176279880e-01
-1.857327430748262898e-01
1.017157932629771278e+00
4.220499175435725170e-01
8.039233577385759277e-01
9.402110721194317788e-01
ReLU
0.01
8
8
-5.686736739127038615e-03 8.040724773322732721e-02 4.223663131129398174e-01 1.600898499964635568e-01 -2.403204320541629246e-01 4.907951756689989398e-01 -8.277897972070915600e-01 5.464439400872224128e-01
7.618508856930484852e-01 3.810983372475043041e-01 -1.991112562963543164e-01 -5.380398617854527110e-01 1.044765381774712537e-01 -5.534364446742647686e-02 -1.086490042210978224e+00 4.692633976903843873e-01
3.944204357925317761e-01 4.186951808686222853e-01 -2.329376151575486831e-01 8.140521952274647477e-01 2.033861118688482794e-01 -2.442918484302136761e-01 -1.638711708153189228e+00 3.252705561553751457e-01
-1.680673197671682106e-01 1.040905361438658083e+00 3.674954139426924171e-01 3.087780941157983183e-01 7.756116398115221466e-01 1.132572099602020099e+00 -8.237745813515294779e-01 1.938718290680873646e-01
-8.205589487227240575e-01 3.720714505991362664e-01 -3.887928018123108509e-01 -1.778350599639498542e-02 6.358726785042831953e-01 6.507786567914664033e-02 -8.460109661710916162e-01 3.443992351734652679e-01
7.777915354035005446e-01 4.261345985130617353e-01 -4.030320135694369643e-01 8.939431509908704054e-01 7.654773657890943106e-01 -5.732269453875935561e-01 -1.404432257210617818e+00 8.443489776970729555e-01
-3.959670347838556426e-01 5.549619984106226589e-01 3.925182484938254390e-01 1.127210031302011833e-01 5.585397427219326305e-01 4.796720796252142982e-01 -1.143908802281003112e+00 8.614588763157248197e-01
-5.525092816678783825e-01 8.248466395303887255e-01 -2.758158417478620006e-01 1.687239106699749691e-01 4.878595227029868808e-01 1.931872863486196468e-01 -1.209212928608121462e+00 3.602084742125597483e-01
7.892956601325874511e-01
8.411559012830613913e-01
3.025027666347595567e-01
1.151988919341360385e+00
1.282299301082459486e+00
8.127019566940942852e-01
1.131817637299345813e+00
1.214684728213729192e+00
ReLU
0.01
8
2
1.036040799623084485e+00 5.166075720300277174e-01 -6.960583039345685785e-02 1.225436032855836022e+00 1.063755788537466218e+00 7.995917402336163438e-01 1.375178692363035582e+00 1.308823045118485906e+00
2.256392015115313843e-01 7.928615550937611056e-01 8.183102282204165467e-01 1.105425178233866657e+00 1.262845956973515316e+00 1.180806551684298711e+00 9.624857092879813836e-01 1.500244007703186000e+00
1.389306939166505162e+00
1.722623214722815099e+00
Linear
0.01

ct 2024-06-03 12:03:52.876591
