noname
4
4
4
6
-4.824615405704374971e-01 3.782544723176062829e-01 -2.279870065261846435e-01 2.869879907931205953e-01
1.535389578705618430e+00 1.614167965311415764e-01 -1.841542735066229142e+01 -3.603061146864889874e-01
-1.510752025286989264e+00 -5.871392366094894261e-02 -3.121285048472234980e+00 3.972802139995991189e-01
-2.744305575567696831e+00 6.337882818631429549e-01 -6.546730488680454485e-01 -3.339659144197098528e-01
-1.280146146620301018e+00 9.286533485183328107e-01 8.479067061127679716e-01 5.755019885804295576e-01
-5.825047740018104436e-01 -1.209597895439901150e+00 -2.175915810121034610e+01 -2.580484895473839746e+00
-5.992720862976871343e-01
4.456519754737490402e+00
-3.789525091634770249e+00
-1.241389590015613331e+00
-1.059031654547593293e+00
4.517904789142625610e+00
ReLU
0.1
6
6
9.345382999358971265e-02 3.706069301647862274e-02 -1.258559768645715282e+00 -8.835258101893824767e-01 1.128432614412227253e-01 -1.492966676046366681e+00
-1.059609211790555339e-01 2.459569538420956381e+00 -1.838956002939550471e-01 -1.430229289632934941e-01 1.115288881503620627e-01 -2.214736812414603850e+00
-3.863670986064245971e-01 -1.561682597754301405e-01 -1.218870340568863453e+00 5.933763247801485813e-02 3.617621077596137047e-01 -8.620538513118216173e+00
-8.188368863814858845e-01 -1.598357415833656869e+00 5.902112985219882813e-01 -4.712046141310558545e-01 3.020129343727835369e-01 -1.121547675984492720e+01
-3.429619508568741426e-01 -7.730871108730980046e-02 -1.363498682204132562e-01 8.884358738912281894e-02 1.429703880974559638e-01 -5.581956114957327131e-01
-5.744644594587853398e-02 -7.168549941443356222e-01 3.775495981592835726e-01 -1.419696187172104496e-01 1.388068436876255946e-02 -1.368613799406037757e+01
2.397398950273951890e+00
2.360130635060142978e+00
-6.993584560420875285e+00
1.481812466065047351e+00
-2.323762506311528864e-01
-1.011988099646782935e+00
ReLU
0.1
6
2
-1.034014049860886741e+00 1.107730601360435108e+00 -4.931645111242121682e-01 -2.193159902069127032e+00 6.214053474887477196e-02 2.890085690206867231e-01
1.693529811462701207e-01 9.352559095402132039e-01 8.985791943676798565e-01 -2.572962593487842842e+00 1.626238885455674743e-01 -1.990902837251090851e+00
5.189700501073878591e+00
2.812751473625318965e+00
Linear
0.1

ct 2024-06-16 21:41:34.896415
