noname
4
2
2
3
1.834893467555291646e-01 2.046062969185785674e-01
-1.175699030529041567e-01 4.704421499509815474e-01
7.307808855981370866e-02 4.813121956690671888e-02
7.384430256676313142e-01
5.852478990258247471e-01
6.430388584039103961e-02
ReLU
0.001
3
3
-6.200966361639360935e-02 6.804741356360066717e-01 8.479802112518970425e-01
3.892963035460137444e-01 6.697539400436924861e-01 7.780113518287522512e-01
6.431947632962091710e-01 7.193410840829588260e-01 5.666917371815983762e-01
1.875638575929547136e-01
6.594263070552992545e-01
4.160495763200002250e-01
ReLU
0.001
3
3
8.097659545698723260e-01 1.584448005726161457e-01 2.383860398911998302e-01
5.670714287388415320e-01 5.374569407269080834e-01 5.782979507911611278e-02
8.126847215084535003e-01 4.940112707894669941e-02 3.353162550096566719e-01
7.245450026862274573e-01
1.804750437142711994e-01
2.486539827965212890e-01
Linear
0.001

ct 2024-06-05 15:01:48.628327
