noname
4
4
4
3
6.555023136955284713e+00 5.787510381217966238e-01 -5.543591655596465273e+00 1.581439132916692691e-01
5.813273176518348073e+00 5.059183091475472072e-01 -5.164870869436867018e+00 5.893416548624939022e-01
6.402788356424354177e+00 4.828240964038536531e-01 -3.820551675705310846e+00 1.156659164568210718e+00
7.308311989380995577e-01
6.508332923733834985e-01
8.806776511217906389e-01
ReLU
0.1
3
3
-4.364678131499570568e-02 1.753732564469967226e-01 5.147169475732452648e-01
-2.342159698928268641e-01 -4.231446730878416496e-01 1.442396366792201290e-01
-3.933783445003741219e-01 1.359293368416025216e-01 4.794058357038124552e-01
9.742955584576352690e-01
1.729641022959118812e+00
9.589911252805976005e-01
ReLU
0.1
3
2
4.972695999859467197e-01 6.668920823385561247e-01 2.359250246461024880e-01
3.839793315793591510e-01 8.483003730058794600e-01 6.837925435049545531e-01
4.106728032292956243e+00
4.165699118434503134e+00
Linear
0.1

ct 2024-06-15 22:55:11.711083
