noname
4
4
4
3
6.523031564581831532e+00 5.229255201220615046e-01 -6.179069391468694050e+00 1.390270720001371418e-01
5.769157477067746065e+00 4.682761674363882798e-01 -5.406265301239966625e+00 5.959166805614701801e-01
6.715190329324337348e+00 5.768566454814256783e-01 -3.466262517475641403e+00 1.123602989297197041e+00
6.114461745814993021e-01
6.042018225238702245e-01
8.783425323962565923e-01
ReLU
0.1
3
3
-7.968241698954041385e-02 1.691889628894149566e-01 5.494026044700004441e-01
-2.564235336981258717e-01 -4.248603558105931710e-01 1.902362036588106931e-01
-4.272059422718466615e-01 1.069878734158555555e-01 4.770691869850819389e-01
9.310871211678517501e-01
1.810466460053189897e+00
1.067819187288157945e+00
ReLU
0.1
3
2
5.214509116070740191e-01 6.489997057183117812e-01 2.514081233882410893e-01
3.545206708064708168e-01 8.853376050692332022e-01 6.878993852959183197e-01
3.910735562239798568e+00
3.986114739513201499e+00
Linear
0.1

ct 2024-06-15 22:55:14.807931
