noname
4
4
4
8
1.377197214105342127e+00 -9.314700706358954863e-01 -3.066272493090351325e+00 -1.401897681720325695e+00
-6.048908088530504656e-01 6.154210411813380022e-01 1.999469918248879985e+00 -2.301456751032634751e-01
1.686730065147870050e+00 -1.143104610173868885e+00 -4.157708325879664102e+00 -1.765110072686123077e+00
2.470313154679694423e-02 -1.695752469890610473e-02 -6.420975740849335645e-02 -2.456500085900505115e-02
3.275951596679398808e-02 -2.268932981541849081e-02 -8.668470613097525868e-02 -3.284542797033952050e-02
7.480771840617923829e-02 -5.174572229521032241e-02 -2.013060285833209173e-01 -7.558072667136071787e-02
5.669455557672974100e-02 -3.929446261219347175e-02 -1.541603225185736170e-01 -5.805236230960731519e-02
7.940097048408261467e-04 1.263389282426610706e-03 9.048930025378333717e-04 -3.885250521073556459e-05
2.314790077489518261e+00
1.190165257855226588e-01
5.405357433117058408e-01
4.215359182839980429e-02
5.663640520562585046e-02
1.302191458951918457e-01
1.001604190343791945e-01
6.992189506153667373e-04
ReLU
0.1
8
7
2.131284347205256946e+00 5.821248974616052285e-01 -2.446278543545316264e+00 3.925518567856544488e-02 5.281992478934578045e-02 1.214739078584536475e-01 9.329866590260833814e-02 1.314918092129061477e-04
9.640518607049713973e-01 1.433755387860160546e-01 -7.053983582241813988e-01 1.752745635452234579e-02 2.349965032036685150e-02 5.440877423225923964e-02 4.183371488203965066e-02 9.049417978522471956e-04
3.534379519393894276e-01 5.289464179182580272e-01 -8.728890026037853245e-01 9.537792127871425052e-03 1.283715874667358710e-02 3.043473558356069031e-02 2.322669958558960801e-02 -5.942512698116011885e-05
2.958928088404901881e-03 4.561866890289141378e-04 -1.625637936215111167e-03 1.051320025006853261e-03 1.069329875820150934e-03 1.162491567952607342e-03 1.124775842935276868e-03 1.000320780526104975e-03
2.815114665421783718e-03 3.863136280622717317e-04 -8.284636080496947819e-04 1.047139668220077244e-03 1.063385961636847217e-03 1.148881093586152317e-03 1.114470370516887788e-03 1.000846688727686975e-03
2.125929283784810248e-03 3.254290002132350463e-04 -5.097622523835586891e-04 1.035506502802181674e-03 1.048009862808069919e-03 1.112909440403955091e-03 1.086652502645758583e-03 1.000744870196132192e-03
1.657070072578231690e-03 6.490105857941297785e-04 8.451828847443876563e-04 1.014573955128583813e-03 1.019337669190516953e-03 1.044516311649858155e-03 1.034223370910192447e-03 1.000791631046509325e-03
-5.884356945470450503e-03
-2.439283559901514464e-02
1.095709881279461895e+00
-3.898150976327760032e-04
-1.373359196952417044e-03
-1.434832760590993650e-03
-2.111453687133224566e-03
ReLU
0.1
7
2
1.140399238506843549e+00 6.874339264425781693e-01 -1.400304737732474825e-01 2.421117771292255732e-03 2.462230500709250251e-03 1.940770013653175677e-03 1.463740791385123932e-03
9.172419256228889761e-01 1.645376540453597491e-01 7.713249341593310104e-01 -3.302717594480182627e-05 -1.016856523328453499e-03 -1.080039546670678863e-03 -2.312832965584247016e-03
2.202806047170998482e+00
2.710221471216931466e+00
Linear
0.1

ct 2024-06-15 23:14:28.461139
