noname
4
4
4
12
3.112391383119449961e-01 7.095144280721933372e-01 5.558380804748430659e-01 1.014356312218845035e+00
8.415915663584567774e-01 6.786871558432779894e-01 1.094972036214631794e+00 5.474352166326851288e-01
1.225211391800951954e+00 2.430843959478893035e-01 6.339213005964454695e-01 1.045405933387502539e+00
2.376049065428205431e-01 2.782242490463537887e-01 3.796361975199284422e-01 4.922250468503736043e-01
5.853720117229148645e-01 9.313965381617378414e-01 9.122508376022590015e-01 9.046093124209116931e-01
1.404980819960199856e+00 4.841184213661698932e-01 2.145024168322173241e-01 7.774044638695603027e-01
-1.123637364801349930e-01 9.029128084656846687e-01 3.562953152568490434e-01 5.841137314591996477e-01
6.262673984431580410e-01 4.575945015974395291e-01 4.058752276256729075e-01 6.986171442430890721e-01
5.898168225468892745e-01 7.507355780447132476e-01 9.875018247115162628e-01 9.204600156216717899e-01
6.307557015901840147e-01 4.665169898888650302e-01 9.581473202199736194e-01 7.078786288181615483e-01
8.878524270330148127e-01 2.723935400794596506e-01 6.109513825987092916e-01 6.452324181184150298e-01
4.374005099210864778e-01 6.537656804251105180e-01 7.765050520956694458e-01 4.692233746729118082e-01
7.853475368129118062e-01
6.355723706804926598e-01
9.185805156567619090e-01
1.053696173862591623e+00
4.001742490953764664e-01
1.917056616383676360e-01
8.308477802668413903e-02
4.251414166116522786e-01
8.887374046587378507e-01
5.518178834674101196e-01
4.085006285676219262e-01
7.545767121327886517e-01
ReLU
0.1
12
12
-4.779084763776463018e-02 5.937064159651940232e-01 2.013819776492548064e-01 5.946785901519366924e-01 -2.311628136905171660e-01 -4.527554440679592007e-01 2.960482561067501184e-01 -3.785686339700788383e-01 -1.392228324667622030e-01 -1.430937268334147028e-01 -3.607213114049136471e-01 6.698203602070704199e-02
7.211063520778216995e-01 7.507002703741292304e-01 8.977800839123374343e-01 9.069855255608581801e-02 7.463182883869164952e-01 1.976108769430145184e-01 3.878571014070561485e-01 5.571913392144364208e-01 9.625309408511333042e-02 2.050432969780589254e-01 1.149866947890689772e-01 6.569964631976820124e-01
8.991808885549460451e-01 -1.478801100648938910e-02 4.232528693224607008e-01 5.971834993102725919e-01 -1.841501222583612485e-01 7.489753256316342700e-01 -5.331464668947871050e-02 6.080325209461752145e-01 8.416943176774330793e-01 6.423898575966009439e-01 6.663815866774873697e-01 -2.473702506916724830e-01
8.598496785762671513e-01 1.746416471103554857e-01 4.105689260336568558e-01 7.441638939595395241e-01 8.525767828346070276e-02 -1.841244785810307316e-01 5.275559576334026834e-01 3.122573472370277492e-01 5.698426751349278119e-01 6.194721297164608176e-01 3.596184505859494895e-01 -3.523161395599375655e-03
-1.139849992075101376e-01 -3.097243302493342398e-02 -2.817447025126753601e-01 7.950404917465746235e-02 -6.093060399182156223e-02 -1.856323320174973202e-01 -2.471562198341780425e-01 2.766101244747746213e-01 -2.147433986418272045e-01 4.232112650693053424e-01 2.430553484533136133e-01 -2.279787874048389007e-01
1.983795927590753516e-01 2.234209233615667423e-01 7.985340253021505630e-01 6.139063303230395396e-01 -1.673997170810528068e-01 -3.879565510355302282e-01 -2.733613339172484835e-01 6.057233195488358479e-01 1.016913107381932635e+00 1.373296185421355453e-01 2.382969378796028492e-01 8.502668774188270051e-01
3.733573895268554321e-01 5.901574732583398930e-01 6.846436080631439491e-01 6.327779778831103819e-02 4.974560914460398608e-01 -3.495486167501312136e-01 -2.530727830337291540e-01 4.223530091329272262e-01 5.616666293562648793e-01 7.064863599312432019e-02 4.223518641332544288e-01 5.685184599285136864e-01
6.643433840598748918e-02 1.751250892426699513e-01 9.586185174405927878e-01 6.857519396547143153e-02 6.250513008787929037e-01 1.546119281025202519e-01 -1.235988735554354595e-01 4.266882751167481169e-01 6.330240633929269389e-01 4.467221279143763213e-01 4.914226878180698033e-01 6.196167448859102311e-01
9.098755006702431425e-01 9.492365833307711553e-02 3.280618114676752128e-01 1.056456720505974056e+00 8.852420062581349836e-01 4.669475964137179691e-01 -5.138650694534101920e-02 -7.311468367570572724e-02 2.903156862348834633e-01 1.399311659751630854e-01 4.867252288305252139e-01 5.741475578231614030e-01
1.889308194507987038e-01 2.633683853107177675e-01 3.529268699837462830e-01 2.461180978511532946e-01 4.052596599889595197e-01 1.803976187674959653e-01 2.258733701640977809e-01 -1.285555561856847190e-02 7.078394194393680117e-01 5.790250932550286000e-01 -1.407867029754419352e-01 -4.403422469330339067e-02
2.421993715167481132e-01 8.105448927896818923e-01 7.478488580374655081e-02 -5.592288990003267679e-02 5.555985919108582527e-01 4.304348397932376141e-02 -1.490310401730472745e-01 6.641820171109764637e-01 8.440899017136075377e-01 8.197113263898100355e-01 2.830988936904915709e-01 -1.436517725150758262e-01
6.968311420393367150e-01 1.405320277407171026e-01 9.890513874434579689e-02 9.333276158265478850e-01 1.429192179098078275e-01 3.170975076751623156e-01 4.128366268688190011e-01 3.461862523628164157e-01 8.590628093384557185e-02 1.040871030979074047e-01 1.450561411583929650e-01 5.182686924260874184e-01
8.780925269010435574e-01
4.510067647830211524e-01
3.977975629072881825e-01
1.056868791958151865e+00
5.323839837783861384e-01
6.696184453561606631e-01
6.476735470713017584e-01
4.669166943576229523e-01
6.025496258175873088e-01
4.904367979082123186e-01
5.593002089405938460e-01
1.031465682688185614e+00
ReLU
0.1
12
2
1.723569730303800562e-01 3.862671280012264785e-01 1.735642612854635392e-01 9.781226768057129650e-01 5.482662419025895878e-02 7.517352417096847539e-01 3.323583010178821628e-01 5.498562632047920840e-01 9.287083820237478360e-01 2.049729788546242326e-01 4.402480336218667079e-01 5.684624178679932305e-01
-7.089025817794140927e-02 7.081761428300432648e-01 7.138606947517346368e-01 5.575812149491649050e-01 -1.385669997859863278e-02 2.407118063361433913e-01 2.231683272763626547e-01 7.425947029859099047e-01 8.319409874463229437e-01 3.472072692085876322e-01 3.124136849457688214e-01 4.350293623568767254e-01
1.533805387641554940e+00
1.395530939972627005e+00
Linear
0.1

ct 2024-06-11 11:51:26.344837
