noname
4
4
4
12
-2.425009546625015666e+00 4.276817713408337940e-01 8.948357326813253243e-01 1.382199947216996953e-02
1.296705183682968388e+00 5.646560844571734128e-01 -3.101994316087887427e+01 -3.537231112748306233e-02
-2.731032289305394656e+00 -2.860779913621154247e-01 -2.140149371038402304e+00 -8.354829624840249824e-01
-9.232643874803252437e-01 6.832713379872580317e-01 -2.151510424444326719e-01 4.120524597502691067e-01
-4.001548677109609264e-01 5.982020250628375946e-01 -1.581159662943150579e+00 4.135222775250713134e-01
-3.848745591381906861e-01 -4.522877075957942306e-01 -9.556279899025016178e+00 -9.296409111164647410e-01
-1.525188321000909564e-01 3.880008793644104115e-01 -1.227985739589996239e-01 2.129124538801122624e-01
-3.249626539340340958e+00 1.721746194681943232e+00 8.499272559010957906e+00 9.389008040848292325e-01
-3.543397623104235894e+00 9.276974536381810132e-01 -2.809520598699778993e-01 7.556196395811362043e-01
-9.952771416870763721e-01 8.121635870865696605e-01 1.045859245264781689e+00 1.609873512385802952e-01
1.801504256276129423e+00 2.041145582918491019e+00 2.475094119730165965e-02 2.294418098426694197e+00
2.833926862533307500e-01 3.417081232262923596e+00 1.281604066195151936e-01 8.568111869685313131e-01
-1.842366953175890831e+00
6.847860011508460687e+00
-3.679297970640050153e+00
-8.417431250538789378e-01
-5.740050087435772941e-01
1.566104155423299282e+00
-5.687111728764087104e-01
-3.449156511722959451e+00
-3.153116100498287722e+00
-1.404802934428920347e+00
1.673985699090891899e+00
2.505450723418659043e-01
ReLU
0.1
12
12
1.497607798623272202e-01 -3.415423306084090505e-01 -5.342665610143383370e-01 2.279531549801481483e-01 -1.615753521129856818e-01 3.408495376286110878e-01 -6.772885787692365378e-01 -1.010795559714495084e+00 -4.128240304682373463e-01 -3.439225935020353425e-03 -8.190382624924632537e-01 -1.080725400001499414e+00
9.147631341269812921e-01 -2.645909711322875779e+00 3.791568532885374737e-02 -1.512049074642686231e-01 4.506663467232118747e-01 -1.496206192270104873e+00 -2.338349364468590708e-01 -2.009056311142213946e+00 8.346476373393665327e-01 4.606350599163778203e-01 -3.150058749154487359e+00 -1.027140847492542752e+00
8.344724326213720511e-01 4.370185274590725477e+00 6.047920787707183887e-01 6.626076967947421847e-01 7.981699329078753569e-02 -1.144435364177358583e+00 1.320768227965407882e-01 -1.558698898436935876e+00 1.066875008653903834e+00 5.759675004566278123e-01 -5.644561429781455031e-01 1.322492033362020036e+00
4.796749319967296699e-01 -3.538218124837331668e+00 -6.281427266709336266e-01 3.397525027198509129e-01 -1.940214551838213008e-01 -2.905248570369638461e+00 -2.907417123107538526e-01 -2.402717523326347138e+00 -1.845472018800213609e+00 -4.448387139832839510e-01 -4.599285462893421439e+00 -3.080758160781047472e+00
1.011773241228189624e-01 -4.473021612170336447e-01 2.796645307676637882e-01 -3.154250752170800840e-03 3.249454591261396463e-01 -3.488921298360693202e-01 -1.263699363072146586e-01 -5.926597490133561630e-01 -2.006920152580898287e-01 -1.034217678351041086e-01 -6.617074918646559389e-01 -3.564812092921514353e-01
5.640812793170845163e-01 -2.057340049425668005e-01 4.355582439625825530e-02 4.068158692289007283e-01 4.343165271179902365e-01 3.279915867467880081e-02 -3.054001058604258190e-01 -9.522984923660320344e-01 -4.080050113323036021e-02 -4.345745806617686835e-01 -2.470127433094233549e-01 -3.211148824710078342e-01
-1.894160965094646154e-01 -4.888599819741860308e+00 4.907855986400895820e-01 2.471398508656607040e-01 -4.867459495243404155e-01 -3.212740438152047240e+00 -3.839042400967782043e-01 2.527389875104730232e-01 -4.773508892657295222e-02 6.843785059787079739e-01 -2.483090903538315963e+00 -8.646195433027413779e-01
4.892717779991914151e-01 1.647937121123786097e+00 -9.315980185632359578e-02 -7.946317886179106449e-02 -1.007337226637092659e-01 -5.210539396777908117e+00 6.161355698144543175e-02 -2.292291689725234338e+00 3.356594355225837600e-01 8.559634224605519037e-01 -1.263978763268834626e+00 2.107849566297584631e-01
2.212502072164131417e-01 -3.740643725078167392e-02 4.229606940600360021e-01 1.130548484798663267e-01 -3.827027412934754791e-01 -5.686489233513144503e-01 -3.445852312575622411e-01 -1.415405172493604535e+00 5.358979312347273982e-01 3.320515390847137982e-01 -4.646074124632852076e+00 -1.648111969656063103e+00
3.397351843506677405e-01 -8.704337234316376071e-01 -5.923471695958486549e-01 -5.163963149328893998e-01 -2.722308637378867968e-01 2.016687723571113089e-01 -5.541890260903143961e-01 -2.553054342548594091e-01 -3.248568386869903346e-01 -1.028981468864180043e-01 -1.060063495874037587e+00 -3.116323521229810711e-01
-2.427867643734513969e-01 4.370810381409390821e+00 -1.837392159922983104e-01 5.113777792952293177e-01 7.852932156938067232e-01 -1.019373892033828416e-01 -3.283140061510076979e-01 -5.375622346852226840e+00 1.875564213287759907e+00 1.279716052928464576e+00 -2.868704562602439001e+00 6.093399365682951041e-01
1.179992041272889397e-01 -3.572701104282782758e-02 -5.013854149265281612e-02 -1.182594220767366339e-01 -1.829756091157818121e-01 -2.462018131584828851e-01 -1.069701261441605329e-02 -2.622621185231264751e-01 3.422428767066460625e-02 -2.857951174403039474e-01 -1.168367392922947390e-01 -3.570625703487926295e-01
-7.938361672139264413e-02
3.205813102003048254e+00
3.119183443945988898e+00
1.599160238203800821e+00
-5.058843489529180060e-01
-7.294039692109813289e-02
-1.284608239198656188e+00
2.013817941339777651e+00
-1.995960305718001981e-01
-1.686388236803480212e-01
8.622677125341260407e-01
-2.922812225634182637e-01
ReLU
0.1
12
2
-8.601686631952812356e-02 -2.174189542380453144e+00 2.698314436709728703e+00 -1.572291498795148623e+00 3.483012815442098620e-01 -5.738408500316492800e-02 6.862108142759570928e-01 4.149630670594459669e-01 -3.982701413929925494e-01 -2.859901696388314485e-01 -2.684595389660439313e+00 -8.953460594671661110e-02
-6.090284351993130452e-02 -1.815055913532638843e-01 2.801190012665248030e+00 2.347382195473574074e-02 7.280559912060249883e-02 4.036132643224187022e-02 -1.712810979473091466e+00 -5.116155824390404838e-01 -2.231179124732556029e-01 1.423916004497938594e-03 -2.780002687652300963e+00 1.289383087954862617e-01
7.284848193172130948e+00
6.918166750647228191e+00
Linear
0.1

ct 2024-06-10 19:03:54.157184
