noname
4
4
4
6
1.129995941962786077e+00 9.228285101159005022e-01 6.295385090689827878e-01 7.125087430244836373e-01
6.453813788655349271e-01 7.366399980559449334e-01 9.833083142886729355e-01 9.860331394532950711e-01
2.608342546760273883e+00 3.422534352349627662e-01 -1.242287369204675418e+00 4.371670850933011554e-01
4.181534805091177698e-01 7.805182585124218475e-01 -1.501055696208218326e-01 4.201207334480970834e-01
6.935730316967972930e-01 6.026516515083554237e-01 4.611793090553887309e-01 4.106943259643788258e-01
5.952909432147847069e-01 2.853000294738480824e-01 9.774191862986878476e-01 9.599576318058563595e-01
1.865678813994406660e-01
1.003892589754286080e+00
5.633513156045316661e-01
-3.282517041107563815e-01
-1.306435290763535151e-01
9.814336681191033751e-01
ReLU
0.1
6
5
-2.941037383797986404e-01 -9.925081406740315915e-01 8.483434687512592109e-01 7.611594569550320655e-01 2.732440974982855431e-01 -1.152221966141509846e+00
-4.151206372504982478e-01 -8.678851314719815413e-01 1.493328317085949264e+00 4.301898131187058966e-02 -2.615488637932412708e-01 -9.063245358472448165e-01
3.040077230771813244e-01 1.470850987846605562e-01 2.355268703862730406e-01 -1.223652524079152509e-01 3.627771527923173700e-01 -2.567941394748599060e-01
-1.175983633890951771e-02 7.866683823431149802e-01 4.011778943091975913e-01 -2.062933324444345823e-02 2.980030042130267787e-01 6.393762437879081384e-01
1.626349551088021872e-01 4.282630410497623163e-01 5.012321144283230501e-01 4.542221613781816658e-01 -9.486905275810557370e-02 6.771525473546221585e-01
1.465770128229030966e+00
2.060553986255630132e+00
3.777944896662469021e-01
1.407063348643658784e+00
8.833566566269051012e-01
ReLU
0.1
5
2
-4.795177024152071921e-01 -5.224512910210150629e-01 1.158671014399589999e-01 1.093356763490169081e+00 8.476744391105268672e-01
-3.575819891947190077e-01 -4.521021313640236627e-01 5.488723084422452575e-02 9.228570826308233332e-01 7.008074374134319884e-01
2.346707371119683749e+00
1.826677923930800862e+00
Linear
0.1

ct 2024-06-16 16:01:06.238072
