noname
4
4
4
4
-9.479192987614120103e-01 1.832476316628008473e+00 1.403483542132043382e+01 1.636681521238166237e+00
-2.877457828436422282e+00 9.306541044905279891e-01 2.180405660833858050e+01 1.414848803526064236e+00
1.531887960512941627e+00 -1.746215645307950926e+00 -7.129236275245654397e+00 -1.141416758943981646e-01
-3.067527022272093173e+00 9.283270848453436530e-01 1.268591650651789493e+01 1.088286565205144329e+00
3.842507522738293435e+00
-4.929081638218821837e+00
-2.575315256196150648e-01
2.857947805211086489e+00
ReLU
0.1
4
3
-8.584147822439651410e-02 -1.346716649022773771e+00 7.469464800976590921e-03 -1.655101935066732866e-01
1.669766606953842381e+00 -3.772113516621068641e+00 4.473558883550434739e-01 -1.340418479714943656e+00
-5.305649202034595779e-01 -1.197257997230757987e+00 2.863030882355508955e-01 -5.756252815310852755e-01
-7.677045037146518203e-02
-1.375138186556082096e-02
-7.984368257110593392e-01
ReLU
0.1
3
2
1.245311071875302850e-01 6.118302230994557833e-01 -2.686452703073295423e-01
5.342409166177797264e-02 8.639167083062440078e-01 5.028364626935787340e-01
2.143479565682509858e+00
2.168217750940365285e+00
Linear
0.1

ct 2024-06-16 15:42:02.322487
