noname
4
2
2
3
2.600959717526975939e-02 2.260933662366719499e-01
2.930957860902684842e-01 4.256731758940454635e-01
7.183281189403479816e-01 1.364738516494614917e-01
3.151010991632630653e-01
6.653943398145959476e-01
5.315970668311368330e-01
ReLU
0.001
3
2
1.913000943639793783e-01 1.301749602518150195e-01 -7.242238081095525928e-03
1.460714616335001548e-01 -2.838791859472852841e-02 3.539826836541755117e-01
2.967666676529990832e-01
3.426590260932247944e-01
ReLU
0.001
2
3
4.145510509486662332e-01 5.244513672967737739e-01
3.843676878648114581e-01 5.556621750136165883e-01
2.157480439108042103e-01 5.120219975582462890e-01
9.637190269952308763e-02
-2.584906686631255890e-01
8.901314788095259223e-01
Linear
0.001

ct 2024-06-06 11:41:57.057028
