noname
4
2
2
5
-3.089918939693455865e-02 8.924345253305053793e-01
1.129313353846350398e-01 1.419646397084101397e-01
5.848796769558655129e-01 9.597680920342023247e-01
5.533893817554389472e-01 4.815686909806636273e-01
6.215783377242116714e-01 8.903315961651209198e-02
3.821159080864449109e-01
7.058672810476349646e-01
3.271584495181966146e-01
2.446095045265383183e-01
7.139140798653235143e-01
ReLU
5e-05
5
5
4.023739541779945972e-01 3.516440406831620180e-01 8.416359040465138941e-01 9.132910607478418319e-01 1.907519222556191274e-01
6.733010705637701987e-01 7.546687340300816116e-01 4.756622623656728832e-01 1.220750535844228463e-01 2.194009201747173232e-01
5.521934048407424189e-01 6.656886063799862807e-01 1.229215471237062041e-01 3.177172364326623644e-01 5.538445033749504753e-02
7.893415582044639445e-01 9.349710870184110290e-01 6.034219283344723905e-01 1.516460682462919367e-03 7.353677398950793365e-02
3.052093794848470543e-01 2.226756298273664947e-01 1.552154485205873569e-01 2.769768505045795970e-01 8.435542666032040948e-01
2.570572672914155365e-01
3.165689376170763292e-01
6.035584887396591158e-01
4.350597766176629300e-01
1.259433980222606497e-01
ReLU
5e-05
5
3
6.107705251246690059e-01 1.184277720443973614e-01 1.536810108367148431e-01 1.786894660934510715e-01 9.420482735948205733e-01
8.421114346994408584e-02 3.517087979547307564e-01 7.079731942683783474e-01 8.093430743016758466e-01 3.503385121023258053e-01
8.857908810360845542e-02 3.073249933026190872e-01 1.868309438956615720e-01 9.585958618846321944e-01 3.917835500604287535e-01
8.215622529078491221e-01
4.958511870740335836e-01
2.291751189732057215e-01
Linear
5e-05

ct 2024-06-02 02:37:39.902171
