noname
4
2
2
5
-3.342379337396245848e-02 2.150447448172413956e-01
-1.599604369783796595e-02 7.300644230056407835e-02
6.470452479075187169e-01 4.353338698509768845e-01
6.935761175514868482e-01 1.594246527490141563e-01
-1.225459969056469367e-01 2.665339847482267044e-01
4.788960006289789129e-01
1.093196412999282718e-01
7.328588605343063778e-01
6.465687222542955137e-01
2.673195000801215082e-01
ReLU
5e-05
5
5
6.141140099250473883e-01 6.543125759616541526e-01 3.080712395585402108e-01 7.062066891054201712e-01 -1.196145991700522243e-01
5.329706961282646427e-01 2.421326985847063740e-01 1.296906569851364321e-01 6.780090579209753221e-01 2.652744066655994826e-01
2.888608920633399246e-01 5.450940563222339552e-01 -1.220445472993180874e-01 6.521360662194564117e-01 1.138437223854331243e-01
1.990565224173016790e-01 5.461513945598457376e-01 1.796021981916283150e-01 6.401723609692511197e-01 6.432550854310931099e-01
1.904590930281922501e-01 -6.228621807007586608e-02 5.102939921284864733e-01 5.002908109402692816e-01 1.741964330964726124e-02
3.506239601829462260e-01
7.462614316590095997e-01
2.221247241608078904e-01
2.295164351912025447e-01
4.258041244966968009e-01
ReLU
5e-05
5
3
3.636747904849424451e-01 6.081044592661762893e-01 7.642502095919172511e-01 4.260351940730185971e-01 3.531658755094154167e-01
8.073051623893949813e-01 6.674989280182801465e-01 1.035395143545766172e-01 -6.096926431617524095e-02 6.044056791637173465e-01
3.212908681026715452e-01 3.767702550970919995e-01 1.439883889848745102e-01 5.962466695280370654e-01 7.624609849727109756e-01
-7.042052376830375271e-02
-3.364198556008180570e-03
8.159120509167880342e-02
Linear
5e-05

ct 2024-06-02 12:39:38.313246
