noname
4
2
2
32
5.896315408727614144e-02 2.638562953916250287e-01
1.896500459654701376e-01 4.877729119078732523e-01
2.965444856041271060e-01 1.300439570881357365e-01
1.641918846038001867e-01 6.401274180472256159e-01
2.306606754952217342e-01 9.419365124268279377e-02
1.631417841820270720e-01 1.115848441501223198e-01
3.472554404332997557e-01 4.175150464591158017e-01
-1.214721934945519125e-02 7.209032780794055045e-03
4.156231208021312629e-01 -2.026705751410465967e-02
2.111320296702710875e-01 4.911392366627776451e-01
1.820172204689368411e-01 7.345088203562215590e-01
5.722812180050440567e-01 4.424896574200284372e-01
1.665095562651992267e-01 7.596230286234882945e-01
-1.182427484214348262e-01 3.955693441490977791e-01
3.800474984199289086e-01 -1.302103811135793821e-01
8.343226799813665551e-01 -4.549385502267318249e-02
2.301658264987802294e-01 5.190284864792545916e-01
1.755216463692275131e-01 7.323611012866267922e-01
6.265618336812077693e-01 6.990349732656968573e-01
4.062918583246811211e-01 1.456837195283429698e-01
6.772492588421262782e-01 3.030859798461075783e-01
7.144026531910531164e-01 3.772121573640472847e-01
1.557708994793970125e-01 4.070943521056769043e-02
2.374077143333105655e-01 3.192646412599509098e-02
-7.018867939158249247e-02 2.743110104666762750e-01
3.403979059008959696e-01 -5.196762018662063470e-02
-1.187276777208604896e-02 1.006912594804639099e-01
3.231096532976031332e-02 1.020947239104785104e-01
2.513918452031071449e-01 7.994404464676369004e-01
3.126588503477280567e-01 4.507166398159537790e-01
7.769188041021130031e-01 6.903350635366820587e-01
6.041009343520362673e-01 3.505151366180763728e-01
-2.549154574910688503e-02
1.617264252139818115e-01
7.128934770304931057e-01
3.847800642806066540e-02
3.182282909581208852e-01
4.026892023714353369e-02
1.771426958702564669e-01
5.833450586627071145e-03
5.654318875423928192e-01
5.026887547561077474e-01
-5.318546754712811728e-03
4.899789411702226150e-01
3.867512332994005875e-01
-6.145017901027882701e-02
8.380862124482363340e-01
1.433497065854988928e-01
7.687217096655611648e-02
2.882646127233284838e-02
1.738199574209211007e-01
2.478888644629696492e-01
2.345864092054000816e-01
3.094049364334551799e-01
8.623252216020468319e-01
-3.548553255711121152e-02
-1.219391435976480975e-01
3.267061589928201837e-01
8.438016046620750998e-01
4.231452932856406557e-01
6.696433480840722208e-01
4.570962565336339489e-01
6.356602852457389485e-02
1.422870887115195715e-01
ReLU
5e-05
32
32
2.185546013215330374e-01 2.091648002000093820e-01 6.825442336100920881e-01 8.391142938859047495e-01 1.637087726758058165e-02 2.027429792198644221e-01 2.437318306143793079e-02 9.047553939782871923e-01 3.150780326270410381e-01 3.752117473759867816e-01 5.483893269841010332e-01 6.995624886575005918e-01 3.166181374966535178e-01 2.014313531428009729e-01 3.197246439048110900e-01 3.051320600659241933e-01 5.968713791881030684e-01 -5.880948891149248570e-03 3.975142746977249342e-01 -7.183421250143555425e-02 6.128111330924186362e-01 -1.947151656469739422e-02 2.522692882566947570e-01 6.635830622491249997e-01 4.794019765415112877e-01 8.184444361214036068e-01 -6.643735988233459566e-02 5.417704451959535206e-01 2.750128793216638501e-01 6.237367007225588234e-01 3.633515813910780379e-01 6.162405685972911079e-02
4.266329303933604766e-01 4.874086530569095577e-01 3.242629818418119036e-01 6.757653858621309739e-01 7.296168147381598690e-01 3.530238424613288961e-01 -1.302262797149599492e-02 1.491301038005898166e-02 2.736887627928075162e-01 1.588867286189981631e-01 1.741390088979680451e-01 9.558097787246209835e-04 6.240330852970327191e-01 7.876775389064131216e-01 8.026197257608648217e-01 3.472177465090707238e-01 7.006528334320145657e-01 6.666407047927055407e-01 3.430448795088387737e-01 2.922279069914329175e-01 3.527883904761594525e-01 5.461121757005606980e-01 6.265349777333435455e-01 -2.846878792794799509e-02 3.964615684882538127e-01 5.067019455784677051e-01 5.743152312898219813e-01 3.391614974496904300e-01 6.581011817634577765e-01 7.936448103881131866e-01 1.582778916274065750e-01 1.659013622561155699e-01
3.841111406639525772e-01 4.228138943996095356e-01 2.945953854474047673e-01 1.336573848250516006e-01 5.268393136456372972e-01 1.660936440901423505e-01 6.528802067074866988e-01 4.172009563935887011e-02 2.949956523576635625e-01 4.407650099485392881e-01 6.669320944413598129e-01 2.980925802784740730e-01 -1.570681614974896514e-02 6.456412845745104212e-01 -6.678380071456431477e-02 2.967870878025095083e-01 7.709694407294177543e-01 4.269257579045250828e-01 7.352394702288678197e-01 8.044924719550812231e-01 1.881727283645855120e-01 5.343560519545114129e-01 -1.009729676106572820e-02 2.570700791523366502e-01 7.399085399229647919e-01 4.027733005963000656e-01 1.187031655632578148e-01 6.026250514432235361e-01 7.354969142957826778e-01 1.782287212327912929e-01 1.253042928374363818e-01 5.373880466621122620e-01
6.492502553511382279e-01 8.414958799808128775e-01 8.130651922577705193e-01 1.251739322436531271e-02 5.034487117487555091e-02 -2.640468750917097582e-02 -4.903047508932045079e-02 3.994689600216050906e-01 8.412062919287337515e-01 -6.608952784546937020e-02 4.471901429176171616e-01 3.018030796231268575e-01 2.038869867483444343e-01 -1.163258704032103796e-01 -4.505299041531774656e-02 3.780137827108262516e-01 -1.111652017616587274e-01 6.162060883307993175e-02 6.630762325578097860e-01 7.641960814628584453e-01 2.736211734159875730e-01 1.476336781023296907e-01 1.984230104412843670e-02 9.866597981821602359e-02 2.946022081164071937e-01 -1.501633078410249435e-02 3.222797983446047398e-01 5.412436165384215681e-01 -1.068339947857891853e-01 7.672856001323297148e-01 1.683742594553396255e-01 1.027190190270858144e-01
5.061433066303474559e-01 7.712630203281249930e-01 4.409095191470734365e-01 4.145405529115305243e-01 2.766077628676332778e-01 5.279724580718558880e-01 7.856354714702232789e-01 6.638833168007493013e-01 7.199355846993849006e-01 1.559601491973031939e-01 2.954087291891538750e-02 7.003043819582423224e-02 6.374374238463202946e-01 1.182624732318343641e-01 1.564388732848850661e-01 1.510058397815129683e-01 2.178112585706050985e-01 2.201476955866240801e-02 2.143151135801408258e-01 3.228271613363219439e-01 8.436996283006792385e-01 5.010977007134972405e-01 6.806899310884922949e-01 6.293315323359349733e-02 4.659996797813289460e-01 5.140554515997310947e-01 2.309838122144944883e-01 5.381816166852843031e-01 -9.732878857008913850e-03 7.574002746057867386e-01 4.808957139441458195e-01 3.551202303766579083e-01
4.627726402960902763e-01 7.038828296680876839e-01 2.750236352735158651e-01 1.404372193465872332e-01 2.296403627199185282e-01 6.179479116107634562e-01 8.668013092512509843e-01 8.744323623495582343e-01 1.331293872064986394e-01 3.499626240841466340e-01 8.502376793299591673e-02 4.786191263012068431e-02 7.712068200389791128e-01 2.396814253690787988e-01 2.924271395878672020e-01 3.505132767375278013e-01 5.658067525611768511e-01 1.608330259555041941e-01 -4.114179220659808234e-02 -9.561904836681331399e-02 7.185668164181059359e-01 3.092543661616858897e-01 -9.724405254996883186e-02 4.823855582086030713e-01 5.055021010969542594e-01 -6.012317136509030824e-02 2.625203161724645740e-01 3.299478225712003665e-01 7.848270983358787145e-01 1.106529293324178403e-01 8.598619996362200091e-01 6.390534064955415428e-01
-4.148211658501124027e-02 6.291463360600680899e-01 -5.409457396432067189e-02 7.748324018210482889e-01 4.092346174441480189e-01 2.499353730987605438e-01 6.544100749946716311e-01 5.788196892982174768e-01 6.428559000792784250e-02 5.082372539698140068e-01 2.207549903894201471e-02 3.304787745866745730e-01 -9.129012984753845372e-02 4.223412508278960309e-01 6.644525178683123867e-01 7.794337570900254919e-01 3.635064741078444794e-01 7.929499127680964543e-01 1.164876457910578311e-01 -5.320711738078523489e-02 2.799239634216361683e-01 1.023948582188805023e-01 4.473690490295118005e-02 4.791349698136797008e-01 8.453884406054654743e-01 5.898428840278631125e-01 3.137170400091763289e-01 3.864413723486134766e-01 -5.929463414065722776e-02 2.525667218156046889e-01 -1.145259574243654849e-01 6.170376097355284584e-01
7.791005457117283761e-01 -3.776347906331245508e-02 2.708658606523647872e-01 -9.624692502773311842e-02 6.856977091057275819e-01 4.152263210920901226e-01 8.365888000895701504e-01 6.948050982919365959e-01 3.623063909454001807e-01 4.907323781127752027e-01 -1.088779075111521027e-01 1.937817397640441697e-01 1.995580329288891841e-01 -5.030377809890117929e-02 6.825243979479849177e-01 7.160085616638866002e-01 6.093734845956524371e-01 6.320712735347954192e-01 1.626788594277494004e-01 5.804929597260136687e-01 -3.201942772310741037e-02 4.087490947437913413e-01 6.266990432058856531e-01 1.102146001928714925e-01 5.566977947564705209e-01 1.417617328142069810e-01 4.853933866028854460e-01 2.485849457628782622e-01 7.609686715271547497e-01 1.955936834692325599e-01 -5.251546473012214111e-02 6.814627632741621088e-02
1.025387993126960079e-01 4.009370885631307058e-01 -1.144912480871762839e-01 1.174780630658188996e-01 3.857101716342150599e-01 3.937482034644054218e-01 4.022506573821097581e-02 5.292592131972164715e-01 8.754190725158472741e-01 5.184651568244547093e-01 6.866555399872874554e-01 2.565035836418175785e-01 -1.063859315738536343e-01 1.660919068837947987e-01 1.571296701834378751e-01 5.603086935586143458e-01 7.250059501050367672e-01 3.977684466559456844e-01 2.413886882807007028e-01 5.986038392361061611e-01 7.061650685652904880e-01 8.611347754030177493e-01 5.807768819782416214e-01 7.617041621119937655e-01 4.263003356274858713e-01 7.283626634986975490e-02 1.380881568001272042e-01 5.151787742958021665e-01 1.324456010997859118e-02 6.374998317997928599e-01 5.909523037870850759e-02 3.413159869169914984e-01
4.015843526972321942e-01 3.067423669012004916e-01 1.735694698422143301e-01 8.598651403860485543e-01 5.579992181526764738e-02 9.692461765374990601e-02 8.550089514665712986e-01 1.342800390665105925e-01 3.837967278792381309e-01 4.775649555529637991e-01 8.168368684400535429e-01 -4.241804669995476867e-02 2.950544318359882290e-01 9.382992188218436391e-02 4.130710573330927948e-01 4.582918279869332423e-01 1.901846433906960454e-01 8.110282151967135311e-01 1.025609410946366207e-01 3.070039781579683158e-01 1.195499946726335944e-01 1.151359253314030301e-01 -8.953298986188802655e-02 2.859302653405507710e-01 8.006606638780874308e-01 -8.642751279085128524e-02 -3.790022330621458692e-03 -1.043307266290692675e-01 9.205148509348207164e-02 1.264993910663390342e-01 -1.073730326461619367e-01 6.545115149306151014e-01
2.081834071916364992e-01 2.752219859968311200e-01 8.258039191359788367e-01 2.115734178676632882e-01 5.020916717792541784e-01 3.234183205751193779e-01 7.713578603658137745e-01 5.695119056870129315e-01 2.374769337194456986e-01 8.098945317253909426e-01 -8.418057478316294528e-02 7.841887402446664490e-01 7.178458781108923992e-01 5.721970215579267327e-01 1.559604808464708781e-01 1.424404671343755362e-02 3.530958632354596616e-01 3.910322396835184122e-01 6.543017521095653155e-01 1.704835422133988976e-01 8.227483507890197556e-01 3.382539104605047364e-01 -9.311842395465709521e-02 6.154830618683839738e-01 9.370941296759360828e-03 3.810232339857464456e-01 1.433671694427697263e-01 1.901130001479124088e-01 1.286801014770282137e-01 -8.468816913791071821e-02 1.452927325043558981e-01 3.326664768052951526e-01
4.309599836481277646e-01 3.756240699368506575e-01 6.102488322272576760e-01 3.064825050027884801e-03 7.099837605641293736e-01 1.799984269988792462e-01 3.197715238071232036e-01 4.058345805242746240e-01 7.805649687877419529e-01 -6.478724140001165810e-02 -4.749497516435255418e-02 3.545444614756051438e-01 2.021449797110590751e-01 6.702917780314342489e-01 6.198806831327053901e-01 7.953283203142303970e-01 2.667443243844014322e-01 4.933949153669822119e-01 9.598122773617104309e-02 4.326132555737181029e-01 6.447758783081999345e-01 2.658698273572646098e-01 4.149796690889749895e-01 7.879719038128568664e-01 -1.176353423713633745e-02 -1.039222481367546719e-01 6.348979837499038048e-01 5.516197470847034739e-02 6.307803759476302563e-01 1.867902038485681759e-01 3.961102996737348447e-01 1.801492014554985713e-02
-1.858870017136890138e-02 6.452247126739613092e-01 2.504098932685797640e-01 6.827580483367010622e-01 6.625306872443466055e-01 5.298368837891671568e-01 3.749412694541697233e-01 1.779882999432134266e-02 6.084995370826535854e-01 5.878692084710611665e-01 -7.401871702397598562e-02 6.859458864474629047e-01 5.686366153585806771e-01 1.192370268757741991e-01 -8.649443036295811904e-02 3.193005038930191719e-01 5.271170585771969286e-01 7.123475533047862740e-01 2.107177363458047070e-01 7.677038846590505949e-01 4.104182129723716321e-01 7.549069813265116835e-01 2.741919914298781014e-01 5.027365660984629836e-02 2.292334405438823941e-01 6.506955356863216577e-01 1.153689031325596664e-01 2.729910361057782398e-01 8.334429030523597959e-01 2.934910480402996846e-01 6.185151490240512473e-01 -5.170391387122460353e-02
3.584700045497206111e-01 6.101363643110154777e-01 6.400726396984185440e-01 -9.160094556737832794e-02 8.100390287867027528e-01 2.013758598510929365e-01 6.159588634639857202e-02 4.875358242744028403e-01 3.459269013478168397e-01 6.525141040327923081e-01 2.284594290701388586e-01 8.200079947927663149e-01 6.449629578722320122e-01 6.848146316595128402e-01 7.576363062146500571e-01 5.290559670602750231e-01 2.220712055586507583e-01 6.424961147934710182e-01 3.377754755506555129e-01 7.882851743385169696e-01 5.226102070773536168e-01 -5.539955907081844239e-02 5.004345739625859490e-01 1.555782748176293140e-01 1.609168287756830018e-01 5.940421244055159589e-01 6.010867754465438750e-01 2.138336486610782905e-01 5.733283495723291712e-02 3.602959361318701648e-01 7.867865904426435408e-01 2.012407143115589603e-01
-2.483973035512700850e-02 6.342741832013770731e-01 8.621501730449930845e-01 8.224090497937843747e-01 4.041465295344391362e-01 8.274646173588231512e-01 4.744362349474189333e-01 2.123978911470145725e-01 7.889962169867903441e-02 7.902960277669598410e-01 4.627446887535648368e-01 8.462432942735333974e-01 2.743529506041905708e-01 9.557265057344419001e-02 4.648686589256595947e-01 6.043001849552188942e-02 5.161938226784623662e-01 4.355799754628900677e-01 4.349371842527761933e-02 3.449518348419489677e-01 5.157016464469356132e-01 4.165936274067085776e-01 7.067582694023410994e-01 6.039029027162685637e-01 6.033604918079320950e-02 2.731502546205257231e-01 -8.680666436033654398e-02 -7.006926234234235606e-02 1.833040760405492964e-01 -1.144034669605764054e-01 -9.278992047185593769e-03 6.368878620107711885e-01
6.985459806134143301e-01 5.315934736313334685e-01 8.104857775668492526e-01 6.110558145843706379e-01 5.952576641719781181e-01 2.487343992675683235e-01 7.054004994776417181e-01 8.690178787321523046e-01 8.203303318467855543e-02 7.075823042258221340e-01 5.214021768422776315e-01 -5.965133797437796592e-02 1.616150988602975680e-01 3.443527426775018219e-01 8.203785474883219520e-01 2.436647754393769238e-01 1.519616813267851002e-02 2.218114085944893066e-02 -3.088572857661454375e-03 -5.019310108192846093e-02 5.004857911008653293e-01 3.238966309518963027e-01 5.074499995115854256e-01 5.268237754452058663e-01 -4.796514059267490554e-02 6.141581980150959685e-01 7.848095306606609478e-01 8.571272385688200046e-01 6.957632258139158088e-01 8.344116480892734833e-01 6.178515859427712309e-01 1.444163794242740995e-01
3.267005079638218845e-01 6.097012998643313031e-01 -4.314996583109875251e-03 2.579838940621658749e-01 3.086718802704356279e-01 -2.525951344174555066e-02 2.093896476914237081e-01 2.508250865699975796e-01 3.761067972629864031e-02 5.601496796022625846e-01 4.079836651745598064e-01 1.833160308615202627e-01 7.740914341954550082e-01 1.810150106351912092e-01 8.491844501455649841e-01 1.301553755016432723e-01 1.694592728700008710e-01 -1.317226517306904765e-01 5.798191754300080492e-01 -7.466896601899954133e-02 2.694827404349495747e-01 2.302036251326753866e-02 -5.938321617917349327e-04 4.346220311426187144e-01 7.577121771843332576e-01 7.562291528372253047e-02 2.108859280493302624e-01 7.679594698104603989e-02 6.517746771144229401e-01 5.187003806464907107e-01 6.165215189563714171e-01 4.778074046535753516e-01
4.756221870592788337e-01 5.448446851408103031e-01 7.220651131483994956e-01 6.873299803210637382e-01 -2.739313154835169156e-02 4.931514170699157207e-01 4.061197226766886104e-01 5.169852783772440619e-01 5.251764902000451984e-01 -3.043901052831098769e-02 2.130481465542076458e-01 1.477369929622073252e-01 4.547123523320013017e-01 8.154297563488190903e-01 3.860487391621486575e-01 8.437240682394953062e-01 2.466784773981503809e-01 -3.034458251642245530e-02 -9.784899475772788902e-03 5.114728003453847816e-01 2.041503407573413975e-01 8.191057279191944485e-01 4.205365880058563599e-01 -7.541984260530228135e-02 3.118870432239146395e-01 4.293814550462570212e-01 1.793411435505288531e-01 8.430246162973483726e-01 -5.493207195440937690e-03 5.477397358599508381e-01 7.615733067402116196e-01 8.766846137928533400e-01
5.360117693792046945e-01 1.291987084028335953e-01 3.019731192720966906e-01 6.401269253283073946e-01 3.174150694476060575e-01 2.505594185384898975e-01 3.508166161234403391e-01 -7.771101589416862243e-02 4.335197523565672006e-01 4.659103902782235074e-01 7.632668202365043841e-01 6.262910609747974755e-01 2.184443442234597910e-01 5.216599149215213060e-01 8.780597910695647768e-01 7.720625443008893862e-01 7.524925239040509695e-01 -1.258738390043371014e-01 3.685836715036664990e-01 2.793762730857989873e-01 4.844857944426930740e-01 -7.490783611143586596e-02 1.550982648734959835e-01 2.541890945966543414e-01 6.646797696328193839e-01 -1.140503642484533703e-01 1.668631863178983703e-04 1.646560799139139553e-01 1.232735459808099454e-01 8.243468641559064114e-01 8.079612062823852137e-01 5.360371367067653381e-01
1.813600550629598795e-01 2.361721078167882126e-01 3.905223855814456968e-01 7.289347773932469687e-01 5.124549741267913072e-01 8.261238404532581514e-01 6.407320620992388305e-01 3.973814773182915427e-01 7.804794152952990172e-02 7.890933521519362392e-02 7.493499071720921556e-01 4.491892299155864077e-02 5.075176653447850406e-01 7.943997678320203759e-01 -6.067697187737207225e-03 8.140439254108590150e-01 2.187480493981980578e-01 2.752058588747768875e-01 7.004606544561826631e-01 1.220526611949204754e-01 4.039212558261505714e-01 6.142303245887654750e-01 3.953078616087981056e-01 3.086223034489978256e-01 -4.859994439422922474e-02 1.253347620446340904e-01 4.966477417360985469e-01 -6.950770051025928487e-02 9.239739068792756499e-03 7.725871476804951898e-01 -6.141311594156102782e-02 4.663718109611876272e-01
7.154344517235229350e-01 -5.975996329794928952e-02 4.010810673348985667e-01 5.305740832202768820e-01 4.853527047942683414e-01 5.450016084397661942e-01 4.180454015094331455e-01 8.181145265139830869e-01 6.498245371090716205e-01 6.653161482954198513e-01 4.701270525275904610e-01 -2.805122297928013334e-02 5.883793747737549040e-01 3.547825860811756882e-01 4.565433824829930876e-01 8.549419215793917226e-02 7.429369346115411998e-01 1.180268195308275953e-01 2.881106561353768969e-01 8.646917327179248769e-01 8.218053355121075487e-01 1.654517462113552217e-01 8.987221657857180634e-01 2.362699042980306308e-01 5.561207028511757633e-01 7.106530228814627037e-01 8.941136684958052028e-01 4.925881451893818208e-01 1.114558556772009684e-01 2.655819034110900589e-01 -1.133178828174905874e-02 2.281807229654717606e-01
8.250551665079550179e-02 8.764521481456484242e-01 7.611484867113598174e-01 4.322333250941722271e-01 8.082467772763962666e-01 4.727888484735914276e-01 -4.949200390215161699e-02 6.428577619259380482e-02 1.699196601412512886e-01 1.163700743639758811e-01 -7.649156024269793130e-02 5.356006656313295755e-01 2.818077609241262937e-01 5.911222994442234535e-01 7.894334678178023257e-01 5.908869299963883659e-01 2.573767466820303662e-01 6.151392113910133519e-01 4.853903403049491527e-01 2.447904998452198888e-01 1.596100224593257136e-02 -1.051667801374119443e-01 2.597462554717749894e-01 3.279975826809432282e-02 -4.952277879787868320e-02 -1.889815110458205327e-02 1.477316867324273142e-01 2.491263799317803007e-01 7.200234202562727504e-01 7.591444229262113153e-01 6.809190873777988262e-01 5.750076557928965326e-02
5.595525238504852616e-01 4.040029163622176345e-01 4.006388781175119762e-01 6.995122661914005002e-01 8.033815850443463136e-01 1.070484336473282783e+00 1.157064917236177548e+00 1.746838650160357220e-01 7.864961272258914615e-01 8.020335136103712292e-01 8.152988810966697031e-01 3.566166627695439018e-01 5.866739947394784549e-01 8.196512283189660852e-01 1.652977757882019838e-01 4.433026885267506434e-01 3.033596675739365089e-01 1.048165479453567084e+00 8.545278077466590405e-01 6.973706806238099132e-01 4.976827106967518510e-01 4.133434946225000850e-01 1.119003097656001255e+00 3.951511357759929233e-01 5.517242786669166454e-01 1.066353422911648918e+00 8.312234279587451535e-01 8.956452607866104421e-01 9.951797813046779906e-01 9.373977325353050061e-01 3.640887493033393985e-01 4.982373115950805009e-01
7.164565330349512151e-02 8.036566120043415751e-01 9.796257423778033380e-02 2.761320748475126763e-01 1.276567285098751114e-01 -1.609637221913737259e-02 4.852938973574311143e-02 8.115029597812628559e-01 4.590608625607172089e-01 4.685839936432796560e-02 8.437027809947083012e-01 3.969733697878213285e-01 8.332861050115716317e-01 4.031875718665709485e-01 -3.907113979811382976e-02 6.537134353320213087e-01 3.150449512926475903e-01 5.136059129181264060e-01 1.865482998461145264e-02 5.857512629953367522e-01 6.329946174968137385e-01 1.917940050615475622e-01 2.805396982391712979e-01 5.060030568614224400e-01 7.675786503198994692e-01 5.856679901714353376e-01 1.119392104188887856e-02 3.709314028819017395e-01 1.402467664357281152e-01 5.302249039825102095e-01 -8.745210892356256385e-03 8.586420631302412732e-01
1.907119324308557684e-01 -3.843548667101520655e-02 3.631133281138431146e-01 3.933296984000738683e-01 -8.835278350126565816e-02 8.272542727754023106e-01 -5.275951157387905044e-02 6.151596350363570664e-01 1.436436250628842781e-01 4.732594090644465235e-01 7.369058857494539261e-01 3.000640452961814142e-01 3.597130977501348248e-01 4.085852135305926280e-01 8.420191289057784578e-01 1.352931387623141635e-01 4.702349283325888418e-01 1.562067948818638696e-01 4.457142817864628292e-01 2.251066111178736395e-01 5.937240819550438919e-01 8.053992379193368745e-01 7.080087060085991091e-01 8.026940312181034543e-01 4.317602266906832020e-01 2.542713717013004304e-01 1.708668668010567271e-01 3.206303713841637260e-01 6.530179191524226878e-01 -3.126989108376020121e-02 6.234984133387715399e-01 3.455596084393199874e-01
3.921622487723393502e-01 3.719214313040017927e-01 5.010027739131712315e-02 6.912215798099051733e-01 5.755861515877485068e-01 3.456436333310555220e-01 8.209765160900106551e-01 8.583797633458680743e-01 3.287742768666978010e-01 2.840639430805056431e-01 7.611760021982716395e-01 8.011013568263086748e-01 3.640225605122838354e-02 5.072982781904885607e-01 6.849271117729049951e-01 -1.181094743515626599e-01 7.293308481420452960e-01 7.519512120358444740e-01 4.867551692645432637e-01 2.750322724451005896e-01 2.900056551466393961e-01 6.254302199051313682e-01 6.028123042615716187e-01 7.870486651891595020e-01 2.581595121025216377e-01 4.035190209837019037e-01 9.188999201886907664e-02 -7.698505925547687034e-02 5.553670812065297779e-01 2.336565469865802824e-01 9.233841295120584491e-02 2.711554253408351434e-01
5.489760454758892128e-02 8.647834692660263389e-01 1.935315989740639675e-01 1.093752153799812249e-01 1.081094771529054060e-01 -7.828967074242723645e-02 6.290923082212666051e-01 4.899850197829569431e-01 3.509099878898361280e-01 8.041453325606926494e-01 1.356936348456923291e-01 3.486025988646337948e-01 8.193099398411236578e-01 5.792514924108091989e-01 4.851342381966924910e-01 1.839983127745665747e-01 -6.654494376569227571e-03 3.346614173685327764e-02 4.869295322843428808e-01 2.655862077219776629e-01 -1.043952472739837767e-01 2.217127654480741950e-01 7.044429383760238972e-01 1.882709141003137965e-01 -1.197589920283872143e-02 8.487031143331158489e-01 8.351510248483365872e-01 6.921863017364211501e-01 7.826883878443471887e-02 -1.099888776442494442e-01 2.760791193878833205e-01 2.627935118038345341e-01
1.739146327218243082e-01 3.532877021448495580e-01 4.654757030463234635e-01 8.091005184935619321e-02 6.922149837221537316e-01 3.863310203819396715e-01 7.319615368460452576e-01 3.521611301134630057e-01 2.735717077974935685e-01 7.326703141221486693e-01 8.380330474667917473e-01 8.592838772971381767e-01 5.605274985698349699e-01 6.975195313699406041e-01 7.151216636778204849e-01 7.671311202451204236e-01 1.765528976241077519e-01 2.062856061029633148e-01 5.530194100881903330e-01 3.646018181382658097e-01 8.099384916859168060e-01 1.999563312485309607e-01 2.173428370551278854e-01 4.254935671840605060e-01 8.268179197171641182e-01 -1.353282850069126991e-03 3.387232358798215881e-02 7.858073386832201690e-01 5.431311051747647056e-01 6.237600148161064340e-01 3.874935481209363375e-01 2.039248718645193248e-01
-3.598461562686718768e-02 3.597592791228296782e-01 3.109504083842576025e-02 8.709583488972791332e-02 -3.892653092741250875e-02 4.399192960583978573e-01 1.408959512671300457e-02 4.448626903864998927e-01 7.904604285523564311e-01 5.289760515062653656e-01 7.152788523908877316e-01 3.618117445835714596e-01 6.987230435348323887e-01 5.423701026608250819e-01 4.502021559337816836e-02 6.217600088333202074e-02 3.276667638183657361e-01 2.378235561317725011e-01 -5.975674141658155608e-02 4.593925476800267971e-01 4.976794000597925538e-01 6.905729018022594978e-01 6.196780757738469259e-01 7.820876465137336364e-01 1.180624340127487265e-01 7.250277973976045898e-01 8.421336065599412946e-01 4.316399078796811506e-01 5.458339088952615104e-01 3.262579102853606361e-02 2.727502819728657157e-01 -6.221995956657126042e-03
5.222336930760538287e-01 7.836941999491370270e-01 1.771472134723177938e-01 4.362770965292265268e-01 2.660257409046574983e-02 7.122192521916750341e-01 4.134068001656374669e-01 4.142936570736424629e-01 7.518126032883130083e-01 2.288320118236918110e-01 5.342371969609480825e-02 4.041563025086799543e-01 8.022703812291817060e-01 5.840951473465976207e-01 7.314020337193367916e-02 3.799289422024765273e-02 5.694692845215528765e-01 4.851792660691110759e-02 2.082020269911403210e-01 7.744621905936077688e-01 3.241905669825736469e-01 2.821419459679881947e-01 -5.644611077353688805e-02 7.560800497013204780e-01 4.263656441546143094e-02 8.420517623601428969e-01 6.717523634754110073e-01 7.974932286377010848e-02 8.169415076116720575e-01 8.885386207840126338e-02 5.208895070410289874e-01 7.233211072040967027e-01
1.775689574533707571e-01 2.843667781011479656e-01 -1.777003125912540726e-02 3.757355375586479002e-02 9.397028631859848102e-02 -2.325497072066425031e-02 5.535029103035019604e-01 -7.006479210667408697e-02 6.380994993342902211e-01 7.946973695168033647e-01 6.410593708978568062e-01 4.157281690925901385e-01 2.702967837873426760e-01 3.132744643702845555e-01 7.821344994421957075e-01 3.526775311115664113e-01 6.077447475532858912e-01 5.153632290308903796e-01 4.634590950575375179e-01 1.991939698454138763e-01 1.586434609709380938e-01 3.432952344003035172e-01 1.404232775850413617e-01 2.033498791616842327e-01 6.175098153582180283e-01 6.295513521212461883e-02 2.409170316657912869e-01 -5.381678725802441915e-02 -1.544940212500532303e-02 3.347452431344834500e-01 -1.197056035922717809e-01 7.584233963200937012e-01
3.079662881738183811e-01 7.550760418140387564e-01 7.491807196373750921e-01 7.873007510580122270e-01 7.336660979241682590e-01 3.241794602688508609e-01 7.328373772663577812e-01 1.709985656659402387e-01 1.004188540115580064e-01 5.308991063766401591e-02 3.442879669551524024e-02 3.482636144892690185e-03 2.888947782115465768e-01 2.444464394420801101e-01 5.413110086095023199e-01 2.546364091169049382e-01 7.723480370451354382e-01 -7.735051440078613560e-02 -1.168589745657003104e-01 4.931635097761761233e-01 6.867138556935690197e-01 2.658269341358185933e-01 5.235054000352417081e-01 7.491312175740630908e-01 4.076862001257594570e-01 7.196817652693666689e-01 -1.152095229778781343e-01 -5.199061508142693161e-02 3.268018639154610661e-01 9.216225401894025115e-02 1.886249016435225800e-01 1.453840054399098414e-01
8.010540659903740979e-01
-3.974275423347940761e-02
4.668662929464806877e-01
8.518754243284220040e-01
6.381420701186090588e-03
6.711360904018465190e-01
7.997892205861946158e-01
5.540177898885328966e-01
5.419123137393130341e-01
7.827377299466914407e-01
2.709314213072488986e-01
4.746761187697506879e-01
8.195049037144727100e-01
4.022478795154220688e-01
-6.367446735054209037e-03
7.303058333875259711e-01
8.382779583205283158e-01
3.610348443657920847e-01
-1.999163603308933349e-02
-8.597029122222107911e-02
3.264300250301045425e-01
7.536297585797603338e-01
7.327247307487421146e-01
4.556043506597305670e-02
8.417082970062642611e-01
3.729023278686348086e-01
4.399403468851317278e-01
4.864273467033315007e-02
4.548179475857267451e-01
1.823472179544382288e-01
-2.078612988951867788e-02
8.569277355953982545e-01
ReLU
5e-05
32
3
3.335286949106441856e-01 4.738500301789747571e-01 3.941371049965062268e-01 2.828792486665608896e-01 2.912242492133372274e-01 2.720591878692811827e-01 6.133154311835535832e-01 7.972420345575179645e-01 2.757909017291364506e-01 1.662240845030875935e-01 2.242424062402245122e-01 9.013939116926216188e-01 7.696584787528930605e-01 6.563070338103007551e-01 7.158207666521201329e-01 3.758764732493292959e-04 3.511177209896298446e-01 -1.641438959589460247e-02 1.934680697194584853e-01 6.038479952265688455e-01 6.410358257482400290e-01 1.620901580405745002e-01 2.168066336950312447e-03 6.448166871449718951e-02 5.937511821771920273e-01 4.031147761405914354e-01 2.313675019980144243e-01 1.892544627578998107e-01 2.719659817528098933e-01 3.621773130654409312e-01 3.594779593776029070e-01 7.762409973923410922e-01
4.125417710636877788e-01 5.683141682317883747e-01 5.807785331157491182e-01 3.705156245493518852e-01 7.880556314393102335e-01 3.144760882735144203e-01 4.038409208757838265e-01 3.271240827922717864e-01 1.370550410100460914e-01 6.189079433330295643e-01 2.276931394246407003e-01 -2.929885238592038962e-02 3.510421484241627588e-01 2.541362951282030158e-01 3.323148925694093675e-02 8.262128207881065389e-01 3.160827108226265669e-01 7.238925297104994439e-01 2.773672326191209403e-01 4.005151523554498771e-01 6.836531790146234133e-01 1.758676586071149586e-02 -1.126399192434696106e-01 5.608536250995589389e-01 3.767832288542017904e-01 4.471880036617492116e-01 6.136712240888929637e-01 6.048585895019507053e-01 1.749118414478043060e-01 5.276303969186274534e-01 4.553234798831731767e-01 6.204513944136452221e-03
1.000934220803790520e-01 8.362057065753143448e-01 8.305799847245033396e-01 2.068075558995573493e-01 7.576522499669848809e-01 2.259285171782541290e-01 7.958453939321702419e-01 2.681776180556695310e-01 5.568872096442251118e-01 8.272266096350742171e-01 8.521084367292219852e-01 6.764180672772821534e-01 -5.349172172658830937e-02 4.241592155957135124e-01 5.768115528598962705e-01 3.522411159646860468e-01 4.183408951199897863e-01 -7.970404634413057188e-02 7.935565660385321962e-01 2.675325264577406714e-01 -2.519342620709121017e-02 5.887701601757962949e-02 -1.251306895411477271e-01 7.903601680393190776e-01 -4.853504959846914601e-02 5.324648912966201131e-01 5.908210913463498581e-01 3.614348159427757667e-01 3.383842682512200328e-01 1.968615089611494007e-01 3.288190344691088729e-01 6.419932696493888535e-01
8.020913211075995086e-01
1.344920162386066265e-01
4.342841591779385974e-02
Linear
5e-05

ct 2024-05-31 15:10:58.528572
