noname
4
4
4
12
-2.267269489449356357e+00 1.227357545985755749e+00 1.082906598306497337e+01 1.279929735685531922e+00
-6.965717608358706903e-01 1.317046915043625921e+00 4.715323378088743134e+00 1.048728943795997903e+00
8.665995503088100849e-01 4.239135897200131398e-01 -5.023117777656098681e-01 1.250873892655437913e+00
5.419270253464173459e-01 4.095241939085660920e-01 -9.019106635614740908e-01 3.425128358154314601e-01
6.907121643179684467e-01 1.234947206384559681e+00 1.958632592788753124e+00 1.365456617428026709e+00
1.092255383526644863e+00 3.299638337878676442e-01 -3.520859054194545590e-01 1.113739873129121927e+00
4.979911857139958098e-01 1.445976292546966135e+00 1.534667627355388753e+00 1.256844666167316937e+00
9.405994739903880686e-02 4.186428807105599947e-01 1.411221936784650688e-01 2.648173304599684696e-01
2.306794667030116486e-01 8.683009781929615922e-01 8.191362086690927580e-01 6.546212862013197631e-01
5.134988628741410377e-01 6.264604901361143785e-01 1.236747269002242522e+00 1.598473749054223070e-01
1.069088353037828565e+00 1.547588312410941080e+00 1.669159060392063854e+00 7.829057392992460063e-01
8.058695877479620240e-01 1.199012874236751625e+00 8.415771554610780303e-01 8.490573417267008871e-01
-2.508466061365321131e+00
-2.282703326468692229e+00
1.381475294583340563e-01
-3.099598561656022877e-01
1.361493502559605551e+00
5.997611694517990255e-01
9.464258722748352115e-01
-3.955687466177555400e-01
-9.248118033313817987e-01
1.134186352221903255e-02
2.442936656377048960e-02
3.206615971632633677e-01
ReLU
0.1
12
12
-3.515238016157426149e+00 -1.407515078456143820e-01 2.349619259355800738e-01 -1.318915782722605290e-01 2.497078904766346016e-02 -1.604968466220123569e-01 -8.331743071419259183e-02 -5.601247788741950950e-01 -5.304370087503457176e-02 -6.035362232713552544e-01 -1.326208859108181093e-01 -1.451257101366080745e-03
-4.506327425872123982e+00 -9.799509652802556037e-01 -2.883667916990562130e-01 1.873845948101128256e-01 -5.454098594224552482e-03 4.001363933308747095e-02 6.617003876115443162e-02 -1.487538170472813559e-01 -2.138848963184080409e-01 -6.223914467863945754e-01 -6.141928396063743856e-01 -6.899337564642009646e-01
-4.104791253675124985e+00 -1.232415762852011598e+00 -1.250717998627872418e-01 -4.045071765603356351e-01 2.826350019653505741e-01 -1.697033469939895622e-01 -3.123806399040722215e-01 -7.000316141110342061e-01 5.518764082589401598e-02 -9.965638518604796880e-01 -1.562469971015534309e-01 7.129119597297195465e-02
-2.955995178777281129e+00 -1.726531396388668871e-01 3.093872262394915529e-01 -9.225446975538225125e-01 -2.785979820784261762e-01 -3.203610601683457015e-01 2.719016459262161844e-01 1.608452352477650893e-01 2.372258173715482699e-01 9.390194245899317893e-02 -3.306696043553078446e-01 -5.108520345488967163e-01
-4.104673520695788724e+00 -1.013795406166998259e+00 -9.424865435137481928e-02 1.760876598069395782e-01 2.722675650736781083e-01 2.839564430430148168e-01 2.889175977989812405e-01 -6.016399795481229551e-02 1.910084613542851195e-01 -9.486352191396084654e-01 -2.326975972080084498e-01 -5.186728363849265611e-01
-6.081992879922165862e+00 -1.809092310946683879e+00 7.168654614792793200e-01 1.157617893845171858e-01 1.054902971837637926e+00 1.385152417319742701e-01 4.326348166314201715e-01 3.105041077570389607e-01 -2.317306593440522922e-01 3.729669278929622078e-01 3.703421423376268562e-01 4.454294932470238000e-01
-5.111069779982051919e+00 -2.141861634351353239e+00 -5.098058883092607130e-02 -4.361013962392431553e-01 1.135099024629898423e+00 7.969951749773720451e-01 1.024503880879408524e-01 6.556130184384521831e-02 -9.236432549929369795e-01 -8.244168865755802100e-01 -1.913483889562259954e-01 -1.555346542839124158e-01
-6.296193156311088224e+00 -2.647248872561820843e+00 6.685360543987485249e-01 -2.510396988752007785e-01 1.297865250665104275e+00 9.172373198734239397e-01 1.425014835329274865e+00 -5.238383629039160272e-02 3.711101498074643179e-01 3.499487267695704507e-01 1.391624573410101540e-01 5.781250143694245669e-02
-3.232594753181191383e+00 -7.393796406744844729e-01 8.228733407569621683e-01 6.717284376991824457e-01 9.362928633023431813e-01 6.444424083027265882e-01 8.737956873060359619e-01 3.477677017135660797e-01 4.338340613145459934e-01 2.384141801348287348e-01 1.134228621173608786e+00 6.594427792958578172e-01
-6.255325544580565555e+00 -2.085379797007182123e+00 1.129559418804670229e-01 -4.577287803374007202e-01 5.744921739748650724e-01 5.027093400506069676e-01 6.227954344132734243e-02 -5.470383039935219349e-01 -1.202499450441053969e-01 -1.092966359517556947e-02 -5.500411183908883450e-02 2.722316815590817840e-01
-2.625839348283843133e+00 -5.434512977798348077e-01 3.768097744943061933e-01 1.964296039229631030e-01 -2.640269123131507856e-01 -2.344719515852330405e-01 1.653133136982224138e-01 1.805563689835019414e-01 -2.150424602174583200e-01 -5.646919966951361447e-01 1.191633220152270578e-01 -1.311034478996891406e-01
-3.984272079866020833e-01 -1.729342793108661347e-01 -3.156142923681017065e-02 -8.653282458942276323e-01 -1.117101400902787700e-01 -2.797456357964810403e-01 -1.181322107128177090e-01 -8.340079998384973547e-02 -2.142834155482653269e-01 7.059583733239102599e-02 -6.696288871131371723e-01 -3.884978985924896211e-01
-4.351944766017074723e-02
-4.023337875696766236e-02
1.001134397622326644e-01
-1.784747850511809453e-01
5.379300726577426195e-01
6.198676339073322383e-01
6.295579467596297274e-01
1.651115572584493929e+00
1.385662960038663183e+00
1.002747073295819691e+00
2.811352854977444138e-01
-1.615996347894043950e-01
ReLU
0.1
12
2
2.392262618504519683e-02 2.259405092673978099e-01 1.053045060898328972e-01 5.860774828093242433e-02 3.350814761338468117e-01 8.079865152178387078e-01 6.629076037202001892e-01 1.529736351801374905e+00 6.981152675166241162e-01 7.082278074836475534e-01 1.018858138388304031e-02 1.058755736127254682e-01
1.886709402033734037e-02 -2.413550937538221433e-02 5.060114325099365935e-03 5.364189339686690995e-04 1.392873291070865494e-01 8.657021341701581774e-01 3.825127023763337242e-01 1.307070073054567017e+00 1.252923090374038040e+00 5.075871248144983028e-01 1.217532767354387660e-02 1.871772686014870068e-01
2.015332380001556789e+00
2.502295619425433770e+00
Linear
0.1

ct 2024-06-11 10:10:08.835759
