noname
4
4
4
7
-1.340704729608084567e-01 5.165752230751032847e-01 1.502223927197650255e+01 2.292171297377858241e-01
5.715886224863780285e+00 4.573890573023097872e+00 4.446676540136095035e+00 3.076440494047455676e+00
2.639870445468861515e+00 -2.473744548301007873e-01 -2.744802002488942705e+01 -1.744603822902927259e+00
-6.123577572824528970e-01 8.852127499785107378e-01 2.496296567009429257e+00 2.954679479430615263e-01
-3.591707701932940200e+00 1.975437738994847203e+00 2.315512148511308510e+01 3.221144527457490359e+00
-6.510984922796351215e-01 1.005160821812389749e+00 -4.900576242441963437e+00 1.902214526480882351e-01
-5.217073683243517168e-01 4.705699189429039531e-01 4.496913590141205508e-01 3.361151539544767752e-01
-4.078989053572452228e+00
1.373670667657681310e+00
-4.021870074031398623e+00
-1.505799672384147359e+00
-4.594928345416295912e+00
-3.271025958173723769e+00
-5.698368083153145802e-01
ReLU
0.1
7
6
-3.577248316584271226e+00 4.912411309848069285e-01 -8.733096003079681147e-01 -6.768580028370728696e-01 -1.291871388130717557e+00 1.053799949372146161e+00 3.859434830888084506e-02
-5.560567216577415595e-01 -2.479580305857924660e+00 1.091184544947330776e-01 -5.849223601396829064e-01 -1.184098721915694652e+00 2.647173124448436443e-01 -3.175696239470242321e-02
-4.805457079628681072e-01 -3.393164222628623161e+00 -1.814658692010168384e+00 -6.459980793855432113e-01 -1.557867280721137448e-01 -1.852659045020050632e+00 9.785944090699596476e-01
-6.471155897375289179e-01 -1.480520382394040269e+00 -1.020939504484118743e+00 4.864923011657126262e-01 -5.677033155280025722e-01 2.647173124448436443e-01 9.785944090699596476e-01
2.820075643308961322e+00 -2.551919436082403791e+00 -1.335061712828661040e+00 8.544007166886359306e-01 -7.952485759636268581e-01 2.647173124448436443e-01 4.805506447219277943e-02
4.805497295341975006e-01 -8.488388304350307223e-01 -4.335280905244582872e-01 4.805497295341975006e-01 -7.726369472844036787e-03 -1.569994498940595062e-01 3.780609099107389293e-01
3.550708911662921352e+00
-1.897600215103843357e+00
-2.928417872906762476e+00
-1.446776368830768211e+00
-1.579594314998350901e+00
-8.990282034608760853e-01
ReLU
0.1
6
2
1.168575118115816602e+00 -1.461833036274821529e+00 -1.802359348202608569e+00 -4.465561046856579841e-01 -6.191308289536815446e-01 5.483188207795540725e-01
1.156255789312402582e+00 6.739339724154448374e-01 2.174310657339916908e+00 9.683900687862921908e-01 -5.245730458400690299e-01 6.131018003625784418e-01
1.321000648414025536e+00
1.348374134179716410e+00
Linear
0.1

ct 2024-06-16 20:19:50.688269
