noname
4
4
4
12
1.542986037459661119e+00 1.719255704779263594e+00 1.784603838016986632e+00 1.209207852951562856e+00
8.146050053201202568e-01 8.825772982637066777e-01 9.388860528662738014e-01 3.915687811088346404e-01
2.734826785659775772e-01 8.266621815755776925e-01 3.817759884671169113e-01 4.152779877859690827e-01
-1.158554304410204794e-01 1.500570874619595374e+00 1.391366046039622884e+00 6.545509316113178322e-01
1.195774943267581047e+00 1.001186381112653123e+00 2.171279114365922691e+00 1.039166632795125889e+00
6.695566538646567922e-01 1.473964208192966030e+00 1.833191474756454831e+00 5.932765851539040236e-01
-9.194420572542456593e-01 1.665967741317141426e+00 2.273099157988121455e+00 5.864767855558304932e-01
-9.758940595434175691e-01 8.216700103697452962e-01 1.205793388607501404e+00 4.754271274689075288e-01
1.179091977594615009e-01 5.737402278519296850e-01 1.948992224064516554e+00 2.060906188318469279e-01
4.362234779127236450e+00 -6.490331595863346736e-02 -4.465378287841462956e+00 -1.094298340106514833e-01
-5.734563280978312028e-01 5.542477201839797196e-01 9.896193557314691969e-01 3.213067897488432467e-01
1.513938452231546439e+00 2.214188767725475682e+00 2.288147166050339187e+00 1.341360978114272795e+00
8.885862433111291203e-01
-1.436049101892342694e-01
-1.825059185872792977e-01
-2.842615494289012501e-01
1.053821137210275483e+00
1.707130493146847283e-01
-5.740336492617466035e-01
-7.098222483045832920e-01
-5.856114853975998846e-01
-1.489876182871638699e+00
-5.231863758515531426e-01
9.388764929723856234e-01
ReLU
0.1
12
12
1.387760227504232502e-01 -8.397615821142823123e-01 -1.029889596413598785e+00 -4.186652718439927146e-01 1.005986602280195541e-01 -6.423680309826849122e-01 -1.816326351871594968e-01 -6.022812023693808747e-01 4.012706278734145537e-01 -6.127320041839644515e-01 -4.316918562573558438e-01 -4.930309017668251248e-01
-3.494495943173783759e-01 5.295205634031552311e-02 -5.395553224771661993e-01 -3.928773904856471821e-01 -8.874479427653791941e-01 -2.878252502322947715e-01 -2.126794024416784334e-01 2.401926450554849601e-01 -2.258941064236386909e-01 -3.784110219024341276e-02 4.262388411252513581e-03 -7.714741024011748105e-03
-1.202186808642384669e-01 -4.701773591311755873e-01 1.855573159162275387e-01 3.619240470844521940e-01 7.534465078752223821e-01 -6.070585525946641248e-01 2.730384990020737757e-01 3.098795208754254737e-01 5.872218967154445579e-01 -1.626344106616205432e+00 3.042409388016759642e-01 6.357983086236729253e-01
-1.051862504395658926e-01 3.173076639010710687e-01 3.545720560355517526e-01 -1.334554965132082327e-01 8.831353334489507045e-02 3.102082605530038784e-01 3.133635820740561240e-01 1.787298110029051645e-01 2.179859153669321536e-01 -1.302709496251402310e+00 2.266117407199984002e-01 -8.415079183389051476e-02
-9.110482169150899701e-01 2.635453310053092468e-01 1.025625796493339903e-01 9.336234982717746267e-02 -1.280111084073395356e+00 1.647428292614706025e-01 -1.456523520293913077e-01 5.304138297994074325e-01 -2.495444335639750988e-01 -9.261068692013523229e-01 3.158916237718260578e-01 -1.046378437295028441e+00
-2.551069376786584963e-01 8.697025873960446685e-01 6.877765579319071731e-01 -1.055055839151337743e-01 -7.981717829494659744e-02 4.578537742990110293e-01 2.398980486412837301e-02 6.632972090257788222e-01 1.048289982496811851e-01 -9.609820313052365170e-01 2.196155752663184468e-01 -2.837606629444190953e-01
-1.148493021619692300e-01 8.376673696799182833e-01 5.535648081583849356e-01 6.734582185881717864e-01 -2.804468785658927876e-01 2.796779943842298555e-01 1.115348370797866334e-01 4.070201098723147393e-02 2.637565088211716868e-01 -7.329909948869418601e-01 -1.322241662002877349e-01 6.331988595194418812e-01
-4.934461239227229401e-02 -1.279562076805995097e-01 -5.935876135276518806e-01 -2.138612129414329405e-02 1.066583105471788639e-01 -5.592622943094559540e-01 1.143307687933579481e-01 -7.410457396941276809e-01 1.979940225910829243e-01 -4.811600640804154505e-01 -9.946810046165011424e-03 -2.239630292006558887e-01
-8.744282178261821026e-02 -8.813480932034696291e-01 -3.316806599972161873e-01 -8.231424899104841097e-01 -3.838954533147079795e-01 -1.879100647853054473e-01 -1.874050532254979973e-01 -3.191843892771971669e-01 -6.266804579183016255e-01 -9.414262765174630232e-01 -4.944680919768998928e-01 -5.998096739887708306e-01
1.134917815484607351e+00 2.696827926960349564e-01 2.691616035469375154e-02 6.110118011862968324e-01 1.050273295332890822e+00 6.867412672734680701e-01 3.418178858383189578e-01 2.252971325995221374e-01 3.469343931964199435e-01 -1.641507725839570719e+00 1.925090371380643595e-01 1.071348607125460761e+00
5.592259169740599889e-01 -3.268049176853839999e-01 -2.814562041687090899e-01 -1.419668967957002370e-01 4.362740884825537235e-01 2.658066660183192043e-01 4.021678663925285502e-01 1.200143049676173218e-01 -2.693442390065142189e-01 -2.353308732250286806e+00 -1.108978510950229812e-01 8.282888747685074327e-01
-1.721223998559031909e-01 3.310881236255974192e-01 -4.089360024076733012e-03 -3.686867234292198203e-01 -2.473407251763993508e-01 2.296827886724911449e-01 -1.473804405551671082e-01 -4.387784875674661800e-01 -1.745577616694831968e-01 -9.304739376268766904e-01 2.527099631337136332e-01 1.660840546547889818e-01
-1.618019746353480393e-01
1.348567168617066603e+00
1.002910295741203273e+00
9.264115666389480808e-01
1.750413902206937822e+00
1.001504798901541538e+00
8.773598577248424846e-01
-1.832379252532425479e-02
-1.912150949557388929e-02
2.188143478951405374e+00
1.699978816225224287e+00
5.673532003518395594e-01
ReLU
0.1
12
2
6.097935401792864418e-02 -1.087900885597685580e-01 7.841868014066818438e-01 3.595074700688495883e-01 -6.914131763095626715e-01 7.512628419413373837e-02 3.200082345004709450e-01 4.366608328552422369e-02 1.519210989175095450e-01 1.473260947898467288e+00 1.004243586997296545e+00 2.028601094135519534e-02
-2.686454562259341095e-02 -3.248224852293195020e-01 4.105804773529379004e-01 3.453566131798833649e-01 -8.187502248506886016e-01 1.532363497809577368e-01 6.335738972336790731e-01 2.258272875364198198e-02 7.264892263193789557e-02 1.217069068510213459e+00 6.941961829855403110e-01 3.458149586664447522e-02
2.820467565965481871e+00
2.463276344303220622e+00
Linear
0.1

ct 2024-06-11 11:16:51.076360
