noname
4
4
4
12
3.509646628425374670e-01 1.323086352800743049e+00 1.373904405529023487e+00 5.079453169603513896e-01
4.814589268464268268e-01 8.429504651384095437e-01 1.267648377185997655e+00 3.295806893658345671e-01
7.469474796045552645e-02 1.052162679432483428e+00 7.173022611714348074e-01 4.399819730089745695e-01
2.076156809818853421e+00 2.624236883224658534e+00 2.433899236922794529e+00 8.482095422247465377e-01
3.740412453532298009e-01 6.746745952139191482e-01 1.074275938150171861e+00 2.988216956808256164e-01
-7.752556852121375019e-01 8.989659045233705514e-01 5.482047179482533394e+00 9.527979665251300467e-01
-1.753588358946323256e+00 9.431790900739664973e-01 3.552992798671715136e+00 3.768375128721973555e-01
1.437298134702506669e+00 2.729644897931031156e-01 2.101161061705858757e-01 1.867098123937029064e-01
1.622471405376335829e+00 2.515253019190894612e+00 4.213918350827531967e+00 1.732981306375380948e+00
1.917128618020526920e+00 -3.742304400299014677e-01 -2.235944317981288787e+00 1.928195645865219687e-01
-1.352525732493566668e+00 2.119771255179521141e+00 5.130699258117862982e+00 9.335103979148663411e-01
3.367576537019421945e+00 4.639583647464465832e-01 -6.457469189901936524e-01 1.511414047593291121e+00
-7.807810570673949790e-01
-2.909429994114521634e+00
-2.286769112505656842e+00
2.088006997799776165e-01
-8.776450524243699647e-01
-1.573526041682098420e+00
-2.142308902210832144e+00
-3.094873005773070562e-01
1.768925641642808744e+00
-1.238250161089961665e+00
-2.259717146300568302e+00
1.269410169886364681e-01
ReLU
0.2
12
12
-6.113840232928984680e-02 -7.786055605523424517e-02 -1.939905179633180932e-01 -3.362200197994230089e-01 -3.029394904687311429e-01 -1.454190727540463524e+00 -1.205048940543386182e+00 -7.257690310864040040e-01 6.373493388772883961e-01 -7.615217356925921832e-01 -1.109652748596166250e+00 5.138612725305681250e-01
-6.945846551419340154e-01 2.310663153188435293e-01 -1.160527000907036532e+00 5.230302182810354639e-01 7.081442121580625582e-01 -1.273534883571737053e+00 -1.518252823232119741e+00 -1.194525817527858219e-01 1.535344346567148133e+00 -2.857623986356348511e-01 3.682231721130857505e-01 8.827979548499595985e-01
-1.098206812287186418e+00 -2.155290010144838286e-01 -4.179697808201344178e-01 -1.023099311860137028e+00 -3.539161666754133129e-01 -1.379994404777049377e+00 -1.270045726103735673e+00 -1.085120345482827542e+00 -1.281069399498152794e+00 2.198342714724361990e-03 -1.125060553233206306e+00 -1.275488948822048441e+00
4.542725143547174937e-01 -1.400537524173148529e-01 -4.983878899515841177e-01 1.201584316602817726e+00 1.775148836144034015e-01 -1.869892430182028623e-02 5.648984467905422413e-01 -5.550348582405612019e-02 7.300694241488063785e-01 1.317107188649001281e-01 -1.422660933352577761e-01 3.590553917122639160e-01
3.147560611570643929e-01 -1.008795471694185375e+00 1.822329946574697268e-01 -2.570304639363524823e-01 -8.417304310339033258e-01 -1.000483576630338822e+00 -4.283567183460726957e-01 -1.398748116129978403e+00 -5.157756731512899151e-01 -7.425290132684849720e-01 -1.271083913300506740e+00 -7.915425457496472195e-01
5.936817090517591822e-02 -8.378197085752859818e-01 -6.859419649588027745e-01 2.957838476268269123e-01 -3.131922634700453068e-01 -5.680884161825622281e-01 -1.245703464212210232e+00 1.375148654487050315e-01 3.146678393773907345e-01 -7.856268367024642485e-01 -5.490740957883186724e-01 7.851695410887545856e-01
2.251482659739566794e-01 -1.281789476625290469e-01 -8.615017289210151752e-01 2.448338562277846964e-01 -1.508853662888264280e-01 -9.320269855958356331e-01 -1.077678909919776329e+00 5.933878218231350421e-02 7.425738012621364570e-01 -9.256315907314844882e-01 -1.879226725254197206e-01 7.503479804433007549e-01
-1.672831057734842863e+00 -9.286159464609936576e-01 -8.698986833623552073e-01 -9.033728665359639365e-01 -5.015079477083931314e-01 -1.070194656538625111e+00 -9.764263865085135441e-01 -1.484469975799664665e+00 -9.798654047270761724e-01 -5.577206784477078960e-01 -1.140013015631315296e+00 -9.982663572845885680e-01
-1.537050658972002104e+00 -2.176598818024244597e+00 -4.005221279154370650e-01 -1.010420545305659390e+00 -8.441068270348185409e-01 -1.199677218227696907e+00 -1.343153543196308197e+00 -1.075366656904941598e+00 -7.718823461123137664e-01 -6.310477691038288706e-01 -1.908139064178703492e+00 -1.429410482048900422e+00
-4.653078809649246333e-02 -2.083868015821441488e-01 -6.709336688016533934e-01 7.644444220911553178e-03 -7.303847744744599302e-01 -6.603363209420712865e-01 -6.170901560629468152e-01 2.734307967135366502e-01 9.045284247219581575e-01 -3.819911385123944125e-01 -1.708766954168858265e-01 -1.594097046176738142e-01
-7.459995924944672341e-01 -5.128206314530716625e-01 -3.221200710467289063e-01 -9.597468670588222839e-01 -2.190363539684165306e-01 -3.989160542179385205e-01 -8.210859574861940624e-01 -1.198512927971251640e+00 -2.881560676530280363e-01 -9.823525664669745527e-01 -1.171342802842680664e+00 -7.047182536737295333e-01
-3.914613587840988229e-01 -1.257242478299805510e+00 -5.595640738566355354e-01 -1.184694649559315804e+00 -8.608575242502468639e-01 -1.295143231281458585e+00 -1.652901868844669053e+00 -1.346233900189087507e+00 -7.007216206042373718e-01 -6.309267156891869011e-01 -1.782289190792759381e+00 -5.792031835628634884e-01
1.173612337037106990e+00
2.057056673195075458e+00
-8.165631083447497662e-01
2.418142290869071953e+00
-4.671459496726722005e-01
1.264290521009154844e+00
1.486195061446647259e+00
-7.992960198688460194e-01
-1.208926644934620098e+00
1.275261118787041292e+00
-6.264899108896979096e-02
-7.831810232984455222e-01
ReLU
0.2
12
2
8.595509245530332798e-01 1.276183058446635155e+00 -4.730744212159128104e-01 7.328368374895604109e-01 1.257481662096980646e+00 6.088653568709163633e-01 1.010764178543142044e+00 -7.347718966764544835e-01 6.110647072114525624e-01 6.648941965322324732e-01 1.141764289316651748e+00 -2.224577620379648499e-02
2.921542207398195035e-01 1.161613922912811736e+00 1.120484354177466502e+00 1.530626986203557083e+00 4.730159996093929453e-01 4.654400124746373435e-01 7.960554718915978656e-01 6.710436911998475251e-01 6.357416760671379397e-01 5.691832382485301212e-01 7.169508734321460297e-01 1.205263062608664004e+00
2.479020378046317585e+00
3.184930066677199356e+00
Linear
0.2

ct 2024-06-10 18:50:29.006476
