noname
4
4
4
18
3.875395136068371382e-01 7.037594342725118635e-01 7.483123208044677455e-01 5.768068272623473325e-01
7.721277827856950493e-01 5.712711395970937467e-02 2.845942422081390033e-01 4.446188006275801907e-01
4.049013128219193236e-01 1.014694859163957075e-01 8.667591585370115759e-01 3.395685114058463183e-01
9.017065627465828959e-01 3.721519949382982029e-01 6.859428870437422887e-01 2.357602174045778654e-01
6.694988434673029287e-01 6.128691161849213476e-01 5.351727111155577532e-01 3.504923470541929653e-01
5.733248545891875825e-01 6.534778719114130441e-01 1.926292490119856371e-01 7.557898863512696463e-01
6.189810485288331776e-01 1.298061697110339807e-01 3.595843494957013942e-01 4.340714443532711631e-02
7.851394124120736340e-01 3.785638983291605975e-01 6.932169633471357839e-01 3.752099891638916995e-01
8.207019396484649398e-01 2.491943690561841951e-01 6.520521609858942469e-01 2.842968617141719001e-01
1.786339429714689508e-01 2.455793454497305905e-01 2.574528665197599597e-01 3.676991320541431740e-01
9.284014901527785080e-01 2.503059796893132294e-01 1.008225714228497827e-01 9.219765507141269856e-01
8.353114872057380014e-01 1.528258560689649270e-01 2.059061614493479242e-01 1.982634600397992219e-01
9.410867976103824972e-01 6.136733024241558532e-01 7.578406285629696315e-01 9.108250145784124729e-01
6.618629978515404577e-01 2.489634553923466553e-01 7.100706892267719672e-01 4.907940022357016874e-01
8.074002883953919074e-01 5.404847820844405071e-02 2.695673812654931778e-01 2.612640058678205035e-01
5.129045532766433046e-01 2.522890366598357081e-01 1.559808275803569177e-01 1.990431658474153265e-01
9.145093816922074126e-01 1.865880594107577339e-01 4.695031958689144247e-02 5.075841511551715257e-02
4.803583123570120961e-01 8.833382518167248731e-01 1.563249841697911258e-02 3.132829641499480511e-01
6.174653440015799299e-01
8.182085928892764981e-01
8.744362361612306733e-01
5.181867588359427845e-01
4.338096917463752922e-01
9.116946528180573939e-01
5.712206484581915378e-01
3.756917580523255751e-01
3.863645587985039542e-01
5.059264308357249718e-01
3.679689611027195939e-01
6.527729816990557321e-01
5.959625701643279649e-01
6.709649692362673612e-01
2.160809631091253902e-01
3.135928168744712696e-01
8.727460471443357903e-01
9.424330239159062206e-01
ReLU
0.2
18
18
2.341893835906889709e-01 9.751447786836651144e-01 3.745189817481257011e-01 8.557789062801123281e-01 9.045311692451981633e-01 3.189448249127776469e-01 7.658399281478356357e-01 5.099054863752846556e-01 8.781617257973385327e-01 2.526821678087658452e-01 2.155284438952457249e-01 5.538959635793365699e-01 2.174235397219466126e-01 2.982352332400906025e-01 7.887212951880641087e-01 7.105227111498749748e-01 8.867640658544861942e-02 6.247313484635949044e-01
2.640577116312572414e-01 9.708677582252491778e-01 8.859048174175706558e-01 9.118829041567140248e-01 1.165645599978801794e-01 4.559805360836266530e-02 6.346706438966287500e-03 8.419830349790932145e-01 6.041056373691056081e-02 4.582677252971805171e-01 9.063103404379655448e-01 3.992087199011661314e-01 8.365500603775030131e-01 4.852460715822566328e-01 1.514006125062048458e-01 3.973620154292734075e-02 1.834741849091802157e-01 6.305240267973588608e-02
2.233954860457076919e-02 7.610637332547348644e-01 1.103972778550776912e-02 2.212593939771071438e-01 9.748946027340309461e-01 7.442147303821363691e-01 1.965633581007821817e-01 2.020742839795078849e-01 4.384800430418603900e-01 6.852576007228320387e-01 6.598364942751917539e-01 7.046615431057785539e-01 6.601795541276441748e-01 1.099735533718932956e-01 3.237497078587444621e-01 8.563053373676687841e-02 5.581238661772887077e-01 1.235254781178537486e-01
6.332325871266062389e-01 5.298383942135904690e-01 9.837971063593341503e-01 6.167978452134631473e-01 5.185339764120651118e-01 3.180150756006411283e-01 6.841899718104141881e-01 2.632351791714053757e-01 3.090813593841532647e-01 7.679237004311473269e-01 8.125277360854596953e-01 3.196124719164128436e-01 3.638123604658959342e-01 6.422264114649159916e-01 3.199790214288167345e-02 4.682113126879573484e-01 3.600935288522211231e-02 2.382020633295353074e-01
9.321979953623282800e-01 7.473317539096728801e-01 3.809152766784622557e-01 4.955789500221612354e-01 5.691580364092706512e-01 3.145098008428480751e-01 6.847779876251564035e-01 7.515272940329744689e-01 9.218906376001245739e-02 6.273577491697845954e-01 3.937253198235109997e-01 6.753917924287494712e-01 9.881827005402075148e-01 2.646947936835528647e-01 8.919806592521205557e-01 1.614956676177868866e-01 4.786413514396753444e-01 1.956746607741303157e-01
6.577129446990419570e-01 3.660873523039221977e-01 8.302378982414976294e-01 6.987024603219378349e-01 8.250572613082708395e-01 9.501304888806124671e-01 2.874496904974372935e-01 8.431466880151511356e-01 9.013887670733446988e-01 5.561257816680376109e-03 9.865963408145254077e-01 1.422525841859709761e-01 8.707168480496103591e-01 6.080647086463215611e-01 2.724624015074735839e-01 7.470021131387311053e-01 2.699582055364012634e-01 7.756263508299761078e-01
2.492828144738373775e-01 5.985999200640551576e-01 2.586473348277128492e-01 7.416782320315205013e-01 6.483953641743159801e-01 6.904007199484119006e-01 5.504177304171110618e-01 5.713239548193912443e-01 6.580867371465255466e-01 9.379332375731640470e-01 7.554614157419661247e-01 1.934290003225446197e-01 2.872341784852661117e-01 6.800547014200519769e-01 9.246990393421289367e-01 6.249272697220197292e-01 3.391181276599453120e-01 2.090715216756755535e-02
4.082572097887439133e-01 4.263274494661533076e-01 9.467025277078289225e-02 2.103020991093008663e-01 4.036739657314342145e-01 5.833880100485874243e-01 9.547355081779924646e-01 9.542901134316773559e-01 5.018567622130902794e-01 9.514335049206857908e-01 7.384998146841560418e-01 8.840042559320742122e-01 1.653884597323261874e-01 2.981922438904612838e-01 4.648050682542833600e-01 8.968634405336706195e-01 1.546967730232018390e-02 6.729173981865887999e-02
2.594629419821743443e-01 2.175045856076852635e-01 3.141262746901929415e-02 5.878254616104393593e-01 8.375573934281768107e-01 1.955777576570720822e-01 7.230749182275594267e-01 5.498725754273958710e-02 2.180474683178834638e-04 2.884813484745986090e-01 5.748145005105163019e-01 1.595748719862544185e-01 8.283148520643918156e-01 8.555592276894902204e-01 1.296635764258260437e-01 1.840620500661550585e-01 8.447692505137315289e-01 6.875695352469858301e-01
3.539627813977243020e-01 4.044011035186131364e-01 9.937332976184711786e-01 4.993211283795738753e-01 3.299013203896545843e-01 1.517641535891157689e-01 1.358838726613680326e-01 7.367441649613118981e-01 1.073998518085839127e-02 9.606284397588075175e-01 4.704335407047687267e-01 3.676324624706084343e-01 3.386508794173138659e-01 7.244925531943552377e-01 3.586985459445262148e-01 2.925928686422645253e-01 9.220077677543236927e-01 5.487644761633460044e-01
4.585610952613218272e-01 5.632358446734228030e-01 1.333592365036566640e-01 2.847382357991379287e-02 1.126399506086445124e-01 4.295072586960679839e-02 6.521860515600967911e-01 7.636885675845130894e-01 9.994915019052577065e-01 3.653553797109586609e-01 7.335244953101950349e-01 8.558319308956895410e-01 6.976913409858834791e-01 8.659431226016253147e-01 8.041129268345292846e-02 4.683794582485271141e-01 8.342337021691865750e-01 8.583983879878120948e-02
1.813047327028440847e-01 6.301674798600098715e-02 9.841637229729000014e-01 2.511210802571001155e-01 7.713499325995424316e-01 2.896335299130627927e-01 4.378037656913518205e-01 8.453621721066129080e-01 7.644360975323425400e-01 8.600766720002218646e-01 3.861110994978508293e-01 6.221009826627943440e-02 3.780302472267681457e-01 1.489114752434542721e-01 7.962193193366107202e-01 7.347218745804967588e-01 8.600822434603946354e-01 4.147544814219565890e-01
3.369160284741481437e-01 1.211054664001761649e-01 5.138704475257356297e-01 1.617368617819208154e-01 1.148035983151817208e-01 8.182249273987585170e-01 5.581074046373843967e-01 1.583638592305541826e-01 8.553369980649625504e-01 8.326267097750723600e-01 6.350714778893614687e-01 3.665186938161646424e-03 5.884650760125906821e-01 2.893453183364659287e-01 1.975795240365380012e-01 4.392201643643113274e-01 9.503486063407284856e-02 1.268639780013515184e-01
6.226694170256659167e-01 1.559588188994234237e-01 7.651575756519819471e-01 7.157274113037946917e-01 3.759327224390205391e-01 4.281654717494600693e-01 7.773081670440340485e-01 8.157777161761557982e-01 5.759406201544489123e-01 3.033778946724082770e-01 6.264296136261353620e-01 5.149864837354732883e-01 5.411516070136083156e-01 6.044520049195064582e-01 1.584947017327075214e-01 1.869334333452388197e-02 1.242244041375115682e-01 8.957690110025329222e-01
2.768111431211178752e-01 6.209104902839153173e-01 8.492383425537729513e-01 8.259557454410781929e-02 2.391956405223705229e-01 8.195862837344566332e-01 4.229302660392519897e-01 8.032308659067701750e-01 1.562039270155888282e-01 3.946577125496683047e-01 3.064792588715492538e-02 4.310821468770030807e-01 3.359115482309132927e-01 6.508929946289776503e-02 2.922916331334878270e-01 9.210975895324794438e-01 1.306510832257125054e-01 4.885119646196441900e-01
4.726508785839803606e-01 8.125233598552632497e-01 4.390767965057280620e-01 6.215147673168389675e-01 5.271822820579448177e-01 4.631237022032194117e-01 3.330058839152189032e-01 2.537581144559339918e-01 2.933603197702669974e-01 6.888706327215310399e-01 4.613109577540954742e-01 6.968895595634043705e-01 4.511576747739602933e-01 6.224773383409538674e-01 9.033343658590611280e-01 2.926707458926192107e-01 8.261633081651043042e-01 3.439896058972130577e-01
9.661581566648028696e-01 4.322181357555805459e-01 1.491224275224987128e-01 2.895554122989466572e-01 6.545701774521294203e-01 9.112743017985462934e-01 5.334161513850055325e-02 1.009597934681046860e-01 3.154835260626140947e-01 6.714279393141481256e-01 6.012742424936273755e-01 2.837024744920368935e-01 7.599892959679964699e-01 1.260784405459811630e-01 2.444337248633021709e-03 9.439751056886004354e-01 6.666650985615579783e-01 6.324046966966054839e-01
8.425103616611862023e-02 6.873423661881169489e-01 6.892936453845603939e-01 1.310596229000258184e-01 2.028347319743712962e-01 2.819814042487358563e-01 1.268918496949354990e-01 9.545080783017259041e-01 8.129691379106315230e-01 4.876446112008131495e-01 6.719363871153950507e-01 5.495099926985402838e-02 5.525877345179952549e-02 9.551012719820860530e-01 3.002534582061229251e-01 3.875918947979394291e-01 1.724381449409427836e-01 4.008983806061185984e-01
8.218984930143701240e-01
8.658056443376169753e-01
5.951280063738300097e-01
8.945158424673094189e-02
5.625982714431332354e-01
1.589900148590953632e-01
8.708199837916049679e-01
5.491030644833042595e-01
9.225602928870345609e-01
6.767798194535076250e-01
6.423632005627517572e-01
3.815801246197502161e-01
1.123776941396337214e-02
5.894591783724119072e-01
7.025626058516640793e-01
2.223400235879783304e-01
9.706662848338750704e-01
7.065497052855685967e-01
ReLU
0.2
18
2
6.461621640293450097e-01 1.137069906089982485e-01 2.171322371265729245e-01 2.131014998987279530e-01 4.360934393715431012e-01 9.865798252335024054e-01 2.884543158312007360e-01 9.617615816478514157e-01 1.637429252164989135e-01 4.590853193514888853e-01 6.048939269764921356e-01 4.621447025562190891e-01 1.005392364113735226e-01 9.970348944132411129e-01 1.249509518604611236e-01 5.806737114249270748e-01 5.469673476958658576e-01 7.866666222359903760e-01
6.128828560897111588e-01 4.704423767956944502e-02 7.997288697937438018e-01 1.588472691403339798e-01 6.469810944579890144e-01 3.577030527778031210e-01 3.575564311046786070e-01 6.463345846578436582e-01 3.581304935372742193e-02 9.707964655575701540e-01 7.734441604875980092e-01 7.594967210321585949e-01 1.868249713223327779e-01 3.733685381342410903e-02 1.117410649838108672e-01 2.027802869974669742e-01 9.700966443546026330e-01 6.008294845492305747e-01
3.977124370932449970e-02
8.008284253051558554e-01
Linear
0.2

ct 2024-06-12 18:45:02.444059
