noname
4
4
4
18
-1.648149137254744767e+00 1.594562802444936533e+00 1.506901637388259552e+01 1.217155085428148542e+00
3.194433932148105448e+00 -2.906523559523789046e+00 -1.635150056334892810e+01 -2.049318121267725168e+00
-1.964613337460606068e+00 9.654506557292892310e-01 3.395319989352688417e+00 4.274898762843141187e-01
-1.941631000687776831e+00 -2.768645662613110403e+00 -6.461267676347537403e+00 -3.330100609517621990e+00
-1.407355147671794648e-01 1.574411553039706813e-01 4.652499587018562588e-01 1.905574581717682514e-01
4.928051482192679522e+00 3.948514460213298882e+00 7.893721409937132449e+00 4.720012320032207498e+00
-1.060602336315804806e+00 8.363655732421370059e-01 8.021614156405753704e+00 6.440340177417450684e-01
-2.673136832544741326e-01 -5.052266249036536649e+00 -3.887581965425763997e+01 -2.090619089829735433e+00
-3.570244848517238889e-01 -2.026012517797015078e-01 -1.634253881483795912e+00 3.275747608797038857e-01
-1.007988263990033273e+00 7.888266905437510967e-01 9.441481946927613222e+00 7.380937476234484818e-01
-9.619692535038009140e-01 -4.716087015888017042e+00 -5.553308178767188075e+00 -3.990278447393279304e+00
2.900740039965076789e-01 -4.322818006797944923e-01 -4.731404120351659692e+00 9.705441934702312146e-02
-8.011333724614608798e-01 2.806937545088329933e-01 4.968046793302210062e+01 2.840101062901904783e+00
-5.021698683031917687e-01 3.682579075411746006e-01 1.107393607736647523e+00 2.092408154083799932e-01
-9.647647552238920454e-01 9.880026660564064089e-01 9.585130888552354733e+00 1.301857551616436126e+00
-6.315637726266539964e+00 -3.271895199139266963e-01 3.145774531296070986e+00 -3.104037861893706118e+00
-3.145467474112340955e+00 -7.828337443764572523e-01 -4.649078156411666995e+00 -8.625653333896265984e-01
-5.194313409365276968e+00 2.528481866183911908e+00 1.163296715029929818e+00 1.767881939850041384e+00
-5.141356936846117165e+00
-7.048211869813440167e+00
-1.679123110989425571e+00
-7.978474399355172331e+00
-5.000930837935140261e-01
3.770523170033567073e+00
-2.828806850275477736e+00
-1.271063475014054234e+01
-1.476102442511303625e+00
-3.590365548748787106e+00
-1.066229401094452811e+01
-3.018931648767830822e+00
-8.276171074126047245e+00
-5.619580087783173639e-01
-3.990495761786881701e+00
-1.155066263439868024e+01
-6.058181116472162842e+00
-2.409704235103336423e+00
ReLU
0.2
18
18
-2.279923610834827752e+00 -2.032354869717583945e+00 -4.142987179554761812e-01 4.900119899470262719e-01 3.239532462370109389e-01 -3.950383506505222631e+00 -9.267641878509672582e-01 -1.767868055511690351e+00 -4.352541886184473907e-01 -1.992523514150547737e+00 -3.906010495452624243e-01 -1.965746866935109138e-01 -8.830741703150591704e+00 -4.614794788674135839e-01 -2.643541214562605379e+00 8.179491688660242010e-01 -4.218752328879523894e+00 -8.656123333648944040e-01
-1.295639370263704793e+00 -5.307644587263148361e-01 -5.910218063246782672e-01 -6.464178865359259119e-01 -1.541012069906887438e+00 -1.427033669325476151e+00 -1.483558603814030041e+00 -8.567165452666095637e-01 -1.639924406679664326e+00 -1.192622419486986551e+00 -7.752453330235463680e-01 -1.087383278284699051e+00 -7.690052602476831201e-01 -1.085631197966244965e+00 -1.626223888655240479e+00 -1.742954153766868908e+00 -1.246241098290082228e+00 -1.348983391924819752e+00
-8.600592816538003005e-01 3.792678906173892195e-02 -7.634151452141710870e-01 -3.494955382683465062e-01 3.154380709641054215e-01 -2.030814873009345156e+00 -5.109214333764732219e-01 -1.932980079556427810e+00 -2.713172362297985862e-01 -4.158813036064316626e-01 -2.270579949789561236e-01 3.219307548482075454e-01 -1.954098355524641617e-01 -7.662132448028402543e-01 -2.526731631055076477e+00 -1.413802247690921110e+00 -9.195968685574301693e-02 -4.960411903754545215e-01
-8.417536645516412452e-01 -9.174146237240250468e-01 -4.532113308089685821e-01 -8.384570707244956012e-01 -9.922919748307253984e-01 -1.120001724753142858e+00 -7.351341404169360327e-01 -1.295429466676761843e+00 -1.242492637422477619e+00 -7.614973033413090509e-01 -6.866375631434787907e-01 -1.105297810009814086e+00 -1.161921030400380861e+00 -8.458433835389498334e-01 -1.591690896398588295e+00 -1.108449161497148117e+00 -1.373308757730362872e+00 -1.170036816322501227e+00
-2.368203360989665496e-01 -4.582908500776218808e-01 -3.953094633211594044e-01 -1.504564842915629419e-01 -1.425658204472544377e-01 -5.342070467744858497e+00 -2.347909141984916293e-01 -3.297410625724769506e+00 -9.691678984703770983e-01 -5.550200747862351625e-01 -6.463102005629057789e-01 1.203153046190079817e-01 -5.376092262959565327e-01 -5.628739726664293563e-01 -2.113552715426039619e+00 -2.541922489190477474e+00 -1.875790731494792751e-01 -1.567342043162345711e+00
-3.094651334160151812e+00 4.046159627052094976e-01 2.520872470188120773e-01 3.739997217113692152e+00 -3.236458852202008657e-02 -1.862911296619990109e+00 -1.437060947254505505e+00 -2.524478700347511317e+00 -2.254029236551830517e-01 -2.029552300889138294e+00 -1.726579738287436161e+00 -3.605380549443619742e-01 -1.634766935818598554e+01 -7.687834298369060348e-02 -3.277696405106989008e+00 -7.267693663485660593e+00 -1.770820806291671268e+00 1.840340610797088494e-01
-4.535810841793584403e-01 5.307328252373001432e-01 -3.026443424638359248e-01 -3.114489315305628003e-01 -2.120017652866121038e-01 -1.585264612889436009e+01 -1.521536943272269737e-01 -2.777418882875332784e+00 -6.694655686754295010e-01 1.156478670341626741e-01 -3.867081951445301424e+00 -6.396920164834997147e-01 -2.593450021706986686e+00 -1.311041774589623565e-01 -1.382338487374219493e+00 -1.119465035343187642e+00 -8.949265362125213841e-01 -4.447454411373849226e+00
-1.667687993176356409e+00 -1.435479320375761259e-01 -4.107732282904633103e-01 1.850125837075223753e-02 -1.489011446013398243e-01 -5.856029973919223419e-01 -2.220882681726969732e-01 -8.969898981272307337e-01 -3.241875518977374582e-01 -5.437732465407825178e-01 3.452433046775753023e-01 2.410933568214031486e-01 -1.828480531402841613e+00 -1.962270741411329400e-01 -2.803109242042792548e+00 -5.893052983071479511e-01 -7.478415389335646424e-01 -1.650149157737470951e+00
-1.305935753354502404e+00 -1.352015262957404484e+00 -1.536559075519075446e+00 -1.045095800705477362e+00 -8.037942893736148564e-01 -1.346175095311595404e+00 -9.528583004514650234e-01 -1.561172561295597783e+00 -1.628930378209128227e+00 -1.314313848520039185e+00 -1.037621152701735827e+00 -1.476604435664013781e+00 -7.132631234148949506e-01 -7.060614106616165397e-01 -1.497391525305763249e+00 -1.519778304860291973e+00 -7.534479605330139940e-01 -8.808308180346733351e-01
-3.431356823319454463e+00 -7.667429336765000381e-01 2.886418733231882125e-02 -3.590939820446843900e+00 -9.172885260674065733e-02 -2.193059653827265088e+00 -1.330184462453148919e+00 -6.384056005345080997e+00 -6.859241287586670399e-01 -1.023174318207896283e+00 -1.425458821565065703e-01 -2.458695282548482020e+00 -7.086654281983377324e+00 2.242002029920623640e-01 -2.822683960765363320e+00 -3.003727955297736063e+00 -5.071135747965573870e-01 -2.845834717058551178e+00
-1.312935307408722885e+00 -1.745813685829732953e-01 -2.371183049317512892e-01 -1.757108739211219184e-01 -3.932886920950305343e-01 -1.840743272712469070e+00 -5.580873520768451224e-01 -1.231721296147513245e+00 1.287499376863667777e-01 -1.279398816474720535e+00 1.987015961600996639e-01 1.596272129149319541e-01 -9.933758849097371613e-01 3.014798200649596027e-01 -3.130616635307502449e+00 -1.294279148051965533e+00 9.672381034500834862e-02 -1.046606749770722544e+00
-9.902990021242705776e-01 -5.881594893285849723e-01 3.413416586144188414e-01 -1.861114582934257911e-01 2.295943682732736746e-01 -6.737290617825400396e+00 -4.272547940541635003e-01 -2.715370037555467686e+00 -2.043836585113622817e-01 -2.662986127996234131e-01 -3.462976103870300526e-01 -3.693350818554422821e-01 -3.979624941623773449e+00 -6.599851550175048764e-01 -1.974669639327627513e+00 -3.037205690957534010e+00 -1.231783848011062110e+00 -1.989633336339492686e+00
-1.164012339289982378e+00 -1.379962070533861995e+00 -9.840771713722480385e-01 -1.378124502277008112e+00 -1.435967454608468641e+00 -6.762316951746722982e-01 -9.946032471866292912e-01 -1.360990239659076728e+00 -6.781748717786147962e-01 -6.885848112553585310e-01 -8.773844289486877335e-01 -1.530027654174788143e+00 -8.787315569057442266e-01 -1.205726203803892949e+00 -1.320257255028607135e+00 -1.153067015343788304e+00 -1.442065928477744841e+00 -1.405897053005019659e+00
-1.773958740606333961e+00 -8.609663284879226497e-01 -3.921772854928036178e-01 -5.912565693370341879e-01 -1.068347686644190775e+00 -3.918228371375089836e+00 -8.996228349885740938e-01 -4.270312299142157819e+00 -1.406166039932211342e+00 -1.669615084194601806e+00 -8.948420364867807342e-01 -5.924299424860258734e-01 -2.514705207734942327e+00 -3.560929856689800110e-01 -3.564973051960284245e+00 -3.638823325664960251e+00 -8.790784826630817506e-01 -1.816823259213517505e-01
-9.656741587566093354e-01 -6.257238261480142505e-01 -3.650465450612915830e-01 -1.194133260784760120e+00 -1.036706339810180344e+00 -3.891221939304526645e-01 -8.156647221994479668e-01 -4.438088621262055722e-01 -1.103519371002207317e+00 -8.692539370568596047e-01 -1.199008175684169952e+00 -8.070887934101182992e-01 -9.005321688752931930e-01 -1.192277059908643855e+00 -9.791773110588107842e-01 -3.712690997894563250e-01 -1.054565146485640481e+00 -6.672167646002872265e-01
-5.588185929505975480e-01 -1.237862989714684503e-02 -2.666813920392212614e-02 -2.621735470843947202e-01 -3.058550978142760002e-01 -3.053567440622875662e+00 -5.942216754813935964e-01 -2.586208223731298883e+00 -7.335926797203023986e-01 -3.320768364276404649e-01 -4.781787524775381604e-01 1.071997633827718316e-01 -6.110168147875778555e-01 -1.976575492187700733e-01 -2.351059637639020039e+00 -9.198822853462313986e-01 -7.758693311630805445e-01 -2.817455512740321133e-01
-2.708594019788885809e+00 1.854077408892592649e+00 -4.844239784810244198e-01 -8.080736921365722081e-01 1.716656221738896149e-01 1.625188662305617537e+00 -1.538482002775980462e+00 2.958046701770945308e+00 -3.349436529920616912e-01 -1.425352385547406397e+00 1.428264493063284846e+00 1.290375633763074792e-01 -3.654091700121860686e+00 8.964745800390219038e-03 -3.309506024549255354e+00 3.625661642443453125e+00 -4.407826849375364731e+00 -3.337899388575240600e-01
-2.142163366054315787e+00 -1.141776539794836731e+00 2.829814504937321340e-01 -2.162794133643914651e-01 -4.700537092450794985e-01 -6.271956944760318287e+00 -1.340938311287435791e+00 -3.957536442341281102e+00 -9.537334133946613612e-02 -1.380274995890414580e+00 1.170049370534286121e-01 -7.543192355127109616e-01 -5.741909425360586461e+00 1.978107776803663675e-01 -3.029794733585870148e+00 -1.616207488620180488e+00 -6.137346245985590976e+00 -1.636203260792567171e+00
3.976565758745423729e+00
-5.230726225378586891e-01
-4.563511303678817466e-02
-1.337580914614080241e+00
-8.527857147661441900e-03
-8.328665419605457698e-02
-3.588007692576420382e+00
-2.016726772138215107e-02
-5.532397099473167490e-01
1.376632061663267681e+00
-1.892707503858015894e+00
-2.495345109035330022e+00
-1.484650851119787340e+00
-1.973053256881202588e-01
-4.437989856259825783e-01
-6.988380259517140702e-01
8.705116491739412155e+00
-1.954336773525721327e+00
ReLU
0.2
18
2
-1.131903424801208979e+00 1.100614293018949974e+00 -1.205707879538380489e-01 7.657943242489834157e-01 -9.464520898685376826e-01 1.193358823723386086e+00 -2.463051844281665570e+00 -7.154719626333774785e-02 1.202410469558998329e+00 1.105810706431306523e+00 -8.497842994543626238e-01 7.732396013828123360e-01 8.884118943035957949e-01 -6.328133926476193771e-01 1.127641807915952255e+00 -4.100528889377645300e-03 2.828652035705835566e+00 2.064762634476962067e+00
-3.298298999978903634e+00 9.033945786296719849e-01 -1.029908209661096335e-01 4.750259522673879742e-01 8.743560919200063508e-02 3.038196906685552423e-01 2.823473999072643181e+00 -4.648383105456494607e-02 9.832297708723860552e-01 1.610386831613739300e-01 2.180385373686612560e+00 -1.902583713625347395e+00 6.924164557257038721e-01 5.618271658440134875e-01 1.000573618801354314e+00 2.362492633086538119e-01 2.699047428025266537e+00 1.222859145575377227e+00
5.652156133608191801e+00
7.251480334411969153e+00
Linear
0.2

ct 2024-06-12 18:51:13.639259
