noname
4
4
4
10
-6.152527263473427377e-01 1.516124573957168931e+00 3.272293744435929685e+00 1.796758879259456598e-02
1.014974003272445691e+00 2.649043390416394028e-01 6.997050891830024211e-02 4.192566842686640260e-01
1.604882422976373402e+00 -1.338734140594444455e-01 -2.017625512097816820e+00 2.510179780816882977e-01
7.718744387112254079e-01 1.913359176868035139e+00 3.023962011305747932e+00 1.530074218340021774e-01
2.485350268563223608e+00 1.111404460724113141e+00 -1.122860853658337182e-01 1.436405848965820464e+00
5.200488342586676582e-01 5.232383586371417428e-01 -1.781510913231909021e-01 3.951078786603899884e-01
2.132495222760490694e-01 -9.727269067699886307e-01 -1.523005699837293214e+01 -1.162558766719077319e+00
7.244310651145646762e-01 9.517246600426426673e-01 1.772102085616409139e+00 1.717559849699771268e-01
2.658110738898042058e+00 2.058738960335620760e+00 1.164532523807127795e+00 1.491812774169250622e+00
8.963437320223178739e-01 2.337857131253211040e+00 1.389013500377724197e+00 7.401959935657863587e-01
-8.647278646483423925e-01
-1.624757293273526138e+00
-7.371063807225070041e-01
-2.622403600406582672e-03
7.813446939248249734e-01
7.608943250971382521e-02
-2.611071797862139388e+00
-2.988478936483124349e-01
1.354440441863332456e+00
3.670110666512214070e-01
ReLU
0.2
10
10
-2.616949942935687390e-01 -9.162915561327633629e-02 -9.718863657487311625e-02 3.304550310250476963e-01 -2.075781301908644905e-01 7.435077800651908320e-02 -1.073260409000372340e+00 -3.687579344538710613e-01 -3.066649555369511115e-01 5.891104164593800874e-02
-5.204884996676685249e-01 -1.151141400125941905e+00 -1.338148998372290066e+00 -5.980654357431587353e-01 1.046389423478996106e-01 -3.753823728923331715e-01 -5.770770868901817785e-01 -3.970641171058838514e-01 -4.394934664859712070e-01 -5.010491685472243661e-01
-1.164811804270737827e+00 -1.419397277607538976e+00 -1.505285643569297394e+00 -1.260755937376700775e+00 -8.281192860210222495e-01 -1.310695181898049011e+00 -2.212924004617441209e+00 -1.382826171238729529e+00 -4.208668845270330805e-01 -9.284267846478496677e-01
-7.710862772701444490e-01 -1.704739890950053516e+00 -9.927700105925778562e-01 -6.085429045872439158e-01 -7.932495797597346465e-01 -1.388450754324284997e+00 -1.002396391938850995e+00 -7.640095233891377458e-01 -1.250908465736253028e+00 -1.259272445095515947e+00
-1.140232712241052715e+00 -2.315351320274297020e+00 -9.077556614757681386e-01 -1.385716246324228074e+00 -3.227188237057219689e-01 -9.264406207066994137e-01 -1.877542613246140135e+00 -5.425856375843627344e-01 -6.552646368174672720e-01 -4.051546499391341372e-01
1.632909242772002667e-01 -1.577476040479869057e-01 -3.471854193264611310e-01 8.033516561967826153e-01 6.131796788436272294e-01 -2.486314496811482255e-01 -1.508891463222095108e+00 1.232674934536693856e-01 1.212487705872633992e+00 1.235194354076961876e+00
7.854406854016890982e-01 -6.213294230902154380e-01 -6.525017989514069194e-01 3.182939475879217328e-01 8.644533613067852951e-01 2.538990063989150503e-01 -2.450954198453354049e+00 6.518718177282911697e-01 6.867187661938277676e-01 -1.991736794525736098e-01
4.203463372118293462e-01 -2.239600882533368809e-01 -7.113735251551689398e-01 -6.802657891118129019e-01 1.520170517711789959e-01 2.760218131633372929e-01 -4.626856706089550464e-01 -4.756557602022503661e-01 5.218569913019618367e-01 -2.085003574137316296e-01
-5.132897479732017043e-01 -5.480657870444153312e-01 -1.075522948272986223e+00 -5.375030536730034392e-01 -1.188632055239950303e+00 -1.131971785077469761e+00 -1.109147067700330336e+00 -1.109904928311003403e+00 -3.019040495140922764e-01 -1.193319961056708900e+00
-7.963465970244625325e-01 -1.281645418372411971e+00 -1.687607560140698348e+00 -1.511195071694245717e+00 -6.965054081730605307e-02 -1.070833851581671547e+00 -1.366862107143358429e+00 -2.229037949602581670e-01 1.593924306513293254e-01 -6.873967437700730931e-01
1.646754477484973833e+00
-1.670134878750788310e-01
-6.596852148123297788e-01
-1.149523918233519737e+00
-4.993683642875616779e-02
2.718915465166062972e+00
2.181911846922033327e+00
1.815775903666704716e+00
-1.135053494868404345e+00
-2.298404080708750241e-01
ReLU
0.2
10
2
2.234491734405624763e-01 1.578025773916345020e-01 2.424983867395348880e-01 1.067722918940297916e+00 7.087092018600039678e-01 1.332849375426315097e+00 1.174135565610421761e+00 7.494814118926810265e-01 1.079424583247192704e+00 7.582476489595548763e-01
2.305190284780438970e-01 1.013865652154043229e+00 6.981534906448744193e-01 -8.069986048913481147e-01 5.865924033192644327e-01 1.452364330674733361e+00 7.980287314174169255e-01 4.270762396123228277e-01 -4.762203910403832730e-01 1.332448947155649099e+00
3.953329883917117371e+00
3.868784652449746453e+00
Linear
0.2

ct 2024-06-12 10:50:58.297589
