noname
4
4
4
8
3.801600076716796228e-01 3.095782707301422687e-01 7.337944168118823995e-01 6.490402551125714625e-01
1.126893708577655806e+00 5.607746975285170521e-01 4.605332255015751608e-01 7.237354243306988177e-01
-1.689226487663243459e-01 2.671231332683531301e-01 -2.239077597205545445e-01 7.768970648540454715e-02
4.714542613307675101e-01 1.253124000137391780e+00 3.368148873848114677e-01 6.750278214828435708e-01
9.482527274112859672e-01 -4.220305170640847869e-01 -2.647529387711897275e+00 -9.308968870841437260e-02
-3.089015990179596605e-01 -7.966048766963865213e-02 -3.948867079109569245e-01 -2.729509167714316842e-02
-3.819108263337201992e-01 3.506460578237243775e-01 -5.882075356043112713e-01 3.202614737060914818e-01
5.014571140889302336e-01 1.059702491678869540e+00 5.580327842672664351e-01 6.084860396867048937e-01
8.652633161171406906e-01
7.428899779177218221e-01
-4.345159964546989606e-01
4.439872215477867479e-01
4.943946816786494169e-01
-3.837907362361798191e-01
-6.379008043127541994e-01
4.220827327638783655e-01
ReLU
0.01
8
8
-1.582594234005723910e-01 -1.317567207160504628e-01 3.248305919165804800e-01 1.953422877531481305e-01 3.327648161717688402e-01 2.337165244016906895e-01 1.804502503993460349e-01 -4.309334266315554829e-01
5.775495908473561313e-01 9.720735594469087637e-01 5.257598579387187110e-01 2.535246555718388972e-01 5.916289639713440129e-01 4.230456413778674873e-01 2.152199201067999113e-01 4.378754840777223101e-01
-1.282333440697239091e+00 -4.071025495247559967e-01 -1.351297445189429125e-01 5.374028186761348191e-01 1.770178102051944258e+00 -2.897434013752791526e-01 -1.994934416993085768e-01 -1.483978414995316686e-01
7.061542992629297189e-01 6.315362149576785322e-01 4.554295235412669784e-01 5.847151796193145179e-01 4.638396809522212644e-02 9.463396846567979914e-02 2.566136108392481074e-01 6.006562373846048297e-01
4.591758739411124224e-01 1.816418305145574286e-01 -1.699377650356600211e-01 -3.660541957839110738e-01 4.545844009766559224e-01 -5.061162781031651736e-01 -5.290626074008428770e-01 -8.711177807030295872e-01
6.963659880265783420e-01 3.561348811986068119e-01 1.195850218697733780e-01 6.696250249257164056e-01 4.010359276944965301e-01 8.169309740431658362e-01 2.206592065586688856e-01 6.803747649089376681e-01
2.859375640070269120e-01 7.423784928588377241e-01 3.264175798484885149e-01 8.366648101661655623e-01 7.312637635863077357e-01 6.081739753512291347e-02 2.226117536300363242e-01 1.190709927946609487e-01
4.897361346253820136e-02 -2.481027616262860280e-01 3.258405494597101937e-01 3.553438082461426450e-01 1.594603684252512976e-01 -5.436534969127420069e-01 -2.712711395351889015e-02 -1.967937663502801748e-01
-1.213363988441433367e-01
6.159327983639459880e-01
1.258038798186984941e+00
7.528778244526684871e-01
-2.092983396692010556e-01
1.484731738701297932e+00
7.627556781761221094e-01
4.252593909609387324e-01
ReLU
0.01
8
2
-2.540120310740697288e-02 5.071165137092699116e-01 -1.139503661859301298e+00 3.372093297855712213e-01 -2.076431819539094337e-02 1.106928215606466148e+00 8.701108731712248190e-01 1.786657148751438773e-01
1.342387052292854863e-02 1.045200153824812350e+00 -1.047842822263384210e+00 1.064885832239809593e+00 3.851730353741354973e-01 2.579857745623920229e-01 7.066113708124491799e-01 1.022422389070134358e-02
1.335543848379880272e+00
9.531944308409405764e-01
Linear
0.01

ct 2024-06-03 12:03:58.378858
