noname
4
4
4
8
-5.766865587323438680e-01 -1.047513657076004856e+00 -1.410809492146467559e+00 -3.439295438443814579e-01
1.679235453961341662e+00 2.242583875534441162e+00 2.666611873172930913e+00 2.076498033886517103e+00
-3.740988390204547653e-01 2.373617477490530980e+00 2.410881954188164755e+00 2.494384618508742602e-01
-8.061248834989330481e-02 6.740696114949472628e-01 2.849416453967315466e+00 4.055366384752107090e-01
3.676604228224939153e+00 -4.282560034346228478e-02 -3.538903530306525269e+00 1.481891489804627149e+00
-5.565006108507957183e-01 5.537996696567938359e-01 -5.459416430924272229e-02 3.444776854770407182e-01
3.307559827835780952e-01 4.939237739363890323e-01 8.046235023019009114e-02 1.056475892897073277e-01
1.252998364807504483e+00 2.519739694735929625e-01 -7.907623976364530627e-01 5.325706818038705714e-01
-2.191328628599330752e+00
1.621702180088088863e+00
-8.894350491334818143e-01
-1.432076828144962066e+00
3.900735224938679802e-02
-4.046464759972567271e-01
-9.195366336178480982e-01
-1.402632550584107296e+00
ReLU
0.2
8
8
1.989993942466563859e-01 -1.644480009789222874e-01 7.924064358612202819e-01 -5.699784315129706735e-01 1.152936137545997886e-01 2.620231901497414514e-02 -4.815499936762399069e-01 -9.534928559994888808e-02
-9.344790166922858354e-01 1.511086415275211481e+00 3.712526070543050727e-01 -1.055306663147206336e+00 8.210233094367405116e-01 -1.526882713575723922e-03 -1.738182397447300132e-01 -2.769477315266394846e-01
8.326333851313519885e-01 -9.395025456767611138e-02 9.421092392692029249e-02 -2.741155650974081218e-02 3.280532311008253765e-02 3.791323272992046245e-02 -4.481755905970281062e-01 -8.022055925758196926e-01
-2.459162805918214956e-01 -8.866663925472701990e-01 -2.414618375049666990e-02 -3.625609409531010963e-01 -2.822598454683201141e-01 -2.228744907690130284e-01 -6.219217834466880257e-01 -1.402748767180878930e+00
5.335643676088536180e-01 -1.472138952730999151e+00 -7.953464958330642709e-01 -1.002564821522400118e+00 3.885870004866475713e-01 -3.861015447906976372e-01 -1.070125261444454079e+00 -5.380315278477076912e-01
5.348216913268947215e-01 1.103282222300270982e-01 4.217342029525490352e-03 -7.321459853153773623e-02 -4.300529750763395498e-01 -2.754319961722964116e-01 -8.555731677562458115e-01 -3.036386244133839618e-01
-1.876962365116723763e+00 -3.773299294162091311e-01 -9.767819094075526065e-01 -9.606596875791129087e-01 -1.112006557599452439e+00 -5.554715527791268537e-01 -9.364869839361203985e-01 7.275014596289718360e-01
-8.725956648367749757e-01 6.663888311615027982e-02 3.633424308648791623e-01 -1.238869821655277370e+00 -4.548168563997568858e-01 1.373385355258685825e-01 -2.873844873937224098e-01 1.767531222293425575e-01
8.165561091852518993e-02
5.843453353910722514e-01
-3.449178768283579083e-02
-3.956297015118639959e-01
1.032108965078480711e+00
-1.781289707895536978e-01
-8.789841193650151097e-02
-1.158362027692343976e-01
ReLU
0.2
8
2
-7.929687677452317007e-02 1.408421433421938485e+00 -3.199528312509142963e-02 5.652772341733400263e-02 -5.858262488271642754e-01 4.670286137898591039e-02 1.359357867258057517e+00 3.318076346373786262e-02
1.823686030723583873e-01 1.387719319178012611e+00 -1.685121037105426212e-02 1.069082852308910425e+00 -4.765723544795002486e-01 1.415285663393395510e-01 9.086343889016794406e-02 1.658689238181280945e-01
5.143931169384401869e+00
5.159762103523047649e+00
Linear
0.2

ct 2024-06-11 22:04:08.033183
