noname
4
4
4
4
-1.763305731169951152e+00 -1.303116789522558439e-01 -2.955791928055345075e+00 -9.614075562411084075e-01
-8.798414239728784558e-01 1.411868711429414169e+00 -3.383651740274231212e+00 1.688114717369621820e+00
-5.438985418165865227e+00 3.322251168799839949e+00 3.319897193483591913e+00 5.369543426730415403e-01
-7.036190164746396469e-01 -2.685504790132630326e+00 -4.884855985094814557e+00 -3.071577897598959606e+00
-2.835200322093056169e+00
-2.805537924941404970e+00
-8.597948130021020319e+00
1.210366335521565029e+00
ReLU
0.2
4
4
-4.613804264228272833e-01 -9.915344526472602560e-01 -7.849600388390367556e-01 -1.769696589920524699e-01
-2.049114050745255156e-01 -2.530304038775689879e+00 -2.149726954429786563e+00 -1.359121419750740190e+00
8.933660685502309295e-02 1.133649358198538654e-02 -3.995230389811612159e+00 -2.877537013766247043e+00
-9.755406562297729289e-01 -1.049838904614722290e+00 4.854654982312748418e-02 -6.942844348914849473e-01
-8.429790908903195268e-01
-1.150390563721063408e+00
-1.569375851519676734e+00
3.654778271169814907e+00
ReLU
0.2
4
2
7.110084348737993887e-01 -2.410279841616580765e-01 -1.316237716634911736e+00 1.200376386445112020e+00
2.127250814673962154e-01 -9.770783159788291039e-01 -5.133227031445449562e+00 1.232204305250752085e+00
2.099676899532231467e+00
2.026249296701260860e+00
Linear
0.2

ct 2024-06-12 01:15:23.592572
