noname
4
4
4
4
1.233364943138105296e+00 -1.070891743165886201e+00 -3.236410138844826534e+00 -6.175620179266697596e-01
2.142322797671389445e+00 1.499789001839961777e+00 -5.286083615783788048e+00 2.038576788573347454e+00
-5.665580119122521019e+00 2.674660380253573333e+00 5.253409360377268911e+00 1.302348257047130975e+00
-6.138513557499493123e-01 -2.803677886371235495e+00 -4.589608371697604383e+00 -3.536084515383384197e+00
-1.506987959755673012e+00
-3.752232404298718738e-01
-3.021736020500602748e+00
7.494126102883421625e-01
ReLU
0.2
4
4
-4.613804264228272833e-01 -9.915344526472602560e-01 -7.849600388390367556e-01 -1.769696589920524699e-01
-2.049114050745255156e-01 6.993015286992749768e-01 3.103110150521037336e-01 -1.368251291419602333e+00
8.933660685502309295e-02 1.133649358198538654e-02 2.004443884386738761e-01 -1.676754679337667531e+00
-6.524079061852910977e-01 -1.686943743398188755e-01 -5.127182891221698791e-01 -7.812067368923214516e-01
-8.429790908903195268e-01
6.880788595279124786e-01
-6.856759700087955434e-01
3.007132010135176170e+00
ReLU
0.2
4
2
7.110084348737993887e-01 3.446080215458324769e-01 2.999674091056253600e-01 1.044256735794975466e+00
2.127250814673962154e-01 7.192081837284123313e-01 6.241378280950617974e-01 1.096100928805825880e+00
2.486039145421900187e+00
2.874820189795898262e+00
Linear
0.2

ct 2024-06-12 01:14:24.635337
