noname
4
2
2
20
7.120200917985971545e-01 2.089884705193930103e-01
5.155593494945924782e-01 5.492978970893903634e-01
5.551034618630946715e-01 6.450297114501635232e-01
-1.095961853699156940e-01 7.943581683889446854e-01
6.553396755481212255e-01 3.055497897813662100e-01
7.094369142095667824e-01 9.808367370801976404e-02
2.574896135188832758e-01 4.197026362006670563e-01
2.464992430803917001e-01 -8.132743631211594715e-02
8.898452470323238439e-02 -8.595427075869022104e-02
4.738357028658249925e-01 2.329284558337732236e-01
5.059690342972852362e-01 1.868605215038789680e-01
5.159230748611987744e-02 1.966349372481771274e-01
7.112901522688837019e-01 7.230944933429555022e-01
3.638224518659359807e-01 7.065976091061192399e-01
-6.343091883797122299e-02 1.793286750510229011e-01
4.621521284012674036e-01 6.579924398293989229e-01
3.045846201935630826e-01 5.494669370169075195e-01
8.495955583486596019e-02 4.269567499762774165e-01
1.311113509642335695e-01 5.577852997818949499e-01
5.035500501565522979e-01 5.844179911449817189e-01
-8.093410162407455033e-02
3.453885802134695759e-01
-1.194235350257114442e-01
-8.461270949307662936e-02
-7.863263144130105964e-02
7.980851946190600232e-01
2.770104726615220669e-01
3.135944167524593595e-01
2.738310457965732470e-01
4.382241443085511112e-01
6.578558023271371402e-01
4.417143803905914101e-01
4.068735809491045297e-01
1.696380944242917299e-01
-2.849028061181692328e-02
7.968845510776390029e-01
-7.331207299383545040e-02
5.540010868093586671e-01
8.424244352003406044e-01
5.314077583577285768e-01
ReLU
0.0001
20
20
3.514754664915706872e-01 3.232676154224455867e-01 5.478785871642959382e-01 1.416078588298039509e-01 2.480118964986954833e-02 1.851772228650356775e-02 6.445485501268753969e-01 8.649708548126403551e-01 1.110874227345806375e-01 -1.065861136763794903e-01 2.600971047470724828e-01 7.968728857004095945e-01 3.393481887477323156e-01 5.687466801889020651e-01 8.909107841238705916e-01 3.321153193313971519e-01 3.561165216344875373e-01 4.984918630825800334e-01 -3.494642048020121100e-02 -4.386593891452831434e-02
2.945761084798176888e-01 2.393977037064022872e-01 7.512262810129114454e-01 5.687323116336077261e-02 -7.209769396566960420e-02 6.105597814524245104e-01 5.986351054690904894e-01 7.213682739739308847e-01 3.207250075533655265e-01 4.927569254222385897e-01 2.576171823722356747e-03 -9.067492611171430739e-02 -7.373579044006019212e-02 5.596509106520742849e-01 6.258807759958102679e-01 1.141029331840829331e-01 4.336963217884603483e-01 2.972127586894791618e-01 6.161658211972764754e-01 7.138982788277348224e-01
6.166782235999588302e-01 1.404883507541437593e-01 6.104801659095184657e-02 1.190096787487455177e-01 8.349035339917362242e-01 3.669254743098566141e-01 6.383377312275873017e-01 -7.399895048539292808e-02 2.269967454969193388e-01 3.035848572671894646e-02 5.865681615485734968e-01 5.639279226963129776e-01 5.909414031516099231e-01 1.433617776183876424e-01 2.077617504077875765e-01 6.633329687016755738e-01 2.403329769744164679e-01 8.652393092094985416e-01 6.805804507582695617e-01 6.612148683505034708e-01
7.620646183641631710e-01 2.187666156033659381e-01 3.072395946602092531e-02 7.138247314926489118e-01 1.474306226523818819e-01 5.895714745405859075e-02 3.238446254437912786e-02 7.818794401619824086e-01 2.050458941760354425e-01 7.013163487588828238e-01 2.679255580948500803e-01 -8.133238574626837358e-02 8.313219926066611754e-01 6.046616300209816108e-01 5.875583532970162226e-01 5.413665044057288656e-01 5.283123382218137820e-01 -4.609483818802190269e-02 2.716776442553556214e-01 5.231768247360785162e-01
6.075340193816975987e-01 5.690280020163930308e-01 2.682666676329230615e-01 1.956681139051733298e-01 2.312648125742452765e-01 7.831085950743508217e-01 1.414060552719932362e-01 7.022845165288796876e-01 2.880256466051381303e-01 4.288633310043804547e-01 3.007643248554544568e-01 1.517851034655678596e-02 -9.363074040079523430e-02 9.357187903154270958e-02 1.292573908167549135e-01 7.188141087980955968e-01 -1.144676999380110638e-02 8.607763008560705975e-01 -1.581233895909000403e-02 7.539674070793115357e-01
9.049146296234825138e-02 5.992107645149830075e-01 1.635114828650657270e-01 2.518865747920194798e-01 5.700062167367662136e-01 6.686824883689378440e-01 8.868438284556561246e-01 5.847811783283650422e-02 1.188692573689522913e-01 4.899932712769192733e-01 9.117791167238180616e-01 5.871081905881270213e-01 6.504125550712454018e-01 6.940921640236241696e-01 3.889548689384788593e-01 8.608993223929609639e-01 4.485977484987558883e-01 8.343398782949774661e-01 3.147683919804181718e-01 6.460851128917215469e-01
1.425261174002573350e-01 -6.966238093196688852e-02 8.194665067562817429e-02 9.788943667699841200e-03 6.761472622345608696e-02 2.480218751598628202e-01 3.734507038863181805e-01 1.377974542970088756e-01 4.441424217909861749e-01 -1.064799803375200554e-01 -2.613402091372241456e-02 9.830661019765067621e-02 -2.355770547326492895e-02 7.528543959721871737e-01 8.569362196446745905e-01 2.590535997998005269e-01 6.359683718131785568e-01 5.090754045081152812e-01 4.110024021880549494e-01 3.192218383726795894e-01
4.006733893443558125e-01 7.211397002896451358e-01 6.414435040397438170e-01 6.747966900610472551e-01 -9.627063872406993461e-02 4.326454038886820008e-01 1.623465382784975986e-01 8.288878616944361788e-01 6.078599425602830841e-01 8.445880710343939279e-01 -7.901711171842709658e-02 4.374481107015492642e-01 6.018212431930363149e-01 7.469132355738459239e-01 5.837192076040945699e-01 3.121339860037684044e-01 2.720142299137167652e-01 3.304166134972598701e-01 8.263430900957986491e-01 1.013605508329934804e-02
7.011743048383490828e-01 2.762714711354396502e-01 3.073070726838812994e-01 9.270440329620766029e-02 6.160816237765838199e-01 2.399554915712144298e-01 6.309292050344840197e-01 8.522804960747013547e-01 3.598390743422538729e-02 8.255740404870212101e-01 8.243105726472826911e-01 7.585839949276181882e-01 2.332499908356300000e-01 1.712975596493954700e-01 6.837072582232615048e-01 8.519802189103875545e-01 4.140788789077285564e-02 6.159693054559109981e-01 6.893765497737815995e-01 4.733495621165174638e-01
1.395882188950387237e-01 1.087984869207034994e-01 5.039311410698363858e-01 3.653905583825966530e-01 5.233582684304667332e-01 5.774004681227900004e-01 6.084301023567075806e-01 8.487231002500875143e-02 1.318726575859520689e-01 3.229428136759351919e-02 7.438635432887009680e-01 7.877256928009798154e-01 8.439443141991524733e-02 4.801347333250315930e-01 4.786187937801045789e-01 5.149672807972858202e-01 3.530123764957767141e-01 6.036130615526713594e-01 2.319487587749169064e-02 7.453127751945392010e-01
2.751363050121966025e-02 7.087224103637764783e-01 6.312265405713489708e-01 2.872109729906948891e-02 2.587599542670809272e-01 -5.841157365871316870e-02 3.441787915083071026e-01 7.774497242500520988e-01 5.781036393670300200e-01 1.301633183501216540e-01 8.449207821376235605e-01 8.049213572938079819e-01 3.623867229186263361e-01 2.079321277969991277e-01 4.535612087157590011e-01 2.977070474668414013e-01 -7.531328202947212835e-02 7.959569438925476748e-01 8.138899813448198239e-01 7.848091698674325434e-01
3.040445643119438768e-01 7.674339889845608331e-01 8.571660361052609867e-01 4.247449608076171446e-01 -7.432417561981492782e-03 1.434094636499258224e-01 3.829442301552548611e-01 4.678499356612409454e-01 8.983533890430910329e-01 1.307271592403340676e-01 6.006818566743714616e-01 5.825962609672351578e-01 -4.318346899964498747e-02 6.522049363634165875e-01 3.654062882152176450e-01 3.160097394047737263e-01 2.368799064326778947e-01 1.564087211603846020e-02 7.145900586465144810e-01 5.222977940941677666e-01
7.943699344952810382e-01 4.390529834353098515e-01 -9.990371022019360614e-02 6.463224438959631890e-02 8.009628276589719764e-01 5.345865409589267703e-01 2.529611317812283655e-01 7.202125413796309772e-01 8.611610200797880088e-01 1.589588726971839228e-01 2.783579495891672639e-01 6.452808433405564890e-03 7.755568513348565229e-01 3.385558281871283715e-01 6.111169341688950096e-01 1.878965869136491398e-02 8.185326601828457616e-01 -6.985466145527838115e-03 5.456342621995600162e-01 6.089014575561012971e-02
8.009224979292202118e-01 7.554113141467633241e-01 1.099369616982419084e-01 3.083068429604767235e-01 8.172466866182361844e-01 1.355814177718604463e-01 7.753230579163371550e-01 8.503573520948168873e-01 -3.245210893518132161e-02 6.554631411455357215e-01 5.325042246116512556e-01 6.669258052500028899e-01 7.611709110105209231e-01 8.056568158386457901e-01 2.135751163563883448e-01 4.556853202167700512e-01 3.347180949144446666e-02 1.029846943902153339e-01 6.340497631455195293e-01 6.750666663766429210e-01
6.415833345297929924e-01 6.192816268957270776e-01 7.310023510173280226e-01 7.142691854511775684e-01 5.780757691993653191e-01 -1.034935519371362606e-01 2.651674860284160551e-01 5.470592777567540033e-01 8.642080467203043792e-01 8.252336190858344800e-01 -7.613774729252527351e-02 6.879795206099753591e-01 1.313164303063006355e-01 3.632935635046797840e-01 2.889246995400092735e-02 4.756256501648801760e-01 4.411797150151265945e-01 1.757566907451096894e-01 1.398845719995486514e-01 7.891857454667309257e-01
3.697636441763558213e-01 1.915197437759146304e-01 7.125174744588570475e-01 4.691958793961987229e-01 3.338116862849974664e-01 7.183721271446348311e-01 3.722035030012154633e-01 3.967124264008932699e-01 8.934002163481961079e-01 7.512100454402954597e-01 5.854425491362736933e-01 5.849572611661424393e-01 5.988667751747461798e-01 5.111411140234609629e-01 1.994330398319711373e-01 3.988255338907187864e-01 2.956496941127701589e-02 3.733306206435663133e-01 4.817754537868310649e-01 7.626350638634357137e-01
2.934415811465390655e-01 1.073861738802436988e-01 5.818729601142866859e-01 2.592289353740497362e-02 2.634768419175634868e-01 4.357389919651375454e-01 7.022025851515625305e-01 -4.022717276812084325e-02 5.358884177257212666e-01 8.105792244864146179e-01 2.666489788085038559e-01 4.255359582410322417e-01 4.908674627656650635e-01 3.566396898341394062e-01 6.478451316643354385e-01 -1.029151825636602513e-01 4.246685356537079348e-01 8.704240482814786795e-01 6.704427714017913154e-01 6.037904905263763444e-01
3.478849684271282383e-01 7.004297352148787237e-01 -9.452338860018819067e-02 4.531833293054154388e-01 4.892474625243492525e-01 -7.900624974987684179e-02 8.317712882901517890e-01 7.908476300415963056e-01 9.350434875922772338e-02 5.362884567610919084e-02 1.646308982987565728e-01 8.307196737611171056e-01 6.281737192467721220e-01 -3.621358304220606561e-02 4.469456600940683866e-01 1.390708631285676178e-01 2.200689913624578886e-01 7.617135833130016520e-01 2.115001052300548579e-01 1.042190746164183002e-01
3.852460918774311960e-01 8.264721230829861209e-01 2.181026423496800482e-01 7.175506720341092229e-03 -4.012724914920324376e-02 7.704207485977211389e-01 -4.301338384464967884e-02 4.002226977606216374e-01 1.494796445097060222e-01 6.395837236958439309e-01 2.068418926705100080e-01 5.649875184000221484e-01 7.044480028233598978e-02 -2.416001727409702871e-02 6.290948019405294411e-02 4.168650109410595439e-01 8.443385571006679635e-01 6.114481504444669868e-01 7.291984077961195521e-01 -6.019663763394673961e-02
6.416726466347887348e-01 3.563743301932889018e-01 2.787884807182681723e-01 -9.573907398956722770e-02 8.025912086367402720e-01 6.417348293650074753e-01 6.116226871956276234e-01 7.223027025488611974e-01 9.391558896083981867e-02 -4.579774300395254849e-02 4.785244346941233684e-01 1.601345655862965733e-01 -3.769944139755977957e-03 2.808944822366190586e-01 9.083602062756221396e-02 3.472369964905726025e-01 4.453097855988767395e-01 8.432735480635965564e-01 8.196163217737938433e-01 6.028136059999460450e-01
-3.609742116781013144e-02
5.978712954445514205e-01
7.014537747085874964e-01
-2.951241699775822638e-02
6.361427829006933710e-01
1.323521172551934966e-01
6.338865403533997522e-01
8.187931110130823864e-01
3.401515265052772463e-01
5.179729364294303195e-01
1.592737713877782069e-01
9.583281490912493039e-02
-1.684385015391853466e-02
-1.058618637497667075e-01
3.598785594915751007e-01
5.116663642987409055e-01
8.116134151934550900e-02
2.334246195882350161e-01
3.564540836524254797e-01
3.186487488754222719e-01
ReLU
0.0001
20
3
5.697648518721587507e-01 3.816265873872704550e-01 -4.674869198830979011e-02 8.197079038644680127e-01 2.176438013254851644e-01 3.541035427363725119e-01 2.032058635099616706e-01 2.702454215447850916e-01 5.141926580459629248e-01 6.517388689956885583e-01 3.828968830693939562e-01 3.582413354432906205e-01 6.410941066213429185e-01 1.252719869936065322e-01 2.015440626966996940e-01 4.045746832617617694e-01 2.506352290462334209e-01 4.741015994653171028e-01 1.878557245497493866e-01 2.576719593973087474e-01
6.043005396346451397e-01 8.198809239192386134e-01 3.158428720618841057e-01 2.473931438174219455e-01 1.562001019459925699e-01 3.003002142589931145e-01 2.910250522887342650e-01 -3.026164825435155581e-02 5.302736935513551186e-01 5.513253929341402904e-01 4.375835018944053134e-01 3.794170777077577883e-01 1.598171601217528714e-01 3.518022919890072542e-01 7.801676488210010918e-01 7.369864820275233430e-02 2.849965484537614890e-01 1.464669558781417635e-01 6.660102854615590484e-02 7.177381711957128152e-01
1.806294455535813540e-02 3.545571041636982335e-01 5.396982124449848373e-01 3.317328529408803961e-01 1.259920319297527791e-01 -1.036413249928841568e-01 2.996742120923302499e-01 6.524113168682611485e-01 2.640424857885559362e-01 6.516816614639155958e-01 3.577606159698853983e-01 7.811055494106952102e-01 -3.154955274790234923e-03 4.295798797363559185e-01 4.796792858601448550e-01 4.410059657443883840e-01 2.560174604267249632e-01 5.949090709283322981e-02 6.410821734588150189e-01 5.081117194025315253e-01
-8.858152094093744988e-02
3.711841305584617223e-01
1.168022659190537521e-01
Linear
0.0001

ct 2024-06-01 18:14:57.033865
