noname
4
2
2
3
2.653404155450164725e-01 6.639068035478962182e-02
-3.562981807802272916e-01 -3.203843847888560026e-01
-2.363349405527561120e-01 -4.159862541134521502e-02
6.523965533027228370e-01
7.303969046963952882e-01
1.503956625708124495e+00
ReLU
0.001
3
2
1.441062524532444433e+00 1.435042499673201410e+00 1.395181796941773467e+00
4.385185693791855410e-01 -3.832325153162366993e-01 7.139087763884691129e-02
1.579897843406683711e+00
-1.183099051705646249e-01
ReLU
0.001
2
3
-1.568877591662796611e+00 3.839712300058486516e-01
-1.396120857360852119e+00 5.974455789419402807e-01
-1.519027240938650714e+00 4.020312164670230559e-01
-3.346572180644866723e-01
-1.359683076778957389e+00
-6.258591824524755154e-01
Linear
0.001

ct 2024-06-11 08:16:40.753939
