noname
4
4
4
16
-2.495635812480616611e+00 1.993900389425222297e+00 9.652065544393220620e+00 4.728397378106649618e-01
-6.376040769910732431e-01 4.772342442114815841e-01 4.785002158644322545e-01 3.007705912232397916e-01
-9.885266623861174162e-01 8.918594766255555362e-01 3.668934854877222040e+00 8.857853700265477803e-01
-1.141150455698128674e+00 6.137019674562924632e-01 1.373034970439946267e+00 3.170141774049873296e-01
3.507896166111378333e-01 4.941986734084293648e-02 -2.433771232432019538e+00 4.372671218962658202e-01
-8.727688815504036635e-01 6.104770597076917271e-01 1.293386029368777390e-02 3.963057611739667641e-01
-9.407379963302331394e-01 4.880676370324295021e-01 6.695733591298947962e-01 2.683299743403940729e-01
-1.749405627560718379e+00 5.357711784709658920e-01 2.045021562997761055e+00 4.087749261881207241e-01
-1.584176951744721284e+00 9.623964610157867972e-01 2.862548835289800309e+00 5.441829073483536172e-01
5.026062315969259231e+00 7.526284876905418919e+00 1.674877363878208314e+01 4.636927667166419909e+00
4.813722443630091274e-01 3.801631276716626456e-02 -3.226610454186205512e+00 3.627684240438745489e-01
-2.138475243025977912e-01 3.751777347894681425e-01 1.126479456973142002e+00 4.545332107951706724e-01
-2.337510246102077804e+00 1.358898325587534206e+00 4.094283462699758758e+01 2.761931315919781138e+00
-6.216364235729593402e-01 2.529834797704618943e+00 5.959232256226888680e+00 2.070578143696938600e+00
-1.960226624526162142e+00 9.214679855058236502e-01 4.916321226431090707e+00 5.145004728356611379e-01
-7.957570440350330010e-01 3.564705046682961065e-01 1.542073966785228123e+00 1.581550835623967977e-01
-4.064886514487816349e+00
-5.518275656732199996e-01
-2.131486265942623248e+00
-8.062599150243618951e-01
-1.059738552837061309e+00
-5.167877755926958416e-01
-5.690013277682802739e-01
-1.525349643638751251e+00
-1.771913151358527339e+00
3.447847621436787247e+00
-1.898033313475637973e+00
-1.387129432582489441e+00
-8.196801088003280000e+00
-3.256713188836310113e+00
-2.175297105681680776e+00
-8.298266385380896892e-01
ReLU
0.2
16
16
-4.974211481092142839e-01 -1.516239633994578284e+00 -4.621558292807251833e-01 -2.428684399840269903e-01 1.255597598062330622e+00 -7.307394911643940727e-01 -4.576553733999944029e-01 -8.763035177314475455e-01 -2.198339374422843551e-01 -1.631135096864827494e+00 -5.861322818575338545e-01 -1.493022079781144429e-01 -4.336552658003354765e-01 -3.962747943263266598e-02 -4.735347878035551239e-01 -3.224381798786045694e-01
-1.181865869549052928e+00 -2.058257632608751830e+00 -3.061865944183607136e-01 -2.950823639856160474e-01 -5.706882066147481725e-01 -1.524387015199594630e+00 -4.674574967707326167e-01 -1.706169298584085947e+00 -5.329373147613836181e-01 -4.849432261667024902e-01 -5.983483458263897381e-01 -1.048535626397586684e+00 -7.649676248285627311e-01 -4.410471489972236925e-01 -1.310742344939066273e+00 -8.113735570496390936e-01
1.885081387578403378e-01 -3.949216520475611891e-01 -5.695799855170113890e-01 -4.138842696640958607e-01 -7.762525612071259629e-02 4.315471925882845561e-01 7.720946126745407145e-01 -3.809306680613161467e-01 -8.251557741681070368e-01 -5.275100903037671651e-01 -1.688721496139415912e+00 5.345546088986465882e-01 -6.449957131026605062e+00 1.020455966620247512e+00 -1.227216689560406859e+00 -1.686393745625510143e-01
-9.650918531696893732e-01 -1.314791446789891793e+00 -5.556839632832391018e-01 -5.067112497129466764e-01 -2.502138122040911683e-02 -6.432055116864238142e-01 -3.431955400974479042e-01 -1.542387487335471929e+00 -2.924335605820342632e-02 -3.087578023931081272e-01 -5.619213108264031753e-01 -5.265838344030592255e-01 -6.065158924055105150e-01 -2.364644159703679221e-02 -4.924194972591640629e-01 -1.032225947397343857e+00
-1.797430974847258112e+00 -1.686189313069774043e+00 -9.500372876767864128e-01 -1.123355217936417016e-01 -1.152291643647942454e+00 -6.589746647817703584e-01 1.669595103042984530e-01 -1.462625195240892184e+00 -6.282838998781221651e-01 -2.038236129099950111e-01 -4.771823985363088383e-01 -9.933896476348319515e-01 -3.918577058514268741e-01 8.652275976195165919e-02 -1.924706671441914096e+00 -4.420586774708085143e-01
-3.870328486598988427e+00 -6.170143092306706878e-01 -3.060105692029659874e-01 -3.988113927569583717e-01 -6.564518052570379458e-01 -3.619703743730200429e-01 5.647767362388271817e-01 -9.084554913357081318e-01 -3.911707248678154003e-01 -3.800584584542881394e+00 1.701647163087895986e-01 -4.013290808571546853e-01 -1.097757271086085673e+00 -1.177603032241821418e-01 -1.901539903507821760e+00 -5.954001293559134655e-01
-1.190134939378110657e+00 -2.846754455202173406e-01 -3.915416959831433119e-01 1.852641823256782894e-01 7.284749472005528359e-01 5.315794465762861964e-01 7.590287252459600176e-02 -2.994809302564632736e-01 -7.190040531136366875e-01 -5.151990910411210489e-01 -1.004775652763413518e+00 5.432836394277782421e-01 -6.496461922989101190e+00 6.774246087463788868e-01 -1.311254367271935672e+00 -2.668951181220507451e-01
-3.881333155516961231e+00 1.243910843548364564e+00 -5.469608958409577504e-01 1.097371087751490143e-01 -6.951770763790258156e-01 -5.320653177193779282e-01 6.784862447663649043e-02 -5.052507068505367460e-01 -1.321583473804680553e-01 -4.178695691947354796e+00 -1.936269613988252258e+00 -6.491666107442309874e-01 2.104459543684708903e-02 6.370114689425586674e-01 -2.854174419930521900e+00 3.289927183430000346e-01
-3.866532009777014611e+00 -9.816462346788235038e-01 -4.715098566163923866e-01 -2.340718521227651006e-01 -5.706755000900711750e-01 -5.648304746335230941e-01 6.308986669389737845e-01 -3.623218000480820100e-01 -3.540029535654453108e-01 -4.643813247544182232e+00 -5.442040649809315456e-01 9.726056161002230929e-03 -9.145595832425347238e-01 1.487207551409258366e-01 -1.716655908090774840e+00 -5.988893562045973784e-01
-1.265733288955410707e+00 -5.472988603459659762e-01 -8.077560898226002761e-01 2.763785243982777584e-01 -2.904379679281765547e-01 -1.343106347927563171e-01 2.279507114611888097e-01 -6.182209474634081658e-01 -3.249584082258941131e-01 -1.811249158387066294e-01 -9.256139274266388384e-01 -4.739515691722666624e-01 -4.417423387647495758e+00 7.763960269223400823e-02 -1.298392588297486272e+00 -1.718000293799376299e-01
3.187038704688000545e-01 6.189381598076119095e-01 -5.283702224309245743e-01 -7.494631851725305771e-02 3.199880340639025822e-01 3.313009464721131669e-01 -6.381415983455918095e-02 -5.198628668629369232e-01 -7.136093505943568172e-01 1.801066430048173128e+00 4.875247426744006574e-01 -3.668777632589101390e-01 -7.632739200084539988e+00 -5.019514927748335298e-01 -1.312648881060952011e+00 -1.936234366998295098e-01
-3.035225031670104823e+00 6.823818343666998576e-01 -2.349228788059859740e-01 -5.355302436211345496e-01 -5.296930699069725135e-01 -1.561136448479576444e-01 -2.693525731729246031e-01 4.081470941283665277e-01 -4.971611389375285017e-01 -1.717815398803534066e+00 -4.737323871004985865e-01 -8.145932797911804579e-01 -7.525556300822761058e-01 -3.661468600876469082e-01 -1.910716725634148405e+00 -8.146868270133573731e-01
-1.244877336247326660e+00 2.980934251583159944e-01 -5.795917385052379300e-01 -7.555984733326219505e-02 -8.566920497295076320e-01 -7.011183015846303435e-02 2.195734800328170144e-01 -3.206651453033085297e-01 -5.995087902411329051e-01 -2.141680552909251301e+00 -1.029322730580311207e+00 -2.061711564669592711e-01 -2.527756056020234343e+00 -4.628326402700784215e-01 -1.149153030340569925e+00 -7.874033102655431104e-01
-1.644901067549839890e+00 3.262994940773971120e-01 1.633204140041583097e-01 -2.029765138565823579e-01 -1.112132406838269194e+00 1.985813656203522515e-01 -3.855071313995647730e-01 -6.215995072918457653e-01 -3.765899943423389185e-01 -2.416923765505382793e+00 -8.072685801777661485e-01 -4.415175788212742924e-01 -7.601657205671464856e-01 -1.599061598378489935e+00 -1.351856258777709652e+00 1.284379042887240190e-02
-2.090706545465168542e+00 -2.482082942441602713e-01 -2.098059608635661696e-02 -3.409620656922768833e-01 -1.028916803886834597e+00 -2.537520680099787929e-01 -1.379685921953159311e-01 -6.461330573834764834e-01 -9.741755641036824453e-01 -7.360432676205583391e+00 -5.191528310894359954e-01 -5.483706442548337903e-03 -1.197404447811146522e+00 7.841715222647169803e-01 -1.593948110945987207e+00 -5.753808177700798776e-01
-2.896500328361428345e+00 -6.145686597759536518e-02 -8.779699319385975143e-01 -1.943385668850118042e-01 -5.207902216266449003e-01 1.370572385299043960e-01 2.041894012673431055e-02 2.704422377448799653e-01 1.078557725929901734e-01 -5.868470812118218305e+00 -3.534884814581067958e-01 -4.098609664364886163e-01 -7.172547442787443606e-01 -1.172248946312371531e+00 -1.257305818148516385e+00 -3.460821548902441869e-01
-1.570723334472620691e-01
-2.690811278384288574e-01
-7.024760522283378661e-01
-8.932125314963454410e-02
-2.937301418775185580e-01
-1.223040145392975953e-01
-6.192554810643231128e-02
-2.121850496005463604e+00
-1.197484134102477560e+00
-1.735153244408307316e-01
1.924002782813125423e+00
-2.105217757096667155e-02
2.466001779965158125e+00
-5.982283134026290111e-02
-1.751107495439365058e+00
-4.014007251500227857e-01
ReLU
0.2
16
2
7.469763715196636733e-01 3.739253803991709479e-01 5.022394089431613251e-01 1.220137620947426615e+00 4.236124638051199098e-01 -1.007871035675782290e+00 3.366066220729077019e-01 -4.021979556673257683e+00 -6.026767092035653084e-01 1.011582905999523635e-01 2.089955943551009998e+00 -2.487468680373026708e-01 -1.036494474406908894e+00 -2.564272980016534809e-01 3.624980333091117890e-01 -6.170178029222562754e-01
2.469697026583134725e-01 8.059024497154287925e-01 -3.043490249587463281e-01 2.728591929231940494e-01 8.332651540569179227e-01 -1.931664787325176658e+00 3.791847744022403544e-01 3.361651112159888655e+00 -2.043293565329574957e+00 -5.392022193081252857e-02 2.375125723322396798e+00 3.239828608915635288e-01 -2.203225782692357804e+00 4.815148996685293947e-01 1.679607727530909811e+00 -2.491294029472089555e+00
1.585966930830916688e+01
1.403326396391202202e+01
Linear
0.2

ct 2024-06-05 10:15:46.169599
