noname
4
4
4
16
5.921072745206756860e-01 1.038845014866786876e-01 4.078754990118512724e-01 5.613325829153550384e-01
7.328142661792970136e-01 1.251483739326753719e+00 6.705484119336220239e-01 1.752909096518285859e-01
7.199925113917223785e-01 1.782154534008593694e-01 1.073328639184259470e-01 5.101216749696275699e-01
9.018397487000745505e-01 9.123333621049207753e-01 6.542958562900663688e-01 8.771719983474747240e-01
2.551582737486449148e-01 7.549415362293131482e-01 7.116261810592404702e-01 5.051595586075972033e-01
1.088225851038276293e+00 5.772324549748595324e-01 5.127098606903263134e-01 2.197487981313715477e-01
3.125656821893506576e-01 4.748983220443011022e-01 4.781343346330870214e-01 7.339656888236322230e-01
1.083993131453849790e+00 1.412578684970090259e-01 1.717197984960333601e-01 2.017729562940903110e-01
1.023903421306449901e-01 5.739963272044603659e-01 7.384442720322826892e-01 8.475024996931093124e-01
4.218268948474018787e-01 1.404278088439104011e-01 8.616772711943982976e-01 3.543391144647863866e-01
5.546527850971569862e-01 1.060887666334939666e-01 4.181212496583879279e-01 5.085587265680157065e-01
2.490584041308657459e-01 -8.435107462104071696e-02 1.019791931248211547e+00 3.104650745664430112e-01
7.766411525079082445e-02 7.655601364402675468e-01 8.374216724162610870e-01 6.654910314373401192e-01
7.438354683809909051e-01 9.396319883027289821e-01 5.093792355406630001e-01 7.427706468178738586e-01
6.341332550701458404e-01 7.344946184642214826e-01 8.632127592930033400e-01 4.032091625361740594e-01
8.887284213208267447e-01 6.486827236100667360e-01 9.122918964716629775e-01 9.048697936866040292e-01
5.772759074636869547e-01
-4.826219921694995252e-01
3.513244077861841230e-01
4.610638866268848002e-01
4.131205445794473019e-01
-1.802863111913969862e-01
6.817327606639992377e-01
2.552030784670122898e-01
-3.305861287106089397e-01
5.537802819082150441e-01
4.068162776418209337e-01
7.145492373878528092e-01
8.611250615580554602e-01
3.774486819612820065e-01
4.941925307358148722e-01
8.352483064545056513e-01
ReLU
0.1
16
16
-1.028951354261021245e-01 3.738528282341185838e-01 2.529837190207653852e-01 1.368261255452731806e-01 -9.240310679405890071e-02 3.029356246726653268e-01 -2.218353197456266190e-01 -2.817574808431783095e-01 -3.669680913900560948e-01 1.233720296569021657e-01 -4.759153960828711727e-02 6.104402981051106902e-01 3.024735778817232434e-01 2.930070725313618230e-01 -5.730759164168541808e-01 -2.084201383681912600e-01
2.403935807116760470e-01 2.653489101563836217e-01 -2.615356088919213243e-03 3.860999122681358364e-01 4.718948659183693772e-01 -2.076371948691109193e-01 2.989165117481985545e-01 6.771443856657139992e-01 -6.406497757614940669e-01 9.601308003844559735e-01 6.548741984731442090e-01 7.834440011944154847e-02 7.263837901007611508e-01 5.810687098744565793e-01 7.210839217782535338e-01 1.981698419706827696e-01
3.547866733949900930e-01 8.938944967212132386e-01 -9.548263567956681228e-03 7.878432970988469286e-01 4.967099876715522222e-02 2.847135960465354554e-01 6.664583023324363031e-01 5.120213852163620905e-01 -9.216140184763359500e-01 3.302005446694141755e-01 5.645365842065988016e-01 8.651529116278422471e-01 8.069037295672658594e-01 -3.895736021977711655e-02 -5.032737947260976785e-01 2.643310279013204034e-01
4.504450513748861074e-01 -1.322820830188799757e-01 4.148974893643120887e-01 9.875724799316126790e-02 1.249775139584342748e-01 2.126525988390028932e-01 7.385301611465642235e-01 2.073435426345957566e-01 -3.791836406166914086e-01 6.140908311910508316e-02 4.805607196177620888e-01 7.463258657710039046e-01 2.166495765039062049e-01 8.192507008841976024e-02 5.363651309928345601e-01 9.015963560838345936e-01
4.554303951326671429e-02 7.766012585347551768e-03 -7.233352308994234203e-02 1.441989233010736726e-01 -9.765500592581603800e-02 -2.615024083539218003e-01 5.628232474406130725e-01 -5.916221615141728507e-02 -8.536201137957943885e-01 5.722582607999725512e-01 1.929536818798029685e-01 2.504528721646229750e-01 6.478095581946395898e-01 8.725549748153640373e-01 5.374323606350525639e-02 2.813173012552668828e-01
9.251921081182344908e-01 5.556672087104447266e-01 4.632068524774509699e-01 8.608301671126596943e-01 1.961950087081951177e-01 7.956369817819667484e-03 5.884815966330644299e-01 -7.686103167615947196e-02 -1.013536811474277322e+00 4.661151511844115469e-01 5.629425234091925967e-01 1.026879116252227719e+00 3.012502581983971806e-01 7.260312057578321987e-01 4.185605614410638498e-01 3.649038150658400204e-01
8.965480747282783547e-01 -1.145979966511577047e-01 7.788323579760200177e-01 8.619520357338197325e-01 5.922862860230218018e-01 1.836572048518513578e-01 5.417467553823747117e-01 2.891401707192071679e-01 -2.326552290776496279e-01 8.129138670943137912e-01 6.431781642440209668e-01 6.975395482252746415e-01 7.573340175457464740e-01 -1.112737189615775890e-01 9.384765297398962869e-03 1.297091946355778680e-01
3.944190251245828505e-02 1.079576174113930032e+00 3.146330092037691872e-01 -7.528846302311129057e-02 -1.701037392463903425e-02 1.877386999625755282e-01 8.042999224807217962e-01 -1.708083282508024714e-01 -1.045313441320005365e+00 5.250418193653733079e-01 9.729682358176258150e-01 7.350608261958847534e-01 1.679826463727270847e-01 2.453819639243112194e-01 2.905227868867226171e-01 7.595136578941023009e-01
-1.093400529676967631e-01 -6.125825823396969794e-01 2.412979212569531240e-02 -2.330195346793949018e-01 5.598268891046334073e-01 3.691599811121316632e-01 1.597914040890259790e-01 1.944521442476613848e-01 -1.135807068255089813e+00 3.894663294344561932e-01 3.847418284846382819e-01 -8.121623078606661494e-02 2.749378710277756155e-01 -2.287066449649694799e-01 4.819950261744528897e-01 7.223060994397221268e-01
5.762060983400389691e-02 8.340775742390222902e-01 -4.992913323054681829e-02 4.970289942082033868e-02 -1.606120118268846708e-01 -9.697888137910033735e-02 3.471465902795488057e-01 4.196448719682170370e-01 -9.699507392620322355e-01 -1.087361157427695763e-02 1.531759996270666002e-01 5.569260423330580148e-03 6.470664204261891150e-01 1.820655728042267496e-01 1.162450264651061355e-01 -2.850028101204334086e-02
6.585844225941422936e-01 -2.877973064699820283e-01 2.457519426506632187e-01 5.537491669112230008e-01 5.927307910782296796e-01 -2.746229057916155791e-01 2.481393620793524157e-01 8.522594221884216559e-02 -1.041895162659012941e+00 4.071913474709087932e-01 9.318885843468049934e-02 4.393772969711081111e-01 8.352331601246051340e-01 2.804788077840524863e-01 -9.921002949622821643e-02 9.196081915934937179e-01
2.273830636318012188e-01 3.919635829555592754e-01 6.660615600365233924e-01 -5.520831965897737836e-02 -1.560037720740989897e-01 -2.260317339968429817e-01 7.861793638662406547e-05 2.773352163765859316e-02 -7.105569508153843916e-01 1.878820182223587265e-01 4.507609666329291387e-01 1.852853990058294098e-01 5.469877659643573864e-01 -2.712849600167471786e-01 -2.713771986599481864e-02 3.204577024783479278e-01
2.845663798457392923e-02 1.250608157998611691e-01 6.626799902814909382e-01 1.624585412670135898e-01 6.988380722195302042e-01 -2.036348109660172934e-01 6.037829590820474879e-01 -1.832925334306930165e-01 -6.775397570709325024e-01 5.985778990234998931e-01 5.560687121389662479e-01 2.443163281155379674e-01 5.824611275206301175e-02 -1.422635016257182451e-02 6.322838224412615782e-01 4.037384086399832817e-01
5.557402013506876903e-01 -2.458000083444833173e-01 7.137277638385444156e-01 4.260333058159727210e-02 4.115563857476527421e-01 -3.359666081477483135e-01 7.191996897767430896e-01 8.678050982972466132e-01 -3.099131804159556691e-01 5.988020644047280516e-01 3.937828144470476022e-01 2.397844847943868263e-01 5.355005618474205642e-01 4.215918923577198218e-01 1.168897771111001710e-01 2.925057975919697073e-01
8.005537709044034944e-01 2.615142927404553452e-01 -1.081198018191721344e-01 -9.599835944388504169e-03 5.100824667020451564e-01 2.155567771767565310e-01 7.467314133124403064e-01 -1.901193096970976715e-01 -7.791024975138844955e-01 5.643738553514356937e-01 1.431617652095177329e-01 2.116953266800850886e-01 -6.446267922601434108e-02 -3.116544703420857099e-01 1.047070046116664599e-01 2.998069568041363264e-01
-4.983627300450600012e-02 9.909810715515073032e-02 1.871534491049090532e-01 7.244523513200223919e-01 6.061315812820808890e-01 -4.243382179638652829e-01 2.878806621886412231e-01 -2.899095882220335541e-01 -8.664779399107710445e-01 6.495502482106976228e-01 4.453732779738516223e-01 -3.636688902755087771e-02 1.270973983690248943e-01 1.862304921224475218e-01 7.821621578228048488e-01 7.972289765470647049e-01
5.103201676856916613e-01
1.286554003047699180e+00
6.553296400262071941e-01
5.206326032173402840e-01
5.140186283412666590e-01
1.095698414702027668e+00
1.091880746730739649e+00
3.102698222941709383e-01
9.790300566365309765e-01
5.152351181910157507e-01
1.026287109933051500e+00
1.000764668316968420e+00
5.333695089882459772e-01
7.828080097449073849e-01
2.847494128796069779e-01
8.297890895177800763e-01
ReLU
0.1
16
2
1.971228449754982570e-01 1.110507967846207755e+00 4.240744540429619014e-01 9.077071532381379981e-01 5.751836168853079467e-01 7.451548910400465076e-01 8.888479421231765265e-01 3.486936886154811122e-01 3.957654391935400140e-01 3.504217034221212557e-01 6.776370104755267132e-01 3.859958328053303411e-01 6.667629245539979932e-01 7.330696498292428309e-01 3.555189538863603449e-01 6.471893571444136128e-01
2.272215866088874436e-01 9.373470557580626528e-01 8.775357541299783071e-01 8.302346640106047504e-01 4.151850984786638055e-01 1.070191976230062236e+00 8.415149059290952804e-01 8.039569216110104000e-01 3.004424903251014523e-01 4.164642625634160655e-01 4.959799337461482382e-01 5.348654795650699123e-01 6.503414320732369136e-01 3.805768036931160836e-01 4.776000847709905850e-01 6.478687430471186115e-01
9.405554701496660064e-01
5.638362271105638035e-01
Linear
0.1

ct 2024-06-03 20:27:15.030145
