noname
4
4
4
9
3.342453442608140368e-01 -3.011925353584836706e-01 -5.810742823283590930e+00 -7.905029827718423885e-01
-3.655110934982939153e-01 7.311330706254529632e-01 2.479082615287990343e+00 -8.330942518325948898e-01
4.705138314717213777e-01 -3.804466428070652495e-01 -8.238161747145856140e+00 -1.317435983172331904e+00
1.565709673976602434e-01 -9.923039036969848875e-03 -1.109378119327213835e-01 6.102431474237082071e-02
-1.132416714915269323e-01 -1.159503431291899200e-01 -1.494129348349539921e-01 9.921342550479779476e-02
1.564622064886407593e-01 1.641368770542737596e-02 -3.648178642685025452e-01 -6.167484999963634973e-02
2.179215714501169521e-01 1.476176916568606307e-02 -2.744045258521306541e-01 -2.346213851669654016e-02
-1.693946139998579736e-01 -1.170213521376551602e-01 -1.715742974621064232e-01 -8.389625851996143635e-02
2.701903928932752330e-01 4.154961884289054552e-02 -5.892861982115868424e-02 -1.081501758045237960e-01
2.010436236910323693e+00
-2.454965524902759100e-01
-7.944973565381110436e-01
-1.056497491504164860e-01
-1.201514225389322711e-02
1.016405980175124901e-01
2.948940621758119190e-02
-1.150162724903364270e-01
-2.606912753315970277e-01
ReLU
0.1
9
9
3.407594074351025348e+00 7.288172494066006424e-01 -3.627287544368170025e+00 -6.276184651378713397e-02 4.773822763923910723e-03 1.031755570822619761e-01 1.230701667967377087e-02 -1.614054029100269183e-01 -1.614263239888159840e-01
8.693336025625871821e-01 5.008111826507863906e-01 -1.659345089796250283e+00 -1.154857049595999635e-02 -9.017340683169902671e-02 8.663226278195769459e-02 7.084626234745376727e-02 -8.556302009124243380e-02 -6.614309152695559135e-02
-9.560631065028890596e-02 1.005048516917294466e+00 -6.185382893284088190e-01 3.222422228210142930e-02 -1.866571323813767322e-02 7.691296602986631703e-02 8.863398764602682667e-02 -3.594883396746013232e-02 1.408717283974289178e-02
1.300820540772379408e-01 -1.334115191485906252e-02 -4.073063099644457785e-01 1.296924096140016427e-02 1.762167391914846656e-02 1.780101323773699423e-02 2.039637175244543230e-02 8.468932961630622550e-03 1.797612991029800752e-02
1.516457010705115183e+00 9.126474916717604025e-01 -3.483788516896811682e+00 8.030392842971093015e-02 1.345152456050749401e-01 9.815944856195700507e-02 1.011773699757621270e-01 8.224324250463650732e-02 1.672732003253339095e-01
1.875258997383604020e+00 3.404691290587738561e-01 -2.277916099570700681e-01 5.702383973269464085e-02 4.665817630063250065e-02 1.411400362801319697e-01 1.461010178751490085e-01 9.602934105668041453e-02 1.520693008284033920e-01
3.028669780427925673e+00 2.043124333716482832e-01 -1.649993008911972980e+00 1.317393661098459345e-01 1.174552160927527511e-01 2.801725400169495228e-01 2.348210718609567982e-01 3.804021397838379392e-02 7.657805379971088788e-02
-1.301997964615458307e-03 1.087825996222750030e-02 -4.719029011346889159e-03 8.246457830084788455e-04 8.737043789382288811e-04 6.744412531481623879e-04 6.643493090570033559e-04 9.281335096344179312e-04 9.883351494941890712e-04
5.737539561512803102e-04 8.983269453940375413e-04 8.769777684567334436e-05 9.584990650944698798e-04 9.254591645813512639e-04 9.632074896191361374e-04 9.557012093019406776e-04 9.599472607770751214e-04 9.447219858104629209e-04
7.406250486036523861e-02
-9.518436979685707122e-02
3.686000549406379667e-01
-1.310267354180181254e-01
-1.602638008699281080e+00
-2.380838870550286757e+00
-2.215961447558842501e+00
-2.311769134756391081e-04
-1.629748120806454070e-04
ReLU
0.1
9
2
1.998727570645160156e+00 1.154887886599712310e+00 5.919305879047752628e-01 -3.173095101774884297e-01 -2.244275242593952946e+00 -1.752906314274697896e+00 -3.517590433334049638e-01 8.641858908104302350e-03 5.953168450118364674e-04
2.759755354130418947e+00 4.285803757805902725e-01 -5.127897776923356910e-01 -7.739705939558440273e-02 -1.325093023021546967e+00 -1.516996658130478071e-01 -2.555548871514738085e+00 -6.776309861081339370e-03 4.388779834971647908e-04
1.398391330130797083e+00
2.524259007439852542e+00
Linear
0.1

ct 2024-06-15 23:17:47.819862
