noname
4
4
4
9
8.045692240436278508e-01 -6.738552331192187994e-01 -4.985651760867392035e+00 -1.111325151472714712e+00
-7.315355636049413190e-01 8.106173083664335310e-01 2.335704325874453868e+00 -3.915284355307096509e-01
9.669000923580958196e-01 -9.203930356894584053e-01 -6.677850412330946561e+00 -1.795858970484520922e+00
1.407596295947657720e-02 -1.386696648293064826e-02 -1.038450805404658589e-01 -1.731632892151729539e-02
1.756844284389512748e-02 -2.003106260123566074e-02 -1.400788016654689605e-01 -2.399315124355037854e-02
4.219707248315834186e-02 -3.936753513368806967e-02 -3.164997538468241056e-01 -5.423515842077628740e-02
2.951041727545569704e-02 -3.067259208325389189e-02 -2.432398549831483459e-01 -4.236159934265816551e-02
2.700682687304902310e-02 -1.106896486544631242e-02 -6.905413771113830257e-02 -7.217767801624537516e-02
-3.927586196987004237e-03 1.108516176403176933e-03 -1.143993331609656017e-03 -7.520694792775894054e-03
2.081375818865941696e+00
1.535150608308632758e-01
-1.667942491521793302e-01
3.910226252685150561e-02
5.129106562374522588e-02
1.242902322328899023e-01
9.569488008692707270e-02
-6.604269020573165505e-02
6.603371995915226613e-04
ReLU
0.1
9
9
3.005598554149774504e+00 7.179264350086286273e-01 -2.954033012696099636e+00 5.587928874449357014e-02 7.442495631308722326e-02 1.777914040121930384e-01 1.362101282095861121e-01 -8.117914319707195125e-02 -1.963915312201190352e-03
8.179164422834694914e-01 4.284501432163841939e-01 -1.128078701497038150e+00 1.439014642378056048e-02 1.906240847864524093e-02 4.665234562286038611e-02 3.606051760315741317e-02 -3.145124588558003559e-02 8.272630099618491191e-04
2.586793343796032763e-01 5.315217040383740654e-01 -6.367253443969449478e-01 7.149679753343111781e-03 9.701235770701456540e-03 2.495582014670896104e-02 1.868595493230722562e-02 -1.690705700103107070e-02 7.545209272764969669e-04
1.041143484211291825e-01 3.767975488396093503e-02 -1.712174263622592008e-01 3.119450075943180738e-03 3.840399075134863158e-03 7.046424055284649171e-03 5.817674846965601929e-03 1.037029314377821377e-03 1.347240062847863398e-03
1.245796282391719245e+00 6.944805172237549229e-01 -1.745973893354060058e+00 2.478058393872051984e-02 3.269283397757275639e-02 7.041136113596989377e-02 5.714473311641735803e-02 6.440419623607780177e-03 6.024029173416239891e-03
1.200483297840770680e+00 6.558780542660724855e-02 -7.070628426813999612e-01 2.586809392918320086e-02 3.445277190067074641e-02 7.423320625605757395e-02 5.906694303798922657e-02 2.138847162304561081e-02 3.609571518821170274e-03
2.194510328747825145e+00 -4.450895356542046433e-02 -1.221204794419879835e+00 4.747512270957988945e-02 6.387591275169547667e-02 1.382033030351869085e-01 1.066368200012289408e-01 3.286967730920320463e-02 3.935972906914962655e-03
-5.605457570605114695e-04 2.591172947550878566e-03 -2.107437058335971073e-04 9.665872506286054145e-04 9.546424434743417883e-04 9.025584280537594581e-04 9.252681159662194069e-04 9.770762734479612223e-04 1.006615286143741064e-03
7.948369247262067859e-04 1.027029081088518328e-03 6.706323250235104918e-04 9.963600108964750825e-04 9.950339260590402007e-04 9.873309226910355774e-04 9.908535898895706566e-04 9.893512370057284868e-04 9.988018337323903168e-04
-1.201880496097670545e-03
8.241580765856276053e-03
5.868905094610099571e-01
-1.161553857910970489e-01
-1.682010314796282824e+00
-1.786287471157494533e+00
-2.033301640838532709e+00
-1.303909183687415770e-03
5.790449180047126327e-04
ReLU
0.1
9
2
1.700552941638977300e+00 7.402537698193473181e-01 3.673381340576108989e-01 -1.217027899131156582e-01 -1.460885294545283930e+00 -1.049999010806815791e+00 -7.568442378857451747e-01 1.912972056650853693e-03 7.688543749548600427e-04
2.075427689367320472e+00 4.426363154886331919e-01 -6.614299444425532359e-02 -1.380622642045679360e-01 -1.542041737388502032e+00 -9.275864960854907082e-01 -1.876075038800536943e+00 -1.201462887555335797e-03 9.111404361260355212e-04
1.729064420825514592e+00
2.938641729839801098e+00
Linear
0.1

ct 2024-06-15 23:17:19.373652
