noname
4
4
4
12
5.497632887719988704e-01 5.347189262519256303e-01 5.108808794098972372e-01 9.430644304467646899e-01
7.472203963547897621e-01 3.378351262034281488e-01 2.866566578874060189e-01 6.369189229004478259e-01
3.382968568269897336e-01 3.386638708848214163e-01 3.687958783332484503e-01 1.932627068290951877e-01
3.978071336070199138e-03 4.793518624903960745e-01 4.198868833845448290e-01 2.147173444763132988e-01
2.300143533809110297e-01 9.503183444233290755e-01 6.188358001420309895e-01 7.177888224612527512e-02
8.141614439211072307e-01 6.898523246624596039e-01 3.587534594825628753e-01 5.833287215950238025e-01
2.763239157780706945e-01 7.680324977849086743e-01 7.163761969007411690e-01 5.136263099852392822e-01
8.788411196577308182e-01 4.067643836310583794e-01 9.140410105336961299e-01 3.809012239925603227e-01
2.230523180244641246e-01 1.323694859884684272e-01 7.376139510171726421e-01 2.380050820270106504e-01
4.032793778939945950e-01 2.924011003579618517e-02 7.061952196989118580e-02 9.032587322501577365e-01
7.254920480992287368e-01 5.659513141003150727e-01 5.399067833239092895e-01 4.541960387414479827e-01
8.189253872451095484e-01 9.209415462882382108e-01 9.274773015108542795e-01 9.917595827860808955e-01
1.430288385034643728e-01
1.850528227697235684e-01
5.736758800178254347e-01
6.880919816213496576e-01
6.208467190262833002e-01
2.539418653102853973e-01
6.001390783990585565e-01
8.553752460860682971e-01
3.414945456413094327e-01
3.209244213193469530e-01
5.677513366992166244e-01
4.335204797364342610e-01
ReLU
0.2
12
12
5.829728720496507588e-02 4.187569087538556278e-02 7.247154702387426095e-01 7.861624115077244790e-01 2.851773520912852522e-01 3.315196070507365755e-01 1.537083843161105579e-01 9.679496781502437974e-01 3.323902271924730201e-01 2.109856679159306525e-01 4.307253134857923493e-01 3.646790981700697154e-01
2.711374751414162843e-01 2.371508018402068707e-02 1.747588259666765786e-01 2.182966735228543120e-01 4.657335690229006397e-01 7.557024895146594590e-01 4.492230974515228903e-01 5.893027103712303871e-01 4.869196985082749896e-01 5.123249312270629074e-01 3.031511730415086259e-01 3.826558218593107963e-01
2.535883493077717432e-02 6.508314945897666348e-01 5.308667660305654845e-01 7.147754242549676507e-01 5.965536664560810998e-02 1.210618203443177832e-01 7.415547460274040104e-01 5.950149298353646365e-01 3.489797549475873728e-01 2.810493430867236908e-01 8.141269932714664259e-01 4.166143482336478465e-01
6.978582114563948169e-01 2.056971672640595106e-01 5.174113957722100698e-01 7.122889840242329074e-01 1.632770689215252702e-01 1.192215971589157819e-01 5.116389097445228629e-02 5.345084988819543970e-01 3.904239850941529921e-01 1.728547263820523483e-02 1.967097554263752546e-02 6.878924766323768480e-02
4.494461077542435401e-01 7.899768174418559941e-01 3.550798238656744932e-01 7.628681914232237071e-01 9.650403682462388444e-01 2.061368779471841606e-01 7.664274365714414117e-01 5.772803103801459335e-01 5.387084983032085495e-01 7.839920196638846539e-01 5.766507844427726237e-01 2.150086397331048005e-01
3.277948380777921944e-01 9.565280736207010248e-01 4.027223219360224205e-01 5.109307588279173862e-01 1.273586767596320835e-01 2.754048364402059690e-01 4.993868521819071482e-01 9.144057592292798020e-01 2.246107513454025373e-01 1.788671459080639625e-01 1.266946757642396504e-01 8.455672456674327986e-01
5.928733210053201974e-01 9.355245952631405792e-01 6.032958483526729143e-01 8.628037020979339999e-02 2.876244653934687534e-01 5.061358051654080148e-01 8.295884130456887551e-02 6.881923438916662805e-01 2.897684902072894531e-01 7.642421061107523839e-01 3.662716854286134360e-01 6.243532272337561917e-01
7.972610235475772189e-01 4.066324800507865600e-01 9.962780507958610698e-01 3.380739859545911496e-01 1.375728963666026372e-01 3.766932668697544617e-01 4.563049943874122327e-01 1.216540337697845642e-01 9.940004021689718972e-01 5.221031819958199538e-02 7.078247627140485942e-01 2.322059011186050625e-01
7.494688799737141416e-01 2.742546362807504190e-01 1.999646738249056810e-01 2.571316336099698230e-01 7.736005381218591381e-01 5.353421016866053428e-01 2.236134847747757171e-01 9.809253492356911908e-01 3.904559040253773317e-01 3.509829955010567160e-01 9.252093108868751914e-01 5.409457896597341664e-01
6.972270610802409063e-01 8.443229640009062287e-01 2.205702228939632192e-02 7.493429200405482549e-01 5.327000745002560267e-01 2.944662789276386583e-02 9.922103756087742310e-01 1.198625289799862825e-01 7.873421762818211267e-01 2.912407044682446822e-01 1.570835596603877837e-01 8.551870303037820698e-01
3.215534271271699440e-01 8.192878453591796450e-01 5.022372768069727211e-02 8.226333603405144856e-01 8.085909384122175192e-01 6.014941223011305294e-02 8.753491279049419038e-01 8.943843843618999312e-01 6.720983714658208541e-01 4.343284622807965789e-01 8.524819224448986210e-01 8.308040333373127861e-01
7.281040479654078412e-01 1.342217750387678654e-01 1.813541065546719899e-01 3.053380782496244450e-01 4.243994523804781593e-01 2.696063021135541860e-02 1.665656020315395835e-01 5.627390388552818701e-01 3.894588323756928983e-01 4.933232942594651949e-01 6.250975724441334425e-01 6.683063140397960122e-02
4.440323776280228341e-01
4.187715480792251199e-01
5.290251815343164354e-01
4.921386905275427770e-01
6.005480136607243002e-01
5.466970661618142380e-02
1.211909080621472734e-01
3.722038505956185572e-01
3.389221615188772185e-01
2.312412396937051362e-01
3.216716495976965629e-01
1.124025540117363775e-01
ReLU
0.2
12
2
2.297746709636582230e-01 6.061290365741957009e-01 4.632937966260234353e-01 1.935415996712281927e-01 9.196204792772862957e-01 7.004350467664199886e-01 8.358611013693043601e-01 2.709738835469600593e-01 6.583817577518257247e-01 1.486386406769231172e-01 2.522933564600187140e-01 2.342278295959578926e-01
2.947172133949015338e-01 1.456257979512547429e-01 7.818880068613529577e-01 1.983813020015807727e-01 2.481901209018733123e-01 3.985438896080666371e-01 7.756840235469407707e-01 7.127196585699606679e-01 4.024243709681069037e-01 9.262926617739621893e-01 4.612299986885989300e-01 7.952807081190367278e-01
2.546152881261644074e-01
3.739407177322928710e-02
Linear
0.2

ct 2024-06-11 21:19:37.485871
