noname
4
4
4
12
6.441550457446937328e-01 8.730961258625806742e-01 6.150935289067456235e-01 7.108505566426268629e-01
-3.713967217089707562e-01 3.632609278244921525e-01 3.314152411396922848e-01 4.292080831710540778e-01
-2.186999848454222128e+00 1.729906416411829184e+00 8.839028300930303672e+00 6.260786298990336229e-01
-3.043177006288381170e-01 6.140609181443998921e-01 -3.896930229845329552e-01 5.584800368578961560e-01
-3.812655687852237185e-01 2.505540790670791829e+00 1.744035935012892224e+00 7.756572195029064198e-02
9.415716015290606644e-02 6.091192767515630768e-01 1.081928048101161499e+00 7.516292004343217981e-01
-2.590796545530828610e+00 2.679726862891596451e+00 9.945519823761449274e+00 1.223213469483562577e+00
5.163684661869779369e+00 2.892863559197581758e+00 -3.709538910305493875e+00 1.820532971550401946e+00
-9.980297530492104885e-01 -1.000508494384228786e-01 9.186910461636359493e-01 1.204175634821290086e-01
-3.831925288948436203e-01 -2.812834910397001356e-02 -2.163983812199976597e+00 3.246800706658054536e-01
2.473305394448586547e+00 1.516434725934347583e+00 -3.055378441126396893e+00 3.350472463402018874e+00
1.053905040008026539e+00 -1.308149480706841450e+00 -1.307782752798069481e+01 -1.629761344004959867e+00
-2.092008079835578460e+00
-1.386200911298628879e+00
-3.316045043412544135e+00
-6.686029676179587877e-01
-7.564551475474803333e-01
-1.363092743831282094e+00
-4.453146925072856810e+00
3.162928642609577068e+00
-7.889832202005186979e+00
-1.375096388091926469e+00
5.298517355413537855e-01
2.273276529366561771e+00
ReLU
0.2
12
12
7.737066217450537520e-02 -9.873105937990804826e-01 -7.948952698404334605e-01 -1.419180663143034815e-01 -6.618751715655675216e-01 -7.455782447263666901e-01 -9.406876934179710936e-01 -1.658417826625798938e-02 -5.455736359452911799e-01 -2.705007661164459676e-01 -9.141543061009507753e-02 -8.078489558272908266e-02
6.302332195585729213e-01 -5.087856625190342874e-02 -4.288208283133297938e-01 -4.632160038904862831e-01 -2.259336129737179455e+00 1.049452240237526701e-01 -3.184063336715954318e-01 -3.290999229987149111e+00 -5.581253053796424446e-01 -2.241806185284710706e-01 -2.928331291480471332e+00 2.287744207850617162e+00
3.115156948171636173e-02 1.381443410905038860e+00 -2.227956462472037824e+00 -3.733911792185624218e-02 -2.607221786635942617e-01 -1.985999107692158760e-01 -2.330924776101056306e+00 9.825322840576755645e-02 1.487500649302639033e+00 7.303330656880613336e-01 -1.885644413826837784e+00 -1.293724298056023958e+00
-1.044641333505807568e+00 -1.142216909291028371e+00 -4.615488843946780051e-01 -2.024236184050900722e-01 -5.425592856279159992e-01 -1.232388599038350296e+00 -8.442786805867118494e-01 -2.867258516631364107e-01 -5.753564757582051437e-01 -1.082456139196839917e+00 -7.507513401733932890e-01 -8.265381698563010193e-01
1.033111861064665016e+00 1.473885045894456125e+00 -1.847804965812807065e+00 -3.525688194075698445e-01 3.679725838791627623e-01 -1.605894173286445403e-01 -1.869547637455120315e+00 1.733316738307846050e+00 -1.538394836430437618e+00 7.292863999930619956e-01 9.897187522786815572e-01 -1.686051103561233777e+00
6.048539274136887078e-01 8.279910153089094227e-02 -4.172280887907920954e-01 -2.033818999116999426e-01 -7.874928241699257203e-01 -7.291541893228095095e-01 -1.864537235690393036e-01 -5.590420732300615397e-02 -2.132543515209745499e-01 -5.799253307407280511e-01 -4.547198345385984886e-01 4.102698784013351918e-02
8.327621067975273794e-01 1.446177861376931162e+00 -8.847114368502637660e-01 -5.796824065131879200e-01 -8.401927926323232709e-01 -1.968740139710078163e-01 -1.601791104429095558e+00 -1.612951167848230005e-01 1.672494402173257677e-01 9.609206535330923060e-01 -9.670537117267303806e-01 -7.327809091052585322e-02
5.663786236653921558e-01 -5.159761319339138952e-01 -3.449139088678905840e-01 -3.389987590577207555e-01 -2.518527306306247660e+00 -3.906347868733380246e-01 -7.151962049611234606e-01 -3.481500763245120922e+00 -1.424292543390347943e+00 -5.163760982062171045e-01 -2.310891272999802126e+00 -1.284352923137174418e+00
1.055432309287377857e+00 -1.250069188215828131e+00 -2.793750687701048729e+00 -8.258676433797766947e-01 -4.653853290896785566e-01 -2.015994349371362793e-01 -3.311087187682808519e+00 1.036035404512736929e-01 6.989387601040536468e-02 -1.388823832539416658e+00 -5.028162162178347883e-01 -2.642885534713153017e-01
5.542591968717175410e-01 1.115749893631724721e+00 -2.217488235963214205e+00 9.517863660744046994e-02 -2.571806792389766949e-01 7.936005854938800452e-02 -3.415089886194241364e-01 -1.422227947723257779e+00 -1.783292227704028177e+00 7.447113236474599551e-01 -2.358237593264446819e+00 -1.711432944189214878e+00
1.009507809460355593e-01 -7.496290684030454399e-01 -3.352457604924488521e+00 -4.723557755095602051e-01 -3.635004619868118514e-01 -5.261312500728011488e-01 -1.291479208130000167e+00 5.417996216857792757e-02 -7.378796491920359690e-01 -1.423663421496644155e+00 -4.549615192500170435e-01 -2.857495211971887161e-01
5.126325615936966340e-01 -1.148387137081201326e+00 -1.760921258416803026e+00 -4.770908373627896215e-01 -3.588969425696498794e-01 -6.776675208753233370e-01 -8.630563352014229972e-01 4.035794705770394397e-02 -4.540212984967735288e-01 -6.652687366786956547e-02 -7.315843482301331857e-02 -6.298327667899166205e-01
-2.728233028599130749e-01
2.203655248373114217e-01
9.847258590344475371e-01
-1.512362480638386186e-01
2.371131969599535871e+00
-2.991844904437462316e-01
-2.055358132235521884e-01
1.525801010297020532e+00
-3.308320089881989778e-01
1.370604390148840723e+00
-1.768407435339555411e-01
-1.742879166968739346e-01
ReLU
0.2
12
2
1.441720392150211416e-01 -6.413508383178169181e-01 -2.947952928289389041e-01 -2.200945762620529766e-01 1.710498664271189684e+00 4.353388713319607944e-02 2.669248171972635753e-01 -1.577342781920495929e+00 2.626682917059972588e-01 -3.617049549695337540e-01 2.620902821389926585e-01 1.022612396550713482e-01
-9.316266377301801477e-04 -6.864290543331631467e-01 -1.806502149405210811e-01 9.425192868665879242e-01 1.781935659542035477e+00 4.159581427199263159e-02 7.046509381798951588e-02 -2.012183816675347625e+00 6.080941756816969634e-02 8.014771368689520281e-02 8.379836126839607102e-02 4.181822675878955203e-02
1.054644875031748974e+01
1.002836377704978688e+01
Linear
0.2

ct 2024-06-11 21:20:13.472153
