noname
4
4
4
12
-1.792319997257988629e+00 -1.139105204462173671e+00 -7.347454618376668911e+00 -1.570077046094093154e+00
-4.571538809647147095e-01 4.667982890864111334e-01 -4.199074137641178317e-01 3.823500436844727846e-01
1.004687020042730916e+00 7.720922418491401595e-01 -2.301423534123150372e+00 1.093387892067969380e+00
1.051366687763292534e-01 4.953345216450682487e-01 -3.727149165592850366e+00 1.135986200507991928e+00
-1.773723220853883564e+00 1.674125798220320815e+00 3.598456897067386695e+00 6.725590983947089541e-01
-1.963111273638253329e-01 5.096047212256049619e-01 -1.679427423510199358e+00 4.434137910465502652e-01
-5.751676815873207893e-01 3.836508701441627145e-01 1.449359775018241425e+00 3.234119988271232787e-02
2.460932997335196770e+00 1.602642699059607878e+00 -5.469460106617018980e-01 1.666730994454994175e+00
-1.442831021708805839e+00 6.784678393954036713e-01 1.801415046981454537e+01 1.092534016925470253e+00
1.388817327050035466e+00 -9.557497247098856175e-01 -1.118168161857604304e+01 -4.325366606611519282e-01
-6.184609193504225777e-01 8.680778416538239561e-01 3.566725672967646865e+00 -4.863561160933309035e-01
2.931247586945860295e+00 -4.684741436629251687e-01 -1.204377368408528071e+01 -6.926676114646393989e-01
1.800358336961878969e+00
-4.996514728937824223e-01
-1.197064407100372797e-04
-1.277856381733065427e-01
-2.437839504776101673e+00
-2.936102693703555033e-01
-9.196192883791921568e-01
1.394446113447213031e+00
-3.867881215504402448e+00
-2.972909620148454835e+00
1.936762750132361155e-01
-2.456230812160687726e+00
ReLU
0.1
12
12
-2.135674568587848654e+00 -2.164250821397286917e-01 1.901749293670738639e-01 1.063266086762656160e-01 -2.224631952361131759e+00 -1.845650767279300719e-01 -8.093465900107659206e-01 5.537685977326417541e-01 -5.224033263222170653e+00 1.808653607090628723e+00 -1.253549599766525580e+00 2.017439260663244305e+00
-1.334659942468037208e+00 1.195403733580062688e-01 -3.561510553144978664e-01 8.010539650188931715e-02 -1.399847408962529904e+00 1.412279985711310526e-01 -2.433080134315760978e-01 -2.104758196955455185e-01 -6.839985273129777221e-01 -5.577439150327524464e-01 -3.278289203472738444e-01 -6.976806843794267632e-01
-7.509794784688234026e-01 5.135125574689258787e-02 1.897462819226265751e-01 -3.553388351215984731e-01 -6.446570948873197038e-01 -5.883264237523554430e-01 -2.351524468131554746e-01 -6.614432793869078064e-02 -3.230506679018854133e-01 -4.056067395160314198e-02 8.757400344239717194e-02 6.080650891518913498e-02
-1.804310346488002592e+00 2.540463617783899619e-01 -7.278603612044683979e-01 -5.588159900208494735e-01 -7.952346469179463195e-01 -2.063019899254505130e-01 -1.665222742655754207e-01 -7.781623205466896287e-02 -8.483875986858967488e-01 -1.941619719591500537e-01 -6.023714321000129823e-01 -2.969990461471347931e-01
-1.126297855258626468e+00 -4.715864723252210511e-01 5.959851675057502296e-02 -3.901876977190911200e-01 -1.093541378895945160e+00 -2.240612391543063409e-02 -4.812718470813485694e-01 5.655328970555384416e-01 -6.397574411460927202e+00 7.315695117609166687e-01 -1.381804714513624299e+00 1.374012275975313946e+00
-3.234129085517851721e+00 4.286072727563808304e-01 -9.104850394872041064e-02 -4.323413705195329193e-01 -8.418931132054530142e-01 2.642511983836480227e-01 -2.090484886600275927e-01 -4.717292165797944969e-01 -1.658181564969488653e-01 8.552780599783874615e-01 -5.808190495964630218e-01 2.171054062274269669e-01
-4.291474330678750060e-01 2.928239914813964839e-01 -2.174019752218026569e-01 -6.257418539013705032e-03 -1.392923715030414122e+00 2.936258511049260611e-01 1.195002210407075521e-01 1.485007043317161934e-01 -4.257540862321110176e+00 -8.220949591468157402e-01 -2.994462582934035444e-01 -2.115460417114352898e-01
-1.121037791599414302e+00 9.374758811720193541e-02 -8.066442896781418626e-02 3.606518484020744819e-01 -6.135685425042450847e-01 -3.983527536082748788e-01 -4.517183225049533069e-01 -7.619664300052837458e-01 -3.052648364624305777e-01 -1.426166841820688536e-01 -2.348389263312584407e-01 1.352093673946683228e-01
-7.590584119298282584e-01 -1.368612698883952539e-01 4.628481153263098724e-01 5.045289809506902090e-01 -2.197838450973506497e+00 1.009743456369503398e-02 -7.420757668824098374e-01 1.425063936368193618e+00 -5.727885373125306323e+00 -2.934164738189890098e+00 8.803134468338171814e-01 -3.307508464513908120e+00
-2.143538421835613494e+00 3.171389657740429358e-01 -2.346592906946261825e-01 -6.912305638574403055e-01 -5.817126237014391688e-01 1.174739783178010005e-01 -3.824102574419775968e-01 -1.889384824390494821e-01 -3.935377789192081033e-01 2.182028568545133773e-01 -6.035119605065711879e-01 -8.400555170274932870e-02
-1.565699738669841912e+00 -1.644629140962259803e-02 -3.622741484087094177e-01 -1.370903607774115740e-01 -6.757001293112265827e-01 -6.132995827058825844e-01 -6.503631651108937595e-01 -2.944644745701312516e-01 -1.156316541965083822e+00 4.340802792992496384e-01 -4.963708743200591633e-01 -3.326630864417323002e-02
-2.559602683508790388e+00 -3.528762465439062024e-01 -5.705731017838912011e-01 1.033594138777733651e-01 2.713962755511955746e-02 -1.364939905846995483e-01 -4.531254577376083170e-01 -6.701067570557743824e-01 -1.355927463272939448e+00 2.837429842667130164e-01 -8.211661127907027291e-02 1.389872132675474825e-01
2.716389480589951333e+00
1.477827223604352813e+00
-2.227707512377967713e-01
2.169920943879860287e-01
2.742384302220841619e+00
7.099477415038318862e-01
2.530376617175957854e+00
1.111163189380805605e+00
4.320938917405939605e+00
1.227645772558233261e+00
6.338184633784693656e-01
1.030492102040620583e+00
ReLU
0.1
12
2
2.815767452493350143e-01 -3.755601553414876781e-01 -4.127600436745722245e-02 3.484216312196632831e-02 1.230785886271790863e+00 3.106021219834746994e-01 8.398098398274981280e-01 1.002021354222605853e-01 1.721549942007993828e+00 -3.919950880245150482e-01 -1.568351344247014001e-01 1.744370216414536379e-01
1.141478432170056845e+00 1.951151587596897663e-01 -3.873104002565706111e-02 1.834203292383138617e-01 4.910201735620054464e-01 1.716746427115660445e-01 3.592916444943695664e-01 1.609700419875270405e-01 1.876424288109732608e+00 1.026373935272477389e-02 1.793004091805410760e-01 3.466466493479948840e-01
5.043383072560800429e+00
4.910069902750120896e+00
Linear
0.1

ct 2024-06-06 13:43:06.324117
