noname
4
4
4
14
3.051259702895716686e+00 9.201690225417130664e-01 -1.298178992421152067e+01 5.551950451071192560e-01
2.977639964806037209e+00 -7.008309906949370394e-01 -5.580579615199623866e+00 -1.568946348382210254e-01
8.777631265997160037e-01 -1.156419241896450428e-01 -3.804789547560676888e-01 -6.482652506253434865e-02
-1.028308075279221523e+00 -1.924250803688722922e+00 -1.412827258416738729e+01 -2.417391758293471415e+00
-1.271937022095368797e-01 7.943257363615572331e-01 1.243647755149916545e+00 2.717035805993955333e-01
-5.140327652930294811e+00 1.689144999449679219e+00 1.179959082969927664e+01 -8.972411771987599816e-02
1.951980413009227477e-01 7.779067018983070181e-01 3.258339026497785590e-02 4.700103258017468977e-01
6.246292029747999575e-01 1.024939292502546451e+00 -2.372711881429480751e+00 6.314363516732410808e-01
8.322478811659065334e-01 1.277557894052433751e-01 -7.468153024054804412e+00 1.302694096070637908e-01
1.418245704874637747e+00 5.284685997824015713e-01 4.386234527284158663e-02 7.436099684812308430e-01
-5.047045644187929669e-01 3.225582613289412315e+00 2.864225386023329545e+00 6.056789740124928212e-01
5.901864917673539379e-01 1.191451089044197609e+00 9.433859205296182271e-01 7.906568260199745013e-02
-4.945331824921450625e-02 6.006863264200696939e-01 2.275304206541040486e+00 -7.239270297418193278e-02
4.388251174587750603e-01 2.957873628752377693e-01 -7.439872256728402578e-01 2.006407063070544672e-01
3.157952279684722363e+00
-2.147756450349590729e+00
-2.040197292175660149e+00
3.530512021428364733e+00
-7.119849141021152850e-01
-3.935949325463898862e+00
-6.787213355684226235e-01
-1.830774152724050918e-01
-1.017004679907359099e+00
-2.078017891322223143e+00
-9.903226243216392555e-02
-1.403548254574079390e+00
-5.823301390766312258e-01
-3.258997692439092320e-01
ReLU
0.2
14
14
5.806633101686312637e-01 -1.247123393953541992e+00 -9.621118122620766488e-01 -8.098488256330084178e-01 3.639606218574308882e-01 -8.654080442141862672e-01 -1.098851933116002690e-02 4.485511666168456313e-01 -1.213984936022370897e+00 -2.373917593415036942e-01 1.389543756845542433e+00 1.682829419325151121e-01 5.318290850453313290e-01 2.557553539014077899e-03
5.712997173688086905e-01 -7.057138744331956648e-01 -1.089617199764402855e+00 -3.535338832514258289e+00 3.459289286122199103e-01 -3.628183446278742674e-01 1.658380785506081700e-01 -6.463174472637098766e-01 -5.130218103071849667e-01 -8.565806315419574601e-03 -4.139269349586249813e-01 -3.678770613720399457e-02 3.955902032490010017e-02 -5.698529126666718181e-01
2.156919796667188916e+00 -9.966323503372913617e-01 -1.619603120947566310e+00 -1.255717808356059173e+01 3.145354879748322174e-01 -6.362766669947643727e-01 -1.082732274608223078e+00 -4.190852029234599097e-01 2.332376017014306246e-01 -5.895134549580370864e-01 -2.765417530849990230e-02 1.453091238644376615e+00 -2.490658182216060335e-01 -5.286419487475044754e-01
6.971386950062312682e-01 -1.839769376700614689e+00 -1.449437977434775204e+00 -1.490899668500693220e+00 -6.517830406062622428e-01 -2.291182036089145058e+00 2.401347501479538515e-01 2.476302531490666425e-01 1.901380845547693821e-01 -1.928043192844653420e-01 -1.306433335853523614e+00 4.085944432169541507e-01 -2.276140406027469254e-01 -1.623342021244614519e-01
-1.046886190233925346e-01 -1.604014082859678947e+00 -5.951968579395842118e-01 -6.488969917599954895e-01 -1.092969987440535057e-01 -1.444190343604931703e+00 -3.138914700715969563e-01 3.665901241310896008e-01 -3.027395725838032403e-01 2.297052961732427290e-01 -6.107266490709123419e-01 1.844823376501085466e-01 -2.722356193926268597e-01 3.081333753435695488e-01
7.559389129936834317e-01 -5.326005228221466492e-01 -3.658391636731034069e+00 -2.140111457789376281e+00 -3.938779331585243737e-01 -1.315541977909561844e+00 -1.273170256214502416e+00 4.092466985084827757e-02 1.274049442124159492e+00 -4.040681179362655140e-01 -1.393469233240306693e+00 -8.815511244908672550e-01 -9.292153486999458201e-01 -2.864403707659023413e-01
6.929004702074171851e-01 -5.616617035722838436e-01 -2.961655974494214139e+00 -3.658096307609059128e+00 -2.854014618658985425e-01 -5.466245549545494242e-01 -1.063048920416636678e+00 -1.570327797814013646e-02 6.432534119467165912e-01 -7.634894811577848106e-01 -3.201963031408392758e-03 3.633508497519511993e-01 3.714835462717057668e-01 3.771559515750199099e-01
-4.619224966147352340e+00 -4.545317334157308320e-01 -9.775058992844147809e-01 -3.407490477664571138e+00 -1.462278012932479998e-01 -8.221354038509716133e-01 -9.368885696570644628e-02 -7.641401610161764335e-01 -3.530134283480635959e-01 -6.565896670587300088e-01 -2.831748022979645008e+00 -8.837900385199771724e-01 -7.794059669122516132e-01 2.557376587699079079e-02
1.030197520239948927e+00 -2.279332403753168368e+00 -1.194413439731561333e+00 -1.464699530795725790e+00 -4.234991379397643474e-01 -2.074444003100792244e+00 -3.187688442948142242e-01 -2.425304283691520069e-01 -9.213097163842224324e-01 -5.845572075025570191e-01 5.456460747066271821e-01 -4.422877799434402624e-01 -4.068027285307045382e-01 6.312943272002868866e-02
1.821552238740746343e+00 -1.037727681713488614e+00 -1.491704918993063789e+00 -2.164945395623850466e+00 -1.210769086959311958e+00 -2.191558998140640480e+00 -3.690992558893733677e-01 -2.072642243119494354e-01 9.214547030829076668e-01 2.913703266118233270e-01 -1.149253419666052878e+00 -4.796766350192290251e-01 -1.023535051104039334e-01 -6.874885993477187762e-01
-7.064977798565255651e-02 -1.017078795831293458e+00 -5.923944896114289316e-01 -8.068649901830519111e-01 -8.713353081187967530e-02 -1.346961487259151991e+00 1.907953131139243363e-01 2.364747581883032412e-01 -3.831788406108683764e-01 3.102184444895411328e-03 -8.295177203073447192e-01 -1.341765889663894436e-02 1.755674442584090611e-01 2.716811197113973564e-01
-5.588041989228611506e-01 -3.994479324703418266e-01 -3.566357828915063255e-01 -5.632731075377831464e-01 3.615369752675172688e-01 -8.402946362412132553e-01 3.526950628415909672e-01 -2.272372864499182799e-01 1.335499130119910949e-01 -2.910435868433344231e-01 -4.716440987087576198e-01 -1.761600452266421368e-01 -2.056401618494207439e-01 3.897788171173148242e-01
1.269194248166509997e-01 -5.375711724018348292e-01 -1.204990389465200318e+00 -2.690242751602121896e+00 -1.025057328168736737e+00 -1.234525456848242664e+00 -7.822533719425466270e-01 -7.478157578308942677e-01 -1.610725749746123037e-01 -1.606242124413504335e+00 -9.934096006837929149e-01 -7.801212029221636923e-01 1.465856733188295458e-01 -2.468199993962283678e-01
-3.721905898857860162e-01 -5.528693313992323333e-01 -8.074553395464012517e-01 -7.512535053576088195e-01 -1.188540683324115221e+00 -9.267686174508257269e-01 -2.682588711248964364e-01 -2.013502013166622306e-01 -8.049538013143953119e-01 -1.696140911741149671e+00 -7.849403466680208163e-01 -3.976850867553374802e-01 -7.558315672587730960e-01 -1.111712207429304433e+00
5.002308682523043615e+00
-3.880125920498894709e-01
-8.666458187302417127e-01
4.434572520662246831e+00
1.229125062778255506e+00
2.178038870944658256e-01
-2.954880641880150427e-01
2.101727050413507047e+00
7.063330929774696898e+00
2.028796803737784149e+00
1.517593268322837252e+00
9.953555770977683403e-01
-4.132524560218709953e-01
-1.257838355341444996e-02
ReLU
0.2
14
2
1.443364412678335151e+00 1.580879866937543454e-01 7.426442727494053653e-01 1.596560708592812849e+00 2.470489360144603463e-01 -1.464251940623049197e-01 2.231872087220879430e-01 -3.703717835004866288e+00 2.281302821197777053e+00 9.183471102796825214e-01 3.182090015513623360e-01 -5.851359873764064301e-02 3.428802309287627414e-01 2.441824092002974345e-01
1.454607350187069326e+00 1.823223085742335103e-01 7.879584424339899362e-01 8.273504325453439057e-01 2.309597445292217999e-01 1.660729195304997130e-01 1.837080790576936240e-01 -1.324408438434951041e+00 1.856418398516180845e+00 5.044106922963681461e-01 2.681698837449713602e-01 -6.947641320267503029e-02 3.422867934976729920e-01 -9.959620536533672630e-02
1.041359061637253802e+01
9.106170342177929200e+00
Linear
0.2

ct 2024-06-12 01:30:08.943327
