noname
4
4
4
8
4.927502162645977180e+00 9.872453630673591052e-01 -3.830483204950509091e+00 1.527015326214509860e+00
-4.867019070868568442e-01 7.600230328956433246e-01 -1.003939388579172309e+00 5.872076398349468374e-01
-4.162182402292598504e-01 5.148571378113618868e-01 -2.176164718632487838e-01 4.262531465009949394e-01
2.606334123124395830e-01 -1.588992286799734144e+00 -6.807628965464655124e+00 -1.806733074500258995e+00
-1.177857143660712841e-01 1.875674377080355670e+00 9.088271068283330090e-01 -1.987107233478222212e-01
-7.343133576030617782e+00 1.384236373742187443e+00 3.549940794818658318e+00 -3.699693262404916798e-03
-2.694933771945534406e+00 8.679616541615996494e-01 2.106029366003430603e+00 1.328236646585797542e-01
-4.408143195432662753e-01 2.614979919991621271e-01 2.421756562195454335e-02 1.494520856917494755e-01
5.086589440705543419e-01
-4.975975220692439582e-01
-1.314874861236440040e+00
1.545527510524411507e+00
-2.072676935301398793e-01
-2.305525034759965841e+00
-1.110939475193409409e+00
-7.471658615097017675e-01
ReLU
0.2
8
8
3.637015292415580192e-01 -1.641207307007533367e-01 -7.478216791202935143e-01 -7.751168461666135823e-01 6.683197042276767252e-01 -1.370806334910733337e+00 -6.261288016174109128e-01 -3.452873208740099287e-01
6.999119590472683283e-01 1.284809290860907949e-01 -3.760181891453417968e-01 -2.565216654979774358e+00 -3.741136833814902585e-01 -8.481394453847395098e-01 -1.107322657909015851e+00 -4.779600649483149444e-01
7.538882716366236414e-01 1.774725340852008337e-01 -7.058735455059382824e-01 -5.313196300254350302e-01 1.552141330895579596e+00 -3.674721309446142281e-01 -1.538526439566607618e-01 3.728910863161929989e-01
8.843516247271859809e-01 4.714995635629557480e-01 -1.640014486655229364e-01 -1.126700443982964206e+00 4.518709574774929516e-01 -4.499999937130158556e-01 -1.726680626493879919e-02 -2.393864110982522886e-01
8.650424295287291454e-02 -6.038072681525840091e-01 -2.791961830906210529e-01 -4.815490104261240245e-01 1.979454268433357075e-02 -7.947285408117568117e-01 -4.110913454799952627e-01 -4.930014291139468985e-01
-6.123151583917897656e-02 2.291167582138078085e-01 -5.651896816707878690e-01 -3.498797136102603567e+00 5.028641016955085474e-01 9.193867824476580353e-01 -9.939450035471170120e-01 3.616499337273006986e-01
1.288357924155099532e+00 -2.068001616770664686e-01 -9.562421844334918763e-02 -9.617979125221369774e-01 -1.158984214393108614e+00 -3.415848992381936844e-01 -8.705491848791653275e-01 -3.323544674919305941e-01
-2.151249411489465579e+00 -8.094219656140191343e-01 -9.228623507473610044e-01 -1.887829359171010191e-01 -7.994675570001975595e-01 -1.106225125152437150e-01 -6.240232538524321804e-01 -1.189030500287134168e-01
2.434548385433728868e+00
3.268141988269857023e-01
8.791329485824442846e-01
1.007999092571809197e+00
1.572015286256087663e-01
6.091397527789801369e-01
1.458830122796360929e+00
-6.436837364387170135e-01
ReLU
0.2
8
2
9.900403470947030105e-01 1.488475635402796045e-02 2.676668033345557252e-01 4.020420433492202239e-01 3.367276809431015566e-02 2.809175941932862686e-01 7.954279884446264770e-01 -1.518220580129995556e-01
5.684764473672385687e-01 7.294976337735455951e-01 5.902562732208280760e-01 6.468353063873231168e-01 1.579289955983732285e-01 1.364810359876681145e-01 7.403454280284040845e-01 -2.634542886851276577e-01
4.800166001462613075e+00
5.091565035952055673e+00
Linear
0.2

ct 2024-06-11 15:13:33.180913
