noname
4
4
4
12
1.040722976769615338e+00 3.762758061082538963e-01 -4.155441419485982751e-02 5.614682053895572178e-01
2.964343157516555749e-01 9.801920297011731398e-01 6.077262232630840089e-01 8.855674300362088580e-01
1.048261646393254365e+00 1.039664378051723403e-01 5.508618015577005922e-01 3.378915721681801099e-01
9.835844778718850767e-01 7.476067901652925229e-01 2.855275995008806356e-01 5.732012288247032572e-01
7.730158569722290762e-01 7.553535105076992773e-01 6.307942645743550569e-01 1.775025736426409928e-01
7.148084214288927818e-01 2.886279281691237486e-01 5.254648169194887641e-01 7.534180150526615938e-01
9.326600541401808275e-01 4.145829581435284683e-01 -6.099082503336960420e-02 3.292166244495888239e-01
9.142403121820543710e-01 2.694398363067487812e-01 9.635980978786652662e-02 4.161864378298142930e-01
6.098211223357645761e-01 8.353722487505595984e-01 8.663710837834212586e-02 3.368279656372018538e-01
4.693595520616449246e-01 4.290965247055835152e-01 4.669487355301103482e-01 7.143010670137315277e-01
9.870696340917759493e-01 2.785727993732996510e-01 6.329806169194487353e-01 4.396069818782286642e-01
1.063254474532597582e+00 4.648285930622428896e-01 4.203641033353044398e-01 7.857844186897442462e-01
7.491216610274924470e-01
2.685635232598903022e-01
7.643818442410301728e-01
3.828411189369221312e-01
2.957235321895802516e-01
7.417208254686871727e-02
1.249653640554587164e-01
1.647713124276404262e-01
5.499062605202815757e-01
3.177971670410932592e-02
5.750674541596954015e-01
2.197309776667361741e-02
ReLU
0.1
12
12
4.100821277237376439e-03 5.131848583777757211e-01 7.817341392842578340e-01 -1.737587222557147870e-02 2.503292160742084937e-01 7.708932553884332295e-01 4.287869466556816778e-01 2.290865501199993992e-01 2.702227745920279811e-01 6.196435074712892954e-02 2.017714444100244808e-01 7.625538690542328357e-01
2.288667614707774189e-01 5.005943208986097792e-01 6.041865942020480107e-01 5.467567101765670179e-01 7.904380760969971220e-01 2.066343610565107014e-01 6.146484565879537509e-01 7.352914774163832323e-01 6.926778282232379791e-01 8.480203979081059051e-01 2.881642733354010111e-01 8.511300757882783730e-01
7.632132220172670456e-01 3.449270785686549545e-01 7.251239752629908830e-01 6.735786594567911845e-01 6.964166264672257967e-01 -7.245895516009095982e-02 7.824859265711450740e-02 5.615099880245189023e-01 2.163957330753209507e-01 8.442353593852889304e-01 5.387882556891573360e-01 -6.889261919854672289e-02
7.164465673297419901e-01 -6.205520180497940685e-02 6.090471077359672636e-01 1.592672604220021770e-01 2.544722890826653372e-01 8.212189760804525784e-01 -8.955270760177691525e-02 5.010901117475043964e-01 4.931582757707978493e-01 1.440254677443041642e-01 9.411605671171738297e-02 5.960749878617093156e-01
4.531520110193937301e-01 2.920496041424807676e-01 4.379894570307013568e-01 2.286544742120719675e-01 3.163972389196421098e-01 -8.142570559263603847e-02 -4.650168812430893056e-02 -2.178806723226855979e-02 8.495450914047133484e-01 3.849525899114266125e-01 7.326026230641080605e-02 5.758382417742826664e-01
4.644512946645354412e-01 5.606035728018803066e-02 9.223970149104512295e-01 8.230717835221281753e-01 2.539361902516075742e-01 2.713515193101466161e-01 6.882738499050106151e-01 -2.579505420708780652e-02 1.965317526127338954e-01 6.254969588453701546e-01 8.925902172322058847e-01 6.733599182929991267e-01
7.175887291795381151e-02 3.227145671798131166e-01 3.769802055389147588e-01 -4.091001397887746027e-02 5.517571385158147323e-02 8.592340976428805011e-01 4.390201512011185359e-01 6.476217058203315169e-01 5.812231612093717859e-01 1.984711031438061990e-01 1.844051546044948864e-01 -1.065657141541142688e-01
2.456414214217659542e-01 7.434727166418078070e-01 6.291763460028272359e-01 2.942609144805092836e-01 8.176911252082343928e-01 1.530300476455236924e-01 -1.135690137296971047e-01 3.725780741353250658e-01 7.057065614397922682e-01 7.176696346600135445e-01 1.192908145773504403e-01 3.001524999537317218e-01
6.344182635738236931e-01 4.409137175445734802e-01 2.539927531809337835e-01 1.389500259008976946e-01 -1.401570517092176338e-01 5.781658661536349664e-01 -6.694337337522004994e-02 7.813544459400565412e-01 2.009099366145284116e-01 -2.256054225673315844e-02 4.852238076751737017e-01 2.777753832706491566e-01
1.009591894580350369e+00 6.777997555981134514e-01 1.016623181190662084e+00 8.374717568648559762e-01 2.978536830666583812e-01 6.301659237114807244e-01 4.157250973888432788e-01 2.136004615396318029e-01 1.293252742178189196e-01 5.551941155871414901e-01 1.024768853883933017e+00 5.771372106922859763e-02
3.725568379119232887e-01 7.219869925115622866e-01 4.257653876966985829e-01 -7.158787687787732112e-02 5.970091476569667766e-01 8.231399027160321014e-01 1.212027956325314598e-01 5.902149875419799852e-01 8.488156610955129855e-01 7.586371597937366928e-01 3.331788490204244946e-01 7.920875522401027435e-01
4.915732808368770274e-02 4.756814369893049843e-01 1.741966706112984542e-01 4.608273658487486157e-01 2.160779059554400472e-01 5.893430453458229357e-01 7.139940402130140473e-01 2.869785243228517024e-01 5.897150766499941188e-01 5.676952772197915720e-02 3.638015190976054969e-01 3.704391755656750301e-03
9.193071647978249272e-01
1.411856089932310709e-01
1.322489991662581799e-01
4.944282418324061901e-01
7.608622852850178697e-01
4.812387632576166085e-01
-5.432124112539942623e-02
1.446974599650233395e-01
1.848062014863293134e-01
4.271325728378762010e-01
4.978524727612330114e-01
1.690560734472564275e-01
ReLU
0.1
12
2
1.442929736172623989e-01 5.670550808776353424e-01 4.135710568902693507e-01 5.416706413834941891e-01 6.301606162933023336e-01 7.213930367198887472e-01 2.550023138820121105e-01 9.801720741495602018e-01 4.274505841151752805e-01 1.020659930205546573e+00 9.164029618408157107e-01 3.905215043682923604e-01
7.200453637514321326e-01 5.520500231806471092e-01 4.930803886866602093e-01 7.563347233396053859e-01 5.492023683272659884e-01 1.000800196139386422e+00 4.114123230952486665e-01 5.966978053927560754e-01 6.299090619619001075e-01 3.332811721097731494e-01 3.967341458278652033e-01 8.504689872007841211e-01
3.195868546866610371e-01
9.626078523514902674e-01
Linear
0.1

ct 2024-06-11 14:26:08.183419
