noname
4
4
4
4
-2.303302593338113768e-01 6.356076658308140725e-01 1.429802714742568703e+00 2.929733215675345281e-01
1.010158758298990378e+00 3.550798042739660709e-01 4.786643938685158695e+00 2.123387977918470337e+00
-2.375769710471197893e+00 -5.705214385867254379e-01 -2.263328607912853840e+00 1.379177996038059684e+00
2.552886395985535462e+00 -9.654039860721315147e-01 5.369168736635389294e+00 3.477569183261287833e+00
-6.902659792626497648e-01
2.460089398237247149e+00
-5.542124855509266368e+00
-1.942595026636363686e-01
ReLU
0.2
4
4
-3.899958843236950856e-01 -1.038919164993936883e+00 -9.516807119275108029e-01 -3.734369616878200349e-01
1.654971509318425502e-02 -8.939312729901047749e-01 -1.034054951628027519e+00 -6.775469879620620306e-01
-5.845739052489556942e-01 -3.009294332824542506e-01 -4.052230072269722427e-01 -2.165095794931260476e-01
-9.788035434677557767e-01 -4.240198132163574551e-01 -1.353054002791103105e+00 -3.169085542686604917e-01
-3.147720437904381191e-02
2.139764026077192849e+00
-3.629128647660633256e-01
-1.372083696805368597e-02
ReLU
0.2
4
2
3.570270783428475259e-01 -1.016918529672621085e+00 -3.947091106376754421e-01 2.589913460485341323e-01
-1.544572638244962326e-01 -8.681853201060160119e-01 -2.593762525555678988e-01 7.242444954988327965e-02
5.831929717659939172e+00
4.166835868112014118e+00
Linear
0.2

ct 2024-06-11 15:45:45.038976
