noname
4
4
4
6
1.180351577403033758e+00 -6.715329598843829961e-01 -4.237298722270908868e+00 6.042207042564591291e-01
-5.025734386208497106e+00 2.601108002640507344e+00 1.604173863526175481e+01 1.215545818039220460e+00
3.431909465405452497e+00 3.318501432708354848e+00 1.201079036819344203e+01 2.903663681331677626e+00
-1.385271277083492292e+00 4.175436132772786801e-01 5.663844210160660086e-01 1.845982705993834960e-01
-1.800562895761631088e+00 9.990324506362300294e-01 9.703297315757525965e+00 6.555355688654757040e-01
-1.847175905003686669e+00 1.384986952509484226e+00 3.480643606392430200e+01 3.122645272756633172e+00
-3.099273420053612060e+00
-6.221597118913633651e+00
3.634220817365162670e+00
-4.070620789032219911e+00
-3.334418111290149866e+00
-5.023618314806648222e+00
ReLU
0.1
6
6
-3.277470523531166857e-01 -2.253608044766815810e-01 -8.593187293265055482e-01 5.402207123546245993e-02 -4.424667704934518997e-01 -4.592439496004872557e-01
-2.270985505188558295e-01 -7.094749621279849983e-01 -1.444498154058058370e+00 -4.791082816260260752e-02 8.049284972502718238e-02 -6.499902011846682148e-01
1.605919002062249912e-01 -1.748216201308882667e+00 -1.342863696719158284e+00 -4.109769890429970651e+00 -2.013517665369923826e+00 -6.064593163258881425e+00
1.504048179908505922e-01 -5.606249703066555901e-01 6.292271299939717899e-01 3.749372695559567426e-01 -4.144480762592825940e+00 -1.140250051763533445e+00
-1.038993491504609512e+00 -5.420702896077560506e-01 -2.832449766750377157e-02 3.919163308709177063e-01 -3.459271354475805360e+00 2.422446220096378944e-02
-4.414622439825812150e-01 -4.380621048892577307e-01 1.780013239320801452e-02 1.441522449010389229e-01 -2.239313424421237375e+00 4.921359582277975292e-02
-6.613567772148047919e-01
-3.441237392407603402e-01
1.209863654596782911e+00
2.687508585279531292e+00
-2.110070751762674057e-01
-7.060524344739217417e-01
ReLU
0.1
6
2
-3.854062313001225260e-01 1.317196687812360600e-01 -1.296711796830683827e+00 9.585142075126049654e-01 3.200636329097854976e-02 -4.412353578094322937e-01
5.599113470937722159e-01 8.779836915145313725e-01 -1.352821374842779978e+00 8.884959523972792983e-01 -1.064464300180560791e-01 -2.133576499054330722e-01
1.797845027368202953e+00
1.872550699111044326e+00
Linear
0.1

ct 2024-06-16 12:40:04.662578
