noname
4
4
4
8
2.120163986339950402e+00 4.694284831248330292e+00 7.370916493132141589e+00 3.448014766596660508e+00
8.626281532059010271e-01 -8.384959733713394370e-02 4.729579027158632876e+00 5.969320831135991323e-01
-6.066823447914833078e-01 5.838235212106067662e-01 1.662153763649204308e+01 1.121797881490461446e+00
1.101655250948046783e-01 7.340692918434653658e-01 3.119716516787337568e+01 1.650154558954276762e+00
-6.621148633437883291e-01 4.734284692406972583e-01 2.196079728187902091e+00 2.331254937198843080e-01
2.214877090552896111e-01 1.135817322192798740e+00 1.204701574756351690e+01 1.908628751305892768e-01
-1.235839355783214133e+00 2.534712224755117371e-01 5.367882556740124489e-01 6.997637536971476058e-01
-6.950631614196584040e-01 5.545828102842582652e-01 -1.072101926609966421e-01 2.852217271974029633e-01
2.353940233498308832e+00
-5.050191408037317586e+00
4.255680574565675833e+00
-5.630607224369838626e+00
-9.487906821349810782e-01
-5.846295555457628801e+00
-3.375350877252803472e-01
-1.923919823672926299e-01
ReLU
0.1
8
8
-5.826508119151054821e-01 -7.586526755961673363e-01 -1.215694374845497805e+00 -4.071491077902980038e+00 -2.438080577081578326e-01 -4.951782315191178424e-02 1.994055839481189141e-01 1.912280320303329575e-02
1.363476836299635009e+00 8.200399280822284753e-01 3.712507296294785819e-01 -4.883783634644959015e+00 -3.054088692254919302e-01 2.336512140664049220e+00 -2.478704795398482541e-01 6.342524009513020311e-02
-7.506183253296305757e-01 -3.613201476907903706e-03 -3.057489342356926598e-01 -4.370681072561248270e-01 -3.231102706737632446e-01 2.055736893776916874e-01 6.459926844088392794e-01 4.659561729747044856e-01
5.579444288792977380e-01 1.163433386863365060e+00 -2.767717431363322600e+00 -1.670634954585414333e-01 1.309095807597952632e+00 -5.361564388843381712e-01 -1.324127820054115945e-01 8.514427218195294578e-02
-6.325383748680341034e-01 7.448089139518307977e-01 -1.022120667974464325e+00 -9.316151888774258927e-01 6.931226039091344937e-01 3.282205614487343492e-01 1.442119195209629057e-02 -1.730540260995617752e-01
-7.705892888397426477e-01 4.376643340434087093e-01 -6.741549231816750254e-01 -1.460617024008602272e+00 1.990896717508457425e-01 -4.787209029275185102e-01 1.684933035581215877e-01 -1.186497749567735037e-02
-2.742215048365727048e-01 1.495139361562017433e+00 1.167748128111247008e-02 -5.216651198798024636e-01 3.157781133350946456e-01 1.703438963686051688e-01 -3.599779033564983743e-01 -1.640436884973812959e-01
-5.442179624233512980e-01 5.633279991685002930e-02 -5.442179768429125097e-01 -5.442175784630263191e-01 5.633279991685002930e-02 5.633279991685002930e-02 -5.442179130455857550e-01 -5.442179000669020716e-01
-6.111551149664108395e-01
2.601696762385960593e+00
-6.333200352273093969e-01
3.654623720613614957e+00
-9.749899586642929439e-01
-5.958762482564531338e-01
-4.476212600390654939e-01
-5.442179405353237964e-01
ReLU
0.1
8
2
3.208365698424948120e-01 1.103143551766555541e+00 5.016804444871594271e-01 -1.392324275888238816e+00 -3.210547391264773065e-01 -2.890030551603189335e-01 2.353892878751513984e-01 7.809080754727315554e-02
4.073629177017109582e-01 1.157262210209604625e+00 -5.460930724012577064e-01 -1.821652764042695161e+00 -9.990405426540114320e-01 -5.532315623794549220e-01 -8.421311638196571359e-02 7.809080463342046863e-02
4.494922943641263657e+00
4.017836850203394761e+00
Linear
0.1

ct 2024-06-16 13:30:43.121818
