noname
4
4
4
8
1.354431034420318758e+00 1.114494297367487396e+00 1.563870655887062311e+00 8.543323225611048066e-01
-1.164360506608210111e+00 8.907407147049568596e-01 8.568307995124611054e+00 4.170541332918630828e-01
-1.138067634560420816e+00 9.511845332983208667e-01 1.080339558428189761e+01 3.547256348994468067e-01
1.704170842367111360e+00 -8.755112027889139226e-02 -2.069047005842950870e+00 5.546620836051200376e-01
1.237218809136555908e+00 9.097496381739965665e-01 9.861959028257485382e-01 5.402028057295960028e-01
7.106566292805140961e-01 1.515934832147308731e+00 9.410173875835387003e-01 1.399493464751973448e+00
1.410154989415436821e+00 1.420485078260433909e+00 3.530764139624001263e+00 1.339264648989469952e+00
-9.366531881291947359e-01 6.232572069411262961e-01 6.832783626301036861e+00 1.076235645935761598e+00
6.509876264097363974e-01
-2.432681624883106242e+00
-3.064544652632203992e+00
-1.904336202018904189e-01
2.922756795330545554e-01
9.612088536920054826e-01
1.469468954835752461e+00
-1.314913889253264134e+00
ReLU
0.2
8
8
-3.310633590430581696e-01 -4.584991266604784288e-01 -4.291093408716531443e-01 -1.643950817712578893e-01 -3.060139274185703084e-01 1.417714568246865314e-01 -1.825636137851827101e-01 -1.443879805533712091e-01
5.456835607065256832e-01 -1.828577091755365203e+00 -2.160125613519241039e+00 2.518847597314248787e-01 3.889920724236089478e-01 3.960450799934601696e-01 3.679281315503138416e-01 -1.334205995432285352e+00
6.324122533822701397e-01 -1.810895598905122972e+00 -2.431014493724724002e+00 4.468978521930304648e-01 1.472448725275304349e-01 1.272615651596072928e+00 1.513732459340573211e+00 -2.163645855444404908e+00
9.262578889066826193e-02 -1.881729470964297546e+00 -1.917991392418635588e+00 -4.078962841023345276e-02 -2.779185232327495703e-01 -1.766964891396460846e-01 3.836304071077773492e-01 -6.451432734062071406e-01
2.759369906850173693e-01 -2.033062290447319675e+00 -3.380444661102697257e+00 -1.341043203970747333e-01 5.331091595323428356e-01 2.838930134275723105e-02 4.445148458545435943e-01 -1.684091791284524353e+00
1.848324828665640074e-01 -1.428540166248043253e+00 -2.482652201310006301e+00 -1.864058852186263604e-01 1.310308396965444711e-01 -5.834689597123219468e-02 1.263663846082042630e-01 -4.996499946150165794e-01
-8.077060174053610764e-01 -1.939989559669929697e+00 -1.527963727209366462e+00 -5.060400979117334330e-01 -7.167800836348492410e-01 -3.535078500165679261e-01 -7.950482218578411864e-01 -6.518605015155809479e-01
-5.605178458050998902e-01 -1.164297580504531693e+00 -1.666456431959732587e+00 9.607534139259049644e-02 1.635259003896872010e-01 6.398066346550565497e-02 4.433527810745824804e-01 -4.967500981359185830e-01
-1.002322481745585997e-01
1.624805312456318429e+00
2.039050173255080534e+00
2.940212627838610926e-01
4.084287003419847517e-01
6.831193421596767901e-02
-4.861128684068127259e-01
5.522420897165799397e-02
ReLU
0.2
8
2
1.206701160664033656e+00 8.359526301615605171e-01 1.269890588115115237e+00 3.011218605259333714e-01 8.808401020537746096e-01 3.080414473214557747e-01 3.558795504612178306e-01 1.836698184280592394e-01
5.336251963803236853e-01 6.152743454258355893e-01 1.634702444444743774e+00 -3.911414295443137873e-02 2.700288465147819839e-01 4.080330564853515418e-02 8.127973026486768893e-01 4.377039012616142089e-02
3.996835526589394227e+00
3.602443964938460752e+00
Linear
0.2

ct 2024-06-12 01:19:53.336251
