noname
4
4
4
12
-6.163954086901105356e+00 -5.651416109001082155e+00 7.255774544589442598e+00 6.360659948891087545e+00
-6.102422083720495216e+00 -6.318855593478766686e+00 7.043015444363866173e+00 6.347466373812602924e+00
7.059835448478406050e+00 -5.375012919924600396e+00 6.649135587959207783e+00 7.246730511762670801e+00
6.415598201035224157e+00 6.688689769885181491e+00 6.381566807970786570e+00 -5.627250023735149043e+00
7.101423528280667696e+00 6.425973074193193746e+00 7.115928144215785345e+00 -5.901581568771482544e+00
-5.421384915585429454e+00 -6.259211377155412315e+00 7.071005809474097070e+00 6.452930193324150743e+00
-6.205910365673092066e+00 -5.772911345823950491e+00 6.407104136553989804e+00 6.833484816513557547e+00
-6.243526487574302841e+00 -5.631405921025070427e+00 6.622107717819128325e+00 6.695596993998808699e+00
6.917209665080014780e+00 6.694456729694238106e+00 6.455609366984802477e+00 -5.393249809807765693e+00
-5.610462884195955624e+00 -5.383255233517305172e+00 7.088146139429032822e+00 7.052214688018775490e+00
6.540775934569479588e+00 6.691348906344001257e+00 6.393191585779110397e+00 -5.525704168051339238e+00
-5.464936387310186383e+00 -5.329296192692107859e+00 6.351781991989579268e+00 6.978755095370536843e+00
-6.173750338322805398e+00
-5.364920823286287721e+00
-5.742571201336806652e+00
-6.163030310203788886e+00
-6.165045982418925874e+00
-5.978422071512696334e+00
-5.733496889220792703e+00
-6.292451877973272545e+00
-5.912529725354493948e+00
-5.382658065645641976e+00
-6.302971668914619130e+00
-5.835749677429702409e+00
ReLU
0.2
12
12
-5.388825524178788129e+00 -6.175917709244783893e+00 -5.491878918252856678e+00 -6.030608948027576410e+00 -5.585687886802028324e+00 -5.587744553602776776e+00 -5.455170923179910147e+00 -5.337439663194995632e+00 -5.370006924837229967e+00 -6.107174014569612730e+00 -5.647461005111017229e+00 -5.928039555452887299e+00
6.529515670751186995e+00 6.888356388461150281e+00 7.234326517297494874e+00 6.928068690961120879e+00 6.992399589456150366e+00 7.142520066958035763e+00 6.347324010579968423e+00 6.455199410917669134e+00 6.615920670831334505e+00 6.908306025496735892e+00 6.438290529983952126e+00 6.769900097879399503e+00
-5.474104042883589649e+00 -6.094016172151630606e+00 -5.629938653697021067e+00 -5.824761659067172914e+00 -5.527797997493883564e+00 -5.910052823719719406e+00 -5.968872729286314183e+00 -6.296994215682437890e+00 -5.978937589669632402e+00 -6.284271529378786525e+00 -5.551035929137115410e+00 -5.484683265919444217e+00
-5.832656596316643238e+00 -5.570191120168988874e+00 -5.861458727955022319e+00 -5.742079419609386726e+00 -5.957231843421947559e+00 -5.762362139036682152e+00 -5.364971015479047090e+00 -5.875977620187225803e+00 -5.782579583175407656e+00 -6.184250097901374588e+00 -5.419356865969291448e+00 -5.327302308069349124e+00
-6.028125664137233386e+00 -5.892379961761871954e+00 -5.714086285194120762e+00 -5.849051001557707075e+00 -5.636298932923870630e+00 -6.270548418607812202e+00 -6.108715164308358148e+00 -5.345730627047991845e+00 -5.686963680730562132e+00 -5.653511115619503258e+00 -6.245779945200888861e+00 -5.773691247364077128e+00
-5.652641207933844392e+00 -5.459441873321226879e+00 -6.228066528302041327e+00 -6.118400498933417531e+00 -6.254290984881700766e+00 -5.943034498855523040e+00 -6.015229100951156482e+00 -5.834177204061089306e+00 -5.350661378039905713e+00 -5.428040099468667279e+00 -6.078127344661107934e+00 -5.716827958328687842e+00
-6.112818764059282373e+00 -5.535612566972495152e+00 -5.985434699422092386e+00 -5.747443935042181984e+00 -5.667413023322478871e+00 -5.899178818529292379e+00 -6.323178920599204389e+00 -6.142852422943137825e+00 -5.651698341014055771e+00 -5.853144661252655645e+00 -5.652694098288841396e+00 -6.047987557387258128e+00
-5.974102599767701527e+00 7.001279396563166557e+00 7.039451962258257645e+00 6.432962086994626461e+00 7.196955392461919843e+00 6.484022256906847304e+00 6.934935843419069101e+00 6.594945067978926545e+00 6.337097950401382462e+00 6.374122960591259712e+00 -6.143562129595592225e+00 7.275678665165797199e+00
-5.969224716735292979e+00 -6.137723382730749577e+00 -5.940952943809667985e+00 -5.793362652501434340e+00 -5.432297672833157343e+00 -5.736562229990232353e+00 -5.419254653309388381e+00 -6.013363810150030631e+00 -5.521602153175775740e+00 -6.115685551755192684e+00 -6.013353060624950785e+00 -5.560271236767205139e+00
-6.006052709344951168e+00 -5.579098332533603433e+00 -5.821368888663928765e+00 -5.459439604433874216e+00 -5.354562847883539867e+00 -6.140558058805601682e+00 -5.948278098317394402e+00 -5.415424681519175110e+00 -5.664560618728099683e+00 -5.440120345285183845e+00 -5.989000023093177916e+00 -6.020945233250151851e+00
-5.671107570798186615e+00 -5.470262674706913408e+00 -5.414274993803921632e+00 -6.132514426799617446e+00 -5.410496974805683479e+00 -5.342445081207544355e+00 -5.612237237640977483e+00 -6.036573117524999255e+00 -5.828432968076369569e+00 -6.214630484860892423e+00 -5.330712003761016504e+00 -6.127493917883910513e+00
-5.508649266225272179e+00 -6.047788463149599281e+00 -6.125520682817475304e+00 -6.029393095240488165e+00 -6.233333861096304496e+00 -5.726339925418814758e+00 -5.383067013415561597e+00 -5.495737466920724401e+00 -6.160121928933504520e+00 -5.649671301576509208e+00 -5.862797401253912355e+00 -5.761474863520562373e+00
-6.194620672097838288e+00
6.367863820020931875e+00
-6.087093022081686122e+00
-6.200507124443412899e+00
-5.451726107077917050e+00
-6.035643287102582022e+00
-5.541163407305138122e+00
6.664868722049553718e+00
-5.547344424907473481e+00
-6.270135110831147607e+00
-6.220584613525979023e+00
-6.288890448729022253e+00
ReLU
0.2
12
2
6.989910721184308784e+00 7.105846140777126507e+00 6.677401745357776974e+00 7.226190990216664112e+00 6.817506932053778890e+00 6.640682290050400560e+00 6.475109834154869404e+00 6.638181531768594823e+00 6.959189495330419639e+00 7.033406615179791821e+00 6.963204969190127436e+00 6.707933481591113356e+00
-6.029184570386262543e+00 -6.324332560508185708e+00 -5.592138308297398552e+00 -5.585516574613706986e+00 -6.027280142029682430e+00 -5.783981653579655102e+00 -6.044546670662569454e+00 -6.312568937324928520e+00 -5.484309601596875083e+00 -5.728956738214982636e+00 -5.456853390283146865e+00 -5.329310377789819420e+00
6.602089712544270128e+00
-6.003957144474981966e+00
Linear
0.2

ct 2024-06-03 12:04:11.913480
