noname
4
2
2
5
6.676909082717472632e-01 3.269697243258798403e-01
2.881170486589801349e-01 6.329476798256422621e-01
4.306837698639459089e-01 5.101359211455920306e-01
4.371127926119423579e-01 1.016062283719446624e-01
-4.564991967742471762e-02 7.045366473577253652e-01
1.596953966783450085e-01
7.819649212667323379e-02
1.213215447880889170e-01
-1.582552841510014852e-01
-8.873441623546193813e-02
ReLU
5e-05
5
5
6.680368177697938448e-01 4.260565358215022691e-01 5.149746468753400030e-01 4.244261360089137680e-01 4.773639914877871870e-01
6.435008365259446972e-01 4.845485119569947208e-01 8.273708233771503995e-02 4.159890724719424865e-02 8.259526899935903943e-02
1.788732535495549669e-01 2.438043231153549095e-01 7.728718443257195370e-01 1.671944730478772123e-01 -8.281126677044690909e-03
7.445567446697285430e-01 4.175867176707424577e-01 2.516336346813471958e-01 1.777845284085868560e-01 8.078046758542465344e-01
6.187200915733365864e-02 1.477284870218821822e-01 -1.741649864542839724e-02 8.562711068169057832e-03 -6.511585375990038005e-02
5.477479849097089959e-01
6.641507663393572125e-01
-3.789995592452615174e-03
-8.386432048996927957e-02
3.292804033175131262e-01
ReLU
5e-05
5
3
5.891678430271643854e-03 8.592688938554310374e-01 8.340039106141061698e-01 4.072110485472016372e-01 9.419615342241854927e-01
4.515876868499202335e-01 8.222955375342886342e-01 2.237958604314364275e-01 3.914301707843064748e-01 1.824566933197198648e-01
7.495053340356462312e-01 -1.367372550959283783e-01 9.222308085930300270e-02 7.684626987036891066e-01 1.196521083145554581e-01
6.214714902217791659e-01
4.826019815553385106e-01
3.524267429211415670e-01
Linear
5e-05

ct 2024-06-02 02:15:46.568427
