noname
4
2
2
7
3.777476014957690253e-01 2.930639112180544736e-01
3.661813940106004028e-01 3.508105536034790140e-01
-1.844793670101449456e-01 1.912969052357199051e-01
-1.638526308523189645e-01 3.374416590165469354e-01
5.914558966286710406e-01 -1.108652010861988467e-02
2.391684468724473711e-01 2.631892061205294286e-01
7.123553724195632597e-01 4.884103917341614531e-01
6.539709511812252796e-01
2.599319257672405570e-01
3.406969354921422083e-02
7.646957022319299524e-01
4.316520889317309040e-01
-1.545239312249703789e-01
-8.559895873508432951e-02
ReLU
5e-05
7
7
6.657579769532669944e-01 8.243724446210188850e-01 6.394017985351168054e-01 3.758225803335056570e-02 7.417022106299309137e-01 -4.367885931410980804e-02 5.220885829599458683e-01
1.198315556683016564e-01 4.030246620795651658e-01 2.053306145692107565e-01 3.724458613076986890e-01 5.131779792102492133e-01 3.498371318940495245e-01 6.344797334789333831e-01
7.536535096198105910e-01 -1.176958598834785402e-01 -5.275164890848865751e-02 3.931161868396984560e-01 3.247030380039879760e-01 7.751698077345012816e-01 1.989689616979921916e-01
1.314882776551957455e-01 2.340761536157451583e-01 5.703980432919346644e-01 1.345062574491271701e-01 4.772268485147490580e-01 6.024970487935749075e-01 3.897424108564392364e-01
8.544022581436379327e-02 2.414020127464362175e-01 4.100366966177854122e-01 2.450856347694406467e-01 -2.044162043625770767e-02 2.697626471873901810e-01 5.910598861501449308e-01
-1.189775355102834636e-01 -8.168150122031923865e-02 3.595194872392745156e-01 -5.455435252292425985e-02 -1.635439345521817744e-01 6.952567464597213531e-01 1.996556507261387781e-01
7.702858163436752115e-01 8.001015012423113859e-01 7.589363510168967153e-01 6.926139766006331744e-01 4.137976479182087913e-02 7.120531704285936181e-01 5.817305987074168350e-01
5.543317009410384522e-01
5.097765413038304327e-01
5.121564536291131065e-01
6.323534007433484483e-01
5.257190979381427542e-01
2.605388741752874826e-01
-4.629741917532233242e-02
ReLU
5e-05
7
3
-5.033602403755808169e-02 7.558135477871136265e-01 2.610348717412134395e-02 3.877427436117988346e-01 4.378650980520997632e-02 -5.995437653233604697e-02 6.965749266961610564e-01
-2.606884530904930025e-02 6.330860061059708777e-01 5.777918620842980024e-01 6.578064069273474590e-02 1.824035594350684464e-01 7.849004245645152533e-01 4.652850660171131136e-01
3.796381436092484130e-01 5.818196612786811217e-01 -2.626153855006156321e-02 1.190468435709278877e-01 2.759743338705550331e-01 4.677982656218241941e-01 4.367195166599621703e-01
6.168602165701732032e-01
-6.809489839369341213e-02
7.081738370786521131e-01
Linear
5e-05

ct 2024-06-01 21:31:47.678116
