noname
4
4
4
3
8.154342141094187424e-01 4.201473112020382983e-01 2.771712840506324604e-01 3.144511494379476635e-01
4.122509609923657448e-01 2.755476092291879731e-01 3.898320619083524563e-01 8.190659282281820275e-01
5.803453931660146337e-01 5.742386290766345880e-01 8.756553449780701825e-01 5.354026905422391014e-01
7.624699836904089145e-02
1.437415891395741330e-01
1.209642342306729290e-01
ReLU
0.1
3
3
8.724619070133750043e-01 4.881801597748130356e-02 3.903776720744606132e-01
4.981295195465820780e-03 7.723174956496010601e-01 3.789198096290078421e-01
2.279640848637636275e-01 1.330681671156059842e-01 9.270724920673520941e-01
7.577760301844586044e-01
1.292226016164577107e-01
8.750045354896318628e-01
ReLU
0.1
3
2
8.295675176287136132e-01 7.900306055321662524e-02 6.448069303098726834e-01
5.944996049792384829e-01 7.108201577598932674e-01 1.812820658588931988e-01
9.830552717759667436e-01
1.016052196781136008e+00
Linear
0.1

ct 2024-06-16 15:30:39.626517
