noname
4
4
4
4
1.862186691954106632e-01 1.863322777169178490e+00 1.918603553990222466e+01 1.790093413239724596e+00
-1.683748656167862068e+00 6.269501269239974306e-01 2.739186092067200207e+01 1.893603659193897615e+00
-2.219930651171542202e+00 -1.058795083877772214e+00 1.705228373391853225e+01 5.957128675541394081e-02
6.583169099200055774e-01 1.073540029357792358e+00 5.728607889479055970e-01 3.166618567339549717e+00
4.873978562815128868e+00
-5.897967924710083132e+00
3.253570894584862927e+00
-3.000513456138218960e+00
ReLU
0.1
4
4
-5.917192800337516684e-03 -6.579714418515516042e-03 -1.137434932241874613e-01 -4.883078218276529214e-01
1.692210556042067271e+00 -5.596549832362272880e+00 -1.416611786649864202e+00 -4.737782490717875050e-01
-1.927334388347870409e+00 -1.865464971517095671e-01 -5.935622033373395112e+00 1.868937120525518303e+00
6.118937525590694565e-02 -6.107074654560815663e-01 -4.787448838299566689e-01 -8.588770460442997079e-01
-2.434756173870978591e-01
-7.619540086851189602e-03
9.331060325456052018e-01
-6.982116941621008266e-01
ReLU
0.1
4
2
-1.061760254152671196e-01 5.281352793590496919e-01 -2.080100019472673534e+00 -1.650970890716066397e-01
-9.133916588655059676e-02 7.123120531121185373e-01 -1.421627816221054497e+00 -1.664674119938662766e-01
3.614252757197025989e+00
3.525615127099301471e+00
Linear
0.1

ct 2024-06-16 12:26:39.026999
