noname
4
4
4
6
8.363003274812081944e-01 4.659641564146816961e-01 5.606828930707009606e-01 1.992989382362136130e-01
1.170346934631366631e+00 3.270701728784556339e-01 5.598824160652048354e-01 5.234954431424669874e-01
1.838089162645032970e-01 8.483157936480280048e-01 8.082422024252717829e-01 -3.605716018287398184e-01
1.268830469716765830e+00 7.488444200692373487e-01 3.664733453259698681e-01 -3.193542221270296300e-01
1.057312389864077273e+00 5.264653414795699149e-01 2.289197225909534450e-01 7.565625804489000128e-01
1.429394282412300710e+00 9.545767944182228515e-01 5.788089406142060689e-01 6.495728660330048199e-02
3.927141738564776663e-01
3.957427252637664705e-01
1.599348031476259535e-02
9.191181627764465067e-02
4.404721178863102438e-01
5.196613353256688272e-01
ReLU
0.2
6
6
5.116456385641953153e-01 -1.711070268188467636e-01 4.075726156090406227e-03 -8.224913345685370969e-02 3.668736845640274136e-01 3.003334695025335344e-01
8.081760393068955217e-01 1.879002850048593354e-01 -1.955075567863520658e-01 4.588812298008602686e-01 2.824615836506296773e-01 3.608497777579997012e-01
-6.359752546513663951e-04 -3.776290991687160647e-01 3.209454934454974984e-01 4.949607523931039144e-02 -5.534981375969064699e-01 -5.225545784720242448e-02
7.816904367678727539e-01 6.083395273096752209e-01 3.622286898540877376e-01 6.554491518745593215e-01 4.713638047236006767e-01 6.555757739457288569e-01
3.850660470884331721e-01 5.715788410072297765e-01 8.016185046586461471e-01 2.638722477120537535e-01 5.977759594909201057e-01 1.084214652932201095e-01
6.727498812509618009e-01 4.105959009265494619e-01 2.181956638076217037e-02 2.946621040321673046e-02 2.999471829554716806e-01 4.591869949622938707e-01
6.287127843802103877e-01
2.372859150002404882e-01
-2.896967601181810181e-02
3.287764288018664438e-02
4.425687701206597324e-02
8.339914854665748667e-01
ReLU
0.2
6
2
4.952341950445504626e-02 1.125265234876796361e-01 5.806470763013905911e-02 2.488532193416702620e-01 3.350313664004799796e-01 7.595750773155499624e-01
7.538664447266871793e-01 1.080908211709648459e+00 6.813286946404720767e-01 3.907326504332540029e-01 2.597748503773664730e-01 9.326034177817396076e-01
1.112496230566250299e-01
1.144047047857886579e+00
Linear
0.2

ct 2024-06-12 14:45:33.892286
