noname
4
4
4
12
9.095924352490488696e-01 7.819790640039181451e-01 4.604583000222883804e-01 5.986913736157346566e-01
7.230501363979049412e-01 4.593411309260995307e-02 -5.867919921648906412e-02 4.368268815534413485e-01
2.503936469030625944e-01 2.953807930675074744e-01 3.847531927111145361e-02 5.618961208633508342e-01
2.561247859890536938e-01 5.546019399103654379e-01 -2.348754242489750066e-01 7.810561616721042322e-01
4.061884919509662906e-01 7.486850964704804268e-01 6.565382969231489119e-01 1.962323667953771444e-01
5.393987909343693765e-01 4.226154232613461015e-01 -7.407613951575259259e-02 3.731552270900922452e-01
8.297426871575548368e-01 5.690965231674841585e-01 6.136736866570779991e-01 7.747558023627292290e-01
7.059801604159343658e-01 3.060685254640520964e-02 2.976769087534911762e-01 5.903640661356974739e-01
5.234829074622256995e-01 8.010724741519102965e-01 7.708652621511207226e-01 7.444192942849537920e-01
2.460673209910733961e-01 4.963055284186366350e-02 5.447310089670304167e-01 8.575486611791981462e-01
3.054754605493035791e-01 1.852159411183439963e-01 -2.241271083696849131e-01 7.759153449392813817e-01
3.205032600831912992e-01 2.511680674329967444e-01 7.297695922353022446e-01 4.604792414492207137e-02
3.551042122115350419e-01
1.777234269169484793e-01
9.383688496405911961e-01
3.300391506935290709e-01
-4.481609593361685073e-02
8.068985883019611505e-01
6.745118579613063048e-01
5.750750598734443164e-01
1.036743831120418013e+00
3.809551815073812797e-01
4.912116133184188937e-01
9.352730183295244748e-01
ReLU
0.001
12
12
3.525815203113507462e-02 8.264112704736927828e-01 8.184996680802040236e-01 1.300634161405378186e-01 1.292197409964132016e-01 6.525561073290363501e-01 1.159530537917129595e-01 5.447000211581679574e-01 6.547621339023007581e-01 6.398204125035217293e-01 3.431189610644840848e-01 5.952849632007399805e-01
-6.790973669280529930e-03 8.073921538989508040e-01 9.114151687798530688e-01 2.665056777144963474e-01 1.031289691672882203e+00 1.620836036091508892e-01 4.503372464146262466e-01 5.761945646597707027e-01 -1.442986856089664878e-02 9.408901847842908728e-01 5.879527002394739632e-02 3.130370598371921553e-01
8.780863845267666834e-01 3.368007583840538777e-01 6.207206887304472787e-01 7.439636583208418530e-02 3.183658109768066624e-01 4.502065322784971069e-01 3.199525238899064705e-01 4.611153950677351343e-01 9.321597997347670361e-01 4.401017900713000142e-01 3.610960772484629877e-01 7.818025657643218329e-01
7.467598575035278019e-01 4.241137832330739155e-01 2.599571609227998570e-01 3.436713775617336597e-02 7.362388375007424823e-01 1.551395268048008924e-01 2.796826601956611813e-01 -3.430553736809836135e-02 8.849717289439682499e-01 3.017368566598011559e-01 4.723709156514424023e-01 8.433478659014044532e-02
2.256923997557432060e-02 4.287407567823669496e-01 1.736289820341972434e-01 3.076001154083928268e-01 7.491840160930451908e-01 2.815066032926033524e-01 8.539064640325443323e-01 3.963043660423044012e-01 1.102600552995303407e-01 8.252886667948140520e-01 4.793313357200017499e-01 2.319739654143414265e-01
3.832696755858552851e-01 8.389212026977462822e-01 5.885400612582698532e-01 -3.616283062781106006e-02 3.366656553315513500e-01 4.299279578233215493e-01 -2.341954688291692649e-02 2.350808629234023561e-01 7.336633145970976599e-01 7.672565963451660580e-03 5.658732631213679865e-01 9.371623209438766366e-01
2.334879808950461599e-01 2.181600028131471247e-01 1.668740917116088296e-01 4.805677541234545380e-01 4.681377248797965324e-02 5.427119876765372775e-01 8.887125003038429671e-01 1.692460589574552865e-01 1.009565945281539090e+00 1.180652908566499071e-01 6.177683858502220904e-01 7.637296512510668434e-01
8.579041740443819064e-01 7.371165231733620704e-01 5.732703043655777708e-02 8.206592214957719733e-02 9.783640425732909041e-02 5.022213309134334613e-01 1.516295578924941045e-01 5.770728987954654166e-01 8.499134606494790356e-01 7.310562637510950035e-01 1.950880114152443168e-01 9.843474475553045666e-01
2.247181704375913747e-01 3.598516941378541167e-01 8.265862155990122417e-01 6.212034706285584074e-01 6.426214173509376959e-01 9.342077367601334670e-01 6.512169544119257303e-01 3.657579100499872005e-01 9.651130576488847757e-01 7.731107226495759210e-01 4.876011784892306800e-01 5.926259996242525530e-01
1.583155544436753714e-01 8.127514854727737603e-01 1.953446978422554714e-01 4.040641691813825487e-01 1.440652059057395407e-01 8.745725277479066140e-01 7.159969188112820238e-01 7.566477596134604244e-01 1.099063164759086636e-01 3.133835553932364792e-01 8.686637556408673966e-01 4.153350440261956156e-02
5.944171029741532886e-01 7.208678972829154485e-01 2.510247324479999986e-01 4.347020464175194721e-01 2.191825512102606732e-01 2.428937253253592721e-01 4.878738087418165725e-01 4.597011236097357095e-02 6.224134649708368272e-01 4.176480730255225926e-01 -1.671182039868391797e-02 1.445703715545531287e-01
2.666146752479736093e-01 -6.827001645827387999e-02 5.684260054995858846e-01 3.027297769319937104e-01 5.765994329312673639e-01 1.638689219919655382e-01 3.322914462280478487e-01 6.634283951349934094e-01 4.721537015885036714e-01 -5.674840578398117341e-02 6.322408691348085918e-01 9.851565683801724038e-01
9.173373098160850780e-01
2.592839114011130097e-01
8.634839380440380019e-01
8.692893045788702144e-01
7.359576881671400228e-01
4.010691863763853893e-01
5.596297636491291971e-01
5.151719439170876491e-01
9.559994163024095881e-01
4.188623033826157499e-02
4.647282094051102819e-02
6.734399039501085538e-01
ReLU
0.001
12
2
8.118711928147258616e-01 1.800513794734979744e-01 6.503033266462261430e-01 4.727943940370000694e-03 1.558267921947207313e-01 7.556139534238119626e-02 7.789669008150680307e-01 9.403747614592733450e-01 2.975926772163463019e-01 1.027446250167347030e-01 1.853561640498680718e-01 8.763195830255608998e-01
5.857266119919393166e-01 8.703553044760826696e-01 8.832086385668909134e-01 7.144483997244326368e-01 5.949513143972281481e-01 1.891245870066408097e-01 -6.678532821970232809e-04 2.079297140676225619e-01 3.806473055381421888e-01 2.830588234045757767e-01 4.155183217097693227e-01 6.259917747077584083e-02
1.202263961459355268e-01
7.517936701940869382e-01
Linear
0.001

ct 2024-06-03 12:14:53.707995
