noname
4
4
4
4
3.172494253328457248e-01 3.569144012021326917e-01 3.267502279802744214e-01 4.567950162844724993e-02
2.396434641499383122e-01 5.383405851161900957e-01 2.828194149351619391e-01 9.049815011187023472e-01
5.289041245604884089e-01 9.286846082941601077e-01 3.896020643523167015e-01 4.303915317436242116e-01
3.848993885776331725e-01 8.093188985436511329e-01 4.402118941337407332e-01 9.634886349859281829e-01
1.448228410391970700e-01
4.589983373501073105e-01
1.646365874777446781e-01
3.616008115010365120e-01
ReLU
0.1
4
4
4.921571618546137783e-01 8.456660899182512070e-01 1.233572278461789740e-01 1.367760147209460264e-01
4.094610882512559336e-01 6.978333458602676842e-01 3.553784572721210289e-01 7.302772427937641586e-01
8.467372851845285098e-01 6.496727764130383331e-01 8.129011023329389962e-01 2.179797057117216497e-01
2.647945087811218734e-01 1.302654216661087716e-01 2.900509789429169816e-01 9.116902252802537854e-01
3.447531372901095903e-01
5.113828779622029419e-01
7.783741237726115036e-01
9.384256857154691378e-01
ReLU
0.1
4
2
1.153936831893385140e-01 9.568478883644575550e-01 2.270084377768142314e-01 5.892752489213632927e-01
7.739114510324126561e-01 2.292489898112032298e-01 6.811965757543070321e-01 5.412062139303113195e-01
7.454796401653740467e-01
2.013319619191481502e-01
Linear
0.1

ct 2024-06-16 12:34:09.958917
