noname
4
2
2
6
8.170920634301072072e-01 4.543009429142178535e-01
6.978362505030493157e-01 9.231133143782928041e-01
7.440542828414177523e-02 4.489194275293251213e-01
7.886381814469239915e-01 7.374268186014195647e-01
6.943622469369554739e-01 4.601852538691880712e-02
2.505684931609444832e-01 9.192602120281457845e-01
5.216150902489925523e-01
2.178541666786583675e-01
5.772428470649959564e-01
7.831843581553135647e-02
4.202415705795893297e-01
8.943137174151504221e-01
ReLU
0.0001
6
6
4.061561633141229644e-01 4.973926120749038171e-01 9.956934116514998268e-02 4.841768348943201183e-01 6.315178520079325342e-01 1.364475182351523319e-01
6.151130422891776250e-01 9.328712422342463340e-01 6.645091758986567676e-01 2.887135203477578238e-01 5.823227312890766338e-01 5.752753805542401011e-01
6.467555686002818272e-01 1.506320347979835106e-01 1.303494808811363759e-01 2.415694222393630353e-01 3.420070227724453793e-01 8.746512993921448306e-03
5.343400978729050399e-01 2.840032362753603379e-01 3.823751847452457053e-02 3.331429237555471601e-01 3.546912894428457252e-01 6.792147984758094559e-01
4.408596504194335908e-01 8.212660632792965210e-01 6.520166606268346099e-01 4.302489902692837598e-01 4.595795091034590718e-02 4.747108559405647243e-01
8.899539406639643824e-01 4.852833465637044208e-01 3.243111938550600204e-01 3.124638269730179441e-01 3.611094668268474139e-01 1.130989436544026228e-01
9.378147437937350839e-01
5.433833261559760652e-01
6.782245650268777792e-01
3.899768031965891169e-01
7.867858675450881689e-01
8.778090564853116007e-01
ReLU
0.0001
6
3
3.673946323565873695e-01 4.870081712317566591e-01 5.187020312497092611e-01 1.378978321278098995e-01 8.353087257928305531e-01 3.039486274044217451e-01
6.141283718424839222e-01 2.738519450144518697e-01 3.776854786887144377e-01 7.836813718438030429e-01 3.947310505270474890e-01 9.258751857324466483e-01
7.161737275016419879e-01 6.477466096727158007e-01 7.633816211983150968e-01 2.650657217772247609e-01 3.270584350386159245e-01 7.638633653040246552e-01
7.028688855318258044e-01
5.843757248089252732e-02
5.348950819810582846e-01
Linear
0.0001

ct 2024-06-02 10:21:26.122692
