noname
4
4
4
6
1.839712630531280979e+00 2.022617319194490726e+00 -5.868435743333480836e+00 1.730543316142210575e+00
-2.192474614316952675e+00 -1.361979755486231403e+00 -9.036580348708717736e+00 -7.066762408975001408e-01
-9.675804253616814288e-01 5.403227796863850907e-01 2.197206375430444325e+01 1.260158872230169980e+00
9.851451655247791539e-01 2.190546021179630376e+00 3.123805396581455618e+00 2.179294567076643929e+00
1.192304869300304215e+00 -9.923983169703501916e-01 -5.477435814395226643e+00 -2.197828962652191020e-01
-1.227341812504865848e+00 1.219393265237846080e+00 1.325508596714757514e+00 5.659853320694545609e-01
-1.839489412641377442e+00
-2.828712855455910891e+00
-4.197617040492811036e+00
2.622155147076112858e+00
-2.450971471495597243e+00
-1.429267800178496861e+00
ReLU
0.1
6
5
2.274438200299361834e-01 -1.101768534027874891e-01 -1.577046070772744724e+00 -2.879122684190795756e-01 -2.274807749904123877e-01 3.008207454411288562e-01
-5.947903921109145564e-01 6.987753502699901587e-01 -3.072929951923434322e-01 -5.521212689990595557e-02 3.320600793679396312e-01 6.563332662628425240e-02
-1.315546799881454065e-01 -8.395734548394827579e-01 -4.986176553892204488e+00 4.105443439645248271e-01 -3.868982207458111083e-02 -7.411157761872710914e-01
5.512726214113634615e-01 -2.694119173279497126e+00 5.722856284858773845e-01 -3.980771367107719616e+00 -4.904021918023091509e-01 -1.912029527593087919e-01
-1.009909958585964024e-01 1.140303249152768428e-01 -4.616738119405321861e+00 1.322721690793089433e+00 1.725961311113898555e-01 -1.492208244239466852e-01
-7.432477957397082280e-02
-1.181778137804839757e-01
8.856652336621509969e-01
-5.030557577730299101e-02
1.638531744407337065e+00
ReLU
0.1
5
2
9.623420466628886116e-02 2.752889917508243300e-01 5.701095455768906417e-02 4.264638697166690112e-02 1.254761466286376415e+00
1.163786402901844097e-01 -3.291138761219754016e-01 -1.067389621028530966e+00 -6.568590457587200060e-01 1.524158717080761560e+00
3.083430362061938101e+00
2.962018424928282823e+00
Linear
0.1

ct 2024-06-16 23:28:23.591034
