noname
4
4
4
12
1.830506090058521718e+00 1.324872996009475168e+00 -1.031081776160227781e+00 1.350069946156445599e+00
1.616131400817327757e-01 1.724456814175673758e+00 7.350735592079313818e-01 8.317546713471868358e-01
3.127106989008345272e-01 2.061705343881524488e+00 1.132435860595202737e+00 8.731031622010989590e-01
6.423447417958731975e-01 1.118470660542707940e+00 5.473297308920118676e-01 3.015423700829672482e-01
-3.158259964423212329e-01 8.605651964979944557e-01 -5.825033496661961158e-02 4.128779531858550178e-01
2.787852650984199432e-01 9.188319827646342919e-01 9.468314490568426889e-01 6.231766525187326655e-01
-5.336198371840340515e-01 1.772411022603991748e+00 5.347226868855528004e-01 7.765827132750561246e-01
3.798027758257437880e-01 9.136653697350431980e-01 1.394476588094264669e+00 2.189760622582552774e-01
-5.923117147682110950e-01 7.193801829019316196e-01 1.452512834082670956e+01 8.733485504928212295e-01
-1.921896759372643537e-01 9.106352754632680568e-01 9.524324888991898552e-01 3.510460227956500590e-01
-3.287358126148062776e-01 1.416646432797689537e+00 7.443083865074821004e-01 5.912616910180465979e-01
2.082549162987016089e+00 2.351311714135228659e+00 2.699597039268562426e+00 2.189322030938249508e+00
-1.558054253663054556e-01
4.817235692439419611e-03
1.996266417723458753e-01
-5.604835954321180091e-01
-2.771623881833736869e-01
-1.314069175599954231e-01
-1.182096826589987826e+00
-3.051240349152942871e-02
-3.076187226751578851e+00
-3.270699722275534072e-01
-6.071778168824492061e-01
1.606308923501559960e+00
ReLU
0.1
12
12
2.963762106579271305e-01 1.030415135138533778e-01 4.647798383254508892e-01 -4.730847858440684339e-02 -5.185821412334240717e-03 5.260239582658332580e-01 3.417627694938583094e-01 2.993733427113105527e-01 -2.655008100593030385e+00 -1.094307340861934014e-01 2.181195599778194549e-01 1.303197241851659083e+00
1.764347267158693777e-01 3.751339909604545914e-02 -5.828325818229196376e-02 -2.208199931477964062e-01 -4.524061887899254453e-01 4.115196266426430216e-01 -2.736627345399339148e-02 3.071695006503281089e-01 -7.459214821956440034e+00 -1.418536385560020541e-01 -2.519282758600290828e-01 -9.687774950393672480e-02
-4.847380900519451807e-01 -1.497006972597346997e-01 1.125766758038703602e-01 2.056368805992225823e-01 1.092705270037779841e-01 -2.149652943714021880e-01 8.322335496272786903e-02 -2.741184307485632354e-01 -1.571395257161711534e+01 1.021815803327987549e-01 -2.679765527814390591e-01 1.279166347081050592e+00
1.244152817094441865e-01 2.307133802792639687e-01 2.932043774234551203e-01 -1.319339655487629104e-01 -2.781598492529442912e-01 -2.646233669731201665e-01 -7.481174548386765322e-02 8.494896457183892524e-02 -1.298598070087975920e+01 -3.847085947945651507e-01 -1.092414404307487236e-01 8.994932889784452712e-01
5.102358903522009603e-01 3.681621929839645757e-01 4.957824707010059506e-01 5.427882906059571244e-01 -3.579878714188777095e-02 4.455911344847555133e-01 1.798505603543001097e-01 6.091454578925158403e-01 -1.463179808450284503e+00 4.183311877373196430e-01 -7.939668141051869910e-02 1.742383651206121487e+00
5.324957430020029747e-01 4.072381816227448326e-01 3.085419314799650592e-01 2.693736038496462662e-02 -7.374305502552408464e-01 -4.105978258003902676e-02 8.378368231477961725e-02 3.405990874674189040e-01 -6.612415462494133145e+00 -4.198317588069352957e-01 -2.925520050939439676e-01 4.890277408748039956e-01
-3.321848674583198491e-02 -5.155917318603789878e-01 -4.589358524324829713e-01 -6.827281940668727955e-02 -7.850070636297693527e-01 -2.285571004435303297e-02 -8.461047503130498804e-01 -4.934853392054767696e-01 -6.993450419112906324e+00 -9.196970925182814671e-01 -6.861146310288561700e-01 -2.093699978441619647e-01
-4.547555872650948516e-01 -5.174456813732438709e-01 -5.194892822416435907e-01 4.525841670190350885e-01 -2.067962906856494476e-01 5.245929652352294692e-01 5.720611260142312027e-01 3.802031519020880879e-01 -5.360359284910773958e+00 -6.312171002867367209e-02 -2.954665320628923619e-01 5.935561118493283550e-02
2.180759625601366158e-01 -4.703116266622343056e-01 1.415805872534355303e-01 -2.566054037535642762e-01 3.933858624901900164e-02 -6.028021988876756110e-01 -1.165425672188659389e-01 -1.418507251576322514e-01 -1.668251974696231210e+00 -4.682165402727622716e-01 -1.185919597109259815e-01 3.639944674307696859e-01
-2.548175378513569539e-02 -3.328136499686803335e-02 1.728136200502849162e-01 -6.154479207711278654e-01 7.991916404782187233e-02 -5.986950567892920239e-01 2.129384491099421128e-01 -2.405907027637997353e-01 -1.461596255748612183e+00 1.694208658510414356e-01 -1.509808673327489026e-01 1.151661658649769437e+00
-2.660686986799850051e-01 -3.658194221716262740e-02 -4.477939215536467787e-01 -3.704183607055446248e-01 3.198088912251116356e-01 -1.080129579116127364e-01 -4.761739797685351494e-01 -6.083914488927692071e-02 -1.105797531835880854e+01 1.435607626912843160e-01 -1.695423322702951374e-01 7.549150756756695113e-01
-3.604577134223760338e-04 -2.003029987037099335e-01 -4.827180163888818987e-01 -4.624539348376560666e-01 -2.111510455537738973e-01 -1.047538825338282104e-01 -1.522613702550797421e-01 -5.931048578232943624e-01 -7.576874437873983403e+00 -6.171371700933330207e-01 -5.507889009042962192e-01 -5.150710339557342671e-02
1.375410081968384324e+00
-3.186140268921571206e-01
9.926436605002209035e-01
7.017530282228077176e-01
2.419533414358221002e+00
1.242229314171975796e+00
-2.407728923574814217e-01
-3.050801167514695100e-01
5.987790082659950608e-01
1.384944566370086338e+00
8.228302930648396796e-01
-3.339103393566706379e-01
ReLU
0.1
12
2
1.015342736971814208e+00 1.416240542086138754e-01 2.190411287251847750e+00 1.758702112158130770e+00 1.500605736166494175e+00 7.292081718506158161e-01 2.748327318722329493e-01 1.156672107637750913e-01 3.274314925250114139e-01 1.001056233220119163e+00 1.369497472474549893e+00 1.797042095507694615e-01
1.356868560670897894e+00 -6.130574109430055041e-02 1.144929297395726353e+00 8.449959413136168829e-01 1.668873526672530083e+00 7.539988816053037057e-01 -1.027908223672851645e-01 1.819321612048250061e-02 3.773138864431199169e-01 1.015721155768232853e+00 4.958447456444312618e-01 -9.155994952715683366e-02
5.063452732422290659e+00
4.352608483131589878e+00
Linear
0.1

ct 2024-06-02 23:29:20.077398
