noname
4
4
4
12
8.311943151868951274e-01 3.805531731918253002e-01 6.907080473584663594e-01 9.513153623871383191e-01
7.006505872655031109e-01 2.127186802031665880e-01 5.950535860601019467e-01 7.011539715491986735e-01
1.016501192779559887e-01 1.284565219102148104e-01 5.364743613019015145e-01 5.378835709484870442e-01
3.532287450513451471e-02 1.412884449218588245e-01 9.942836030097439437e-01 2.063704198894659170e-01
5.568112270466537561e-01 9.651284591451890771e-01 7.908262096020575171e-01 7.487828719695638346e-01
5.933313410603450189e-01 7.378497611084620100e-01 6.758848235267038707e-01 2.833824966830979508e-01
8.498381017474776478e-02 9.217662582474685229e-02 7.741154398773799628e-01 6.584842793906133807e-01
2.180739973015570765e-01 7.777753746917526190e-01 6.876790878549128294e-01 6.296557801714137703e-01
1.356962520258316873e-01 4.200633661101584315e-01 9.636418581591235100e-01 2.024659511957834224e-01
5.085226338987274275e-01 4.980387215798788847e-01 1.101855650683460031e+00 5.175048864990396957e-01
5.054249754684870810e-01 4.711504529533884766e-01 1.071270120923624170e+00 1.029663845302365432e+00
8.733493492709838435e-01 7.878851723931030726e-01 8.941974162342722909e-01 3.917702062922563400e-01
7.158689756435786533e-01
1.907561035180421749e-01
2.746348320784654518e-01
6.337505774952438831e-01
7.102483642197436886e-01
2.907155369790497268e-01
8.772381957983479417e-01
9.283780251025902652e-01
1.755716343587757355e-01
6.409975997449545160e-01
3.151721405298043427e-02
7.211402567663229846e-01
ReLU
0.01
12
12
4.652268449590285515e-01 7.952762082019713130e-01 4.210862274640312930e-01 1.010374117301135605e-01 3.281609722717875322e-01 2.317228907755115863e-01 9.503328672669957289e-01 1.017338255378157363e+00 6.244360908585370185e-01 7.249962775085797562e-01 4.257103864205693533e-01 4.959345501649434912e-02
3.808172235412144585e-02 1.093524387662306419e+00 2.219007929714013339e-01 4.301271957347587577e-02 6.954553559457743450e-01 4.985196874508032172e-01 -1.796005019941569747e-01 9.015344006336648564e-01 9.800517602687005558e-01 4.374282962786916751e-01 9.935188696766141803e-01 7.985445496971030899e-01
7.162503033170927180e-01 3.927458125412673362e-01 6.671554288467964611e-01 5.426355017274283599e-01 7.260836087208756284e-01 2.898003288635365715e-01 4.585713356482852276e-01 1.084398180184011490e-01 3.803582912268094751e-01 8.547763318226271334e-01 8.395020229989216265e-01 5.497476138728098899e-02
5.063272709927342241e-01 6.565857750549023431e-01 4.907056803118415300e-01 1.784274183535656394e-02 9.668058198979366802e-01 2.935494682132612221e-01 7.536732361097274735e-01 8.233237260396341073e-01 6.240246558175006619e-01 9.801021263267639672e-01 2.599807711993011305e-01 1.589879229644673153e-01
6.996824028164119191e-01 8.952531791719575693e-02 8.608333089703372742e-01 6.957207878802960099e-01 3.397693491973792224e-01 -1.004315533952886315e-02 1.154917646935765374e+00 4.683459542578638501e-01 -6.041220945135749448e-02 6.000452218631482371e-01 -3.940093847468625898e-01 2.240766696772284461e-01
3.544915181352893407e-01 2.609312282765290925e-01 6.648476425789136279e-02 4.469896178161290590e-01 -4.711734538409360906e-03 1.917617666742144622e-01 5.447913674641035042e-01 -8.257067230312456485e-03 2.272425752498824850e-02 8.400111453549397034e-02 6.895386805150670595e-01 7.865760159472694191e-02
4.257659921250163682e-01 4.516371179436970973e-01 9.896377938260763063e-01 3.084478569972497475e-01 8.968324716292711551e-01 3.684759377115452428e-01 7.128318416265918556e-01 3.849210826912962680e-01 4.670745695131193753e-01 1.409899502936876603e-01 1.008316378261926660e+00 4.558296559581184737e-01
2.904210573595740197e-01 -4.428517436684898528e-02 3.303886517611965279e-01 1.041626194275166034e-01 4.136853098162375231e-01 2.750472984719330438e-01 2.487458326706070144e-01 3.466539284439832946e-01 8.181275947070717480e-01 3.647163245356919714e-01 6.750450923611948095e-01 3.707493708024140466e-01
7.079739939413983718e-01 3.330316524418945878e-01 3.442978712506881700e-01 3.596468342292163389e-01 8.341109152549053274e-01 7.913185918588451218e-01 5.632795813009238151e-01 4.814054183469224785e-02 4.423483353866267120e-01 -2.671309087810332106e-02 1.937876063677530791e-01 5.543356374817609566e-01
3.936650300827540527e-01 8.482320857971413774e-01 6.514106394243232012e-01 6.647688930993589373e-01 7.763426809301474663e-01 -1.345028694150325610e-01 6.560234395738192559e-01 4.002399166032398758e-01 6.307332828085394638e-01 8.037266555220242692e-01 4.184229491824160707e-01 5.290980232721486098e-01
6.554506253482473843e-01 -3.009074556320395430e-02 8.191160934364153379e-01 1.244753459580766608e-01 3.446991130738809583e-01 1.277056531538296735e-01 1.687243388659963594e-01 1.705457253260143913e-01 1.248439272566692487e-01 2.279207957064931234e-01 1.275952512657323457e-01 7.639594663685564946e-01
7.197590572196750358e-01 8.147342129699794988e-01 7.414980270754495395e-01 7.535739106110178609e-01 6.832816595787691849e-01 9.413446143522385956e-01 6.258041856715947926e-01 1.997451990823782830e-01 2.132393506528041174e-02 6.641051671741416973e-01 3.300902250836231233e-01 -1.566056834865826516e-02
6.907694942661121162e-01
7.178388586283400707e-01
6.284384101493338814e-01
2.345958992113069963e-01
1.640415456411031259e-01
5.560179475144522154e-02
5.536402042405065282e-01
1.436582145052089365e-01
2.534417235962947990e-01
2.014732438849961282e-01
6.837259820518379883e-01
9.653007010298177981e-01
ReLU
0.01
12
2
7.601436414171965916e-01 4.525975022840860937e-03 9.149712401039311604e-02 9.632820667851452745e-01 8.274269909762685948e-01 4.278578342296993631e-01 7.746993056703570524e-01 5.205047581801165446e-01 6.020445578546940180e-01 8.584489445653380457e-01 7.665090894838424429e-01 3.957642618042653271e-01
2.387628846704454855e-01 8.197578269019860642e-01 4.754360608448108261e-01 8.804199312395457611e-01 -6.000940845318259581e-02 8.967478103720104565e-01 9.731487646810410563e-01 3.497540047427423748e-01 7.729259416713638586e-01 3.400202956097604368e-01 5.424459781086664600e-01 3.683803003035372448e-01
9.324569317787972933e-01
2.910745226837956334e-01
Linear
0.01

ct 2024-06-03 10:35:24.326492
