noname
4
4
4
10
6.783898788580692285e-01 8.524746148615958141e-01 3.150711385647116947e-01 6.932141474414134086e-01
6.720648386070942060e-01 4.244143163869830149e-01 -5.096979975645221650e-01 8.368413843870096125e-01
2.226916922916919728e-01 6.158410697760393626e-01 5.077942931829022566e-01 -1.919825907530584852e-01
6.281537656328991526e-01 4.282818149111520256e-01 4.747271709473766532e-01 4.043844361810045585e-01
1.076449650188045393e+00 1.185215081614076071e+00 1.611074226804511289e+00 1.127563768797742005e+00
3.933732457811026650e-01 7.880668894340179254e-01 1.123955711821641890e+00 5.796886365539617447e-01
-2.781989257630811951e-01 9.604711379210270072e-01 -4.308493207190531860e-01 1.499174902363022976e-01
5.275057049972412537e-01 -6.048560961881065817e-03 5.871425889832950773e-01 5.150564775786160565e-01
1.492217584917663098e+00 4.058384048682694423e-01 8.324713100093870111e-01 9.664391940025047756e-01
1.029583741998640223e+00 3.104272047580210470e-01 -4.151091005306113968e-01 1.479564126745306074e-01
-1.970633395121195841e+00
6.462622605742494863e-02
-2.174263808127339104e+00
-1.139518670431239666e+00
6.078071041275118214e-01
4.877953045369436413e-01
-1.316091071081309405e+00
3.326720437828976640e-01
5.879217289409816027e-01
-1.149594279787473416e+00
ReLU
0.2
10
10
7.600142443458512975e-02 -5.373916549077214500e-01 -8.292507723384162643e-01 -4.820846169220111554e-01 1.442954773169198290e-01 -4.035836622987052924e-01 -1.008234720349278968e+00 -5.514037276783421149e-01 -9.776247628815758206e-02 -1.307575353821926578e+00
-9.861851254706565095e-01 2.260642904019778965e-01 1.317824597091437955e+00 -7.984317363508800502e-01 -3.285974420504303994e-01 2.710862637674318898e-01 -8.658144088674691874e-01 2.938809619730159417e-01 1.869676182819940691e-01 8.609774640826984085e-03
-2.644878542019497569e-01 3.958358708427177630e-01 6.311889397627704623e-01 1.562981582673905467e-01 4.629082910197347411e-01 -1.868256006212109799e-01 2.844037946040473552e-01 3.091383936596243109e-01 5.588161820288376491e-01 -7.594160493919704935e-01
-1.301333857239055369e+00 -3.264745618840021457e-01 7.397893584171315595e-01 -2.569386900848005806e-01 6.201403614974986267e-01 1.479530120751279265e-01 -2.527975606751867166e-01 -2.349861779013404373e-01 -2.568579254880897778e-01 1.713477829200572844e-01
-5.726629857807393753e-01 9.038415326987855880e-02 9.478792969532623403e-01 -4.387085095479720254e-01 4.768555105138360672e-01 7.154864941575967974e-01 -5.581599323798782653e-01 5.752187866067441924e-01 2.047026730053772003e-01 -2.050835368218158900e-02
9.545986972971578499e-01 5.237883608527790225e-01 3.675451390866449897e-01 4.129314393702053221e-01 6.016198583643558306e-01 -2.957793368064596806e-01 1.958169390941144894e-01 2.025759341628363963e-01 6.153453876467513961e-01 -3.224683712574539229e-01
-1.018769023268256024e+00 -1.010147580406948464e-01 -1.257895921282465856e+00 -1.416684777165722720e+00 3.031859538174216939e-01 -1.383926272874543700e-02 -7.600494808398466917e-01 -5.427623801409087873e-02 -2.574486870845427849e-02 -3.748524240709429911e-01
-6.313222908421679547e-01 1.844447014243865701e-01 7.098737548681659515e-01 -8.213460045892622130e-01 8.586064647107652936e-01 5.196862386737326478e-01 5.224186095361449400e-01 4.592996223443918113e-01 7.568039899809557713e-01 -1.312997117620071430e+00
-7.501648750836850676e-02 2.409309965228392802e-01 2.936046408384030415e-01 2.556781445118736298e-02 5.377554011358094410e-01 2.317174140128882287e-01 -4.092401116243473136e-01 5.087586390827653071e-01 8.054834395337809871e-01 -3.445758808979113574e-01
-5.475615065543163462e-01 -1.170262686491494938e-02 8.460372504951603201e-01 -6.726129992407205993e-01 1.934552986346105008e-01 2.061662645160150797e-01 -3.837963638071684724e-01 -2.000092125284209654e-01 7.851501730567602699e-01 -1.539439948762389543e+00
-4.834164484256600613e-01
4.936297887284246122e-01
1.419419080355104335e+00
6.013891568256208853e-01
4.368486203059535056e-01
2.234309937678016222e-01
5.316999379085929345e-01
5.074862558801941370e-01
1.414456099332889849e+00
2.756338860640094035e-01
ReLU
0.2
10
2
8.912154809672709344e-02 8.380760102221209706e-01 1.024955631158150471e+00 9.003769065005489125e-01 1.084463973112899327e+00 6.745047096955409938e-01 7.873591628370552042e-01 9.897133862040107255e-01 1.148584121109442080e+00 6.830139824757871514e-01
7.537114172751125940e-01 6.606547950002339409e-01 1.386596027653890228e+00 6.651572137792107764e-01 8.776943822814333718e-01 9.896119848893678572e-01 6.182929701482879903e-01 1.047673457403974995e+00 1.203891291216598880e+00 5.252961837305248904e-01
1.689399963398189985e+00
1.224540153522946095e+00
Linear
0.2

ct 2024-06-11 21:16:39.496693
