noname
4
4
4
2
4.478992494548991732e-01 -9.078872294101335561e-01 -5.586780565170059276e+00 -9.594722680755545241e-01
1.180790430734859786e+00 8.912969315726683162e-01 -3.289618547295468431e+00 4.482867917543176817e-01
7.759229526355617690e-01
1.477886419508589233e+00
ReLU
0.2
2
2
-3.136774556532510583e-01 4.113324764859808275e-02
-6.926709740229832768e-01 6.619951848979215292e-01
-1.230993287876560871e-01
3.357394411026211611e-01
ReLU
0.2
2
2
3.658355469142783867e-01 6.383368313353267043e-01
1.803965323536591281e-01 3.078489721589980355e-01
1.393209185779291648e+00
1.491184209751109879e+00
Linear
0.2

ct 2024-06-12 10:26:19.343827
