noname
4
4
4
2
2.599812715063818835e+00 -8.780378001981339331e-01 -9.126559987254825757e+00 -1.504692796939778532e+00
2.059271045831269298e+00 1.393101347625866238e+00 -3.753724464519867077e+00 -2.238503355310719756e-01
5.424584402208065814e-01
1.434016668162453323e+00
ReLU
0.2
2
2
-3.136821912970912951e-01 2.554940513949955846e-02
-1.378530388287461328e+00 -9.420089797773355256e-02
-1.461801969982227389e-01
-8.346197716895323304e-02
ReLU
0.2
2
2
3.669352471328735654e-01 4.561206071378556270e-01
1.747087040697167526e-01 3.273790878394756687e-01
2.354831741847709381e+00
2.005936783769972642e+00
Linear
0.2

ct 2024-06-12 10:28:04.771317
