noname
4
4
4
12
-8.498680920663922445e-01 1.281231172400168816e+00 2.624527506962963841e+01 1.636862171278411937e+00
1.608665193034490404e+00 -3.192973718354354395e-01 1.501174675173742257e+00 3.725673145055518054e-01
-5.603726134832097694e-01 3.362820239319123661e-01 -3.790039466896481524e-01 3.143654111489158076e-01
-6.327146887450296742e-01 1.069029431752871240e+00 9.597485850344483760e-01 7.986640226235158790e-01
2.079782699900060372e+00 3.878327551447597443e+00 9.243345797665304175e+00 2.913217412554220065e+00
3.189011067824054635e+00 3.598513128803978667e+00 -1.837920399343184963e+00 1.730755577524183186e+00
-1.752386772285603023e+00 1.226247508316991697e+00 1.813499514295481507e+00 4.327063379774631624e-01
-6.145950571658400641e-01 7.829412616628359523e-01 1.852881168455482452e+00 6.245825265971776119e-01
3.300210604336074049e-01 3.398883971531538872e-01 1.287189978568418436e+00 1.154612124272945684e-01
2.206459632602648657e+00 -1.272985099295302680e+00 -1.255690895400169538e+01 -2.850283673180346034e-01
-5.500143140630826544e-01 4.821570334859693885e-01 7.858291992777598489e-01 2.631339483346905594e-01
3.260244903391409377e+00 4.754894161140808428e+00 1.242651723904045324e+00 4.101688984842565056e+00
-5.259739500559851066e+00
-2.448362807425239929e+00
-5.350495408068148828e-01
-1.244342281320550914e+00
2.873264402585281374e+00
1.267899369537984697e-03
-1.542218658607620752e+00
-1.343379492131095754e+00
-9.359983510506060256e-01
-4.000250209085033148e+00
-5.844102316466968094e-01
3.422818077272403725e-01
ReLU
0.1
12
12
-1.514860680738003562e-01 -8.397608637542518517e-01 -1.029914616434294716e+00 -4.187062532492956679e-01 -2.718777733635536764e-01 -6.899545835715762410e-01 -1.817449167003598320e-01 -6.023353782279813329e-01 7.377680134695674408e-01 -5.052422559329210472e-01 -4.316918562573558438e-01 -1.176876496205567335e+00
-1.201820378297176362e+00 -1.974572285421817563e-01 -5.239138532377193291e-01 -5.162326931839582578e-01 -7.308717205293215891e+00 9.298526130409090484e-02 -2.199928157076184443e-01 -1.867472006343824376e+00 1.654487722447568476e+00 -4.515958999153632192e+00 -1.360575571653234971e-02 -2.396005159602180967e+00
-3.861031706203841840e-01 -3.713667367462236135e-01 1.834371336520510543e-01 5.630378223318538433e-01 -1.471648456857627796e+00 2.250834727875356267e-01 4.323108074409625634e-01 1.764509888522270697e-01 6.586355006145351298e-01 -2.238934347429457183e+00 2.549009093665833281e-01 -2.907427608984034517e-01
6.096347171552783939e-01 1.242684115607497752e-01 3.346777035617042872e-01 -2.735913800389523365e-01 -3.143960394377665502e+00 -3.940869657617609295e-02 7.021494830974724100e-02 8.785508583956287698e-02 6.676323377497592748e-01 -1.580039475698723717e+00 2.147988139990089917e-01 -3.852849624081513547e-01
-3.973096106967400232e+00 7.868497813946675468e-01 -2.173697438735185394e-01 8.827668099343373431e-02 -3.675200319498622470e+00 1.706627191324055604e+00 3.523518848296908756e-01 -1.157213425932659190e+00 4.542568367135775831e-01 -1.865616610483653348e+00 2.774126948380661317e-01 1.319453377007163253e+00
-7.290326945742161557e-01 6.115299854867746188e-01 6.669481286819092247e-01 -3.230114561925706007e-01 -3.060622122334823558e+00 3.821435486028511297e-02 -1.872527358988253510e-01 4.294193219459716548e-01 6.660774057328909814e-01 -1.879855811783720076e+00 2.054131913491314965e-01 -1.748171490634369829e-01
-6.413502037634983832e-01 8.488034435654726595e-01 5.753504366506506651e-01 2.824241690401734783e-01 -4.064556609405884480e+00 1.416453445659902055e+00 -1.036948798551342588e-01 -1.066761531739050667e-01 8.180522334504651827e-01 -2.058607827261539569e+00 -1.573084587983199778e-01 5.151487693432122983e-01
-1.059066583871061257e-01 -9.733989257644772020e-02 -5.892851043322020477e-01 2.499492386459525872e-02 -3.155814981760783899e-01 -5.349845068055846253e-01 1.546987951071226719e-01 -7.410212684036174835e-01 1.979940225910829243e-01 -4.967683802008337479e-01 -9.946810046165011424e-03 -4.295448005756042353e-01
-8.744282178261821026e-02 -8.813480932034696291e-01 -3.316806599972161873e-01 -8.231424899104841097e-01 -3.838954533147079795e-01 -1.879100647853054473e-01 -1.874050532254979973e-01 -3.191843892771971669e-01 -6.266804579183016255e-01 -9.414262765174630232e-01 -4.944680919768998928e-01 -5.998096739887708306e-01
-7.391972751387426932e+00 -2.901388295378889981e-01 2.489641969856113968e-01 -1.965313883072990764e-01 1.123323095478768074e+00 1.385410410746587273e-01 -2.802826219692615140e-01 3.700591603766980459e-02 -7.751722315729727697e-01 -2.202492993770697183e+00 7.191003830197977009e-02 8.392201863230968062e-01
-3.432406419071149184e+00 -1.272774724389766465e+00 -2.968421288444876294e-01 -4.634850361228941562e-01 -7.309936929454162735e-01 -8.841920437734347438e-01 2.176327502444743989e-01 9.105644187237381393e-02 -1.082155514480141745e-01 -5.378415574551739020e+00 -2.089881291231903970e-01 8.542100920380976126e-01
-3.914314191392460618e-01 1.855672268631182176e-01 -9.860055368190567826e-03 -5.171112159836452893e-01 -2.012379465298509196e+00 2.922127057100382674e-01 -2.395518838556821295e-01 -4.410882511053421662e-01 -1.819022564693620614e-01 -1.793347167625652494e+00 2.466318899934469566e-01 -4.970323923601511346e-02
-1.502052106512181129e-01
-4.529652933837922668e-01
-4.993653171186697437e-02
-1.106747867511218564e-01
1.128358983362512058e+00
-9.830108896794619300e-01
-1.058778503039844721e-01
-1.957266857303565921e-01
-1.912150949557388929e-02
2.495208401644931406e+00
-1.913091687970348842e-02
-7.582092340292319044e-01
ReLU
0.1
12
2
4.562811135568863724e-02 -7.999246557534116231e-02 -2.089536898780335328e-01 -2.659877201638055633e-01 -1.421637625666492211e+00 1.601023382517042792e-01 -1.001317424747228513e+00 1.433572296178689011e-02 1.519210989175095450e-01 1.699160899728651808e+00 5.101667445774514809e-01 -9.307320857556294208e-03
-3.219537753646882217e-01 -1.122309338574832976e-01 -4.683130657746498171e-02 -4.191153485588035577e-01 -8.431027905327050931e-01 -7.587919197786678893e-01 -3.972619940735260813e-01 8.777521484584230316e-03 7.264892263193789557e-02 1.353834378915469205e+00 7.662229048117551178e-02 -4.311017602580742847e-01
5.495806915778636892e+00
5.651171356693983405e+00
Linear
0.1

ct 2024-06-11 11:17:25.286690
