noname
4
4
4
5
8.390431104173749766e-02 8.202290027728901256e-01 6.907716982272017470e-01 4.393789601896307961e-01
9.074254288886690611e-01 7.614950125513586521e-01 2.359997081825886411e-01 5.621604557336996599e-01
2.127765592383836502e-01 2.638390811710537576e-01 -1.286963451977367057e-01 3.971055796870124333e-01
9.913389579043351343e-03 7.109353536642730800e-03 8.206644578395155473e-03 8.768453605258422212e-03
1.022319250649082571e-02 9.960224763989984284e-03 8.984051719789717255e-03 8.100493405567753269e-03
5.652294586969057733e-01
6.058646954122357542e-01
7.217804672352777784e-01
1.587830485622201276e-02
1.318182682461977763e-02
ReLU
0.1
5
5
3.417696472698740495e-02 2.489223257770629971e-01 7.352830474059720567e-01 9.149731833626823310e-03 9.328254677102350984e-03
-6.016628428744761475e-02 3.005963774996829874e-01 4.903534936084007478e-01 9.727920813443447293e-03 9.181132992321108799e-03
5.036352003839874580e-01 2.398712381866974219e-01 4.016325724903144212e-01 9.713192382795894642e-03 8.945586911682897741e-03
9.162538008862356614e-03 9.345195366858797398e-03 9.170478720718735696e-03 9.986611156526449193e-03 9.978381666640589662e-03
1.031952764506764014e-02 1.032746967802284678e-02 1.034069879960384207e-02 1.000772921559813823e-02 1.000665770812931253e-02
6.975324500060507971e-01
4.052863799907140407e-01
8.475625878717232276e-01
1.210584663562278528e-02
1.058815715415815754e-02
ReLU
0.1
5
2
4.951062620161336691e-01 6.468049232507832036e-01 9.815421891506016516e-01 1.195582852601232912e-02 1.061631702240686988e-02
9.013761728291524999e-01 2.342589898124001757e-01 7.553531203088521551e-01 1.230683834089378245e-02 1.097392317817306659e-02
9.921189646359114267e-01
1.100948211951517486e+00
Linear
0.1

ct 2024-06-15 20:27:02.228931
