noname
4
2
2
6
1.726321863940929180e-01 4.370766585272017890e-01
6.469787460136623425e-01 4.507045647505436015e-01
8.987393127398610182e-02 5.675438688564804490e-01
3.279161010072780824e-01 2.366476900099842226e-02
3.612105688812768944e-01 2.642110765404229733e-01
3.645362075761882092e-01 4.049666342143545816e-01
5.998852010818044311e-01
2.992415675712172263e-01
1.518414638988841159e-01
2.598657052448228866e-01
6.665507832116005504e-01
5.367481018084694355e-01
ReLU
5e-05
6
6
6.914013082627210594e-01 2.861394750277888033e-01 7.306082903260862071e-01 4.178359154717260077e-02 3.469512332241495023e-01 6.773506768052659499e-01
2.994036879639810911e-01 -4.566249291160098811e-02 4.145176865699757296e-01 8.440496940953644278e-02 3.089163943396887602e-01 -3.113696409058136841e-02
9.776903106041462399e-01 5.369009108724906998e-01 1.005111222125686155e+00 3.146724054210930377e-01 8.030156999973558918e-01 8.666487179674432495e-01
8.252560922066507487e-01 7.863334608312799734e-01 6.676352440484711881e-01 2.990371935161333927e-01 3.793405918651568398e-01 6.834550422715872375e-02
4.862562353508947388e-01 5.774562884300830090e-01 7.151467918256634304e-01 7.635613198883840491e-01 3.821495830896879387e-01 3.911606045116849950e-01
3.583767349260370549e-01 6.108286454607524396e-01 8.370945139463273343e-02 -9.455048093547868682e-02 2.949996268140964162e-01 7.614447709060493397e-01
9.089035091291189916e-01
-1.088284774962966495e-01
7.287566596137937669e-01
-8.007215531624906069e-02
-4.505059385853014964e-02
-7.968101259420554486e-03
ReLU
5e-05
6
3
7.477221123695065863e-01 4.741872856163384942e-01 6.152578939524953050e-01 6.899803959709499557e-01 2.944356303968685973e-01 3.428985641247309646e-01
8.848788600637730317e-01 5.102659906390293321e-01 5.527244846528257538e-01 6.273269080941483722e-01 5.371033943519275544e-01 3.959201756067912831e-02
8.102292488983611207e-01 1.103795389853662462e-01 5.148548950415323677e-01 1.784777728159070986e-01 1.070127480473360704e-01 1.199400281999060264e-01
6.507897904470790751e-01
3.466109541796658644e-01
4.922121779765292193e-01
Linear
5e-05

ct 2024-06-02 03:37:05.126408
