noname
4
4
4
7
-7.844964831939842398e-01 1.381043255354432064e+00 3.881537956841979220e+00 4.464248334472503688e-01
5.165070969984920934e-02 1.477788754554369977e+00 2.684929002417284938e+00 1.381307602429410863e+00
2.372830584859708658e+00 1.711366605209613256e+00 -1.193327857936144820e+00 9.668646342207096733e-01
-1.619433853742320739e+00 1.104547220855680134e+00 1.121038177961540860e+01 1.280983135157985453e+00
0.000000000000000000e+00 0.000000000000000000e+00 0.000000000000000000e+00 0.000000000000000000e+00
0.000000000000000000e+00 0.000000000000000000e+00 0.000000000000000000e+00 0.000000000000000000e+00
0.000000000000000000e+00 0.000000000000000000e+00 0.000000000000000000e+00 0.000000000000000000e+00
-2.009013782696026151e+00
1.471652655218367078e+00
-1.708583790757733090e-01
-2.603585520987358404e+00
0.000000000000000000e+00
0.000000000000000000e+00
0.000000000000000000e+00
ReLU
0.1
7
7
-1.638054264323314246e+00 -2.873855939667709428e-02 -7.338382776719840628e-01 -1.284018925971072589e+00 0.000000000000000000e+00 0.000000000000000000e+00 0.000000000000000000e+00
-1.642883944722365097e+00 1.012214491255467141e+00 1.519992614029617994e-01 -4.687937932763886373e+00 0.000000000000000000e+00 0.000000000000000000e+00 0.000000000000000000e+00
-1.226510004586974345e+00 -9.100482728509037833e-02 -7.330612643228670011e-01 2.770808194200197749e-01 0.000000000000000000e+00 0.000000000000000000e+00 0.000000000000000000e+00
-5.985057683641809012e-01 -2.146733151815409801e+00 1.122238216651199494e+00 -2.644347395790768163e-01 0.000000000000000000e+00 0.000000000000000000e+00 0.000000000000000000e+00
0.000000000000000000e+00 0.000000000000000000e+00 0.000000000000000000e+00 0.000000000000000000e+00 0.000000000000000000e+00 0.000000000000000000e+00 0.000000000000000000e+00
0.000000000000000000e+00 0.000000000000000000e+00 0.000000000000000000e+00 0.000000000000000000e+00 0.000000000000000000e+00 0.000000000000000000e+00 0.000000000000000000e+00
0.000000000000000000e+00 0.000000000000000000e+00 0.000000000000000000e+00 0.000000000000000000e+00 0.000000000000000000e+00 0.000000000000000000e+00 0.000000000000000000e+00
-3.899489930336134946e-02
5.255936613182143891e-01
-3.813078123840734079e-01
1.031854247585120676e+00
0.000000000000000000e+00
0.000000000000000000e+00
0.000000000000000000e+00
ReLU
0.1
7
2
2.546583647981997406e-02 1.433306074409076869e+00 -4.293495375964848648e-01 -9.247067707998043451e-01 0.000000000000000000e+00 0.000000000000000000e+00 0.000000000000000000e+00
-2.283400537049726925e-02 1.447637056506837050e+00 -1.596984804804089664e-01 -8.526995477393941592e-01 0.000000000000000000e+00 0.000000000000000000e+00 0.000000000000000000e+00
2.589926613052694560e+00
2.172489847872521196e+00
Linear
0.1

ct 2024-06-15 16:03:44.334967
