noname
4
4
4
4
-8.630531940370749222e-01 6.045983857923815652e-01 1.614798816062755549e+01 1.052668541277973491e+00
1.521777203197145045e+00 2.309642337070771489e+00 3.007461102567517752e+00 1.798118507885523520e+00
-5.315774078331182428e-01 4.303600461565394997e-01 1.313550042327851664e+00 5.057243504197314055e-01
1.257032458157778754e+00 -5.479340449887168951e-01 -1.378529919469243481e+01 -8.405709067424574910e-01
-3.415269399684533802e+00
1.621391046247692813e+00
-3.967645481798576790e-01
-2.613939412565006837e+00
ReLU
0.1
4
4
1.381864378469390475e+00 1.301239905193011803e-01 2.265315495493996356e-01 -1.500316149421803358e+00
-7.908107546749723049e-01 -6.945556479944198225e-02 4.323391554037434581e-01 -1.307919337742202981e-01
-3.008280341503906108e+00 6.916480034056244897e-01 -1.974804026548366842e-01 -1.239995071544861105e+00
-1.116524968000071061e+00 -4.052515768811257302e-02 1.574298739767691080e-01 -9.322645343612459556e-02
-3.570373052427235017e+00
-1.088731048550283659e-01
1.188523503276375015e+00
-2.704421085093734051e-02
ReLU
0.1
4
2
-2.662426186870595068e-01 6.292983044661706882e-03 1.207284554046768488e+00 3.250710454941160236e-03
-4.680017300853961948e-01 1.568147140236942905e-01 1.252276374874672360e+00 2.134152595281763737e-02
1.739211302561562311e+00
1.801111223560638130e+00
Linear
0.1

ct 2024-06-15 13:23:49.267730
