noname
4
4
4
4
-9.776107026504317066e-01 4.297413694370078030e-01 2.368995899144836059e+01 1.768655671592088918e+00
1.434201810706527969e+00 2.913680648176413701e+00 4.298227394634040799e+00 2.574584941245443570e+00
-3.838087257590079848e-01 2.921489724146580369e-01 3.658099891911334556e+00 3.076483470431025657e-01
1.409246961831681411e+00 -1.419090902977186430e-01 -2.138990561644048682e+01 -1.067801499562450962e+00
-4.418473528577728793e+00
1.497334162549282643e+00
-1.502989728010204251e+00
-3.102116671151276428e+00
ReLU
0.1
4
4
8.084171480135825538e-01 -2.615476145014045128e-01 2.052463078749239556e-01 -1.500316149421803358e+00
-7.770486600297165092e-01 -1.341530700982416224e-01 4.263021360753037059e-01 -1.307919337742202981e-01
-2.503664788222084603e+00 4.201882352826535882e-01 4.525821598173765947e-01 -7.605415601478004994e-01
-1.116498988623784161e+00 -3.802600642842800249e-02 1.544033079287770727e-01 -9.322645343612459556e-02
-3.748076545069937815e+00
-1.519015172543935754e-01
2.106993702479591946e+00
-3.526215681895545490e-02
ReLU
0.1
4
2
-3.366931502274439492e-01 4.317015217704125302e-02 1.379719205659546200e+00 1.603237074087773828e-02
-2.171805553487538842e-01 1.523391288290819323e-01 1.480369509149929375e+00 1.435323044817454242e-02
1.606874210631132671e+00
1.341371434468214607e+00
Linear
0.1

ct 2024-06-15 13:25:09.710524
