noname
4
4
4
4
9.613652477393975770e-01 1.523477039907217279e+00 2.390793126879788133e+01 7.261511105875231298e-01
2.704701319220594424e+00 1.883286141887705156e+00 1.039416548595629708e+00 1.531194434282290517e+00
-3.838087257590079848e-01 2.921489724146580369e-01 3.658099891911334556e+00 3.076483470431025657e-01
-9.495255791508497301e-02 9.733314056849822204e-01 -2.109002015856225754e+01 -2.164035824766572969e+00
-6.154918984584937469e+00
-9.436258477604668737e-01
-1.502989728010204251e+00
-4.000755270773910688e+00
ReLU
0.1
4
4
-5.063327380336422046e-01 -1.814611468876915490e+00 2.052463078749239556e-01 -1.500316149421803358e+00
-7.770486600297165092e-01 -1.341530700982416224e-01 4.263021360753037059e-01 -1.307919337742202981e-01
-1.684500882114982501e+00 4.837755419692022496e-01 4.525821598173765947e-01 -3.744592819677105555e-01
-1.116498988623784161e+00 -3.802600642842800249e-02 1.544033079287770727e-01 -9.322645343612459556e-02
-4.551734478759312807e+00
-1.519015172543935754e-01
3.259005013507128012e+00
-3.526215681895545490e-02
ReLU
0.1
4
2
1.707474528736963482e+00 4.317015217704125302e-02 1.643220503805862487e+00 1.603237074087773828e-02
1.256630402645123157e+00 1.523391288290819323e-01 1.607275773746336345e+00 1.435323044817454242e-02
3.475799937274985041e+00
3.433906355024946233e+00
Linear
0.1

ct 2024-06-15 13:26:42.382796
