noname
4
4
4
16
-6.410743820736047871e-01 1.124950303052769218e+00 2.909149330229847230e+00 1.411640079166895712e+00
-5.043373657016449130e+00 -1.609013029257523764e+00 -2.551513296030740729e+00 -2.372984936242537479e+00
-5.337014422726277019e+00 -4.522880090677588782e+00 -3.282255439096450544e+01 -5.160223492031077441e+00
-1.481606285151694458e+00 -8.544754104124707705e-01 -4.768919713088367374e+00 1.143463757924242596e+00
-2.376883272925614521e-01 2.595258030453261311e-01 -2.975334632542785407e+00 4.759252860079293268e-01
-1.760148462605220399e+00 2.255002986739727433e+00 -2.087343299125214102e+00 1.413542055584838808e+00
-7.045271589257502409e-01 7.656814869707245785e-01 5.906753412797093317e-01 5.722661547461599385e-01
3.116804271454757469e+00 1.506300548867346878e+00 -4.290692519481190126e-01 7.041073122758495506e-01
-1.788432913601017082e+00 1.352634491022527863e+00 1.690692900175963187e+00 7.371749915648783125e-01
1.152932957849429396e+00 2.557299720857741585e-02 -4.357424607425272711e+00 9.084883835178971800e-01
2.420102649178531795e+00 6.881130378454579644e-01 -2.241023438211032559e+00 1.126029855062200769e+00
2.707067755798378439e+00 2.612631036774276105e-01 -3.251176272910603160e+01 -9.363869334203922534e-01
-1.723024572589014980e+00 1.985552366804357982e+00 1.315065418171607980e+01 8.352054388191125778e-01
5.090022998721434044e-01 6.693579013257904275e-01 -9.459155555197527043e-01 8.386793638719736155e-01
-1.090377884880865178e+00 -1.696475367631503639e-01 -8.621508235444586887e+00 6.364376745446521655e-01
-3.051377460115356044e+00 1.929901268320379781e-01 5.626545871656724040e-01 2.819079848627651930e-01
-3.137034766464227076e+00
-3.487901540663941091e+00
6.184644430295250572e+00
-1.791361389888547251e+01
-1.252486285249998499e+00
-2.367903115426474692e+00
-2.112614810533198106e+00
-7.402102244790004448e+00
-2.478935111452350792e+00
-4.357725806809955138e+00
-5.890619318454923814e+00
7.887031762468662777e+00
-5.122548588944079384e+00
-3.177007558629092898e+00
-2.610363929442260034e+00
-5.550671138007897021e+00
ReLU
0.2
16
16
-3.122661996311505428e-01 -2.394272523965971511e-01 -5.603181925598011759e+00 -9.797139506483562021e-01 -2.445641690470395924e-01 -1.390390189478082572e+00 1.556707974098038849e-01 5.034119409426573988e-01 4.189504391963774776e-01 -4.693306913168531214e-01 -1.085090990619692164e+00 -5.580881916648031016e+00 -4.678361378970081752e+00 -3.640657274512845883e-03 -1.031066326422555995e-01 -7.175288589636228398e-01
-3.981262880085417732e-01 2.059112849579254056e-01 -1.015459256192946569e+01 -1.147567364643887533e+00 -2.726379929503433552e-01 -1.233437838776984874e+00 -4.536336403274576767e-02 -3.811335806320466535e+00 -1.535233092629200824e+00 -3.179381257130525995e+00 -4.406370464262462150e+00 -2.037275993105327476e+00 -2.736536784613668782e+00 -1.097071707962031129e+00 6.463678405000866656e-01 3.451151454851046907e-01
-6.960311997749772939e-01 -8.174986881705267328e-01 -1.252530520726333751e+00 -4.180531522728572758e-01 -9.264800887324500245e-01 -1.197474262545716206e+00 -1.069370582815339032e+00 -7.068231209316834240e-01 -9.671870962100662661e-01 -1.179525031213795483e+00 -5.651646982732905222e-01 -5.945911119020692581e-01 -1.225399659996725621e+00 -7.184468086924896690e-01 -1.023404099885129925e+00 -8.029911311584059241e-01
-2.194989698531396305e-01 -5.634862208959773300e-01 -3.145092384303155297e-01 -1.105883648752516324e+00 -5.591925455560588926e-02 -2.838544843056738931e-01 -2.495590093246018992e-01 -7.836174745847820367e-01 -3.178087776335548897e-02 -7.066539162835947518e-01 -1.046397253797424626e-01 -2.442064439325754566e-01 -2.296578887666444746e-01 -4.894797925236680780e-01 1.815262462039914371e-01 -7.757630967797961574e-01
-5.172773357708002617e-01 5.806553424651802686e+00 -1.441369268624180355e+00 -6.751975535701498998e+00 -2.468398053307375439e-01 -1.560172154143121270e+00 -1.200957203160300857e+00 -9.049943322950071423e-02 -8.692396913456247598e-02 1.311454587877985412e-01 -5.998856849499034638e-01 -1.557757790111132801e+00 -4.690691914847199939e+00 -4.848399441937233934e-01 -8.048200724919854498e-02 1.084158516622709234e+00
-1.694478545469901565e-01 -3.704736179423659403e-01 -3.236142308179041915e+00 -6.945051546692899702e-01 -8.358742005361254057e-02 3.030482438004897250e-01 5.493538528454745551e-01 -4.819086649187487303e-02 2.547034067822218084e-01 -4.608997098329643549e-01 -1.841226754957151213e-01 -3.021984318725021712e+00 -4.494953765511192856e+00 7.504725054965045716e-01 -2.042305475961677941e-01 -3.611455315428572788e-01
-1.089172354195493853e+00 -1.771254921453867093e+00 -1.000803711537393781e+00 -1.449457288445250125e+00 -1.156048127523945812e+00 -8.780053532006016903e-01 -1.567222888364146582e+00 -1.097392294096490861e+00 -8.166736423179137283e-01 -1.570340713211349604e+00 -1.200634179151552017e+00 -7.645118673589703651e-01 -1.226977371033914466e+00 -1.416779376237699006e+00 -7.595585809782953168e-01 -1.657677552358947315e+00
-5.414264085943035765e-01 -1.374457792211900287e-01 -1.470456974777126780e+00 -4.299217417998001944e-01 3.392490445727918136e-01 1.136931782709347027e+00 2.447649879520369109e-01 -3.790314407740395519e-01 2.418499619623598051e-01 -3.437573024315551673e-01 -9.810878505552208528e-01 -2.203644886950137938e+00 -2.086002013306049285e+00 -1.587432985782237516e-01 6.654068385937629282e-01 -4.441128117709505774e-01
-6.271230154456038930e-01 -1.421808064569903385e+00 -7.020502035419970976e-01 -5.633518486549634607e-01 -1.092186594211390194e+00 -7.532767636560199209e-01 -4.005939687592496301e-01 -7.255520028979587366e-01 -7.150752828071191836e-01 -1.476024483254147812e+00 -3.278749354974606067e-01 -8.780776394556818465e-01 -8.309935373031192007e-01 -9.554875541932130734e-01 -6.174833293152089952e-01 -8.905761539444511099e-01
-1.178642219254893098e+00 -1.263842413442855195e+00 -9.269550775130986908e-01 -1.084800058078688512e+00 -7.382906582887545366e-02 -1.082766122557158761e+00 -8.697090304322093735e-01 -1.169006815744340289e+00 -7.647874687917461944e-01 -3.821320192433192431e-01 -3.361412422641111286e-01 -2.638658628398182215e-01 -1.055994210339218808e+00 -6.688196066665389461e-01 -6.570747029182579801e-01 -4.862684485153107028e-01
6.511839834105274116e-01 -8.706742697076850224e-01 -5.051286698407388087e+00 -2.420878402798217977e+00 1.695773210614771875e-01 1.421197686051733022e+00 3.686180628013130955e-01 -3.033409005525590230e-01 -3.140557534273622636e-02 -2.382641952117276585e+00 -3.499005577917847498e-01 -4.233079539304861250e+00 -2.010375392025221419e+00 -6.258669743314089207e-01 -4.210958136878956148e-02 8.920093883283433112e-01
-4.675500442884969465e-01 -1.284305345940432552e+00 -5.815795411404248716e-01 -7.382916001509202131e-01 -8.784754271048819119e-01 -1.582230806562523018e+00 -9.442032283510510826e-01 -5.089970459957111615e-01 -4.866943438769048003e-01 -8.262649684589592480e-01 -1.349631505141802634e+00 -7.674689828125135227e-01 -9.964325129872640963e-01 -1.163562371207902180e+00 -1.077995052623696992e+00 -5.267481608597829323e-01
-4.012345089302045142e-01 -4.062648848839114923e-01 -2.551745039757838285e+00 -6.350903141311579070e-01 2.788876568384786037e-01 -3.955512884770611692e-01 2.982499740352476114e-01 -3.487002781626082348e-01 -4.904582540790528578e-01 -8.652724762473510411e-01 -6.344640396112524172e-01 -8.068677204446447204e-01 -2.988057050082243649e+00 -3.845058776041995197e-01 -5.245207021524096042e-02 2.851927904889658624e-02
1.512599251534830325e+00 -1.626060597541737041e+00 -9.258472730251828153e+00 3.221666994498142422e+00 -4.751449578277670560e-01 -5.022454562197284922e-01 -9.332841568881709016e-01 -4.539294118085442364e-01 -1.523371670442695835e-01 -9.639885293541392008e-02 6.402622689900789865e-01 -6.979008793282760470e-01 -5.080314743389206633e+00 -5.717176323848621733e-01 -1.220557385855042393e-01 -6.052948793854160845e-04
-1.116882587556726536e+00 -4.045738594131957022e+00 -2.190604841784494106e+00 -2.058917596009433026e+00 -3.399084448566292993e-01 3.450324245249986738e-02 -1.027070698036419705e+00 -5.362594510709713935e-01 -1.318443946688491852e+00 -1.810172823650546770e+00 3.650239294182505007e-02 1.389251594685665392e+00 -2.764005367648693312e+00 1.721160522625104994e+00 -1.946976791639978943e+00 2.202586482528409384e+00
-6.370842229265074597e-01 -2.889669221316590320e-01 -1.088792299628745130e+00 -4.264712177151396943e+00 -2.538815683711671822e-02 -4.017320204647206738e-02 -3.949187893753091094e-01 2.647106700263813020e-02 -2.111043316077151344e-01 -1.195275665101692558e-01 1.543330260940919407e-01 -6.308225182936996189e-01 -4.432351574343718070e+00 2.524173575991614168e-02 2.065527297098329607e-01 -2.851999722088125466e-01
-2.931421599451149440e-01
-1.528326759870714646e+00
-5.403576634853289595e-02
-1.993558744592024978e-02
6.594959920579787749e+00
-3.438933280827037864e-01
-6.049880494811753495e-01
-2.850894877180227271e-01
-1.246071726603180385e-01
-8.816069060016569481e-02
5.536737246294453740e+00
-1.287857721830562574e-01
-1.196307320387194340e-01
-2.901262359592966522e+00
1.174719378064590281e+01
-4.134103153117878460e-01
ReLU
0.2
16
2
-2.832161502743771320e-01 -2.466335995465556596e+00 9.690830867885379118e-02 1.752026715904156928e-01 -3.721403466514686453e+00 -1.498987905437573764e-01 6.594121181026280087e-01 -4.755184860915429718e-02 -1.991858779655107659e-02 2.045756672967345424e-01 -1.782951229825821438e+00 6.782456025961651758e-01 -1.937291586381072739e-01 -1.848509337178851908e+00 1.844258821823177907e+00 -6.933158400541418638e-03
-3.889667269381588688e-01 1.257929066558288456e-01 1.295763271372095904e+00 1.107834535285346478e+00 -2.224948805408331065e+00 -4.722409113251169743e-01 1.467856199351722790e-01 -4.470769097154762561e-01 1.293493298999413010e+00 1.100202734096201285e+00 -4.266849831973245522e+00 4.626661788530743169e-01 -2.026143166215659541e-01 -2.884585137649136932e+00 1.927119871383905725e+00 -2.015265780366889414e-01
2.124111793490123645e+01
1.917975653557918747e+01
Linear
0.2

ct 2024-06-12 11:14:49.339691
