noname
4
4
4
3
-1.835394349116511004e+00 1.602475192248269176e+00 1.620281622089452700e+00 4.828769145106915905e-01
1.104875255739979467e+00 1.333663295219962075e+00 -1.104847197780031998e+01 6.748494516326400960e-01
9.748250983422285243e-01 1.061826743022129316e+00 3.276055085752564544e+00 1.206222491496476312e+00
-2.070366939800885930e+00
2.406994980264240080e+00
1.396303627998991104e+00
ReLU
0.1
3
3
5.345749636606845767e-01 9.885815686870862429e-01 -1.361457454672443168e+00
5.712003800701963563e-01 9.336426051641746326e-01 -7.187065143691935276e-01
-4.306177544778712063e-01 1.390816630348062632e-01 -3.218128662959347519e+00
1.879095688661358121e+00
2.220301306252016271e+00
-1.636975350829087850e+00
ReLU
0.1
3
2
-1.469473774874447303e+00 1.536189845047966962e+00 -1.385943910213344621e+00
-9.602707615008304609e-01 9.752970180711567627e-01 5.327464069445582429e-02
1.809061766836041807e+00
2.045709559138406242e+00
Linear
0.1

ct 2024-06-16 10:58:21.184141
