noname
4
4
4
16
9.750582495402795313e-01 1.959122188452726565e-01 8.499112337377064952e-01 8.383407641723271686e-01
1.189165205947058102e-01 5.412527202060057885e-01 2.395695100342888351e-01 1.390764044933937571e-01
4.664324787810310013e-01 2.573945690902379457e-02 7.569292297729768304e-02 4.288442435452384238e-01
8.356135972330173134e-01 6.330923368271748064e-01 3.266183297615335990e-01 9.499387251876356686e-02
1.127367148975784161e-01 2.960947002560345709e-01 8.757614757991544208e-01 8.939078183905401209e-01
8.363037968873443528e-02 7.527645888113498884e-03 7.135976402899253390e-01 2.183370755445125377e-01
7.104662478918353230e-01 5.348633722731593876e-01 8.138821994167648732e-01 2.975094271234157706e-01
9.696612319005964986e-01 9.369681931597050317e-01 6.848153111646108071e-01 6.537949571041519192e-01
5.546881628823703281e-01 9.598550464838336849e-01 1.682885413603230074e-01 4.567801687204799954e-01
1.354322219935478744e-01 1.086717878113313551e-01 4.136117266638035250e-01 7.368407003910681929e-02
9.800769350278548675e-01 4.033545351176794913e-01 1.376485307448971351e-01 6.671235153074878133e-01
4.335015189719448880e-02 5.702646554049201066e-01 7.414223815661092898e-01 8.075829357901865846e-01
4.299500172299204337e-01 5.259961506630334016e-01 9.555423252343946405e-01 3.483822355317911512e-01
4.239235162224206377e-01 7.808405108365389369e-01 8.915142638304076605e-01 7.320171304911914367e-01
9.084227495018970533e-02 6.703396411574794600e-01 4.991250082478266847e-01 3.837656915089139309e-01
1.335464181205647805e-01 6.468267533651523848e-01 7.130562965893949556e-01 9.119017123855596152e-01
9.135687405630021907e-02
7.857282857522589481e-01
1.067159687654427591e-01
3.357635167893679995e-01
8.819306260818240428e-01
4.210823958822440538e-02
9.529669385550143534e-01
8.289354434497598900e-01
1.797414805787448389e-01
2.626876510856370750e-01
7.132630467607670166e-02
4.015434920975423649e-01
9.385506268699894683e-02
2.496055889919689408e-01
3.248313815623603551e-01
1.960862962879973415e-01
ReLU
0.2
16
16
8.296965427435316620e-01 6.167155726261633886e-01 6.710708385403469922e-01 8.558996412486227223e-01 7.301130613743780362e-01 2.237967533049526336e-01 5.188090527882944780e-01 5.212005680893029291e-01 3.804858148605293477e-01 7.443981710664288043e-01 4.169398614590756891e-01 4.169166537813439044e-01 7.900514442771511270e-02 6.453247656378906516e-01 1.678295410183742176e-01 9.481193799392325650e-01
3.234393954462712051e-01 1.940371409809248382e-01 4.621199806191634840e-01 7.435185547605202006e-01 1.557507134666209492e-01 3.229215163162616475e-01 6.993876555857549970e-01 1.467796249097165218e-01 2.572652540017305034e-01 8.612808329549094255e-01 9.786047267970734431e-01 2.239713635441823447e-01 1.567132714768548762e-01 5.321072607045312930e-01 4.212946763165325015e-01 8.381529416897121054e-01
1.949756856752961065e-01 6.529081637325651055e-02 9.311949153312066851e-01 8.477237841827056641e-01 8.361037802292206056e-01 1.644516576384132955e-01 5.153720476759815483e-02 9.540438272405603604e-01 9.629886163388438058e-01 5.733789577999856002e-01 2.412203524195100091e-02 6.065903101921275020e-01 4.056128210092326825e-01 4.983837336613125002e-01 6.723149354198756367e-01 5.659272130813635115e-01
2.515976124360063126e-01 3.049889538073620177e-01 1.676898503537429530e-01 1.035248983660153055e-02 5.775323599103543426e-01 4.722927098015504699e-01 5.341771210638497358e-01 4.432528867297685915e-01 1.752731171961885437e-01 1.695250862667901925e-01 6.976141840495485580e-01 2.815858368668878731e-01 9.385688675506731471e-02 1.321688317987496086e-01 5.217939453320561416e-01 1.274531253990890400e-01
4.067572095980742652e-03 5.477049948791784528e-01 5.221118313170384218e-01 7.097642946714565193e-01 4.585317270359900998e-01 6.874625351829154463e-01 4.243777468457528013e-01 2.916404294797236840e-02 2.539323913473665595e-01 9.621589866734786556e-01 1.470435339135068853e-01 5.737567367569583743e-01 3.279067768632000224e-01 5.457899276006057399e-01 1.749735406817288785e-01 3.464284213514523536e-02
9.646363200664803683e-01 5.750983468700774370e-01 7.906429189861197138e-01 8.960989749724812548e-03 5.609512972182697510e-01 4.446243108175588210e-01 1.249815643081764183e-02 2.943010501503534604e-01 1.068552411963158422e-01 4.265192589417503566e-01 3.089549012536432215e-01 4.994116394933360015e-01 3.560284844193483123e-01 1.955834816092724138e-01 4.523921132701760328e-01 7.497784241171862041e-01
8.449645480809013787e-01 9.110733342164925030e-01 8.594968912032230346e-02 3.302418236950275254e-01 4.164698222996496835e-01 1.708130617046083044e-01 5.299802827094621804e-01 6.389806710410417256e-01 8.967482197946785583e-02 9.736437617453035376e-01 1.644285416888913165e-01 4.556407743130410637e-01 8.099179966001327502e-01 9.599580018102847889e-01 8.133717304831603601e-01 9.138299370362501506e-02
3.641025570547933299e-01 8.771314865939165983e-01 3.427197084148377870e-01 1.792921010201543597e-01 8.986402869007296124e-01 3.120725892645404009e-01 3.216863333657253854e-01 4.524554886868710213e-01 1.046747124965707876e-01 2.800181637311371929e-02 5.412851540046437204e-01 3.062328615575110602e-01 6.074255626250683049e-01 6.196665552794911047e-01 1.593721748989711529e-01 5.189098153682584202e-01
9.826647324309211173e-01 6.976660400614287383e-03 1.580209029010704036e-01 4.343479732006065852e-01 2.226143946576082389e-01 6.280096489832998063e-01 2.109733156806020693e-01 3.233606025112489846e-01 8.005895755854215423e-01 7.199913372320342342e-01 5.098759315710943429e-02 3.565716766908074709e-01 6.662518589129069468e-01 9.538043419817314739e-01 2.159365193617091006e-02 3.261440636233328139e-01
9.687224470539199661e-01 9.325358186082093326e-01 8.000507255412003804e-01 3.347943765114558268e-02 5.270843618263041375e-01 3.385921203107850053e-01 3.290306624412538961e-01 4.148739683620958907e-01 1.969870576465559964e-02 4.737929972027330461e-01 8.506665692735393414e-03 1.854666640141058309e-01 1.963584212324102074e-01 4.473580671520382968e-02 2.567525871137077420e-01 1.795554923587157070e-01
8.136716380606382470e-01 8.988274415641697157e-01 9.828769115083363372e-01 4.293793941916802526e-01 4.988973142679564710e-01 2.353463884496242997e-01 2.231968453717732004e-01 6.200745140002088540e-01 5.573927123702450137e-01 2.180577730655774982e-02 2.515040940788813018e-01 9.303825403507693936e-01 1.890061295486340498e-01 5.836482735117753951e-01 1.816019541262660075e-01 5.010162416947481212e-01
7.009967394771962068e-01 3.831932084814685391e-01 3.151530305425032097e-02 4.016314052611489327e-01 2.525729684785298357e-01 2.576282791822647189e-01 9.707158993260701640e-01 3.789318789266307164e-01 6.882421245678742583e-01 3.725951755209625516e-01 1.747831526848728778e-01 5.492398262871999171e-01 5.119943985366709471e-01 2.588082627086205623e-01 8.012624257803597771e-01 1.794980658642820748e-01
3.311585716791860534e-01 5.864282998439933614e-01 1.130541898956014535e-01 3.054495077263440495e-01 3.550539824311371717e-01 4.902944209928095098e-02 2.407185410949597149e-01 6.086039082180499937e-01 7.350368292592069919e-01 9.106036782971312915e-01 6.970491692999725153e-02 5.385225521103584878e-01 8.325226857678940107e-01 4.780838755190652822e-01 7.397993231171265949e-01 7.393695249528545732e-01
2.909118418754786939e-01 6.869978726397381052e-01 8.457107821295832828e-01 3.765670086577419529e-01 6.897770610148419301e-01 3.244885479915888826e-01 1.332101442144475456e-01 4.959327862318388958e-01 1.766545493956639401e-01 3.147032558997079343e-01 3.193582534767268610e-01 9.018431643069177994e-01 7.653016854401726299e-01 8.812405061344050772e-01 4.591927486193003727e-02 4.354067763208379072e-01
1.533467847687459695e-01 8.910158854618980273e-01 6.589494228849097635e-01 9.133444300551777362e-01 5.119534307176468735e-01 8.576856575987868991e-01 4.599434764836501932e-01 9.490300484654337065e-01 7.103064851288274362e-01 1.226341209379395725e-01 2.973091459172901851e-01 3.631287847970626759e-01 6.219731669136893126e-01 5.640837882208321608e-01 1.659374027911759697e-01 6.257651388084431998e-01
1.252947083144760887e-01 1.274308941751173263e-01 2.480532793330458841e-01 6.432404193478251653e-01 7.509999821620076954e-01 3.361562309522455605e-01 8.952921318777072868e-01 3.528044103195459025e-01 8.080610521301920812e-01 3.438304178936231192e-01 7.240398017404147124e-01 4.763736578285444612e-01 6.354627091445559373e-01 2.172143266092616543e-01 4.899814284523859031e-01 8.378264763250090619e-01
6.354346550052184517e-01
7.351930593401709846e-01
3.472579451160572317e-01
7.722694721765449577e-01
4.332733364341669891e-01
3.096820210263020456e-01
1.932549102477322256e-01
8.694614391656290131e-01
2.092657898215998236e-01
4.657660557433288551e-01
6.410550510593937545e-02
8.917422649135642310e-01
5.319940860808342054e-01
2.011413605482518241e-01
9.218946652314087276e-01
9.693032812340651727e-02
ReLU
0.2
16
2
4.329718836635181312e-01 5.426475022191067366e-01 2.662142974049207522e-01 9.081162894126769691e-01 5.514462455358963844e-01 8.477365814752901851e-01 4.345824632970853862e-01 2.334597112671257246e-01 2.787474408380623547e-01 4.168635680414845002e-01 1.510103707878476254e-01 5.614055745655844865e-01 4.611945290180337054e-01 1.012711835059334486e-01 6.185131827106652436e-01 3.980268042639316661e-01
7.424071228101837283e-01 5.336916452362717722e-01 8.140870771832852126e-01 7.848125701392342224e-01 1.386709433958055460e-01 8.912474680357747037e-01 4.067370725370731410e-01 1.653377326031321148e-01 7.132366058389909558e-01 9.399010343323317418e-01 2.123429129253473491e-02 1.830029139527585835e-01 7.390817359612671389e-01 9.820528995387385329e-01 7.935568143123419294e-01 7.251308236282836273e-01
8.845199664458180955e-03
5.870874513175183829e-01
Linear
0.2

ct 2024-06-11 17:43:01.372104
