noname
4
4
4
16
1.087223967556205206e+00 6.794607752162001857e-02 8.796762908031348083e-01 9.551848179498179103e-01
1.965357351523415730e-01 4.460830761529442356e-01 3.528483606620970159e-01 2.422675172075746119e-01
1.906059433437386486e-01 -2.925274871769553142e-01 3.979220117202485474e-01 7.451220451288687041e-01
1.495028984236138059e-01 -1.204169432218138852e-01 1.137232341792822732e+00 8.547501301318406464e-01
2.161440203226671491e-02 9.037266378836023017e-02 1.101144949894907965e+00 1.104390895085774149e+00
-3.741315113304735651e-01 -5.506743968695608782e-01 1.227923315153099271e+00 7.686765806357541697e-01
7.620166750616239604e-01 4.196718875331971188e-01 9.441268104281925755e-01 4.206225199358359923e-01
9.918243348458808395e-01 8.056226807111627197e-01 8.389848850210444020e-01 7.935063444727237236e-01
3.622683913498591091e-01 7.040243386624294164e-01 5.029071125016973953e-01 7.261154478075971808e-01
-1.202045579918998019e-01 -2.652566077736773775e-01 8.186236003714476572e-01 4.513268945772895280e-01
6.525193680214346204e-01 2.587414594400146151e-02 4.911764478005737344e-01 1.037856424856735460e+00
-1.821015531207464677e-01 2.798322642492381274e-01 1.063780922676107465e+00 1.099810089861997353e+00
3.475740757193461483e-02 5.745125807020641517e-03 1.461524858841029895e+00 8.635176580312702299e-01
1.196933553817950968e-01 4.005489810280477014e-01 1.280027711796070333e+00 1.110607927603551426e+00
-1.376337537905903685e-01 3.189448878701747758e-01 9.054440260598222157e-01 7.458494624197924416e-01
-5.172794540947420194e-02 4.008553244319500442e-01 9.623412352280202864e-01 1.155552112892520356e+00
-2.861809042348460383e-02
8.566521805858372529e-01
-2.313825254873348725e-01
1.671912522188732375e-01
8.278269029693344772e-01
-2.814956117510307165e-01
9.903750434135626390e-01
8.868599540652335467e-01
-2.886183567097008393e-02
1.177326980756776970e-01
-3.272129620080678758e-01
1.793283162094868044e-01
-1.635353608775873546e-01
-1.640110689551397410e-02
2.127358203730523034e-01
-1.147979951833220380e-01
ReLU
0.2
16
16
8.254974433699444614e-01 5.738191305885173010e-01 4.755017980160139435e-02 6.611914184872167422e-01 3.674764481102821834e-01 -5.789117837418771284e-01 5.163271774650586288e-01 4.706987162860053475e-01 -2.103141793647520658e-02 3.290786386123815133e-01 -1.943957515396800007e-01 -1.017436074453224593e-01 -8.365040309630321635e-01 -5.549645035941094817e-02 -1.899004794819945108e-01 5.003058696506319514e-01
-2.190482210641906541e-02 1.186916280610102042e-01 -2.362619118526494699e-01 4.920840181577009753e-01 9.875823697020910674e-02 -4.973112103187566913e-01 6.533438273128454599e-01 6.240836254834115221e-02 -1.362110954767319637e-01 4.637830804242654703e-01 2.893440121650553976e-01 2.195630302063818901e-02 -3.356582446671946274e-01 1.980915540102869132e-01 7.640122620421688215e-02 2.767600368762804797e-01
2.152555318465770862e-01 -5.649881370131680791e-01 3.686814701278712247e-01 3.024435854114302935e-01 5.092942733378565956e-01 -6.215650188242072272e-01 -5.027610812791997175e-01 3.897035606197159496e-01 1.178040751042032930e-01 -2.671681676034478037e-01 -5.238873102934721304e-01 1.478026821965495174e-01 -5.320534074942068203e-01 -1.679053580408265689e-01 -1.251641708517904905e-01 1.518591706615560200e-01
1.961206099845795581e-02 2.885756747623401397e-01 -4.532752713667160260e-01 -1.524792285053287177e-01 6.476885639064421385e-01 -2.916657725331130435e-01 5.627235318938983433e-01 4.403637790378845396e-01 -1.934580998257257045e-01 -1.771739438241476117e-01 8.436696416015986022e-02 1.779043764415886020e-01 -3.551843262007510216e-01 -1.308661854822487924e-01 2.291892417551975314e-01 -3.326437447937926617e-01
-2.097387810991030443e-01 4.033572345955384053e-01 1.541385274376130265e-01 4.068436724549759909e-01 2.723845794026382716e-01 2.676790623609149877e-01 2.918627566402641205e-01 -1.280231196228832358e-01 -1.370662302089489248e-01 5.874377567220205876e-01 -2.184569887487820272e-01 2.848335330523525388e-01 -1.199008445637602116e-01 1.906345579237049281e-01 -1.617110704875621696e-01 -2.825591487082857456e-01
7.670731079143631170e-01 5.696627312936249909e-01 1.892773182779153851e-01 -1.406985456463377138e-01 6.599180244913180893e-01 -3.197170475437115522e-01 5.681098489600604207e-02 3.038390405313450837e-01 -2.637202976321192938e-01 7.145398813768397139e-02 -2.825952660109315451e-01 4.189092738668501736e-01 -1.056437766029800773e-01 -6.161488158478718030e-02 1.544253174437153486e-01 3.254574445258512916e-01
4.089246895036324769e-01 7.886330548287172615e-01 -6.683416929672507667e-01 2.146246568430607710e-02 2.699093019463588150e-01 -6.813933766449977725e-01 4.259356437442647914e-01 4.964140392365801735e-01 -3.168144244002381038e-01 5.527993898213210411e-01 -5.811742196927807136e-01 1.848174488872637022e-01 3.015981672880221343e-01 5.828904490679454042e-01 4.416910717458499280e-01 -5.522096864849700415e-01
-4.161255270190559186e-01 6.251296464766470384e-01 -1.661999788890768937e-01 -2.911177805071201163e-01 5.101339792123424921e-01 -6.362089229773809640e-01 5.592733902933801071e-02 1.452651791550264304e-01 -3.485670469888060286e-01 -4.736010063080091093e-01 -3.601423178659725610e-01 -1.520023181838978943e-01 3.937706081706213168e-02 1.169821678373839935e-01 -3.008183207579712692e-01 5.069211820873033292e-02
9.941392847827736912e-01 -8.615144859446708381e-01 -4.894234770228010900e-01 -2.572672324034709912e-01 -3.077049730063954325e-01 -2.049004523488881790e-01 -6.203769870085886762e-01 -5.057095636585727805e-01 -1.092803637724026194e-01 -2.083575103070972601e-01 -5.774302671954595345e-01 -2.521934448746447899e-01 -3.002260659028415102e-01 1.644178907359819253e-01 -8.926522027555330308e-01 -1.385236771557227242e-01
1.015498702242569884e+00 5.120600258674662397e-01 2.314113227165522368e-01 -1.093470967987599102e-01 2.377585711797263746e-01 -4.622710420140727083e-01 -3.694590448100622260e-02 -1.539867485291312663e-03 -3.835656351193809654e-01 -3.481978165642796719e-01 -5.500815412885510236e-01 -2.659855488140001056e-01 -7.389804940150660473e-01 -6.238290054229720383e-01 -5.043181194989853067e-01 -2.140003302187613587e-01
1.841816038771971198e-01 5.075454176446489996e-01 3.576159270813189517e-01 -1.586769340223251890e-01 -5.005678874134589229e-02 -3.949667008665729284e-01 -1.955345120239735113e-01 1.678190670499215553e-01 6.660394023248886186e-02 -5.417820190477464770e-01 -3.656000848788822921e-01 3.436220878600971806e-01 -4.239888758288377080e-01 -1.231252856487212444e-02 -3.500114416897731617e-01 -1.210675525790866902e-01
5.235900512388252936e-01 2.535359143762580536e-01 -3.282152541678877711e-01 1.073219305758742609e-01 8.530457559771402465e-02 -1.591494411720973667e-01 8.549954897052676195e-01 2.370593705322890377e-01 2.985265213919814364e-01 -1.036937906578841440e-03 -1.815741259488501402e-01 2.718487827108398425e-01 6.225151853577144678e-02 -9.150070912095688291e-02 4.677657787499175934e-01 -1.214689175113034675e-01
3.234647900988113500e-01 5.251612524872383281e-01 -5.254332374195945787e-01 9.752228918127039958e-02 -2.200327142989021156e-02 -7.622034252571804336e-01 2.194111219109919353e-01 5.427912568686508177e-01 3.340017905906220719e-01 4.957485240587660158e-01 -5.573508170407116546e-01 4.622766397238790848e-03 -8.105575635590432648e-02 -2.332415013782376256e-01 3.808105490502863288e-01 2.794045386149272558e-01
3.182034092500372058e-01 2.083705838054425441e-01 3.727874605112058704e-01 -6.482049643489264101e-02 7.026789551664474054e-01 -3.623087142037474395e-01 -2.505431352663125555e-01 7.147857552550472560e-02 -7.012146012233033687e-01 -5.143055424166554923e-01 -1.358123757037613122e-01 6.928142832238817217e-01 -1.604755931960859527e-01 3.337035458834317070e-01 -7.434776153370445950e-01 4.009476643163846221e-01
1.252086029284511237e-01 8.655273437019257443e-01 3.724641642446688966e-02 7.332762708902785809e-01 5.717752558192286116e-01 7.030856621596030809e-02 4.790773718250339597e-01 9.274670878031273658e-01 3.251634275465007384e-01 -2.616216656261482476e-01 -3.134051291277872298e-01 -1.460974492849130557e-01 1.343981301193032662e-01 -1.208093906667433576e-01 -1.608483329120916350e-01 1.804786088671034294e-01
1.136829212782309723e-01 6.461396066037655705e-02 -3.838267795434162633e-01 4.364527936168690059e-01 3.712260231302008107e-01 -4.768619844023960774e-01 8.709078577185153103e-01 2.802141626687788545e-01 4.005453224744298102e-01 -8.280931881919087467e-02 1.041683026226703085e-01 -5.383658611922476078e-02 -2.895103696800722659e-01 -4.945051923318609655e-01 1.196451527859721392e-01 3.815480563906218370e-01
1.016954737127333752e+00
9.917083328919776841e-01
8.392523276806526655e-02
1.104283305504933033e+00
4.902617641443721141e-01
6.842049957323237397e-01
3.674506183857970121e-01
8.124293348403034409e-01
-5.111799126788758585e-01
5.312700458239874024e-01
-2.380859988122661919e-01
9.785236131709527108e-01
8.792863363678321553e-01
3.348538145600378213e-01
1.291361452757775696e+00
4.588840028580424280e-01
ReLU
0.2
16
2
3.911709121554441948e-01 4.261479185248656654e-01 1.198042455296078751e-01 8.130074256067860716e-01 3.783106582215861047e-01 7.500492037281137891e-01 3.024697333500097063e-01 1.131722137495551062e-01 -3.231018850856702540e-02 3.186638319135768893e-01 -3.832715471342863778e-02 4.465061990942862380e-01 3.392980277494892505e-01 1.425986873576660097e-01 5.683463744888919145e-01 2.836807150594836680e-01
9.702621685144451336e-01 8.199141922009798300e-01 8.115251702102576070e-01 1.179558831907823402e+00 4.639054198734900436e-01 1.110026606265674287e+00 6.607282718832431234e-01 5.977484528917094142e-01 6.855028326290160123e-01 9.913672425318682535e-01 3.607239499960522844e-01 5.466369316022557934e-01 9.224358714676538229e-01 9.326327485623556734e-01 1.060550297072476944e+00 9.025610401143656647e-01
2.319487239195940909e-01
1.299728717387792720e+00
Linear
0.2

ct 2024-06-11 17:43:01.549169
