noname
4
4
4
4
-1.377056021092176286e+00 1.127612505095050732e+00 2.334520262495313503e+01 2.307718682186533421e+00
2.184486117638525238e-01 2.286419997825464290e-01 -9.748892476551144881e+00 5.725345030854519512e-01
-1.563591754055720373e-01 1.144080464727236457e+00 2.088304810340838369e+00 1.431804766893087999e+00
-3.782747643927064640e-01 -1.476172467411257516e-02 5.541985333940208092e-01 1.107182340581203961e-01
-3.426814476128682507e+00
-2.309960120984543064e+00
1.728949136657341734e+00
-6.483528766499645490e-01
ReLU
0.1
4
4
-9.646402297505244361e-01 -6.491090328450180857e-01 6.883569693479917317e-01 -1.515398309177517222e-01
-3.651156097316823335e-01 -1.060144523748891121e+00 -4.341320420016065440e-01 1.000000000000000021e-03
1.022486175704607619e-01 -6.307005473960601849e-01 -3.232095219431613264e-01 1.000000000000000021e-03
-4.871867140728272649e-01 -4.768661651510846533e-01 -4.722513764098303368e-01 1.000000000000000021e-03
1.440272626209755380e+00
-9.989948697214803275e-01
-6.816224381685467293e-01
-4.655642484484357468e-01
ReLU
0.1
4
2
1.423753563240024222e+00 -5.078650550376342387e-01 -5.917678215743544801e-01 -4.707180804168529797e-01
1.056837650245054050e+00 -1.056193009349926382e-01 -1.641543218320667130e-01 -4.750545412591834493e-01
1.057916687117761878e+00
1.368920965114023947e+00
Linear
0.1

ct 2024-06-16 09:26:25.819724
