noname
4
4
4
8
7.877763083042264025e-01 4.567256945244328459e-01 5.416305379713495238e-01 1.039634738299267891e+00
4.787613707150281117e-01 5.903860990056334357e-01 1.285850074649693031e+00 9.436869558977831751e-01
3.126055588736577073e-01 3.938324419106337126e-01 3.162746877241687793e-01 1.580192254013207953e-01
9.775190194844221026e-01 9.744544943876143339e-01 8.044672635822480711e-01 7.585362715280179469e-01
2.723869297655793775e-01 3.693030179970004379e-01 6.458579694327079013e-01 1.667641627347009325e-01
3.976439124471887188e-01 9.226120153231723853e-01 5.407670595594843421e-01 3.061638119549230930e-01
2.427484517541322884e-01 3.859259650702038802e-01 6.706512951704870495e-01 8.756852746048575664e-01
9.659196233173807933e-01 6.756848188191681981e-01 9.316540570302004332e-01 6.363455868871927823e-01
5.817910303979934028e-01
-6.233527705949038628e-02
9.339809229644974176e-01
1.242585859598405035e-01
9.583186179974791941e-01
5.775621487805828735e-01
1.372387110192738735e-01
7.704920167265720821e-01
ReLU
0.01
8
8
1.009541207577473454e-01 1.232006346587426332e-01 2.256212744407551096e-01 1.826840390548885862e-01 6.496887055223417029e-01 3.578700115494313216e-01 5.047318018871017609e-01 4.620809600746322299e-01
1.092984221586808857e+00 -5.159299957906955392e-01 1.277072678177939291e-01 1.057157525681904575e+00 5.661730467032458081e-02 -1.686172861249360944e-01 3.121971065543995838e-01 7.592360310723955674e-01
5.821568307602721370e-01 3.460533552103225441e-01 3.518877825133709392e-01 7.358436207766476667e-01 3.855960472389192151e-01 4.453101581558638333e-01 1.815912727941408344e-01 5.293869949694164356e-01
6.805395469475793435e-01 6.568320331281153335e-01 4.767579813950569290e-01 5.218011526764406716e-01 9.579093159191079954e-01 2.140212429077425482e-01 3.021393915876108283e-01 6.071339254116762119e-01
5.494662763129688487e-01 1.224002563894859064e+00 2.492749527496337381e-01 -3.573145814426249844e-02 1.655648888138006730e-02 5.596597943262752173e-01 6.963404681433600363e-01 1.026862714350240957e-01
-1.258976354534129538e-01 8.283458347565483271e-01 6.659177677441460164e-01 1.692218891213791987e-01 6.788597819397381716e-01 9.621097734128202239e-01 7.507700295543949798e-01 1.897804707276248837e-01
-4.541933529708874068e-02 5.895700739402631729e-01 9.013398046373071182e-01 5.283659986103362849e-01 7.776179660812526651e-01 7.046501685849299035e-01 5.630524324584791351e-01 5.111785691513913710e-01
2.868370276491868376e-01 2.336154330687727210e-02 8.360226391418180969e-02 3.884211091600583976e-01 6.505720416153994989e-01 7.426179623864380061e-03 3.052541714706095699e-01 3.100997848183378869e-01
8.338157991818554438e-01
7.670578275176235250e-01
1.132238599576872895e+00
6.547761346298824892e-01
1.056575270754359197e+00
4.932415544127274343e-01
6.831557577145817017e-01
3.403199186618183214e-01
ReLU
0.01
8
2
5.533231264680157357e-01 9.920803784696292649e-01 8.052658226058395652e-01 7.415892870323227415e-01 4.002269700892825965e-01 3.227835670446109195e-01 6.248840004769502521e-01 9.465864724275208086e-01
6.471272552807579848e-01 -1.410903895758819533e-02 7.031293894679561118e-01 5.523936231015829090e-01 8.676629657775950522e-01 9.365701353024565856e-01 7.932853299272780712e-01 5.915308351589195768e-01
7.586259264044301620e-01
1.262952572446515598e+00
Linear
0.01

ct 2024-06-03 10:34:59.228141
