noname
4
4
4
8
7.885963452715354371e-01 4.581874333532874322e-01 5.400017131555782113e-01 1.037575590174075746e+00
4.804510859312634552e-01 5.924111928154124351e-01 1.283358842076355533e+00 9.411257281248522899e-01
3.136705055873493242e-01 3.942428936049684474e-01 3.140191790989501075e-01 1.570330225041578209e-01
9.777937036704767992e-01 9.738950014831491142e-01 8.032907464752951920e-01 7.584610956231733203e-01
2.735030311117103707e-01 3.697709451775345046e-01 6.435673809219181196e-01 1.657212287370994908e-01
3.985315023591100014e-01 9.228066226199426181e-01 5.387261777148149022e-01 3.054085974501401513e-01
2.441712784838632189e-01 3.887152689675087425e-01 6.689985650504799430e-01 8.725727299855915442e-01
9.669849498944449451e-01 6.762609911537827978e-01 9.293038500079190412e-01 6.351772470655993041e-01
5.808596732401739571e-01
-6.437706288699993062e-02
9.329021337310432482e-01
1.223230544583964186e-01
9.572621769924122281e-01
5.765404141231194046e-01
1.362651960869665224e-01
7.695085673097321610e-01
ReLU
0.01
8
8
9.892972794071766551e-02 1.202733673484659982e-01 2.244948688294504113e-01 1.807520418207335666e-01 6.484630001441870073e-01 3.568517427563269728e-01 5.020719058344634833e-01 4.603875775891915212e-01
1.091294515743939098e+00 -5.187890658440267311e-01 1.268996385481088729e-01 1.055552530877243544e+00 5.569720576006228357e-02 -1.692189817882372160e-01 3.098400022089468631e-01 7.577601916576925944e-01
5.801559813686438805e-01 3.430904963609834879e-01 3.507954482767275395e-01 7.339319951333101999e-01 3.844009433891514838e-01 4.443435169636955062e-01 1.789383500307904495e-01 5.277021342815120253e-01
6.785822309824174337e-01 6.539000717237467564e-01 4.756957651608281212e-01 5.199345226553375721e-01 9.567436784033617192e-01 2.130915340919116441e-01 2.995356212245209870e-01 6.054759406901359942e-01
5.473442372248590315e-01 1.221074760758430244e+00 2.480723640784555095e-01 -3.776024137621841054e-02 1.526070716213893605e-02 5.585326772303556009e-01 6.935902860353096999e-01 1.009543991824711912e-01
-1.280227244843962775e-01 8.254805680255781208e-01 6.646940381812287413e-01 1.671935373475859909e-01 6.775467455721982946e-01 9.609445485642847951e-01 7.480388947654462717e-01 1.880555916372146086e-01
-4.746197059960900744e-02 5.866386385646917834e-01 9.001971787456574114e-01 5.264156165624832573e-01 7.763765944195194502e-01 7.036113201084879254e-01 5.603760956934684678e-01 5.094727998042921646e-01
2.849996251095197053e-01 2.057513893719306250e-02 8.260643881630072571e-02 3.866787651130913495e-01 6.494751195820948064e-01 6.563490426421647941e-03 3.028049251458582725e-01 3.085281800864117518e-01
8.327333000803091023e-01
7.662529542698437446e-01
1.131184355655368456e+00
6.537488687780781405e-01
1.055427569543506472e+00
4.920778810127153235e-01
6.820591281254803073e-01
3.393556212175355968e-01
ReLU
0.01
8
2
5.522262822656365255e-01 9.907063304463255005e-01 8.040852919646570562e-01 7.403236067970802026e-01 3.988629186082551792e-01 3.216743474234074474e-01 6.237783739837466923e-01 9.452886800506274945e-01
6.455928007262509150e-01 -1.593436690400151790e-02 7.015030433361295614e-01 5.507062625203641426e-01 8.658779292074352263e-01 9.350035687880787760e-01 7.917355813498886397e-01 5.897941435954604517e-01
7.578356535081507417e-01
1.261738874750362616e+00
Linear
0.01

ct 2024-06-03 10:34:59.422863
