noname
4
4
4
8
2.301036613458384839e-02 3.349876829355392660e-01 8.367187617050446669e-01 8.150196058907303032e-01
4.065172856888416009e-01 1.122113872705610138e-02 9.860384181236402368e-01 6.921815895671485919e-01
3.155628613040292185e-01 3.916559476623687752e-01 1.583855286912538851e-01 1.329801846039377899e-01
6.540268769061270415e-01 1.668232589080409500e-02 2.747811131505618620e-01 7.151487404106554591e-01
6.974103613879226726e-01 7.340728311018327457e-01 8.912799985664852098e-01 4.420337725225966796e-01
6.889774244618198651e-01 2.853922474953770605e-01 2.511192338299539362e-01 4.724262728360306696e-01
8.958257773364721732e-01 5.714794717001334678e-01 3.826697307864690423e-01 6.249974378196909708e-01
4.543533900264260517e-01 9.679960512755403368e-01 2.199905838735564112e-01 4.104829038120826334e-01
8.106479727757098797e-01
1.674651542117977510e-02
9.037607900567410368e-01
3.658903291789374901e-01
8.917186693440100065e-01
9.801531932037366168e-03
7.790171584835270391e-02
1.763589207721716345e-01
ReLU
0.2
8
8
9.821869237643788830e-01 3.281362331038193414e-01 4.020937598616269870e-01 4.012597893530480686e-01 5.389757542266717660e-01 1.034225653569911252e-01 1.806839058618121552e-01 3.072794324547323264e-01
1.876234621315964191e-01 9.257467638193631609e-01 6.638667920671630363e-01 6.574982030043153847e-01 5.090025715365253944e-02 7.046670711196909576e-01 2.646495092170092489e-01 3.017790760473215705e-01
4.017380409323442203e-01 6.513013436271480883e-01 8.789099096913977061e-02 9.575194494608395557e-01 2.084650612882523735e-01 1.649768256227663876e-01 4.984647115116458416e-02 6.333864265937529936e-01
2.077809654175881704e-01 4.671171686279226298e-01 6.791532598202779658e-01 3.448115897059962354e-01 4.223030790521244970e-01 4.864563186885118018e-02 8.832030702144469947e-01 8.644360026680216746e-01
6.639469990172688352e-01 8.955203061794619890e-01 6.646368062756728978e-01 4.784233364002939970e-01 9.451069323497177654e-01 1.378878251715326408e-01 4.722653444228478437e-01 6.604276896930206808e-01
5.716310379626110549e-02 1.574675879157054759e-01 5.717183988080868362e-01 3.766758140069922378e-01 4.352722669630313401e-01 9.065578898803245966e-01 5.117410653121882147e-01 1.827086886334883253e-02
4.380131277307055537e-01 7.356371507066135074e-01 5.407532006461900354e-01 9.928793110003386602e-01 9.037426724594974647e-01 5.359013418516840321e-01 6.361361957196017825e-01 3.083024677905110700e-02
4.260588256367741078e-01 5.371649523944864724e-01 9.342102627222265143e-01 6.478468101709485838e-01 5.476799548044994914e-01 8.426422176286153531e-01 3.687524203284030522e-01 5.400025004479014346e-01
9.859705285306301636e-01
4.643217089952563770e-01
1.015262778445980008e-02
5.668080388297250805e-01
8.569968971632118127e-01
1.815966047974719721e-01
3.529995569221727747e-01
4.830060588320708170e-01
ReLU
0.2
8
2
1.805668017149556492e-01 6.938581086156736522e-02 7.685408955252415186e-01 8.992702580442162308e-01 6.276865645445559583e-01 3.178685812634485242e-01 8.563400881870713022e-01 5.791160890183022492e-02
9.728752861473020097e-01 4.737255989697934933e-01 3.034184709586500439e-01 8.109550740150597292e-01 2.935136575928376512e-02 5.102976739710249898e-01 6.893127337912502428e-01 4.081348119703677169e-01
3.833224257054165252e-01
6.943376291527950661e-01
Linear
0.2

ct 2024-06-11 15:13:13.034896
