noname
4
4
4
14
4.293512089332214843e-01 9.156323725178959483e-02 -1.652989802676194664e+00 2.739165120361160555e-01
1.097180242808154377e-01 3.587744540171069030e+00 -2.854528598907242642e+00 2.693860070169523002e+00
2.986106721531897601e-01 -1.581455149683646047e-02 4.205130520489696044e-01 1.943208007806111193e-01
-1.794052782638600796e+00 -3.453036380888131474e-01 -1.024876800289406420e+00 -2.750289917289600039e-01
1.503177137819217413e-01 6.850606337256054390e-01 9.954073001390859599e-01 6.562951275114012328e-02
-2.488329944005148953e+00 -1.083478487165636217e+00 -8.683271273953769853e-01 3.935503175523104996e-02
-1.048298787045706781e+00 9.512504754104378346e-01 -1.239562801732022046e-01 4.643750198132778340e-01
2.779087107454835670e-01 1.829615534661827025e-02 6.050500133328841068e-01 3.079599790040877805e-01
-2.527987368671979151e+00 2.136268415490599981e+00 6.560209034591920840e+00 9.053195320345047703e-01
-1.343571233922438379e+00 6.635592118862366773e-01 1.269180860876032213e+00 1.981821124187745919e-01
2.166810744762516158e-02 5.571222096913399646e-01 4.068322486139451799e-01 4.892018099168705669e-01
-2.634277084262993007e+00 1.441977177676328825e+00 2.952710772343008117e+01 2.302823661658043974e+00
2.784372198652144359e+00 4.720311017489748018e+00 9.486567849897921789e+00 3.806799040247405674e+00
6.477431287422656947e-01 2.726314360827162275e-01 -1.771376556637860311e+00 4.943342752863248979e-01
-1.776977416537913745e+00
-2.847210217912309882e-01
-1.680669044057051975e+00
-2.826507418421756235e+00
-2.081455779126673900e+00
-3.820780904866763805e+00
-8.661137392484834496e-01
-1.673745524066477808e+00
-3.313086503563015484e+00
-9.990559508014951184e-01
-1.173551599919510746e+00
-6.577327878672466710e+00
3.477685559987249597e+00
-2.487506136648359067e+00
ReLU
0.2
14
14
9.126134015981750558e-01 8.475813225759746272e-01 3.226168867159142084e-01 -1.015085829132484907e+00 9.210406591398360154e-01 1.751575120690643361e+00 -2.191262286486986011e-01 -1.186357751465321603e-01 -6.150654999057560968e-01 7.248137506920597495e-02 -2.442107358740483458e-01 -7.898318933267686859e+00 1.564484471506326857e+00 1.639784831441370772e+00
-1.352659753633773665e-01 -4.116997497560103136e-01 -6.547483377242853918e-03 -1.410939573945459546e+00 -9.123901751405483207e-01 -3.947156831717428260e-01 -6.907464708652183427e-01 -8.842969394666292393e-01 -1.035056865696165174e+00 -2.860472315093546269e-01 -2.230230998103122086e-01 -2.451306813769268400e-01 -3.442733081498234454e-02 -4.811185869578195606e-01
-3.596250470651822240e-01 -4.295860620154908771e-01 -1.182341345599082105e+00 -1.535333053460653074e+00 -1.357011270034588768e-01 -1.206981980720325254e+00 -2.323995623090217844e-02 -6.676772836179836190e-01 -7.965529846391644631e-01 -5.970861831047401085e-03 1.528174576855953481e-01 -6.482373475839534605e-01 -1.031024422710896005e+00 -3.407392076857447827e-01
-3.415644487746368752e-01 -5.411578213102921087e-01 4.545233904258806912e-01 -7.580612783225093576e-01 8.224975071751055022e-01 1.373362545212016395e+00 -3.930910558037258862e-01 -5.161442976916209846e-02 -2.514824217406433915e-01 -9.682069578760341688e-01 5.998863223479431253e-03 -3.181261052234656272e+00 -3.059787662488465121e-01 1.044754542473400383e+00
-1.178116111770735719e+00 -6.872188634407385699e-01 -1.344588047196795477e+00 -1.821424102422448899e+00 -1.142892434836317195e+00 -1.012698718583415314e+00 -9.213703016446680438e-01 -1.071679475800673131e+00 -9.657221782084345341e-01 -9.431959643586298458e-01 -6.920729754277412660e-01 -1.081210532829733673e+00 -1.321494216718266612e+00 -1.661907448442164315e+00
-1.390876509678478534e+00 -1.152144054004893281e+00 -1.323664585377142711e+00 -1.152862010993744857e+00 -7.351518807215743356e-01 -7.998839859917696860e-01 -1.190950150381463901e+00 -9.108181454482872086e-01 -1.097343094302746902e+00 -7.878324387390813754e-01 -1.670297766711785536e+00 -6.888149581696670909e-01 -9.873296811298510889e-01 -1.121413693582947069e+00
-5.424853882817310957e-01 -3.805412103114354516e-01 -9.862975405782038740e-02 -1.902383752230381031e+00 4.535105787500542385e-01 -6.878919846754233403e-02 -2.366014615213976602e-01 -8.804610168232149814e-01 -5.615749312849014352e-01 -4.549489270354068471e-01 4.311150289354523935e-01 -4.721159296664479421e-01 -6.206451812622787223e+00 -3.903721406393126370e-02
-4.202109977322512901e-01 -2.616818047459564325e-02 -6.473671062629090533e-01 -1.329712820095598103e+00 5.757704106431025259e-01 3.849692726852820268e-01 5.457744463504041743e-01 -1.584877550444339533e+00 -5.658279664996895830e-01 1.679590586092938598e-01 -3.377625496543229522e-01 -4.622724384325548885e-01 -4.755714869421747149e-01 -1.534965675501693827e-01
1.887168959800830381e-01 -1.387640700038524022e+00 -6.362156878220870393e-01 -1.374610279533820201e+00 5.295272001298905185e-01 -3.012732736149417723e-01 -1.537528211038784454e-01 -7.603131313546375170e-01 -4.043986325051610597e-01 -8.903192085201499378e-03 7.082088140297897461e-01 -3.494383359996864891e-01 -4.141284670398130530e+00 -2.506977258994854130e-01
-9.579111636756243442e-01 -6.277913711514329087e-01 -1.983477244483399682e+00 -1.347367700049118433e+00 3.106932708089115147e-01 -6.444890936885447896e-01 -5.260722989329227328e-01 -5.578479124848864101e-01 -5.537403967366768542e-01 -3.123062225868967756e-01 -3.173507849660052171e-01 -6.590224637269599395e-01 -2.022279444061267639e-01 1.179251057850621703e-01
-3.884666699525911315e-02 -3.249686034506301668e-01 2.443703757914459096e-01 -8.376950794033425352e-01 2.335756082276166712e+00 1.339173979470417386e+00 -1.138131165340430101e-01 -3.898172377478827944e-01 -6.101774555249779297e-01 4.139711988685575855e-02 -2.701542274907290167e-02 -2.175439799410994191e+00 -1.419833999174705541e-01 1.493292429767520746e+00
-2.286693583720723899e-01 -1.395994695608947511e-01 -1.368420805664006590e+00 -1.152555200358982734e+00 -1.532065439898864234e-01 -8.868846062276446451e-01 -3.335392694115610346e-01 -1.492785311375128598e+00 -4.482948456389743153e-01 -4.982937370468563248e-02 1.688313595071590789e-01 -3.439968595101455251e-01 -7.025109099392112810e-01 -6.620751992540496733e-01
-2.123981081314355313e-01 -9.497839059205512857e-01 -1.130052710064503252e+00 -8.532449629026528370e-01 2.844902599083042327e-01 -2.492625423105109816e-01 -3.770967396520733539e-01 -1.305054511161441722e-01 -3.204323991390863879e-01 -8.457558788602543842e-01 -1.732228524118216706e-01 -7.991304434949878521e-01 -3.428284667325162127e-01 6.330766007123775907e-01
-2.962437078342654573e-01 4.635728889684085363e-01 -6.990636877513868308e-01 -9.560121631243614360e-01 1.069712156094546618e+00 3.603443537219707116e-01 -3.902996151851071405e-01 -8.387249529303123508e-01 -1.296596134827504132e+00 -1.014549306576762788e+00 -6.353250155957617107e-01 -4.417591035744816708e+00 4.908638499780266229e-01 -4.192042318174999949e-01
2.023349270477543094e+00
-4.250248837467109908e-01
1.240509969436123683e+00
1.124359825483961378e-01
-1.111035405652632369e+00
-1.101938336564549648e+00
3.402280833405432858e+00
5.628010208446061480e-01
-2.804794676412944998e-01
-2.382612381794556658e-02
1.526187491664200424e-01
8.334927713448919695e-01
6.117252100150633032e-02
1.487181982012077686e-01
ReLU
0.2
14
2
1.718842389381833202e+00 2.005605120660037665e-03 -3.869529233573121840e-01 1.170647964352313462e-02 -4.302463270279595631e-01 -7.407126367672248746e-01 -1.109142955859589552e+00 -1.928001325256986920e-01 -6.912200011576159486e-01 -4.816955079573891074e-02 -9.999275482812218507e-02 -2.905346131528100950e-01 -6.102689647249995991e-02 5.028696093332950534e-01
1.958043825367940194e+00 4.639669937735030336e-01 -6.486738508016705040e-01 1.052080052366654722e-01 2.537682624237413975e-01 8.521859008999917995e-01 -1.254542351477287987e+00 -2.818083866014723937e-01 -6.828974290019964588e-01 -2.117844999608331502e-02 -2.127650874881116538e-02 -5.975169292809467958e-01 -4.107448855918854891e-02 1.215607497362212880e-01
9.479896353238521201e+00
8.784033467973422660e+00
Linear
0.2

ct 2024-06-12 18:33:21.506187
