noname
4
4
4
4
1.136758367263777325e+00 7.083252401790803843e-01 1.873948008759556971e-01 6.136821048459475403e-01
2.085064366255863888e+00 1.087780505380889551e+00 -6.156899282382991556e-01 5.724424806938697985e-02
8.038829168073281517e-01 1.718010853856033471e-01 1.407153926050155546e+00 1.229900822161435814e+00
4.928712503082449126e-01 2.518390676522380689e-01 2.142501869648113288e+00 1.197626618445570834e+00
3.634878167744933775e-01
-2.584319894252447014e-01
5.550124157177799278e-01
7.801174871110564402e-01
ReLU
0.2
4
4
-3.121071000563810371e-01 -3.554570235337627393e-01 -1.269894198341346980e-01 -2.882099550891314421e-01
-1.491080393157685757e-01 -3.662398228589400229e-01 -3.466688062525177250e-01 -3.028545602661388003e-02
5.761563212295665037e-01 -3.637396186036464529e-01 4.311101603220218736e-01 8.969926320041752277e-01
-8.390680722452912299e-01 -2.808567419490597961e-01 -1.157505108655038750e+00 -6.748465767129455672e-01
1.020907386177910547e-04
9.849892006437034608e-02
1.163280983976235028e+00
-2.071243254477992887e-02
ReLU
0.2
4
2
4.733839679434612702e-01 5.413219702304510328e-01 1.246485937727416893e+00 4.641635942917888835e-01
2.960615400571991462e-01 3.176361670510987611e-01 1.108359756277500718e+00 -1.447152805447344259e-01
1.562089531816631904e+00
1.768209195265615596e+00
Linear
0.2

ct 2024-06-12 01:13:16.989774
