noname
4
4
4
4
-3.987454125016711703e-01 7.828300820867679644e-01 -1.921350809083826050e+00 5.899039205952152365e-01
1.069794254481650553e+00 -8.053540720733971536e-01 -8.897041658983333434e+00 -1.298785022596863570e+00
8.856724998530091097e-02 4.357414778883784146e-01 -3.191273369081373712e+00 1.353323094395635140e+00
2.074709379137863685e+00 3.345748733237313699e-01 -7.598275173137939653e+00 9.123216633727503355e-01
-1.568113532585230507e-01
2.127500556968042744e+00
-1.055764948701335137e-01
1.652536073001453776e+00
ReLU
0.2
4
4
-3.306261956850887751e-01 -3.810219956237596017e-01 -1.485849724802103811e-01 -3.144985511590511207e-01
-1.769579968994108021e-01 -3.776307981584311468e-01 -3.831640897622380915e-01 -6.736533035215692966e-02
5.343785973025463876e-02 -1.261884931504181351e+00 3.579261642232430263e-01 1.016649938088734162e+00
-8.461007153457069663e-01 -2.863517111840327423e-01 -1.162687644819376587e+00 -6.807397384822784225e-01
-6.170786417140718128e-02
-5.811304148510642448e-02
2.463744810225471760e+00
-2.440799282129740150e-02
ReLU
0.2
4
2
4.711253417728994974e-01 5.336968590174115956e-01 1.176921937662215090e+00 4.661230005511767249e-01
2.866744934324298444e-01 2.940238855390559514e-01 1.183078524761578043e+00 -1.501759438483858122e-01
2.587468496308099830e+00
2.649666159903882434e+00
Linear
0.2

ct 2024-06-12 01:13:30.741760
