noname
4
4
4
2
9.412356910017605216e-01 1.071090143309864295e+00 6.293168073213382119e-01 8.754330921270295773e-01
8.291662329245597096e-01 5.944294629797985952e-01 7.379894896166980245e-02 -5.869320820237587666e-02
2.637855697048276798e-02
3.099180585361206997e-01
ReLU
0.2
2
2
7.049249326514668290e-01 6.657870960820047035e-01
2.628590220961352086e-01 6.701171743238858169e-03
1.943268004337652677e-01
3.960604817493214025e-01
ReLU
0.2
2
2
4.589884548574789114e-01 7.756661789278364028e-01
8.366608089730196429e-01 4.719094339697356699e-01
3.756565133731717965e-01
2.306550441677301944e-01
Linear
0.2

ct 2024-06-12 01:45:12.634090
