noname
4
4
4
9
2.417147939363020193e+00 -1.878399449194583459e+00 3.086653857158564662e+01 -2.776045476373670162e+00
1.064804003517193065e+00 6.181886530685271053e-01 9.657548702949931396e+00 1.578791116341940359e+00
-6.973282618031313440e-01 -3.649877930537814841e-02 -1.012007200126991080e+01 -1.033263852895326407e+00
-1.541961830138380174e+00 1.847670692577373819e+00 1.215762323875065753e+01 -1.903111121387981164e-01
4.373422984689359971e+00 2.644078277845250735e+00 -3.386582907861020786e+00 2.279769185599963777e+00
3.391982935795860410e+00 -3.256261973450867764e+00 -1.046336908969757173e+00 -1.528085974864875185e+00
-2.679785828268810843e-01 4.883587252910529530e-01 1.192070434929038136e-01 4.680939663944600482e-01
-8.225804614157071759e-01 -6.918680267381831506e-01 -4.150418107197536566e-01 -7.321598637274362442e-01
-9.607186429129609129e-02 2.719731216455482103e-01 1.458975741695236750e-01 3.081285922123777610e-01
-1.183025616182209383e+01
3.209816966434553276e+00
-1.014712180593491908e+01
-1.500323831897372395e+00
4.862370277556287701e-01
-7.341954211384619455e+00
-9.502347643877976369e-01
-6.794855618173642142e+00
-8.800444979322629147e-01
ReLU
0.1
9
9
-2.034407811928023335e+00 -6.180141467231682562e+00 9.747090185068343349e-01 -2.176180739163523725e+00 -1.831513573521282578e-01 9.329814207050202146e-02 7.947910282034699181e-01 5.173441694237325139e-01 2.491542955079929511e-01
-1.494950216753226924e+00 -1.748894956042202020e+00 -1.086793987470534351e+00 -4.697425570163872299e-01 -1.594596374232316816e+00 9.329814207050202146e-02 -9.760743681718515863e-02 5.173441694237325139e-01 2.491542955079929511e-01
-9.647127159040298494e+00 -2.436837737645253521e-01 1.173418070444202099e+00 -7.333651329804047325e-01 -4.457050885272176854e-01 -1.313688189683721586e-01 7.947910282034699181e-01 5.173441694237325139e-01 2.491542955079929511e-01
-2.064658721133394437e+00 -3.160896118540898470e-01 -1.505729935711915601e+00 -9.298088470639935821e-01 -1.089625741857292329e+00 9.329814207050202146e-02 7.947910282034699181e-01 5.173441694237325139e-01 2.491542955079929511e-01
-1.040489708827859072e+00 -3.210177628187030230e+00 -5.590379564763412468e-01 1.262050287879887156e+00 8.337568163137812904e-01 -3.045163488658753526e+00 8.594234921314933273e-02 3.000678160832964014e+00 2.119937297857407699e-01
-2.887000731173691381e+00 -1.543060993268104530e+00 3.421840558555685696e+00 1.123304781886636405e+00 1.504806880905497524e+00 -2.106609755562163677e+00 8.503534976510600252e-02 -2.726212312945792693e+00 -2.128212913720924776e-02
1.125609248086704151e-01 -6.000687243205924393e-01 1.125609248086704151e-01 -6.228275752564058632e-01 -4.574609960781425011e-01 1.125609248086704151e-01 -5.827568506583475916e-01 5.173441694237325139e-01 2.491542955079929511e-01
3.748068549368112068e-01 -2.805095730751989258e+00 3.748068549368112068e-01 8.471234284083274391e-01 6.874075065889968528e-01 3.748068549368112068e-01 3.748068549368112068e-01 3.014632130066006166e+00 3.037125390428803140e-01
5.212444924484175290e-01 -3.688568855847582206e+00 5.212444924484175290e-01 7.904126961073267843e-01 6.078783656981637806e-01 5.212444924484175290e-01 5.212444924484175290e-01 5.212444924484175290e-01 3.773778392658653780e-01
-1.962991132290722307e+00
-1.504965636757327196e+00
-1.097256661001525746e+00
-1.610021375692148649e+00
1.103402169597083571e+01
1.082162865328401757e+01
-4.904118561934694420e-01
5.246236548153481394e+00
1.154538334014704404e+00
ReLU
0.1
9
2
3.576308148872155979e-01 -7.658425654098083291e-02 -1.617289443893717427e-01 -4.774748001943281417e-01 -9.790218801427567064e-01 1.261940679331606807e+00 -8.634102795920088613e-02 -1.104364787788330027e+00 -7.281614123939715855e-01
3.668335885383578465e-01 4.440410643163396065e-01 5.387282296469936282e-02 -2.651415787088673426e-01 -1.439382625547124706e+00 1.262690990352951736e+00 1.793715501490291964e-01 -5.785522223514879547e-01 -1.620052058539407924e-01
6.462605823761125023e+00
6.699776511544740742e+00
Linear
0.1

ct 2024-06-16 12:04:05.989748
