noname
4
4
4
12
-4.198768010119345861e-01 5.685533090038942250e-01 2.506095877070833033e+00 -1.301024159597839736e-01
2.377258041019693291e+00 8.440752745606681928e-02 -7.930752800358241705e-01 6.818012398753503511e-01
3.251001827362729468e-01 1.571652587979979421e+00 1.371665062225410070e+00 5.306948911386634160e-01
-1.399469874971320360e+00 6.897207214081753079e-01 5.407598583172573470e+00 8.708790027127346622e-01
-8.880852233312028776e-01 1.222917531540504310e+00 1.828211272737489068e+00 1.757661939241229876e-01
6.314045038822565514e-01 8.217672786359345727e-01 9.730343635221672116e-01 5.926845391280548547e-01
1.684194065938925844e+00 9.037820514771268687e-01 4.784016630661485081e-01 6.732364978433886815e-01
2.850864680787751904e-01 9.253948719644091714e-01 1.332441004769114645e+00 2.192896563502389484e-01
-3.374269625983375431e-01 9.342612922347688365e-01 1.313339126853942052e+00 8.431871567250034394e-01
4.086367604948263899e-01 7.452256890138141410e-01 8.132411647601777149e-01 8.710043636733506567e-01
-7.486536494167226330e-01 5.193645664460224687e-01 1.778073924057880506e-01 2.577076647603939730e-01
7.168870982480375353e-01 8.122226126280659431e-01 1.722239208972792479e+00 4.533014247991372092e-01
-2.441787464362510096e-01
2.901102254882444997e-01
2.929423292964974945e-01
-1.192339195965709919e+00
-1.939721344311872570e-03
4.559598977328249148e-01
2.985845823114893216e-01
1.213194338481348236e-02
9.507590965702319430e-01
1.141617053780731084e+00
1.982993099826909356e-01
4.751217373974317981e-01
ReLU
0.01
12
12
2.704812277475230897e-01 1.185519649998851843e-01 3.702010200754710101e-01 -3.796732637909133956e+00 2.417020613920002337e-01 4.754986163872277349e-01 1.651033997994781899e-01 -1.187514971451700541e-01 1.319865548036512459e+00 1.207527439896696420e+00 -2.483540243414087689e-01 5.320499991386022920e-01
5.833008902982154131e-01 -2.243228454968059296e-02 8.830890945558225180e-01 -1.692766115543563155e+00 7.686577129072131864e-01 6.146479453404199988e-01 -1.105342762372734794e-01 1.383743456836233898e-01 3.405394535868659922e-01 1.021003578468989703e+00 3.264055876894601804e-02 4.925953411452650421e-01
3.013852117753820781e-01 3.056516812617823264e-01 4.963718138388953927e-01 -3.277680860624015313e+00 1.655011561495943750e-01 4.015651339498367278e-01 1.732372804063959382e-01 5.844528227803668097e-01 8.783922626228553021e-01 1.276685182202148328e+00 2.032746134350331690e-01 1.002419937392448751e-01
4.248937647295781828e-01 3.295852378044377695e-01 6.918752792351376968e-01 -1.892381764598864979e+00 3.407561510983032615e-01 4.148592121878424965e-02 -1.848467866306028884e-01 4.140710967299207068e-01 4.747010156774789102e-01 9.889019509481238313e-01 6.150640984574911041e-01 8.754952194963465384e-03
2.007021998586339950e-01 2.039875194780687295e-01 1.833471138584673865e-01 -3.281925761735061009e+00 1.451632624396272941e-01 2.641806048653111416e-01 2.675616805297699186e-01 -3.291813929812311135e-01 6.178149139001268830e-01 9.344868380578262856e-01 2.985716483349973860e-01 3.681539078975409884e-02
7.074098317373318512e-01 1.090175150993402564e+00 4.678151801571027724e-01 -2.894678411134075979e+00 6.245583301281075750e-01 4.607574878264991125e-01 3.793246605122116422e-01 8.186530493228544314e-02 1.396163540877464637e+00 7.851822321006142191e-01 -4.418713535502969553e-02 3.963491647363623360e-01
3.167462516273768930e-02 2.325586517744335224e-01 6.554208925906779282e-01 -3.508932601699870091e+00 3.231542154653135879e-01 3.977207529898585947e-01 3.049469730238973941e-01 -1.670421396245988788e-01 4.973914286781245253e-01 1.257341615193791950e+00 -2.247762724718291305e-01 -2.591525873337457431e-01
1.752303094453861176e-01 7.374445919209579037e-01 6.048872039766038933e-01 -2.893582030339067135e+00 8.565332890891936835e-01 4.548248731895175867e-01 6.874415381635780031e-01 4.002995980514938157e-02 7.579491475008680590e-01 9.123934919998172299e-01 4.176207695002120968e-02 -8.481394249745199954e-02
2.261945505383042287e-01 8.675100529437844710e-01 1.237364229539341665e-01 -2.448061834690168137e+00 4.446750694439699503e-01 1.917378395833064519e-01 -2.301909219783589422e-01 5.393008602475796165e-01 7.587553893699865437e-01 6.764760076018526691e-01 3.527802077754212395e-01 7.216777463858380370e-01
1.485112928096349316e-01 2.699089225560852290e-01 1.363799220916115662e-01 -1.810555224031664023e+00 5.475845704509366696e-01 -2.152052164104830689e-01 -5.686546729824203811e-02 -1.653414623144602025e-01 3.438557585338617439e-01 6.047205243529041319e-01 -2.305359351183472461e-01 -1.070626037462748953e-01
6.756306636940130617e-02 4.994053525363372215e-01 -3.345940189022754696e-01 -2.757436163582327460e+00 2.337628096241243514e-01 -2.758624599037235448e-01 -3.154094650663255561e-01 -6.677730633717142428e-02 6.716822343540567175e-01 4.819766260857014650e-01 -2.636787884554045447e-01 6.440200429506008628e-02
2.291749269996601890e-01 7.722355547912786999e-01 6.873339002975749068e-01 -2.330999258068883417e+00 1.726637969935638783e-01 5.285009790858560264e-01 1.540198348210299883e-01 5.997559992691958719e-01 9.948711707667278192e-01 7.662885189620605164e-01 4.886173938173771214e-02 8.970721749271018952e-01
1.071694390847599543e+00
8.271020462899894010e-01
7.685364069975837431e-01
6.637749041052950494e-01
-1.477194505795776172e-03
8.284950714909765646e-01
1.076997956603814366e+00
6.663998093100597098e-01
1.053853665868978995e+00
-9.297613695711218207e-02
4.022527521318040589e-01
1.138474382347829383e+00
ReLU
0.01
12
2
8.813425568170002444e-01 1.947656521804855545e-01 8.112792143303916292e-01 2.628126304574578409e-01 5.349044366159741992e-01 9.474958856977843125e-01 1.048873873075174323e+00 7.572100276346895864e-01 5.677514493158732911e-01 2.946425412839673852e-01 5.694638370994598020e-01 5.230922601991963017e-01
7.987586462818894173e-01 8.308348907411979845e-01 4.368548736877254646e-01 6.813258957094833201e-01 5.072761926636906171e-01 6.735601964329412938e-01 7.398092897847172722e-01 7.395986410741570705e-01 7.421366777085186550e-01 2.923614431657457491e-01 2.761668943325811254e-01 8.790918375105256644e-01
1.943597936196338916e+00
9.620529450828609885e-01
Linear
0.01

ct 2024-06-03 12:42:34.357029
