noname
4
4
4
12
2.185166164288362967e-01 5.627889731677450103e-01 9.912076385974514237e-01 3.942293928819188831e-01
-1.976581635235488965e-01 1.553820582801988537e-01 8.502027543914026708e+00 3.460267133459205002e-01
6.226622197243945056e-01 -3.819784865171359511e-01 -2.984213385717284783e+00 5.672547399712022376e-01
7.536858022899968201e-01 5.058502386996842626e-01 7.357804016750411069e-01 4.640591014949153048e-01
5.436973987323693441e-02 5.982952603098501410e-01 -7.358226740053455672e-02 5.125571414699162665e-01
5.369983891176680624e-01 6.535756829067723706e-01 6.652068404762412346e-01 6.343460924890693686e-01
-2.047706023305127104e-02 4.194451293788901691e-01 7.719507941069596590e-01 2.263189077766425139e-01
-3.438050427736996650e-01 2.879066901629652730e-01 3.416013444829331114e+00 5.673069989853255501e-01
-8.583000895075599060e-03 7.719397556471564448e-01 5.942883849298709054e-01 6.520557512836007152e-01
1.970554464678483386e-01 7.456666131869114089e-01 8.952975344398482749e-01 6.732492103912230963e-01
2.255455442361677110e-01 7.954178772396250929e-01 1.314865188225746717e+00 7.800328450388613888e-01
1.354679850997397628e+00 2.267466456597545532e-01 -1.702193527743125712e+00 6.184887862749955945e-01
4.470745465380189243e-01
-1.717282751457966272e+00
-2.046685196614437263e-01
4.949022742317110146e-01
-8.763058626329066625e-01
6.876403774328826435e-01
2.379891455767047803e-01
-8.446843850549019539e-01
4.831057338993938188e-01
6.807229799566736350e-01
8.898659992061254131e-01
3.101282569538618139e-01
ReLU
0.01
12
12
-2.709540962841300304e-01 -8.344720021489527184e+00 -6.457506038539304050e-02 3.164251849460564814e-01 -2.963887249230293119e-01 8.228052590962310342e-01 -2.757254845172512625e-01 -5.721961999008989830e-01 4.446752818226789583e-01 7.972437226091249052e-01 1.705750548350316864e-01 -1.912191121776116998e-01
-1.824899324706997228e-01 -4.701234590902534372e+00 -4.850751740375432441e-01 1.330418374334414455e-01 6.972993343395179622e-01 5.463326871764663251e-01 -2.997236359324022964e-02 -1.623716996142054336e+00 -1.293879161242831866e-01 3.150035454914449917e-01 9.325689590210033131e-02 -8.640315163502197693e-02
4.269195305139413255e-01 -3.727538568770390803e+00 8.423780225705613800e-01 -2.060854609365032619e-01 3.114788137894510256e-01 3.951915679108479740e-01 1.276959943733601555e-01 -2.898636549514281846e-01 1.643862111795860170e-01 6.038609484118175885e-01 6.438730456703980476e-01 3.314237114962275688e-01
4.546604328586842381e-01 -5.967833561342381188e+00 -8.786418024552927752e-01 7.070180228977170911e-01 8.458234523346488398e-01 3.317741872104757461e-01 4.427723104246823471e-01 -1.975908227883082624e+00 -4.452867639955169210e-01 2.137342915400680110e-01 -1.559217660013486884e-01 5.228896560087092915e-01
7.332225237818067454e-01 -8.113931804926947322e+00 3.247729882940829094e-01 -2.068981165483118889e-01 -1.277169493076574791e-01 1.811731537996887353e-01 -2.838591823863382824e-01 -2.085059067518852671e-01 1.022270852728885820e-01 -7.400315550165864620e-02 3.667794396862466555e-01 7.624922784787591112e-02
-3.209342983632201274e-01 -4.828128355621931433e+00 3.367641289917635006e-01 -1.449185205451129499e-01 -5.250845304556546189e-01 3.989026479779155809e-01 4.060637350509527232e-01 -7.586151613988483255e-01 -2.080597433976897059e-01 5.841071521298736302e-01 3.769964609780937503e-01 -4.302023772948431191e-01
-3.262771532180275269e-01 -8.047020973679046563e+00 -3.106368003105141606e-01 2.262626809101150049e-01 -3.824824219928839308e-02 3.655218766550101805e-01 -1.056695147042046451e-01 -1.131600367250217953e+00 -3.512815917544454686e-02 2.270345567816813848e-01 5.702594628716688430e-01 4.419166544608196245e-01
-1.987643180803997933e-01 -2.817276976083973317e+00 3.086699072643652730e-01 -3.853332130375385356e-01 -1.107157576238774865e+00 5.987068482874052799e-02 1.652594592410837893e-01 7.281981024622405547e-03 6.323793713264511673e-01 6.492998324165695223e-01 7.478766828160556823e-01 -4.292646225312357622e-01
5.726460260567223237e-01 -4.169804820098257814e+00 4.631072252776328724e-01 2.855977620454788757e-01 -4.947927473117175179e-02 3.173022588518421561e-01 2.599964597427220983e-02 -8.087574703734604631e-01 -1.896186995255884702e-02 3.140234475672535330e-01 1.021948395283809097e+00 6.152088679168048468e-01
-4.236822977992821260e-02 -3.647715890142794404e+00 2.359114015614841020e-01 1.446134532866907296e-01 2.009715237107760066e-01 1.321123225513642085e-01 2.471527295748192354e-01 -1.103989547106633134e-01 7.497042842441072885e-01 6.996892244779330250e-01 8.009346238769137205e-01 4.349593933395192180e-01
-1.831988774039095685e-02 -5.450654672400200518e+00 5.115709025358421425e-01 -1.014099376450198174e-02 -8.977871983289267832e-02 -1.397230353257707391e-01 2.418762833302244286e-01 -6.861809633494238003e-01 9.373760614737591812e-02 -2.227660440023856714e-01 6.780907503721558260e-01 -1.965166178449724022e-01
3.465690634567202694e-02 -4.567152648503520318e+00 5.152150897210334701e-01 1.292376357786071683e-01 -5.382005598236911936e-01 2.693605029683984742e-01 -3.754510519627790033e-01 -7.842825824798924650e-01 5.894867189221689729e-01 4.379452099017228095e-01 4.055871616679912472e-02 -3.690983745821557749e-02
3.671220972767594848e-01
5.042700021096212515e-01
4.103966508777980859e-01
6.345000838183025849e-01
1.026206933144663047e+00
4.850643486015002726e-01
1.222170392242344583e+00
1.087219854419492343e-01
4.545833952111303367e-01
1.107020865221136852e+00
9.402995917032858086e-01
-8.863651099277057577e-02
ReLU
0.01
12
2
1.470513359130603881e+00 1.225417326235886506e+00 8.707904312430826410e-01 2.029005690827945685e+00 1.568378671359856869e+00 8.060847918427808123e-01 2.122617085734392894e+00 3.428905424062744234e-01 1.179756570184956166e+00 1.047775822415550007e+00 1.101825303086359620e+00 6.448576798658200993e-01
2.072600918072155629e+00 6.111993430375101122e-01 8.956409568402268206e-01 8.449664514863178821e-01 1.963176739471730770e+00 9.899792793887038922e-01 1.910764641273405617e+00 9.147794611757146255e-01 1.116063515372505588e+00 1.070124307273309094e+00 1.093888843385838694e+00 8.461119594805663890e-01
1.111306954750589604e+00
4.355009055183313160e-01
Linear
0.01

ct 2024-06-05 10:30:12.942741
