noname
4
4
4
12
-9.884393678597892530e-01 6.272564127843948123e-01 2.666408609746508951e-01 4.975427308426979556e-01
-6.020312462409844745e-01 3.911979290193142167e-01 -1.226485435736719004e-01 4.216420837301036451e-01
-6.368590594110863368e-01 4.353358916875017526e-01 3.290137640235271665e-02 3.720503521484314069e-01
-7.450397941347461361e-02 1.279401490855401446e+00 1.086397643506892052e+00 1.073613170030327524e+00
2.615936041260817468e+00 5.368728405562721129e+00 1.488576863076566248e+01 4.110525081995437091e+00
3.069856186188686387e+00 5.307182917951520196e+00 -5.389436107832053402e+00 3.411625956422580597e+00
3.394993935545225217e-01 8.238735844480786774e-01 -5.684367124367516233e+00 1.069678013984525666e+00
-3.672197473638201259e-01 8.013108427826189928e-01 2.964911872990381525e+01 1.480271416209294477e+00
-7.584043868090765139e-01 3.413676853282804347e-01 7.658210348048168914e-01 1.557991066849095108e-01
8.033639543728022803e-01 8.703138087683290891e-01 -9.862927800410774548e-01 1.433733567118048891e+00
-1.052391360575757995e+00 5.849403913510108355e-01 -1.598913810553798998e+00 4.611387604530975959e-01
3.257280821807413851e+00 -9.329197605809360638e-01 -9.772001193243676553e+00 2.717617058778425854e+00
-7.046138466661406863e-01
-5.915894164429158497e-01
-4.709346245116949881e-01
-7.751412115479482168e+00
4.297360179221017873e+00
-2.969741536903602319e-01
-2.895016461270413899e+00
-5.607364490065812390e+00
-6.355037577037018215e-01
-5.263162373032232111e+00
-5.354159775401479138e-01
-6.565041442198510380e-01
ReLU
0.1
12
12
5.830257557746455765e-02 2.569707717083045684e-01 4.175689500642235097e-02 -9.759447509103719165e-02 -1.788431856797937924e-01 -6.362457981906091131e-01 -1.884696945814077207e-01 -4.242436078588721848e+00 -5.022071121829986273e-01 -3.619226690179103839e-02 2.086573667363051943e-01 -7.165206725478963368e-02
-2.781498380422119943e-01 7.675805568946028612e-02 1.655242682845231850e-01 4.268080334138504295e-01 -7.423665607115380316e-02 4.428983379337210202e-01 6.338642988231765751e-02 -4.779184266401845349e+00 2.599687124241246150e-01 2.522606024504310707e+00 -1.884214961941385325e-01 -1.895969029790894878e-01
2.566500746761767315e-01 -2.016687952745749857e-01 -3.378003592154171231e-01 -5.761004251097081585e-01 -1.518268264780544108e+00 9.558879643914966473e-02 2.807733595788939884e-01 -2.892441112326074037e+00 -7.886384524597901402e-01 -3.266630513771141553e-01 8.892853910430108255e-02 -2.746096403703638389e-01
5.817487251897886236e-02 -1.242992124952483207e-01 1.087344894552397800e-01 6.802445600989647234e-01 1.584829650304619308e+00 1.002882092509587597e+00 -4.924688035061636771e-01 -1.051143428584042816e+01 2.177657823788017033e-01 1.209577824320125838e+00 -4.227868514569526059e-01 -3.452350734681752797e-02
-1.097310418938030746e-01 -5.585825237375589836e-02 -1.519841268524658728e-01 1.499071040357797258e-01 -7.109664258469414189e-02 -4.411952700485820555e-01 1.091444988755025519e-01 -4.537927544682508696e+00 -2.367131338872508761e-01 -3.933973381934135483e-01 2.995426360729592369e-02 -3.284223526760994827e-01
3.831089187044210975e-01 3.589305793551900714e-01 -3.544852677588111178e-01 -3.213540135416391164e-01 4.668541269695646902e-03 -5.956301161148153112e-01 -6.209376087742010664e-02 -4.594159412189501523e+00 -5.101970603815790817e-01 1.589286206540626092e-02 -3.121169580521420198e-02 -4.325820327974493340e-01
9.607690283987621593e-02 1.627467329504529436e-01 -4.550879440631424577e-01 6.817128769019295542e-02 -2.799565946066645203e-02 -3.443886222237247940e-01 -1.834573807474749185e-01 -2.297085664932057902e+00 1.889149270957121152e-01 -3.583189466729073680e-01 2.006267828320067170e-01 -7.248914248805778948e-01
-8.627351550576001227e-02 -4.448287135024744376e-01 -2.259949534148961714e-01 6.136263224026974328e-01 -1.482924186483849827e+00 -1.163645398049693247e+00 -4.968089411035627179e-01 -9.671840329125997116e+00 -5.748861894596194455e-01 4.339024438444036985e-02 1.498556490593306589e-01 -2.238590659245857060e-03
5.379786523907793550e-01 1.681535086463296358e-01 8.321349300298150342e-02 -1.749989151520090269e+00 -3.454405273698773815e+00 3.137940817526259973e+00 1.313822556088384497e+00 8.190576648776106694e-01 -2.261482459044805715e-01 3.714038631927199408e+00 -6.271207810898160595e-02 -2.869267519539834499e+00
5.451091961636705951e-01 3.190560055693374142e-02 -5.639791212598673775e-01 2.461160339310475564e-01 -3.143726609930926674e+00 -7.614789958110159684e-01 3.543394391909097663e-01 -2.679057777014861141e+00 4.593304916926088666e-01 -4.516206346853422482e-01 -9.023725792783836297e-02 -3.439612774500407366e-01
-2.636175156100956651e-01 1.619299085580001851e-01 4.859726341272082445e-02 3.902110003615604644e-02 -3.461233545316037743e-03 -5.872161088271574680e-01 -6.036121843421056177e-01 -7.181241236885014700e+00 -1.105274098352450052e+00 -9.001431390196987237e-02 2.344486449319757582e-01 -3.943363116202093788e-01
-1.961256968130157818e-01 5.333648629043356015e-01 3.282596101841271374e-01 -5.495553553601793123e-02 1.681055200847065851e-03 -1.697635538070772776e-01 -6.567354037745015694e-02 -2.079664796768377233e+00 -9.279990427893890573e-03 -1.291501805608158970e-01 2.300867935493238481e-01 -8.404979491853567519e-02
-1.750872808223571941e-01
2.050782088537223657e+00
-2.180835232024922743e-01
4.108184227726558113e+00
-3.332187567727428190e-01
-2.863010001610250543e-01
-4.125006790274218238e-01
-4.196205356840165268e-01
5.125892982434787193e+00
-4.250389440540872088e-01
-2.212018450293925242e-01
-8.677650831814449905e-02
ReLU
0.1
12
2
1.988639992752737062e-01 5.468625030378911900e-01 -1.709233344121497133e-01 1.503700537883294386e+00 -6.377710467449271281e-02 -2.270265289156379006e-03 1.251810351243747566e-01 1.768721355196160305e-01 -1.470098313874034002e+00 -5.138949388333633461e-01 2.965860415480634296e-02 8.477885851852677568e-02
-1.645189970614822916e-01 -1.943187373501432946e-01 -4.988870449539508645e-01 1.581965465533804460e+00 1.058835350260084809e-02 -8.344447141811729696e-02 6.766559109719867404e-01 7.888866957689062709e-02 -1.717084236299104116e+00 -7.349795595704428086e-01 -2.891515810384843663e-02 1.004102945714710482e-01
8.103600155902753954e+00
8.528769095808041101e+00
Linear
0.1

ct 2024-06-11 11:10:21.719334
