noname
4
4
4
12
-1.077499150100955094e-01 1.080027399431122026e+00 9.951441752144375430e-01 5.657368205093036284e-01
7.281547478680860941e-01 1.060843374088596747e+00 8.814232039716919376e-01 4.970728086001566792e-01
5.772419284406546947e-01 8.298812081257861406e-01 8.186617351498446382e-01 4.664128901394362647e-01
2.644834115644408290e-01 1.136202381996322730e+00 2.196118015931805278e-01 7.029930132478776628e-01
8.463029178473318037e-01 1.557164964493100712e+00 1.701285091952166928e+00 1.248744173533751667e+00
6.219082355806154760e-01 1.401668657740904544e+00 1.775578440956226522e+00 1.029245154786764260e+00
6.974173821419845654e-01 1.270203522561100584e+00 1.856223752149572359e+00 8.011467736837241116e-01
-1.283422986622260620e+00 1.076580791846202256e+00 8.648101429411674701e+00 1.382877985729788373e+00
1.035055912957994373e+00 8.361367381097336571e-01 7.934720089011443322e-01 2.094804924364102594e-01
6.475575336288608153e-01 1.061109576239148922e+00 9.222973487134811243e-01 6.786644735935671857e-01
7.823885435572119906e-01 1.232900821588656326e+00 6.477930892445495914e-01 7.731308427836161012e-01
2.423104003454771505e+00 6.408018714347538669e-01 -7.968260177760424501e-01 1.367902720722228738e+00
-3.454625500012403205e-01
8.550214511955696317e-02
2.676556328172889909e-01
1.985942904122132424e-01
1.139531421814918399e+00
9.289476001333951682e-01
7.372771674741591674e-01
-2.442673130811603865e+00
1.397005191378462019e-01
4.264554694672689217e-01
3.591055023608902830e-01
-1.030506593403659847e-02
ReLU
0.1
12
12
2.853979833645442152e-02 1.050901365597065595e-01 4.917793501105492682e-02 -6.018594775741154673e-02 5.209751591539697468e-01 1.894019876169871636e-02 1.931114829232500052e-01 -3.694922687065339328e+00 -3.183978507583326012e-01 1.095643713367346478e-01 2.174587302552649648e-01 1.348008898544393874e-01
-1.675909324203199713e-01 4.155900148877884615e-01 5.742082436068639550e-01 5.429526174315497944e-02 1.379342990028951110e+00 9.622696618186410422e-01 2.352746859120043998e-01 -3.420684502608610345e+00 7.080947458675612705e-01 8.919897954249590422e-01 3.747373351819480725e-01 7.121128419353665029e-01
2.779077621552979993e-01 1.477042392397119319e-01 1.133870436932650910e-01 -1.785644548155263800e-01 1.246585209567218744e+00 1.096459109194248382e+00 7.264829166402335670e-01 -3.980634967569653071e+00 -1.861242548327759205e-01 -4.587135574457129605e-02 4.603145126644471175e-01 5.594932872371155552e-01
1.432580694545586009e-01 1.821781540142558553e-01 3.482201384653652587e-01 4.910988800234958873e-01 5.730219514106613676e-01 4.229079385309179040e-01 6.992881679992460908e-01 -3.906193206675575347e+00 6.970770869828498695e-01 1.482063944937939137e-01 1.158770440011478720e-01 4.659696154722255956e-01
-8.092154629384747111e-02 -1.903934488863376628e-01 -7.393894266816078420e-02 1.916232374546288364e-01 4.344747065076319248e-01 1.986190855965285634e-02 5.398502161685075906e-01 -3.212981114135473160e+00 -5.149690080338373971e-02 -1.480369792314931432e-01 -4.338944820929026280e-02 2.815374099578896727e-01
3.262070809479564182e-01 2.541190315941928013e-01 -3.522751466638784912e-01 -3.500636416981887100e-01 7.486814351568105153e-01 -2.973409504376192669e-02 2.593755191677779015e-01 -3.557447510887882913e+00 -3.955975333517742776e-01 1.159964513818818738e-01 -1.302645127344266018e-01 2.156059777797850463e-01
1.217610255895386906e-01 7.360668934438681366e-02 -4.580476261349425426e-01 4.645129572811458885e-01 4.919460821441427600e-01 1.230724814627372557e-02 6.141393601587454010e-02 -2.474913227143818784e+00 3.435571180304491379e-01 -3.119620412154286426e-01 2.304686780500256882e-01 5.118334437599487974e-02
-7.943769084300364436e-02 -4.985950005511015082e-01 -2.438673448921965109e-02 2.559868526330089655e-01 6.717527043646862595e-01 2.615706994770972127e-01 -2.344597625749120229e-01 -4.497736669621756000e+00 -1.165294179693965732e-01 2.593886677907425442e-01 -1.250288607847917510e-01 4.695043594148703980e-01
5.637083305213073103e-01 -2.120302072172499386e-01 -1.663585900275544316e-01 1.629140509531211978e-01 -2.528582371710509369e-01 1.758616874058024915e-03 4.902938771738157842e-01 -1.701732629772200189e+00 -5.382817918082862807e-01 3.847761783118910373e-01 1.978078898107774042e-02 3.961325760400489782e-01
6.140668829584923216e-01 2.862391443706542582e-02 -4.678186019541758500e-01 2.840336545422744163e-01 5.040158923844096917e-01 -1.886183598402668693e-01 5.177447454693163698e-01 -1.236312224491648459e+00 2.179762554064579305e-01 -4.070010546634486581e-01 4.423242044220017377e-02 6.038097028940714317e-01
-3.491195556132080102e-01 5.116570496719576033e-03 1.744765692513814692e-01 3.751920692161223037e-01 8.047041492156928877e-01 3.032731113034748405e-01 -2.829068502538872876e-02 -4.984462428005346446e+00 -5.826612075604643559e-01 2.553088815950382839e-01 3.019235293439746434e-02 -2.797620726134609354e-02
-9.879740624026028817e-02 4.922131945846093815e-01 3.412179741448455039e-01 -3.090559420250286321e-02 1.394263704449967001e-01 -4.571685398404063891e-03 1.106659611302175314e-02 -2.042469402806368795e+00 1.288047326528774239e-01 -6.902247499410285592e-02 2.314413963255073647e-01 -1.311452581694392272e-01
9.935265262271155695e-01
1.849391884670809505e+00
1.875712108905036146e+00
1.938621519009636307e+00
6.354573651075914320e-01
6.702831246633926821e-01
3.776020846590728564e-01
1.429646683827187514e+00
1.225167992788805504e+00
9.765067923539038075e-01
8.022579008600135841e-01
3.976442426571031308e-01
ReLU
0.1
12
2
5.101174403438946126e-01 1.104046784008081206e+00 1.271563731960291488e+00 1.067332198811851818e+00 4.902322032394875184e-01 5.898222640652198701e-01 3.344024338757943804e-01 7.949462492660058777e-01 2.139085357157464173e-01 2.661941579483550480e-01 7.255173952526415837e-01 2.300675755183709259e-01
2.646755149971913301e-01 1.370979047688531516e+00 1.157504046960819988e+00 1.218315766888430352e+00 4.422159526132759533e-01 3.763032276873277127e-01 1.594214832300284990e-01 6.091831686443205385e-01 3.776226153833460719e-01 5.731322345683621533e-01 3.352633568718533241e-01 2.501514858582077894e-01
1.785444795602809442e+00
2.468671104347007095e+00
Linear
0.1

ct 2024-06-11 11:09:35.211921
