noname
4
4
4
5
-2.929314419547032200e-01 8.410742418415736443e-01 7.078988108229722798e+00 1.559715701448346759e-01
1.288326240093726538e+00 1.670118368782841367e+00 7.348551768629076442e+00 1.817468319276747346e+00
-1.029757357673670493e+00 8.868783694302844189e-01 1.109940490512147448e+01 4.051518824008074615e-01
-2.394270302141923601e+00 1.625311265555193341e+00 5.875700527467080825e+00 1.861843052549094324e+00
4.767190418085445636e+00 2.723202430811404007e+00 -5.075748109250040052e+00 2.426921476556596069e+00
-2.285415590551946430e+00
2.865708303791517420e+00
-3.106924360064474477e+00
-2.039516230928872798e+00
5.658866348339017804e-01
ReLU
0.1
5
5
-3.972540404852746287e-01 -2.910115281225813089e+00 -2.307395845578080751e-01 1.289683913723429498e+00 1.047604611703917499e+00
-9.787136387883350608e-01 6.446922459712111086e-01 -2.529641467856026171e+00 -1.516234624046766344e+00 5.130236255355514752e-01
-1.354543615343700713e-01 -7.595338240226166826e-02 -1.803284092589373111e-01 -2.303926285129543894e-01 -4.318404446063846547e-01
-1.248698070383870817e+00 1.354792049985245779e-02 -2.521698958095599963e+00 -4.975454785258219548e-02 -1.395108215975658095e-01
-9.213319819785349418e-01 -2.071435275401259379e-01 -9.765754144125294856e-01 2.705722722873286079e-01 -5.824486685281240472e-01
1.701496777734102128e+00
-6.950854807920802125e-01
-1.868550475908776487e-01
-1.442604318221903936e-01
-2.147076179077285762e-01
ReLU
0.1
5
2
-6.670587516596665489e-01 6.997066088958816543e-01 3.215620373759959377e-02 -7.246435299980789196e-03 4.174129419801743401e-02
-8.155725669394877642e-01 7.387421943623229126e-01 1.154360250416023616e-02 -1.690851423169548520e-02 -9.752698471727162810e-02
3.029352700068834725e+00
3.183227606050227809e+00
Linear
0.1

ct 2024-06-16 15:37:24.420803
