noname
4
4
4
8
5.394388586599691005e-01 1.672253767368000188e-01 7.049264244248611977e-01 6.497016008429979950e-01
3.560641602942292705e-01 5.466225592474668327e-01 8.793635622320710166e-01 8.005664843592716351e-02
9.456860641956295055e-01 1.834661024416129049e-01 5.967958879810219414e-02 2.907596412094236998e-02
6.835919736634474830e-01 6.626765274461327015e-01 3.122864911019146428e-01 1.329381967907098949e-01
6.282334379629788135e-01 1.241639108707972144e-01 3.205452524128134528e-01 1.528432842703849881e-01
2.570356270418070466e-01 9.325807662518662555e-01 9.837461225682476995e-02 4.454888122833692288e-01
7.574599155919258253e-01 5.002070316203901523e-01 3.137952574077498280e-01 5.365496048149913655e-01
5.945546883260229842e-01 4.999030277831324476e-01 4.143610959775944069e-01 2.311569269065218146e-01
7.016368415429466987e-01
5.398142111434282020e-01
3.864980322153951375e-01
9.162615549169879081e-01
3.204634359988475234e-01
9.902051334927977067e-01
4.813879519814547314e-01
9.258275763321475171e-01
ReLU
0.0001
8
8
6.314933514204462695e-01 6.188136972706870242e-01 2.153252276128237996e-01 7.504683196521196864e-01 6.745611091219955169e-01 9.779398172536432066e-01 1.399100549911529434e-01 1.667740547930841866e-01
5.052576771380016263e-01 4.541316414600251039e-01 6.518084214275926547e-01 6.802640433304719680e-01 8.026774473839859425e-02 9.673311278751955955e-01 8.214670545685389680e-01 6.474735237469533278e-01
2.474312559373476050e-01 1.409675721150329131e-01 2.281850799948131336e-01 3.828398762487378315e-01 8.762033212117578129e-01 7.668003841515171060e-02 1.223352524891232751e-01 4.844804935344152463e-01
8.159065329335846162e-01 6.242016283369431484e-01 8.711605086303343404e-01 7.921208780341881805e-01 6.131877917817653012e-01 4.947358583164354617e-01 5.591040674648460884e-01 6.969208313184722670e-01
7.370783903290581973e-01 6.296327479421696127e-01 9.761431270562993534e-01 2.975477125838933423e-01 5.837129603359569874e-01 8.791085579429034347e-01 8.085249905322837438e-02 1.251852170877682524e-01
5.213815012545518213e-02 4.517277279145071739e-02 7.075352087747398544e-01 5.321166662614807974e-01 4.387477839338462804e-01 7.932234569098053356e-01 2.952766158284913511e-01 5.521754784239899516e-01
8.621688538955847303e-01 4.902904193768745644e-01 6.337832521314573642e-01 1.614610464652239397e-01 6.814110227840622924e-01 8.955166756916445037e-01 8.865446973461416080e-02 1.579653329673221668e-02
3.718008149167270071e-01 8.676943948994574329e-01 1.945568082648643504e-01 7.443425363058733257e-01 -2.157074848951703525e-02 3.261511916761303254e-01 1.578568877143948224e-01 5.328792628871812376e-01
2.384165765837324424e-01
2.674331733949822376e-01
7.093976700956514669e-01
5.799253275142465247e-01
7.921402065732635611e-02
1.517983325675567041e-01
9.519619517059166869e-01
5.791825672047230533e-01
ReLU
0.0001
8
2
6.437568015714950631e-01 6.327161961106563259e-01 5.703686559693098568e-01 6.731195589731686635e-01 4.084941509449317998e-01 -1.626533976487533730e-03 6.546163905762499846e-01 9.302150100634712926e-01
4.408925863986534188e-01 4.482627576040646988e-01 4.975471267787431318e-01 5.898306857080566346e-01 9.873618180008875145e-01 9.446682776740686904e-01 2.259864628471174586e-01 2.347904029747610033e-01
6.182733981978651983e-01
7.908169216429636883e-01
Linear
0.0001

ct 2024-06-02 23:36:55.572495
