noname
4
4
4
4
1.649124706926638595e+00 -2.675890051233261180e-01 -5.012922306394741234e+00 1.424280511055200371e-01
2.585230187287554937e+00 2.572825793868936950e-01 -1.497868230810325052e+00 5.830098499462920136e-01
1.130029165801803126e+00 -9.009765401682543473e-01 -7.083033911163226115e+00 -1.011060756024133145e+00
-4.485657104095246428e-01 2.947913724792936563e-01 2.911030559573254184e+00 5.463446993740391777e-01
1.002826472889480014e+00
-6.941640667322768188e-01
1.352177999129767771e+00
-4.256868800616427917e-01
ReLU
0.1
4
3
1.706963705889195659e-01 -4.415979671902457993e-01 -1.422579780885151024e+00 -5.618529022240464910e-01
5.208392556120879924e-01 2.034310935582362145e-01 -6.655276644749645865e-01 -8.910261989961894002e-01
1.093050012215354139e+00 -6.218750346043628863e-01 -1.340757875128465004e+00 -2.309856093642750907e-01
-4.307208458179437316e-01
1.692417581404397797e+00
1.524664688848560989e-01
ReLU
0.1
3
2
-3.976382648745439563e-01 1.226839070922039143e+00 5.946710177119358676e-01
-8.643980924473429472e-02 9.690985156576562565e-01 7.676631678661142155e-01
1.973868102059562091e+00
2.118287711507430782e+00
Linear
0.1

ct 2024-06-16 17:42:35.471352
