noname
3
2
2
10
2.669433263133780612e-02 -4.113238763482454652e-01 -2.088729850893593920e-01 -1.565036912052688023e-01 -1.557647761490794092e-01 3.993901653322859957e-01 -5.138073482029449357e-01 -1.484668950201933554e-02 -1.251208944915343790e-01 -2.043206854390223204e-01
-2.019919386337806766e-01 3.875640178636459432e-02 -7.698634204090471292e-03 1.207372005457573935e-02 -7.071521278909789765e-02 9.775550552080713995e-01 4.470296367634834372e-02 -5.529900145968046771e-02 -3.938635219883217242e-02 -7.398118076237528151e-02
4.970264335851393711e-01
1.877764413197008653e-01
2.488139515503373089e-01
-6.608836056480579856e-04
6.242941958464298668e-01
3.167304535150128886e-01
2.659977884558092920e-01
2.089109078794944563e-01
6.663993583852595437e-01
8.840869984358908917e-01
ReLU
0.0001
10
3
4.113322422595142580e-01 2.047213233352845607e-01 9.367114108998636501e-02
1.931887807289248415e-01 5.701701441657491820e-01 1.054348669818491735e-01
1.978131886753912438e-01 4.974128281252417905e-01 6.444231327389113861e-01
3.506102455153571884e-01 4.733024175208628836e-01 3.548621312315295429e-01
4.053859673103121231e-01 4.629833556168784781e-01 8.121373052448820351e-01
-6.265252518738044785e-01 -6.401780296571087936e-01 -6.254126926461359703e-01
5.983590062389682052e-01 2.379244010392021491e-01 4.942340927705582976e-01
6.518641438703416391e-01 3.438431225072573483e-01 5.360452741556006595e-01
-8.481536208095728779e-02 -8.154880105705104854e-02 3.533948730567623708e-01
4.963161723704825334e-01 2.983889954593478902e-02 6.834977640698289281e-02
3.114302475232972878e-01
4.589145074911507582e-01
2.969854618679496072e-01
Linear
0.0001
