noname
3
2
2
10
3.663211264947769386e-01 -3.230103373370021291e-01 -1.067171435802628104e-01 3.801280477486298354e-02 1.087986398040950015e-01 3.159065725308388695e-01 -4.034425167560155012e-01 1.364902066156936655e-01 -2.415823544322644872e-02 -1.431312057620552358e-01
1.147101018092681612e-01 4.867965696866753400e-01 3.833309990247606991e-01 4.207434938394867263e-01 4.397369174629685573e-01 1.522965985988083970e-01 6.306533781816284767e-01 1.180921402935674325e-01 1.165865507439749899e-01 1.830316024858067714e-01
5.557675984510539458e-01
2.328666485586896318e-01
2.928419313151383041e-01
5.119806720579541531e-02
6.961925407669221633e-01
1.449815049641544618e-01
3.444356977941712139e-01
2.444101527686661224e-01
6.850780347480271981e-01
9.305414001386672629e-01
ReLU
0.0001
10
3
5.106629094037625771e-01 3.331920806649484312e-01 1.093591997819182426e-01
3.052678294725240105e-01 6.760865120622743252e-01 1.443593585822924019e-01
2.511177999678940731e-01 5.557563752084672126e-01 6.875873376811411086e-01
4.049097296180598771e-01 5.525327887445899977e-01 3.915990829565998976e-01
4.941424550535090665e-01 5.558112554180772991e-01 8.653318333930987150e-01
1.413932127490678259e-01 2.445255250398880031e-01 1.119193407005056734e-01
7.494367681353186761e-01 3.566854878626107284e-01 5.590901325750450290e-01
6.763454792621460543e-01 3.584095373457732991e-01 5.419792114962941332e-01
-1.285136523207399198e-02 1.266836727500515909e-02 4.102611917010567932e-01
5.860532691720109488e-01 5.988160268439311762e-02 9.418853463689329242e-02
6.104838693544285544e-01
8.367552352947036365e-01
5.229138157112661611e-01
Linear
0.0001
