noname
4
2
2
2
1.994105020244947291e-01 3.372890611756106383e-01
5.068784104518647693e-01 4.540323105108885482e-01
-2.826606166950058549e-03
2.892448059854504372e-01
ReLU
0.001
2
2
3.489870448789240132e-01 8.250369265669833807e-02
1.428169582709682695e-01 5.051155056001340737e-01
7.276624082759811651e-01
4.264056802538635504e-01
ReLU
0.001
2
3
4.046693555205634341e-01 2.755141327609994528e-01
7.654584163586581891e-01 1.191671456043132543e-01
6.062489026631917577e-01 1.971554402533374217e-01
9.753220315981898647e-01
4.342024217958150301e-01
6.083503743721537793e-01
Linear
0.001

ct 2024-06-06 12:38:16.877659
