noname
4
4
4
5
2.739578005033418417e-01 -3.422534248624591324e-01 3.954392971575352789e+01 -1.751317872418825874e-02
-1.439668057665536294e+00 1.392583234429794592e+00 2.855944068503077560e+01 3.588674794606868446e+00
5.183874246836703836e-01 1.585452766712977413e+00 5.401359147506810565e+00 1.736757156714692441e+00
-5.191386899782755471e+00 2.661534545055527445e+00 -4.922643835507701127e+00 1.755384033552958689e+00
-2.183129972001369712e+00 8.147846241576764958e-01 2.259069025974517864e+00 -5.387005544559819725e-01
-6.704119466692349150e+00
-4.747954764482170908e+00
2.659188518656151690e+00
-1.423638109717315636e+00
-3.606821772052661856e+00
ReLU
0.1
5
5
-5.156697479971107612e+00 -2.835564439138144266e+00 -3.858661860784597941e+00 -2.249937083770906510e-01 -2.729599855241970907e-01
-3.230065093454968839e+00 -1.007354884414808138e+00 -5.333357086443172079e+00 -2.132116565634688543e-01 2.204546780518839844e-01
-1.792553467048683347e+00 -1.225673649246058705e+00 1.136317755332845847e+00 3.041085744342479913e-01 2.390936460268336949e-01
-8.114510380137984757e-01 -6.494974012638154548e+00 -3.028865816697963731e-01 -3.436043031534654069e-01 -4.307229960239546962e-01
-2.804181760883383223e+00 3.673465994701055060e-01 -3.982292260487773072e-01 -1.048136512312326962e+00 1.095845628008135675e+00
-3.695700911550268586e+00
-7.103034894414005096e-02
1.954397421365291931e+00
-5.056004080636545828e-01
-3.827739945498511265e+00
ReLU
0.1
5
2
2.672875913952132088e+00 2.714045813440235655e-01 1.131019109538621947e+00 -3.279261056782485917e-01 -3.339129601904937128e-01
2.804467850708960874e+00 -5.316972405914883321e-02 1.040268201537075443e+00 -2.948625222506784382e-01 -6.166953634525986772e-01
1.287687691014966385e+00
1.542901766338946601e+00
Linear
0.1

ct 2024-06-16 13:57:18.890007
