noname
4
4
4
22
3.434358114684933572e+00 6.672680299058626474e-01 -7.210333687760090093e+00 8.263494447972504764e-01
-6.177398954373273243e-01 1.176662814346184138e+00 1.700586137469755954e+00 9.961352511010154731e-02
-1.993391651110049567e+00 5.528476248506013491e-01 -5.391331545783164536e-01 8.560421227392660259e-02
1.985408895607218005e+00 5.536804612463935849e-01 -2.936922460443306182e+00 5.841328708078078469e-01
-1.062521427990540834e+00 1.128427418895669998e+00 8.986844321954071679e-01 2.244796096710635069e-01
3.277725078144758664e-01 3.042006374015274184e-01 -1.307228233152853525e+00 3.779327256567741045e-01
-4.474214288513035931e-01 5.998641222087087721e-01 1.368192201405144526e-01 4.998047640695948424e-01
-1.431106446397746979e+00 7.490878785620797009e-01 5.227471360531045219e-01 3.359724664904925606e-01
-3.991250837447035127e-01 4.065904636646934800e-01 -3.745705414448278758e-01 3.242883158050549608e-01
1.652495754944061757e+00 1.827370201415718931e+00 5.150720433673929843e-01 8.095260069231176026e-01
-6.991285359280241529e-01 8.624434770100334324e-01 3.517313402573816750e-01 5.242003606480364342e-01
-3.120556442659975005e+00 3.625245110262897419e-01 5.447096164189734857e+00 4.917834422697062724e-01
9.498418898956694223e-01 -1.139929144950502238e+00 -1.202036744071302898e+01 -1.420992316811623635e+00
2.166223550805429721e+00 1.084095995703616255e+00 -9.654762828957389464e-01 -7.855021491896241326e-01
-1.382381502452687982e+00 1.575079362941508299e+00 1.193105252910628078e+00 5.149140242165277659e-01
3.011681138455732043e+00 8.037359613028655092e-02 -8.082127509073581351e+00 7.613666922957220695e-01
7.176306582589582206e-01 6.089598827745407172e-01 1.991604444314166444e-01 6.627529132493144015e-01
-1.245737324520975076e+00 2.214546052385120700e-01 -1.484535130393520364e+00 -2.527631300552087845e-01
4.136377152577789262e-01 -1.074500080418977618e-03 -8.793380761365177101e-02 8.802577037938077997e-02
7.351127646980015751e-01 -4.822122584226929548e-02 -2.943537892248473398e+00 2.705607600445495420e-01
1.181785115132210517e+00 -1.450175078856989375e+00 -1.382822972915512416e+01 -1.820782990312036498e+00
2.388713472766921808e-01 1.817909981017406529e-01 -5.333604036128893888e-01 4.103219851221079906e-01
1.739123742169100151e+00
-2.130802828986580355e+00
-1.916782888787112338e+00
5.952605514449510471e-01
-3.046821495469429486e-01
-5.237479790609754771e-01
-7.124858939920094558e-01
-1.053151967382629506e+00
-3.366152537120201127e-01
1.311739365243874411e-01
-8.698916170204575860e-01
-1.226578420180485685e+00
-2.370317054152081937e+00
-5.686555681911398707e+00
-8.364855986833318324e-01
1.636876959399338194e+00
-1.815439749371009048e+00
-1.302419754917367056e+00
-3.197752281423779097e-01
-8.259462978516447507e-01
2.993846441146013948e+00
-7.501301691468943433e-01
ReLU
0.2
22
22
-3.767827596274240798e-01 -1.259145620559825041e-01 -1.900653553536975904e-01 -7.250034525877004921e-01 -7.395507138117624057e-02 -9.198670060931164461e-01 -2.545503430446410809e-01 -6.206421829048491823e-01 -6.619928614621214402e-01 -2.018264862853866026e-01 -8.402139896311954237e-01 -9.677203957646289822e-01 -1.064661025215989154e+00 -6.012800768348577352e-01 -1.010737450598895970e+00 -5.397372026299906977e-01 -8.380661861103501087e-01 -5.339943741917227982e-01 1.247696348134732236e-01 -4.408855530049214377e-01 -2.419132080487820247e+00 -8.611554800653603570e-01
4.295513743484309921e-01 -1.609204564413301841e-01 2.794401606674032923e-01 -3.458551364435799025e-01 5.188360564229889116e-01 3.647128872914100900e-02 3.342469183943093669e-01 -6.419964965438647031e-01 -1.006474908874589597e-01 -8.413215787980370397e-01 -9.394475397305683539e-02 -1.353473657723232915e+00 -1.082302811511164586e+00 2.247030023923777264e+00 4.989031879161939242e-01 8.961068191594551147e-02 -1.019238015375933948e+00 8.944053955635662412e-01 -1.660999844371087442e-01 -1.542662743275478032e-01 -3.839625338160783219e+00 -3.600065117110271551e-01
1.165470223029665631e+00 9.883452336380914305e-02 8.943081256728787620e-01 -7.836882786750282159e-02 6.701491247736930390e-01 1.581364896312947022e-01 5.466044853084789379e-01 -4.152355842289730536e-01 -4.014655847120877918e-02 9.940943946054847657e-01 -4.846008784920479706e-01 -2.050574270869239685e-03 -1.680238891637567011e+00 -1.973220416418604017e+00 7.864834293797327014e-01 6.021409134927894202e-01 -9.255919615144182488e-01 6.447729780619253503e-01 -1.876219922935130624e-01 -2.384998368664542068e-01 -8.573017189218625767e-01 -2.565221320499808666e-01
5.329198773697922942e-01 -3.979930889152665241e-01 -2.072578316405210841e-01 -4.164273013505064847e-01 -8.853139495013305771e-01 -3.059825059264573710e-01 -5.318662240532827656e-01 -1.020874683822961204e+00 -6.714849780321549000e-01 -9.133083318661923133e-01 -1.001828946280168608e+00 -1.601229210512396195e+00 -1.865339309443545313e+00 -2.661886668260425304e-01 -4.423587969826675570e-01 1.477479186495090149e-02 -8.130735925967151889e-01 -9.077432977939485781e-01 -5.840571216996655046e-01 -2.254222183155915604e-01 -5.344330258999137051e+00 -5.570953148861421678e-01
9.124414295209120063e-01 2.424627163653728101e-01 9.338339312257268876e-01 -7.038225717431763340e-02 -2.664148002960717854e-01 -1.867882539740011727e-01 5.127221355987381102e-02 1.492986921547110636e-02 2.104647625273249334e-01 4.166151731594728846e-01 4.266169310455416586e-01 -4.393302985384600068e-01 -1.192006382716817914e+00 -2.035645958510286846e+00 -2.831868518849904315e-01 1.191196245735345327e+00 -1.325593543538428953e+00 3.156986517527706204e-01 -3.885840923226149823e-02 -6.010681409279581278e-01 -1.425304373653105028e+00 -3.324341110370577779e-01
5.929173291706884008e-01 -6.643514044262741614e-01 8.329092963845750042e-01 7.448555435961090598e-02 -2.844161555754719517e-01 -1.910195846636798117e-02 4.155439077198472830e-01 -1.163769138683541149e+00 -4.831790707688264352e-01 2.356610161512955326e-01 -3.713700066149869805e-01 -1.424092212254931544e+00 -2.653975631876519525e+00 -1.804948172656248406e+00 -1.259107992124095243e-01 5.059519741878623078e-01 -1.715075568902936221e+00 4.037347673318639196e-01 -6.351473604293490782e-02 -6.797958442355885034e-02 -1.202282914440897521e+00 -1.752154644985807752e-01
3.343483132916875294e-02 -7.862804463056533022e-01 8.952065095646719595e-01 -5.648704495621500454e-01 3.578236184901088107e-02 -1.648327378998137860e-01 -4.671882147691467368e-01 -5.210126816450807441e-01 2.490142355510997496e-01 5.145889972242921884e-01 -3.697354398291290423e-01 -1.041989872459293753e+00 -1.630704036617881325e+00 -2.961609471940213734e+00 6.648742615279900070e-01 2.025583640586334777e-01 -1.078530615017429639e+00 5.817005218173425529e-01 1.046038603576939091e-01 -1.836448433241323064e-01 -6.279083079339300433e-01 -5.843565796396712475e-01
-5.095708596503216725e-01 -6.216909885176482575e-01 -3.214266102748856713e-01 -2.003696839821427628e-02 3.111417383675866288e-01 -5.168039286038522695e-01 -1.606335072926196039e-01 -3.160875902177577301e-01 -6.099286353470070310e-01 -2.822471689211042967e-01 -1.213309367641284275e+00 -7.737331640688208667e-01 -1.287955113720043343e+00 -1.413968391934018742e-02 -4.026679887770650557e-01 -6.683453307993797443e-01 -7.277521804364598390e-01 -1.568101102555299997e+00 -3.818800891925689389e-01 -2.466360491539746069e-01 -2.614285826383075051e+00 -4.124315383570317239e-01
-5.747988290945270640e-01 -1.272232088420814256e+00 -4.093581402478986830e-01 -5.182984044607905627e-01 -4.630060903662736038e-02 -9.347781029483053228e-01 -6.930849747533578409e-01 -1.204657185907579642e+00 -7.972792439400555597e-01 -2.728016573970366010e-01 -1.486165153409430895e+00 -2.826993211661375516e-01 -1.553969927038690413e+00 -1.365545607646307502e+00 -1.860174676137446026e-01 -8.362519312734457699e-01 -1.165481548582746330e+00 -4.795874500192293666e-01 -2.574491608824096556e-01 -5.773187415609440931e-01 -9.891654299185369537e-01 -9.674604725440331121e-01
9.292338965582958021e-01 -1.837000816477740023e-02 8.593072781728146037e-01 4.430372173787758272e-01 3.827472386878006949e-01 3.577998304865807888e-02 1.749033812834656365e-01 3.124217888767382920e-02 5.128255861373914176e-02 1.396784000196739983e+00 -7.197315970099683879e-02 1.681090510930419515e-02 -1.716843891536467437e+00 -2.395737177774297066e+00 3.879920841954149213e-01 8.647349566579720648e-01 -1.311224267643614105e+00 6.702115805781208024e-01 4.282058315736883558e-01 -8.843252608012679428e-01 -8.039500292444414775e-01 -5.488798445618549016e-01
4.835205046675479235e-01 -1.594866644371370212e-01 6.672774853664060757e-01 -3.194563358772767869e-01 7.588009903221590302e-02 1.610837020846462020e-01 5.124782447270143787e-02 -4.732011367581283601e-01 1.790904652883267556e-01 -8.259570551451822507e-01 -1.528752813149828194e-01 -8.481988269624580745e-01 -8.609270220373815841e-01 -2.785355171752595282e+00 2.352055756903287109e-01 6.181753902816820023e-01 -1.122883683464703131e+00 9.669830274707651441e-01 2.956917294870839985e-01 -1.272905745980617565e-01 -1.931118800264169266e+00 -2.259496329684622939e-01
1.188770095075954547e+00 -4.809209399418453712e-01 8.374600534573871657e-01 8.350291011125892116e-01 5.451371958739387180e-01 -3.496534146410984478e-01 1.132246815782581885e-02 -2.288053703009018947e-01 -9.657319252709267721e-02 6.337799298238331325e-01 -7.538106717382919708e-02 -2.408868646002553793e-01 -3.173002331842028845e+00 -1.187353876983429757e+00 -4.190313124315158677e-01 5.824103401653888401e-01 -1.635003644929740485e+00 5.432830406882446228e-01 1.650289462569572846e-02 -5.239675322925790857e-01 -1.027179833628643069e+00 -6.227144167261610130e-01
-5.600083775122698809e-02 -3.023986519223399727e-02 -1.172024287376870921e+00 -1.684630614696018269e-01 -4.824019230281026416e-01 -4.999916242535301647e-01 -5.816087617856700032e-01 -7.040714800404639373e-01 -1.056114241998551861e+00 -4.420244761280214263e-01 -1.337875296356829669e+00 -7.099323246988018532e-01 -1.176300351421535106e+00 -1.292847291061899995e+00 -7.918281282769125129e-01 -6.550745301268274812e-01 -8.603690451277958839e-01 -6.841650355718784660e-01 -2.948104549284712994e-01 -1.205594172686466514e+00 -1.477928792938576708e+00 -2.804098476009246887e-01
1.630341117001456341e+00 -9.492475723939638454e-01 8.626377506163944719e-01 2.727905521472355210e-01 3.551687900206199067e-01 -1.052797638869868158e-01 -5.304156832943114352e-01 -4.846049567227792010e-01 1.159198846321413262e-01 9.373036001300076581e-02 7.938866511974725093e-02 -7.114190208747960265e-01 -4.861234930615498384e-01 2.675459159422361122e+00 -1.089512514546432526e-01 1.838351418827208317e+00 -1.308718296918646384e+00 5.896567487666465324e-01 -7.715011704728660935e-02 8.884684437072604135e-02 -2.820970981954259660e+00 1.854974597099613987e-01
-6.952412359877503389e-01 -4.309832144177661584e-01 -4.019629076890961494e-01 -4.505869965589569537e-01 -7.949202235235968556e-03 -7.810317244598526977e-03 3.974493526904255836e-01 8.415235882205770457e-01 -1.700512759937955823e-02 -4.884260417956874378e-01 2.364612800436961468e-02 -1.449409612953572513e+00 -7.510073519609016257e-01 2.424080362928811461e+00 1.123946692687256999e+00 3.954182433306010491e-01 -1.279751062257709071e+00 -5.746228921705701653e-01 -5.509209586861301133e-01 -9.610425188173453426e-02 -4.777450099913310488e+00 -5.498197057376899011e-01
1.211080940055603739e+00 -2.607536861850165422e-01 4.585267933039250954e-01 5.442352111259241010e-01 3.049878284373928605e-01 -7.640420549931065120e-02 -2.791945461894192182e-02 -7.442835887349893431e-01 -4.457250509643467806e-01 -1.965525675890811286e-01 4.550913457810960155e-02 -6.591757674179193893e-01 -1.128392271278245262e+00 -1.947035312048147393e+00 -1.626427758516268141e-01 1.048279982984859027e+00 -1.646987866726086658e+00 2.196647836287017874e-01 4.389893336071015728e-02 -1.225334770393274875e-01 -1.832959153719086576e+00 -3.443081065377580630e-01
-2.269172551593734155e-01 -1.055524491115705121e+00 -5.102760131340274841e-01 -5.191713841078244851e-01 3.246630734997967699e-02 -3.022902179746881912e-01 -3.772496140916825613e-01 4.323734101155460863e-01 1.997302996086076643e-01 -7.320971941490372892e-01 6.398165078045645604e-01 -1.693813466198618167e+00 -2.706995599250062723e-01 1.364735849525748002e+00 7.397846162630828948e-01 -3.923246591548665285e-01 -1.322245063532825338e+00 3.046250428245025343e-01 -5.653374369285139034e-01 -1.583908721527657326e-01 -3.549208697496986531e+00 -4.585689841805878353e-01
1.052284047123517752e+00 -1.618800605957417260e-01 7.153745319802206071e-01 8.731390670631468121e-01 -3.732642229686256030e-01 5.287114053503659816e-01 -4.024546681893466094e-01 -1.149688737021602458e-01 -1.710283087061848784e-01 2.212072234284137850e-01 3.852065926878621149e-01 -5.679825127126274520e-01 -3.116018825104767132e-01 -1.928938785892884145e+00 4.078192592532134397e-01 1.973193278050591859e+00 -1.414694966528103004e+00 6.577900285807645187e-01 -3.360582521565638747e-01 1.022451825462022262e-02 -2.198553424837943915e+00 6.228659768085331727e-02
1.008098590605247258e-01 -1.397371689362042702e+00 -1.005479962709002972e+00 -6.735566664739852660e-01 -4.123259187622531075e-01 -6.368215939156275374e-01 -6.128682543373583647e-01 -3.081011616386912233e-01 -1.005351887267379452e+00 -2.944275380227505123e-01 -7.889736572589687302e-01 -7.166226734138990695e-01 -1.067278136275028766e+00 -8.618107171182608495e-01 -9.956431499016378528e-02 -4.207304555561667270e-01 -1.166575704060375474e+00 -8.906204776187999217e-01 -6.475902319686974717e-01 -8.148998325734621018e-01 -1.148579117092975999e+00 -6.289998559028436853e-01
2.309418160741075199e-01 1.267331090168938079e+00 -9.428476961596897743e-01 -5.324216032070480109e-01 3.148383835869268399e-01 -9.867471835366115312e-04 -5.444820033374039303e-01 -7.562025099491285207e-01 -1.028772551003352298e+00 -6.534872715478080851e-02 -4.235886167765943733e-01 -3.561735058370398832e-01 -1.026620589494989355e+00 -7.099675904655011749e-01 -7.724219685167913463e-01 -4.677913159973809964e-01 -1.337716457123476532e+00 -4.621123707360094146e-01 -4.102065318155084239e-01 -4.817386821893688276e-01 -9.902989085886524379e-01 -9.457335187798004972e-01
5.051856869137619777e-01 1.265365542426959700e-01 -9.558540731376830024e-01 -5.886535004453606890e-01 6.960919290217165711e-02 -1.139390351574058657e+00 -7.736356440576331872e-01 2.432661962250158849e-01 -9.155434275899817509e-01 -3.387221470384609301e-01 -6.153668402293172024e-01 -1.212310991334786259e+00 -1.232899513258672863e+00 2.884666869364603592e+00 5.699970185591691774e-01 1.283005321951216970e+00 -1.422671355250671787e+00 -1.439146101617609030e+00 -4.505833833261110866e-01 -1.659984138462895220e-01 -6.591333473740243143e+00 -1.109555778484392796e+00
6.345183498587383397e-01 -1.602729238171967940e-01 1.100080760271155422e-01 -2.327555788921112923e-01 1.327991297013635941e-01 -3.485886541726733179e-01 -5.691301999936247968e-01 3.741613577468292928e-01 -1.016230469529667141e-01 -7.902721320930405913e-01 6.900801617285292136e-03 -1.336772429773843029e+00 -4.479777084478598348e-01 2.291217295647420382e+00 8.556866780758513036e-01 6.783216744984662538e-01 -1.559065151380531811e+00 5.218693238965177450e-01 2.470748485989828977e-02 -1.190627065275368379e-01 -4.840827935424422357e+00 -2.025274974862892874e-01
8.552685171076913617e-01
1.565983521898783204e+00
5.951054755191645285e+00
1.120821398056066620e+00
4.218358408308427343e+00
4.365665961238855530e+00
3.504372718877284409e+00
7.706272602379474757e-01
-4.373669994009365958e-02
5.411738137599351184e+00
1.935866799876359901e+00
4.645358609433690944e+00
-3.389809982653259335e-02
3.889615012644767056e+00
2.105468900173949609e-01
4.666040039219271129e+00
6.824082238317098481e-01
4.942166278247346334e+00
-3.525293361786898116e-01
-1.355278946262257200e-01
1.387066466360073136e+00
1.350355818538807373e+00
ReLU
0.2
22
2
9.841958006282289229e-02 5.223129275798537030e-01 1.823632156065242427e+00 5.490671987582188551e-01 1.491124437129152103e+00 1.274893784876253378e+00 6.941367956953805596e-01 1.553550919851690304e-01 8.443809075189232516e-01 2.054804638463062716e+00 4.122910818613531037e-01 1.827642640966474552e+00 1.035157703992141132e+00 1.576285421876799875e+00 3.059534550105849071e-01 1.664594396589279768e+00 5.720044395122426684e-01 2.019930053860489849e+00 -1.952592935304699462e-01 1.044263110371081105e+00 7.470315064249876125e-01 7.006486991585738622e-01
-2.407300711677068383e-01 6.009740683341799894e-01 1.668148664297905093e+00 3.958716430710785827e-01 1.098597745165891704e+00 1.007905068643894619e+00 8.016362214775329953e-01 -1.733774100493674641e-01 4.108112563173784149e-01 1.816439008505923436e+00 8.371438660735366355e-01 1.345636335931312377e+00 1.333112224875930910e-02 1.654680687774155778e+00 8.216242726137743535e-01 1.293573859629220557e+00 2.114845031559878241e-01 1.705838774225345578e+00 1.107515476349808958e+00 3.241798918546830999e-01 5.336775791763584964e-01 8.326489653774516997e-01
7.851630201649989260e+00
5.229714695053039542e+00
Linear
0.2

ct 2024-06-12 11:29:51.574009
