noname
4
4
4
2
-1.159834887268675097e+01 2.142960126262841936e+00 9.979507233531343502e+00 9.920367170512658928e-02
9.525018418288506705e-01 -1.688385010788938878e+00 -2.063264688500507305e+01 -1.585975003809432238e+00
-4.418745525154123222e+00
-4.483005876963610525e+00
ReLU
0.2
2
2
-5.707316535086496279e-01 -6.894520513868632738e-01
-4.015484696592241942e-01 -2.251212758914563627e-01
-2.675178106687074453e-01
-1.273476249660569493e-01
ReLU
0.2
2
2
1.301222460973342709e+00 1.093031366054313669e-01
4.937534768514383332e-01 1.158198912776551709e-01
3.128430489105607837e+00
2.445309917633626373e+00
Linear
0.2

ct 2024-06-12 01:12:04.430412
