noname
4
4
4
16
-9.379942699356673408e-02 4.926303250037383230e-01 4.505734980754470542e-01 6.483186758058752108e-01
3.920739652840764533e-01 7.011112943036985623e-01 4.870212471759429174e-01 7.590899674985336354e-01
1.204176852722585345e+00 1.702179408737797273e-01 -2.967294686737547704e-01 5.497851418528094669e-01
3.256475931422717074e-01 8.708443620575680999e-01 1.129631061731463104e+00 2.391048253005986224e-01
1.717911022927636200e-01 7.647637549322831019e-01 7.327002292937340178e-01 1.923190679046582474e-01
1.649817346716761224e-01 7.637546835468143058e-01 3.813844336127465429e-01 3.293953292496625829e-01
-9.311446536526192530e-02 8.751275363306119104e-01 1.156752501739684691e+00 1.426281573853840079e-01
3.207353910015160459e-01 1.871134473056739744e-01 7.622739630411871081e-01 2.721557840699419528e-01
2.529996005300554907e-01 3.185618330653610664e-01 7.522285436794881042e-01 5.844700418660493391e-01
4.022079272684862539e-01 1.919613571514434125e-01 -3.466828166258734689e-01 4.731966940804954724e-01
1.305760936190799137e+00 4.566484747013101475e-01 -4.347206449326926903e-01 7.469816673248258487e-01
4.934414504667681417e-02 5.649637172179854394e-01 1.134555388888902477e-01 6.456492561989760626e-01
6.083751935554605472e-01 6.068204408538543371e-01 1.138436431215796296e-01 7.370047261215110224e-01
7.478439022281636595e-01 2.247241903178144873e-01 2.453711099673147045e-01 6.999966635170541407e-01
2.816600215781565608e-01 4.339662436606366303e-01 3.747446122326109630e-01 5.733043604710895691e-01
1.791701995731750929e-01 6.659414588604382068e-01 9.939825757459048727e-01 1.646757327852966246e-01
9.075159421546630245e-01
8.351327120693576855e-01
2.829431934224441170e-01
2.445575586796394293e-02
9.763825757280406581e-01
9.822197774046050878e-01
-7.093902846922742200e-02
4.980431183264067974e-01
1.034384485213421190e+00
5.017428234351257732e-01
4.060573071554581803e-01
7.296987762827382706e-01
7.871820424835739294e-01
8.409707887424833217e-01
7.566128322486275204e-01
7.719886440099633651e-01
ReLU
0.001
16
16
5.889263222081599913e-01 2.050731291835723724e-01 6.045994293178076351e-01 8.065430938420995455e-01 3.453129719450246382e-01 3.467625838283044382e-01 1.214218979513602248e+00 5.287958017135753197e-01 7.878051722219249209e-01 3.776697436232526184e-01 7.620648619910355137e-01 6.576460531651671104e-01 2.358009076808630922e-01 9.861093065773950117e-02 8.396406961779291356e-01 4.798717420430930747e-01
5.832539622318826389e-01 7.972024725723784178e-01 3.757803193537060382e-01 8.445950741954039165e-01 9.156947046125082368e-01 6.150134069146164784e-01 1.127234483682713728e+00 4.679912067970133926e-01 1.389064581645410058e-02 3.804761279521374773e-01 8.988046138373128047e-01 3.730562540102492775e-01 7.922882516117208951e-01 4.442784054110704983e-01 9.063646611547981902e-01 2.309677992358661613e-01
1.014051324702693657e+00 8.112520498262035806e-01 9.764389991757010945e-02 -2.958207932797032522e-02 1.439096571178714867e-01 7.554229213597062065e-02 1.512927124122939448e-01 5.368953741203780217e-01 2.321432770918535338e-01 1.013707999535140569e+00 7.531747093757045208e-01 5.007902397659100835e-01 7.271090929777570544e-01 1.401584767075868265e-01 9.771907467485577703e-01 9.416683169535022824e-01
1.616707755848170169e-01 7.508478015730468691e-01 8.170566144238488038e-01 2.798548685158047111e-01 4.798894535153515606e-01 6.226836213286655042e-01 1.030932109844473032e+00 -2.179352978073124947e-02 9.186270270028453755e-01 5.511023368271031897e-01 2.570752566824964780e-01 9.192458376296188671e-01 5.452856067089282277e-01 2.241397902313873869e-01 5.871223863000467613e-01 3.114587463961143721e-01
6.005790003929379825e-03 6.978413250835031612e-01 4.291353372507347164e-01 1.021581123495067356e+00 5.817494889850550327e-02 3.776123194033221275e-01 8.296946932631064087e-01 3.455604865370077716e-01 2.712506475200356926e-01 2.419244817135829673e-01 2.461777528880440824e-01 7.095745989761278461e-01 2.077434163291052016e-01 3.397499248863740662e-01 1.911808961884622071e-01 7.185948006148645817e-02
3.420070706082299350e-01 6.685671896567334516e-01 5.906760668637109912e-01 3.296566135873461034e-01 2.929095027757543379e-01 6.307389794229734115e-01 1.214207769304554319e+00 8.884939140317065220e-01 1.159805093186211528e-01 8.474519219110896451e-01 2.756805660506901345e-01 5.497455049930700666e-01 6.296853525250960537e-01 8.381890422952871858e-03 2.255871653364060481e-01 4.076676154087000570e-01
1.666802170874684061e-02 6.838297130308494676e-02 6.197819860639073308e-01 2.090372598755728117e-01 2.795467505476877459e-02 1.290049618946683407e-01 8.255024334586092971e-01 8.657036015706366383e-01 1.339151752152852592e-01 -1.368969058223742236e-02 3.868664787343910616e-01 1.395172857535594280e-01 6.609997140095758006e-01 1.758244912929358417e-01 4.190900034921762329e-01 9.703243245898746094e-01
2.345546248317387783e-01 2.148065485430063204e-01 -5.878547459190554964e-02 -1.835146861014841646e-01 3.998558849273253779e-01 5.436109227907537367e-02 -2.220632115122736158e-02 8.384997873645004818e-01 4.764492040855307642e-01 8.285908207143409809e-01 4.491935460441490724e-01 8.000581992696928491e-02 2.948012670439049687e-01 6.623680323033511730e-01 1.082010606896850330e-01 7.789289564753256734e-01
7.550522313148094744e-01 5.644801024993135741e-01 9.046048194152210842e-01 -5.764143791663926125e-02 2.152634528579630557e-01 8.813168376576284713e-01 4.986436240386868946e-01 3.069501801556386300e-01 1.057120207395568334e+00 5.312328116786282362e-01 9.446177680133606147e-01 2.896320499985841068e-01 1.988573216716052749e-01 9.684210528110175353e-01 3.478825579511480304e-01 5.650313788291327910e-01
6.690522670034997343e-01 5.025215562144460524e-01 3.128011184168470824e-03 -1.626314033859758978e-01 2.207349111641115358e-01 4.018883129411187638e-01 -2.197871431924699748e-01 6.137616840606949786e-01 8.374325693883527544e-01 5.728944681088401492e-01 9.170967591529920471e-01 3.717603454500071347e-01 4.102659324366169091e-01 1.845681243762065937e-01 7.369785279838892977e-01 2.691978098792551788e-01
4.708389731109651200e-01 7.030575643694971788e-01 4.226391748471549636e-01 3.337515653423343553e-01 5.085467729053169128e-01 3.287444858111812640e-01 1.017573507994979920e+00 4.405614075982210998e-01 -3.717995365049444646e-03 8.418990378832990062e-01 2.886988346723292076e-01 3.096604260783436535e-01 1.487273419294304622e-01 3.966956046041650863e-01 4.197979655474252114e-01 5.446232474325274353e-01
5.179744978124730670e-01 8.341833383005063940e-01 7.532659342109072620e-01 4.428964016209240295e-01 4.549161928476055938e-01 2.671241752057286756e-01 8.187071429742422968e-01 8.446916657885206181e-01 2.450249049171082105e-01 5.075272230428304887e-01 4.467220933963955698e-01 1.531160707460485770e-01 2.146262470821189705e-01 5.901506482627263406e-01 4.354346148890377299e-01 3.039477277576437819e-01
1.200299827860136920e-01 2.042212054487401451e-01 1.706960543119989404e-01 6.905150081370438064e-01 9.310820377855407726e-01 9.744126875623394524e-01 2.830852379030370236e-01 2.770876854126333999e-01 5.538291148833667243e-01 9.529714967116790225e-01 1.787132223652187768e-01 5.293579684326255030e-01 9.902333764796141802e-01 7.657851944818107048e-01 1.035308467647240854e-01 7.476939686578732980e-01
3.996998132822000560e-01 9.068299151924625878e-01 1.025285362992610916e-01 8.644746816683821500e-01 2.801746557167292817e-01 1.532465070545220298e-01 4.205234143002541392e-01 8.088385103052628811e-01 5.380998805811900709e-01 3.322475922619062549e-01 2.553887129722922644e-01 7.087244156616722135e-01 5.080220053560531301e-01 1.436309526112744817e-01 5.612272863974426818e-01 7.311938152678075786e-01
9.245604084641857456e-01 1.107647635026557664e-01 6.217952600558201981e-01 5.922127722467273037e-01 3.994836880042346161e-01 9.778036168638797321e-01 7.347768050181275878e-01 6.250747599251011977e-01 1.003921627093999458e+00 1.123868150573154590e-01 1.509373707204901202e-02 2.498275277584598997e-01 7.292728077153184385e-01 4.120889931847432353e-01 9.777543575261031794e-01 6.730092744441111829e-01
1.000491066833385068e+00 5.506593926460014998e-01 7.573219118103222680e-01 5.099040431591920219e-01 8.571658402245088126e-01 1.822871882998886028e-02 -6.628830985626234761e-03 7.236606241052475630e-01 1.444194597894658816e-01 6.503184953712168870e-01 9.348865372363496240e-01 5.424934676857019467e-01 3.892585185813335902e-01 9.235592226833736484e-01 8.221494049317148445e-01 6.257326199703745484e-01
6.245376205577076734e-01
-5.682008696683398148e-03
5.879470435620697266e-01
7.346613112055684347e-01
1.550834408400535158e-01
4.725697192627512089e-01
-3.580487699403177293e-02
3.548757770872436046e-01
3.231856434929111788e-01
2.151300516169157018e-01
1.413217474362220560e-01
-3.688719455569466205e-02
9.634470901414611266e-01
4.554021712110835063e-01
2.391289899645678285e-01
5.599765076508039785e-01
ReLU
0.001
16
2
1.598671820396138921e-01 4.065565663270738206e-01 8.128762056836396077e-01 2.462409822780581570e-01 6.404636942662685906e-01 1.548135000114539139e-01 2.832475729359788530e-01 2.251298621595729799e-01 9.134947136749200780e-01 6.212103186031640023e-01 2.410958118575706466e-01 1.573874319338555983e-01 7.893871029251473548e-01 6.549033981082676981e-01 9.030306812665194194e-01 4.933313983452634055e-01
3.969055741499119550e-01 6.353412907942392884e-01 1.421868402569280154e-01 6.095399509151133710e-01 8.823297755384770236e-01 8.545993528625238644e-01 8.254499755690372087e-01 4.056357711027377272e-02 5.727561161577671145e-01 6.613664242500806589e-02 5.212151176788724083e-01 7.946134776178807035e-01 5.995719779114938586e-01 6.031082061027137620e-01 5.816977545104917713e-01 3.123504203965065673e-01
1.092355464884459337e+00
8.270630256530208113e-01
Linear
0.001

ct 2024-06-03 18:36:27.040282
