noname
4
4
4
16
2.249471871522874533e-01 3.838702959491032130e-01 -1.153600961733055819e+00 3.462104924204081335e-01
5.026212986778350045e-01 5.730274537780288835e-01 -7.458277632775749399e-01 5.558026765129961966e-01
1.589183847957978957e+00 -2.411478236643124426e-02 -2.037710382342477367e+00 2.931561743550700205e-01
-1.018662052767083548e+00 6.330277280179302801e-01 1.974389628770727878e+00 2.086969936456923858e-01
4.855340142008794935e-01 5.188393262709775078e-01 -6.757430688856670420e-01 7.131558385736562478e-02
4.983707640818876294e-01 5.782340610635010592e-01 -1.073412519516155461e+00 1.486348246430380937e-01
-1.288439275551283014e+00 6.084426509750910927e-01 1.934296691427766390e+00 1.622486529664048382e-01
4.355239884494888081e-01 6.038058460935509519e-02 -4.694671624118765263e-01 7.392228335359274372e-02
5.573726627103562370e-01 2.054068638929933965e-01 -8.258345895412154691e-01 2.928400749178519114e-01
7.259913418354159154e-01 8.963500936289073295e-02 -1.988288904494474929e+00 1.606659267107853895e-01
1.775412900262413274e+00 3.175615764891108195e-01 -2.274506647450105667e+00 4.212268521280920774e-01
1.865588172492279595e-01 4.338186469893876573e-01 -1.173624086866075666e+00 4.357258789070694305e-01
8.378259763777118341e-01 4.822796256432024253e-01 -1.318443527097160173e+00 4.889264767857869343e-01
1.088726547503799935e+00 1.849659126559614342e-01 -1.390337015107768970e+00 3.371231392641508839e-01
5.169636208067602823e-01 2.999781237704146064e-01 -1.102425005871148667e+00 3.216762111705157579e-01
4.961433613468806958e-01 4.203796319830885309e-01 -3.988677494188134776e-01 4.915028427375434800e-02
9.738620286461336928e-01
8.773630552877633715e-01
3.162427660493170034e-01
-3.980566115678989547e-01
1.014118969220509037e+00
9.991964794560841412e-01
-4.081003348981067091e-01
5.289002534963010982e-01
1.096890290241109067e+00
5.702724757132294764e-01
5.179502176523254064e-01
7.627407521547687752e-01
8.325565653563731239e-01
9.399036924594139641e-01
8.027306682845833929e-01
8.322408544624213533e-01
ReLU
0.001
16
16
5.483394840475628307e-01 9.008034424562047504e-02 9.245656135515161189e-01 1.309147964380569462e+00 1.129074576477425706e-01 1.915235897142163468e-01 1.832825553905589544e+00 4.682953660937451135e-01 7.424277712630856785e-01 5.421221443981518728e-01 9.414834275387069518e-01 6.047810194246107107e-01 1.719565996353941695e-01 8.406052660318140413e-02 7.972030359973262259e-01 1.871202377232435154e-01
5.261580264682543806e-01 6.345566469658162623e-01 8.091218199585412663e-01 1.581205905225508523e+00 7.143067755705577726e-01 4.923991477484341295e-01 1.894508812024178868e+00 3.680684789562055914e-01 -4.517204848342509099e-02 6.135744040456156956e-01 1.170040082721319097e+00 2.916126067658966203e-01 7.132214319179455142e-01 4.411593421400177295e-01 8.478814071574077849e-01 -5.425696451053261399e-02
8.711154656319524126e-01 5.109086773510407298e-01 6.973677366342349027e-01 1.654138605824958974e+00 8.336506372368272799e-02 6.163985000980264084e-02 1.354455440346777451e+00 2.984138949064409352e-01 1.005001232732346816e-01 1.332621042151775903e+00 1.176094921055957254e+00 3.084242949896653929e-01 5.785203411879203950e-01 1.252109123163178128e-01 8.372256147833070372e-01 7.399354496871377584e-01
1.296933215074466683e-01 6.422308826070178833e-01 1.152961408839295654e+00 7.693293251310734382e-01 2.648553123211414562e-01 4.835959197645997021e-01 1.641773657324463898e+00 -7.625513866541384911e-02 8.819161454307686832e-01 7.288091132452285681e-01 4.541104217199946613e-01 8.735745143030680948e-01 4.902359951904905477e-01 2.198137338557118181e-01 5.530568846393352223e-01 3.478597862228908350e-02
-5.210573668152365667e-02 5.274068786329868530e-01 8.819626490412799669e-01 1.833310687611875878e+00 -1.299686306835077521e-01 2.675385088752426643e-01 1.646214883836085052e+00 2.397271003620264351e-01 2.118362718998105243e-01 4.903008051440734261e-01 5.335998176624702216e-01 6.242720853249266177e-01 1.273503242738993901e-01 3.408768292360162544e-01 1.314650803532675105e-01 -2.053763455093757240e-01
3.502922676487179032e-01 6.382053835459772229e-01 8.017319703144420995e-01 4.914064332822923875e-01 7.932050219112701805e-02 4.859475656019278667e-01 1.606994286806242789e+00 9.001990572015433623e-01 1.163518050053335834e-01 9.592847339761815251e-01 3.824774824494690528e-01 5.575874937061044978e-01 6.144242940366031469e-01 1.107462221858844867e-02 2.310323831090088653e-01 1.625087987329706940e-01
3.858754327990587644e-03 -7.361415023830563016e-03 9.122558782605160177e-01 5.861012701119786561e-01 -1.848654336575951962e-01 -9.780750009499090264e-03 1.362888144973139815e+00 8.403542828572332368e-01 1.152295871275730577e-01 1.440837480055338071e-01 5.522343080530358606e-01 1.179156446537909242e-01 6.243711415124103548e-01 1.779298693200158932e-01 4.038237270673257773e-01 7.065813503125084605e-01
5.140507871330489420e-02 -1.198109983738569889e-01 5.051002049015248518e-01 1.616915692314505160e+00 3.007292082977899850e-01 -2.964750131838905399e-04 1.206959159209686661e+00 5.615749601198090080e-01 3.071857486537087900e-01 1.102484595367598130e+00 8.340189772396910950e-01 -1.507974188653433412e-01 1.100020886641238094e-01 6.110714222300955845e-01 -7.018358372540357826e-02 5.396505408764521450e-01
6.416911048961456698e-01 2.974834990773110310e-01 1.501455594581015518e+00 1.299399427796338324e+00 8.176954218136625596e-02 8.172155187745018257e-01 1.604129882921649264e+00 1.111962957470937763e-01 9.495144163448786534e-01 8.541747824160917935e-01 1.350219586682132045e+00 1.320061536843870897e-01 7.109312650697983960e-02 9.633464495384487236e-01 2.356713220441843115e-01 3.042445776844006633e-01
5.189060420023831055e-01 1.967289554521942652e-01 5.926377624803945698e-01 1.557632550433480700e+00 1.654131739928342004e-01 3.896598364848311569e-01 9.818832624838769174e-01 3.675256783803579896e-01 6.995634939744764802e-01 8.830265099468325163e-01 1.332906427225851287e+00 1.723605225713207845e-01 2.561613547438655880e-01 1.643618131390381654e-01 5.902787020328742473e-01 7.185061678275586616e-02
4.295850414094324332e-01 5.778514421564665549e-01 7.806665999913542375e-01 8.989551487096830718e-01 2.901420414673234194e-01 1.878747266317023767e-01 1.676461928118667455e+00 3.723892973153744568e-01 -4.905936115731449054e-02 1.030992803878406860e+00 5.000788744328389379e-01 2.523025402930962335e-01 8.436731264892051441e-02 3.894771183993745445e-01 3.766903536487505311e-01 2.590703588102030164e-01
5.273460596862402650e-01 8.071246841651710247e-01 9.516019598861782391e-01 5.846085861145279283e-01 2.403997265077897072e-01 1.207973326116661139e-01 1.198824210681898483e+00 8.589739977339136967e-01 2.465776588885100484e-01 6.134623150291055316e-01 5.430510477328864827e-01 1.628445437193212497e-01 2.002292596208848918e-01 5.920104943519826080e-01 4.418775633150179849e-01 5.921945118727751228e-02
1.032826292691419595e-02 -5.616332596300722263e-02 7.621005636523754401e-01 1.999015634618822812e+00 7.848502399702057541e-01 9.003225409374147059e-01 1.368801338739077167e+00 8.821360696612126628e-02 4.489101441364644618e-01 1.270420567293411240e+00 5.786481536916582291e-01 3.767789891803882685e-01 8.654419187035413685e-01 7.602087302081976805e-01 -5.154485430614757710e-03 4.782213712631405711e-01
3.088779040082040850e-01 6.791595738601751142e-01 6.298971970511522134e-01 1.899605642918691162e+00 1.205175008291779204e-01 6.676935731762788373e-02 1.359239923541446959e+00 6.501704880180332324e-01 4.492269919114458832e-01 6.187929987981507507e-01 6.041962277811733228e-01 5.803983773353604825e-01 3.980452965679993627e-01 1.378946238175016437e-01 4.696732909514579890e-01 4.625536914036124103e-01
8.133926380379928878e-01 -1.528995863507683350e-01 1.209698547447129569e+00 1.896331929922863146e+00 2.675733810229394827e-01 9.144719908307609169e-01 1.812173790631471215e+00 4.324893711521334838e-01 8.979575668281379874e-01 4.311026359336401770e-01 4.145859091361895898e-01 9.455196237757330924e-02 6.029224181185509623e-01 4.065814714936335506e-01 8.672924079109067819e-01 4.160710343981136594e-01
8.762831803576742740e-01 2.734248365595055574e-01 1.347072963087745379e+00 1.873366543536484574e+00 7.090058825148765065e-01 -5.973285710095444651e-02 1.100434570001297629e+00 5.176302133967591868e-01 2.619703224313425782e-02 9.633714224906440027e-01 1.331216428360032067e+00 3.746294129146172103e-01 2.511645341034358658e-01 9.083494195563227569e-01 6.994868788319515973e-01 3.502235959489037320e-01
5.101166493881548192e-01
-4.511818789087421178e-02
7.856226744541624507e-01
6.375876610822566182e-01
1.381908337374648243e-01
3.168150356678492430e-01
-1.515004482661249097e-01
5.281221543235461446e-01
4.307606238563529977e-01
4.205507574078352628e-01
5.299799923527700324e-02
-1.953741011166662822e-01
1.051757088820323816e+00
5.008897301784175360e-01
3.417791240039015910e-01
6.552572715619048305e-01
ReLU
0.001
16
2
1.581912691477828370e-01 3.782932559559794017e-01 7.880913666156925679e-01 2.264005141431278956e-01 6.159213024125292923e-01 1.275400498790845438e-01 2.460614625646525278e-01 2.623357703911576855e-01 9.341716613508185274e-01 5.976991262936360849e-01 2.315943321677083333e-01 1.086640236040613411e-01 8.213871819712523781e-01 5.774913424048520039e-01 8.672216586469874144e-01 5.033056525346443211e-01
4.037991902549724621e-01 6.395898810942185486e-01 1.484456422153681843e-01 6.046474310995565427e-01 9.166948811806150399e-01 8.545134286996819428e-01 8.295829330080152220e-01 3.520601054561858095e-02 5.782155915400525314e-01 8.044841679257924705e-02 5.228092391375104286e-01 8.126906544444636449e-01 5.583858098193135167e-01 6.077688981505657839e-01 5.825354819510821791e-01 3.126458935092475411e-01
1.339670280247339473e+00
6.419741425627282227e-01
Linear
0.001

ct 2024-06-03 18:37:16.683558
