noname
4
2
2
4
5.563866144289560944e-01 5.478024593392567532e-01
3.932369983894198895e-01 5.097822805027092397e-01
7.051787844223860180e-01 2.153825605914438390e-01
9.767562600579000609e-01 1.541290441468818051e-01
7.870502103003407246e-01
8.383066738909342730e-01
9.280352756947195525e-01
2.386750589751822083e-01
ReLU
0.0001
4
4
2.658058621635679963e-01 5.289633167475209508e-01 9.486688456428296057e-01 5.415325938322059773e-01
9.202659769608131368e-01 6.856084726443492094e-01 1.399598809959389789e-01 1.260307662947363350e-01
9.122139227973934394e-01 2.138259054237409418e-01 6.749394777690623792e-01 1.090962108762267430e-01
5.834245074083613813e-01 3.991035508008894395e-01 1.521517170135398000e-01 1.214474772961674637e-01
4.866721940291192650e-01
7.715365024505324576e-02
5.985580117550322043e-01
5.414127030899332782e-01
ReLU
0.0001
4
3
5.502208631186418231e-01 5.964094790770176902e-01 2.697777154481746376e-01 3.678830703544790359e-01
5.437963631993006919e-01 6.465442878960925288e-01 5.818430599681796433e-01 3.152372123162032191e-01
1.259886777359070786e-01 8.649078728074627298e-01 3.645744729188462041e-01 6.753031079689995053e-01
7.717461195436429167e-01
6.519082715384145743e-01
8.555421951475060682e-01
Linear
0.0001

ct 2024-06-02 08:29:19.222579
