noname
4
4
4
20
1.153568981385994618e+00 6.385768379377401160e-01 -1.331566223026120044e+00 2.736222873098692054e-01
6.678905160203681968e-01 6.960980505713363353e-01 1.218253694587375202e+00 5.035893223578001843e-01
1.113708153618247598e+00 8.378798761915936533e-01 -2.990465531903645502e-01 2.219611374454817931e-01
-1.078598612082777519e+00 8.092038238369938519e-01 7.333689642740639059e+00 9.515097963233508649e-01
-6.812741283745002985e-01 1.187786535581677239e+00 2.996241372725522378e+00 7.510239385169500959e-02
4.885637090163664209e-01 9.874478680001614883e-01 1.061217014195614539e+00 6.053617246609181990e-01
1.121313228002369933e-01 9.042162616465951874e-01 3.480905586393246987e-01 7.559630455667472049e-01
-1.455070410363961397e-01 5.554595949566960567e-01 1.201887787220046189e+00 6.347822465926372670e-01
4.538588806147844101e-01 5.277220107250610859e-01 1.649842658110609150e+00 1.274188391386125996e-01
6.473670297412543739e-01 1.634671607106654156e-01 5.765060553517722397e-01 3.714402276981340068e-01
1.580363674974165855e+00 3.941402721290797606e-01 -2.088150584249089114e-02 6.727318695422939143e-01
3.029184259517724853e-01 1.130022845842054702e+00 5.772996765870329616e-01 5.698526869491632452e-01
1.335353290068809429e+00 4.169347375323035343e-01 -1.055489476151011408e+00 6.970352871511413806e-01
1.325135610116422447e+00 1.070852600961539780e+00 -8.679742415977140801e-01 5.551336529823361898e-01
1.074243368248912978e+00 4.981481867518463003e-01 -7.244669949226402172e-01 5.743250883721047195e-01
-6.133359093679114915e-01 4.669016376383877120e-01 1.465470625849818909e+00 4.771685497420319888e-01
1.177457971353986776e+00 5.210817316397162724e-01 -1.170672093181779783e+00 1.900089595675831522e-01
-3.423133038513983539e-01 6.646864472581524019e-01 1.087566630467152073e+00 6.837586162045358185e-01
1.561523775652501556e+00 7.954054334846274443e-01 -3.819872551389221216e-01 9.135555818279501583e-01
-1.784707791270959826e-02 5.761667477910836777e-01 1.286272556599352024e+00 9.829010927420168686e-01
5.277717453268552239e-01
3.998730107242067788e-01
6.556907749124921692e-01
-1.658613667398686653e+00
-9.616562865988982634e-02
3.454759041012542276e-01
5.633868613723502783e-01
7.653137488892907125e-01
1.241081657962753160e-01
7.684581764512926627e-01
3.301935090978174725e-01
2.117492145740554610e-01
8.439482313724184781e-01
4.203551678327227537e-01
7.021291385594555789e-01
7.025836116707944168e-01
6.110122624591647345e-01
7.567450871424700187e-01
5.572280910081949257e-01
-2.347905357132211990e-01
ReLU
0.01
20
20
6.154088884627907374e-01 -3.592268822785731897e-01 7.963960530226261714e-01 -5.704446368890894625e+00 2.572804607666287838e-02 -2.999485461532509500e-01 -3.560392637650660469e-02 5.450534099125398102e-01 -5.390797720157164408e-01 3.435905408603029954e-01 -2.525052285036540889e-01 -5.301067150510162529e-01 4.175248460765205172e-01 5.877379709122851903e-01 5.436601841419176351e-01 1.737984380417388619e-01 1.477840571067250974e-01 3.150918842126835817e-01 3.349112884800885537e-01 -1.964961699397050343e-01
2.460003309065011967e-01 4.677712066809088243e-01 2.113139748944894147e-01 -5.724178909613188537e+00 5.074658137457153106e-01 -1.472431946465817543e-01 6.129442843591769927e-03 -5.766259576582601770e-02 -2.637604929079783722e-01 8.137225758804217390e-01 1.318269950748884034e-01 4.197601289709232408e-01 3.992068647538875581e-01 6.582087541266207209e-01 2.291314356890763460e-01 -1.214169019341592159e-01 5.436675445060581285e-02 4.696044643070342861e-01 4.061767521840668471e-01 -7.532462198273159881e-01
7.749553959566614358e-02 3.382730466455575735e-01 1.479496256768755014e-01 -4.618811580290508978e+00 7.945210272475163871e-01 5.693875064622441196e-01 3.753137987341759185e-02 7.203418137243918773e-01 3.866592597889191296e-01 1.017539775245595440e-01 3.222936064224867225e-01 -8.110559401912469102e-02 3.925169214087141922e-01 6.701160288845783852e-02 3.805712515027032117e-01 3.643509355792886040e-01 -4.986763907368814697e-01 7.607690620823260863e-01 5.505825901731226102e-01 1.044265821684828149e-01
-4.432210288122986896e-01 5.671819457754162519e-01 8.907692648401395463e-02 -4.571712116845386475e+00 1.270578977662680575e+00 -1.624879009036984956e-01 3.583666249946914836e-03 4.994215014323591939e-01 -2.549571034853325702e-01 2.632581332304661514e-01 4.751081709359568639e-01 6.225179660667037318e-01 -1.246711274221893803e-02 -1.390338295912316342e-02 2.102908125805226514e-01 2.938769931037875024e-02 -2.383356256485764380e-01 1.310206156912462061e-01 5.254916127342224019e-01 5.136218487520360920e-01
-1.568487609187688980e-01 1.455922060453917477e-01 7.499316871036158794e-02 -5.668264289700686298e+00 9.051372766669064929e-02 6.736722513847685778e-02 1.258458911644799727e-01 2.849532206171195847e-01 -5.195203671941679424e-01 1.690825980800958195e-01 -4.502236234305224960e-02 -8.115239134070643956e-02 4.169303982988983859e-02 4.345948882531482926e-01 8.130605809584745547e-01 4.089832183632052254e-01 5.923875198976995549e-01 2.656183798123230577e-01 7.491482668947370138e-01 -7.320876103479223573e-01
2.124962244658335386e+00 -1.688601104589292579e+00 2.140012142653016980e+00 -1.864722600507139783e+00 1.427424641703491259e+00 -2.625206700858895847e-01 -6.217955056243830159e-01 -1.583915298658467030e+00 -2.298354699754918684e+00 -2.083688769877771740e-01 -1.146254257686075251e+00 -1.134362070949055390e+00 9.392443163692727470e-01 1.579725633496736004e+00 9.405732219947811057e-01 -2.215908019187769362e+00 1.914407903891789831e+00 -1.883999634336820828e+00 1.981617681457903679e-01 -2.404730772206375156e-01
6.019966251154781345e-01 -4.524910750758601163e-01 8.055626066612314728e-01 -5.446993264284215819e+00 3.208858397171464039e-01 1.043188179561191781e-01 2.394985819533597959e-01 -4.814382210696879771e-01 -1.136879578104406235e-01 6.427437191469903555e-01 -2.961801029100357696e-01 1.806365997194291084e-01 1.756764326809813759e-01 4.682424144008197064e-01 7.458552579749260225e-01 -3.958613504788022763e-01 4.222381818867036452e-01 1.127895850268140626e-01 -2.608172850518721830e-01 -1.124499087084163795e+00
4.325498843547794653e-02 -5.123685040176297750e-02 2.918896353367496643e-01 -5.878342736809758939e+00 3.972126069394250197e-02 6.503899513413717859e-01 1.428944166645343683e-01 4.274369306466174745e-01 -9.750099794300842726e-02 2.349106247586205953e-01 5.593955548139168954e-01 -2.361822288476391196e-01 5.368164969702753364e-01 -2.636309528991898077e-01 -1.846199703513420887e-02 4.643194065477160848e-01 -5.022214251006976715e-01 -6.433726772396104743e-02 8.191414664422129732e-01 2.081537679475244929e-01
6.334111047104336034e-01 3.395070772323303121e-01 -1.646049065561528135e-01 -5.446624340171716483e+00 -5.195904094259797684e-02 -1.035614735705128742e-01 6.983725724169225213e-01 7.317629165029150284e-01 1.498656444110861852e-01 7.850820810551056850e-01 -6.277635136434164820e-02 -2.694012418854682123e-01 7.597565192828704683e-01 -4.289452132393549444e-02 7.201772855580070853e-01 1.290057557208510765e-02 5.018073312355101345e-01 5.738223219323380642e-01 5.170344232840370369e-01 -1.103469818201605751e-01
1.340483858332915112e-01 -2.221261690429972291e-01 -1.386063415239127405e-01 -5.717729013922113523e+00 -1.583846722794535478e-01 4.292340689882847560e-01 2.892109573014824409e-01 3.183597686584599962e-01 6.387637743803374624e-02 2.161808158058940443e-01 -2.654640314429951853e-01 4.857947927406058297e-01 3.446610558939436353e-01 3.311218809398486784e-01 7.385846830552234010e-01 4.419233174343622714e-03 3.908463729009395982e-01 2.776201963992259159e-01 6.742873753182443419e-01 -2.503506543932931816e-01
-4.316981685881935982e-01 2.142529419085339171e-01 -1.334271849011665068e-01 -3.667540125773466109e+00 1.244439626104578478e+00 2.466771255835878973e-01 4.426073489806972572e-01 7.398494312991750199e-01 2.788838802746237966e-01 1.061615558128379405e-02 9.072562739029399470e-01 4.962696819306685603e-01 1.137293542255752715e-01 3.095938266350855561e-01 -6.240988446076325968e-02 9.653037289469238447e-01 -1.317093186830741169e-01 5.887945326004155877e-01 7.345768227108221415e-01 6.598534789510603904e-01
3.133766453202880276e-01 7.756306174628052608e-01 5.675033832929916588e-01 -4.640499562285759438e+00 5.876369150030369415e-01 -2.398493502531848509e-01 5.537335369554232667e-01 7.477184271949197103e-03 1.374835918889923680e-01 6.928543554539985383e-01 2.788273691081872840e-01 4.928865676057136991e-01 1.092805859411073444e-01 -2.861719806128555921e-01 4.488592977497470327e-01 4.557386649861105421e-01 -1.943246480769503792e-01 4.302467761145916114e-01 4.383034834509921818e-01 -5.467058765901731121e-01
1.035187412865756357e-01 2.848813177232033533e-01 3.587788344770238558e-01 -5.444851174336016619e+00 7.583563250500603425e-01 -2.977401862620053172e-02 5.897533582854851408e-01 9.992667261698204850e-01 4.033609237646864076e-01 7.600946747215755472e-01 3.312104661570925423e-01 -7.630479578041929334e-02 5.499667198080382402e-01 9.879792211353559395e-02 6.907135984246274285e-01 4.071566402276358132e-01 6.018928397487236515e-01 7.616213556022698450e-01 4.475739762757561802e-01 2.167214255503854270e-01
-6.808511328320812628e-02 -5.356304917874209204e-02 -3.781044710756821248e-01 -4.110860579508807788e+00 1.160696212384138670e+00 1.562334021005712670e-01 1.578582643163265742e-01 3.754075413743059864e-01 4.964621262222393971e-01 6.686984209746736907e-01 4.396600146098773032e-01 5.917133009350956652e-01 8.568332868243233591e-02 1.986656295840599218e-01 -7.938244798060342666e-02 1.942745583560412034e-02 -2.593946536180913309e-01 5.831875729829179011e-01 -1.721330870155639986e-02 4.591624126043239440e-02
8.814636030649931203e-03 1.883476421070845452e-02 -1.087303666595937912e-01 -6.150538302690184977e+00 1.637074474072868976e-02 2.508020350923830244e-01 3.172473855413566746e-01 6.548062302740513818e-01 -1.450204147004699740e-01 2.068202576880593391e-01 2.209692523430875633e-01 -1.222368252152655071e-01 6.986724500033496543e-01 -2.972026720066973104e-01 5.038941393916155365e-01 -3.876387417178734501e-02 3.822027003583288174e-01 3.069263375319089548e-01 3.043652888293245651e-01 3.430929929579602522e-01
-7.733621681954737370e-02 -1.169337103320126914e-01 1.529440572136832877e-01 -4.898943917805059556e+00 5.886700480179818395e-01 6.909343969180005429e-02 4.656057250127108582e-01 7.858415836474799132e-01 -1.096643083094215043e-01 1.973892048187634585e-01 3.321746880076478226e-01 -4.236121535952869777e-01 2.943888032552067213e-01 1.874809905380707964e-01 4.266273806165630789e-01 7.187927269408740383e-01 -5.621530139390783498e-01 6.448403554714474684e-01 7.702873197460571308e-01 -4.510892189208220437e-01
-1.488343008860347760e-01 -1.948016012275455844e-01 6.806901992545966174e-01 -5.344174309654327715e+00 6.032909909288054484e-01 9.652207445004822028e-02 3.289957305357907313e-01 3.838370272711626452e-01 -6.169123297824480323e-01 7.130123791068618821e-01 1.617955044583990476e-01 -1.954494037372166426e-01 7.198894519276823889e-01 -1.842483282878406292e-01 6.359083848774107171e-03 3.693359001835460065e-01 7.127798868680126354e-01 1.936038599752056000e-02 4.092147026195914750e-01 -9.448805004704224908e-01
-1.570127002695523855e-01 2.270711271142749899e-01 -3.320632526484735836e-01 -5.843644898309276137e+00 3.288073950017976199e-01 6.136964987730958443e-01 4.412574261843314471e-01 3.879057049563755522e-01 3.555506045440103707e-02 1.033138191700192915e-01 1.388262170703037368e-01 3.537005681855037720e-01 -2.078992501163102677e-02 7.090562267969152677e-02 3.459071881150232314e-02 6.725170634239769907e-01 -3.570130870316826632e-01 5.599794475152602979e-02 4.353042485683927820e-01 3.264864458784156875e-01
2.175904887439157886e-01 -3.338147323615985734e-02 8.302638864628520965e-01 -4.643403984524337780e+00 -2.625962009259116825e-01 -2.056540968202554831e-01 2.072786750935703692e-01 -3.181535482910035628e-01 -9.364044924398264858e-01 3.072002267759600946e-01 -3.371597515172347626e-01 -2.933657844332062115e-01 6.675226188754288525e-01 7.221751868550870812e-01 7.385626343387226012e-01 3.073748240662693698e-01 5.928006922214887897e-01 -1.586603647887380522e-02 4.746588839214849198e-01 -5.672927802900519234e-01
1.517835355703702205e-01 4.302275464229340929e-01 -1.237674104188075802e-01 -3.651954924046202144e+00 8.133913887454020664e-01 5.556020026964434422e-01 8.914226615720365343e-01 1.581167204973929485e-01 1.815360533835193579e-01 2.290409702203021203e-01 3.699290112580033707e-01 4.424227263294526757e-01 1.084964219055454121e-01 2.111221134307410263e-01 1.036957916992882756e-01 5.270638669205628402e-01 -1.253937284368758509e-01 2.264329511386612981e-01 2.009522222578038475e-01 4.864249918123879080e-01
1.552956825795979823e+00
1.233893400080030345e+00
4.769268611808007430e-01
2.990068724861678212e-02
1.060544612440023071e+00
3.706238149984428798e+00
1.552901682921429494e+00
9.714947731839577993e-02
1.538518616537406292e+00
7.277521222043291660e-01
-2.628356793891363785e-01
4.780776427950171881e-01
9.190210105041596300e-01
5.182848785684957688e-02
3.308642434141879918e-02
4.445328531899413460e-01
7.466177996686540475e-01
4.865912052983767944e-01
1.356211115786098320e+00
1.044535897359580717e-01
ReLU
0.01
20
2
1.335571514701042073e+00 1.281498852070606986e+00 7.169140182229601921e-01 4.377101880920965526e-01 1.071963104886600515e+00 -2.364181051902729536e+00 1.358733624055874500e+00 6.256890167741052666e-01 1.218241263025752641e+00 1.128779052691676776e+00 3.143272130724877322e-01 9.020155352106099533e-01 1.183801904496849744e+00 3.080557548249659439e-01 8.526222664406100105e-01 7.452200798640027379e-01 1.091232171390869699e+00 4.386651440014380787e-01 1.176444287129949862e+00 3.288838532608852061e-01
6.875308858090322106e-01 6.493756126975325227e-01 1.006998344951250068e+00 1.024026827984317656e+00 8.584917050540167294e-01 -1.136087991781437267e+00 2.874909196750367046e-01 1.106091067082918045e+00 7.634265333891165906e-01 8.898792586843408126e-01 1.128388579408801773e+00 9.325832240483807878e-01 1.064349489375896685e+00 9.677819578174899906e-01 1.109070417375140671e+00 9.029987596121543669e-01 6.269853208486553253e-01 1.138748524668763862e+00 3.554017846110176237e-01 8.036002276294694768e-01
1.751691448383122962e+00
-3.870846476187667640e-01
Linear
0.01

ct 2024-06-02 22:02:43.623851
