noname
4
4
4
5
1.543177015118855355e-01 4.557817302243710733e-01 3.269488576015602277e-01 7.293201954638145468e-01
1.989249730514472680e-01 3.469702253722298790e-01 -1.840333993211484553e-01 5.037237671872248912e-01
9.353342015463487202e-01 -2.393613573903389385e-02 2.180850021541640149e-01 7.583292928083207318e-01
8.688512791530994539e-01 8.050867017127064651e-01 3.990939328027252042e-01 7.979298173943020211e-01
3.413978263824610226e-01 5.050447081558263607e-01 3.692974629218042648e-01 8.795833866699595549e-02
7.350739255923659510e-01
5.925410008298234166e-01
4.336027720855538115e-01
-3.102211986045960365e-02
5.814972496357139198e-01
ReLU
0.1
5
4
8.191060577289892564e-01 7.230233129762411171e-01 6.517144239518616322e-01 2.483457416339076018e-01 2.139604229202728830e-02
9.558966622103968191e-01 4.935508779802988411e-01 9.265342587406941721e-01 -3.721023780042108653e-01 2.293495590329023837e-01
-2.517011421628497225e-01 -4.866024951631693352e-01 -9.277386425628433853e-02 -1.287060585357798492e-01 -4.252678775344569118e-02
6.180720763497546955e-01 1.658093580745553519e-01 5.085816907864281200e-01 4.320627373491908174e-01 1.818330955300255514e-01
4.416377388491144473e-01
4.326561359138733631e-01
-3.661361839340295243e-01
9.051696254459341562e-01
ReLU
0.1
4
2
4.657479997007611394e-01 8.712592110626979913e-01 -7.926453066239544376e-02 8.703040512526637462e-01
8.222801889540751197e-02 1.403129443843783020e-01 3.103839483449677972e-01 6.779078439077287355e-01
4.567377652669925014e-01
4.565767083168957852e-01
Linear
0.1

ct 2024-06-16 22:02:28.295681
