noname
4
4
4
18
-1.790181565528581542e+00 1.339131528908264479e-01 -1.076876688226701129e-01 -2.178753860675696208e-01
-1.274349391713297530e+00 3.661120525817484483e-01 -7.621468682317825150e-02 3.905681757920077546e-01
2.596944306862675411e+00 2.378676252733458618e+00 1.270779665514760959e+00 3.733124179181287250e+00
8.259596592558836603e-01 2.116362974149223142e+00 2.705967623367932173e+00 2.217995595033830369e+00
-9.175972485993700856e-01 8.415442029800566104e-01 3.970475015145992215e-01 7.495153218043041354e-01
-5.234767312605110856e-01 8.340418772342891307e-01 3.831845225942398514e+00 2.101105037027950762e-01
-2.643344444470547838e+00 9.236150239544018703e-01 1.009315352153213663e+00 5.908547879981728146e-01
3.472420559030713783e+00 4.159080599980640613e+00 3.848000770389406799e+00 2.980308828720410030e+00
-5.292602790398680535e-01 3.588261442217080543e-01 1.891242295211643221e+00 3.618419128151623698e-01
-6.071002633748512345e-01 8.944186252144790128e-01 2.903032628867141796e+01 1.326506238281432104e+00
-2.360579564252379914e+00 1.734640529282827748e+00 1.661072580345638317e+00 8.770964539039265428e-01
-2.614421238067569653e-01 1.691472878748772057e+00 -5.833616644199669521e-01 1.323852011365198145e+00
1.436144234649181783e-01 2.746139363231380415e+00 2.046933233237817618e+00 9.692070405562747126e-01
7.656310275216490213e-01 -5.639634630042956315e-02 -5.944433226882035459e-01 2.583490878392081802e-01
-4.247862025599348890e+00 -2.178675463367779397e+00 -6.046329668743380736e+00 -3.251691184688650260e+00
4.787545806020933048e-01 2.063234937933485225e-01 -5.466560892107747982e-01 -2.448286569885290698e-01
-1.445295212475777191e+00 1.133114489434645211e+00 4.695196351134932833e+00 3.639857932012979802e-01
-6.828258225458286867e-01 9.981464346529103082e-01 1.180196869076368893e+00 6.629160205059209110e-01
-2.359245279295949516e+00
-1.855480251908506961e+00
5.869121563823835874e-01
-4.121572964433481978e-01
-1.507350639395073522e+00
-2.168040068589885738e+00
-2.011396544659159957e+00
1.404339912776109811e+00
-1.532081843147246047e+00
-6.302148538017606327e+00
-1.405668937449071398e+00
-1.394661246752297634e+00
-9.398274026093673683e-01
-1.745956320387693550e+00
-1.917478064441062446e-01
-1.920340396239610836e+00
-2.155393303042460573e+00
-1.283407309864947221e+00
ReLU
0.2
18
18
-2.009123890307459970e+00 -4.978327533780521064e-01 -2.608494110331450955e+00 -1.387661710143742733e+00 -2.792216154428923125e-01 -2.774762629581473128e-01 1.644960824391526188e-01 -3.551440765484685791e+00 -6.553108255207066302e-01 4.277190590795177272e+00 -1.269872718840285408e+00 1.126171454094325799e-02 -1.519888029103750648e+00 -7.698527913750821128e-01 -2.367304912506257075e+00 -8.067171714061133203e-01 -7.214502612125557324e-01 -5.996689011186426832e-01
-3.579348711028796370e-01 -4.114098778266331302e-01 1.625076845814134030e-01 4.554953653684024606e-01 8.200855897513743553e-01 -9.135370037005332566e-01 8.253000783592019662e-02 2.160352589372003529e-01 5.288838569466136619e-01 -8.590983120985178800e+00 2.338222236019705524e-01 4.495677617150828920e-01 -9.241090043269840903e-02 -1.323022243832385758e-01 -9.268499009355639640e-01 2.158148188634237408e-01 -3.672381385413206467e-01 -2.304890496548030188e-01
-1.492185422765626990e-01 -3.586254649422906948e-01 8.210224699687319605e-01 4.938691466930797969e-01 4.907597030517414360e-01 -8.335168204887242194e-01 -9.946669984989710001e-01 7.653963389468870782e-01 5.059319473074533891e-01 -1.537680840497884560e+01 -3.448851711975250423e-01 -1.237303264739693792e-01 5.506713653807612241e-01 -2.213655318497382007e-01 -9.964865477893366519e-01 -8.676005589559647735e-01 -1.040475669171593731e+00 -5.063260457539157100e-01
-1.381495063332782047e+00 -1.063476656592807990e+00 -3.140347304453176225e+00 -6.300072240072719376e-01 1.149767592750441825e+00 -9.995720485314778525e-01 -4.800244606900370137e-01 -3.437470873147026040e+00 -1.480431336747280446e-01 3.929887393090685688e+00 -9.687512344533406594e-01 -4.071754356617337534e-01 -2.665136647085623034e-01 -7.067189502323687478e-01 -2.222581173963936063e+00 -2.641886251703859378e-01 -4.251662844139227904e-01 -2.128961287705594119e-02
-1.147366295017902216e+00 -1.050845624096413022e+00 -1.144377057327092828e+00 5.335566676073089099e-01 -7.596157340702045513e-01 -1.883442324439256410e+00 -2.543629567116716395e-01 -3.955404953177850402e-02 -6.176456455988543759e-01 -2.566173781392659503e+00 1.650629001336051949e-01 -2.384293325442140288e-01 3.294057094079262393e-01 -1.019372470588028490e+00 -3.688763060814438610e+00 -1.101449791663514866e+00 -5.315240620661053628e-01 -3.666056201649675050e-01
-1.001700669445724889e+00 -1.044170423140371895e+00 -1.998143667463289086e-01 -2.077031162038524281e-01 4.327803378612966601e-01 -1.127314941046455798e+00 -8.296858854883225332e-02 -7.896351854163605744e-01 -1.115616984566759173e+00 -4.446202746635887770e-01 -1.248087446511348814e-01 -9.151737395032824574e-02 9.741835175803115199e-02 -3.167169294521808287e-01 -8.428383740840853511e-01 -4.282037315508671615e-01 -4.212228516065626982e-01 -5.692993830752773876e-01
-1.271602337065730115e+00 -1.292516884082086648e+00 -4.730629698590880783e-01 -5.071788141213054990e-01 -1.932465072498587455e+00 -9.565213439846749210e-01 -2.077704331594269205e-01 -5.526728508816621810e-01 -1.030009660727712273e+00 1.811367713017962289e-01 -3.542191623423622260e-01 -3.990797418647920591e-01 -3.859095102537147826e-01 -4.695494669441538926e-01 -1.199259264503102385e+00 -8.426096462014340815e-01 1.033814217955682790e-01 -8.822762047700453136e-01
-2.047819075325529037e-01 -7.004303435257470678e-01 -2.666537867026944841e+00 -3.657373347215138182e+00 4.458338101934347097e-01 -8.982411361763064095e-01 -1.729072797343758350e-01 -4.266145346282004702e+00 6.688856526068356345e-01 1.416166936732972337e+00 -6.978792033535707873e-01 -3.374293526118156694e-01 -1.268200621451328614e+00 -5.079644530914468881e-01 -1.528458761719629466e+00 -7.382781042872818000e-01 -2.164805753288518569e-02 -2.867186452606463876e-01
-4.076863408116206400e-01 -5.051060560569172742e-01 -5.845205521561139816e-01 -7.370424559507018358e-01 -1.396443560920728855e+00 -7.149900465372454050e-01 5.180625022360737519e-01 -1.868219571001530577e+00 -7.232102989563983231e-01 2.733154513968489852e+00 -9.136430823135197610e-01 -2.565075309247258979e-04 -7.629969587384364260e-01 -1.052027442927591094e+00 -1.214130291870453737e+00 -6.610714632811957037e-01 -1.145802617118012456e-01 -1.432412311547069939e-01
-1.015754668799444982e+00 -7.965746748324658011e-01 -5.341251683901171443e-01 -2.477487947576477723e-01 -1.459468218755194668e-01 -1.435515689060778532e+00 -2.614030206245796517e-01 -1.983157375104134534e-01 -4.318700337148605461e-01 9.999667818948139442e-02 -2.521262021647248108e-01 2.546116461907955153e-01 -1.660403094194789694e-02 -2.331894979230089981e-01 -1.990146895558284168e+00 -5.379497563255015713e-01 -2.230712330419144518e-01 7.254433413848326850e-02
-8.967491802127763867e-01 -1.046976927337103902e+00 7.482256739061179385e-01 -3.647207381892950823e-02 -3.582387810877178946e-01 -1.573539731557894283e+00 -1.261462382009329364e+00 -2.326487403776542617e+00 7.630565660443359155e-01 -3.708340796413107210e+00 -1.425720159497862738e-01 -3.151493396556501181e-01 -3.014104853979374110e-01 -1.380530763987321885e+00 -4.119240978928733199e+00 -1.748732309655684158e+00 -1.711606861335347229e+00 -1.131812262017811710e+00
-8.877517638760887841e-01 -4.809094407709709196e-01 -3.401971474485968594e-01 -3.019262400325575246e-01 -1.927764042744022355e+00 -3.934337387116412788e-01 -2.564743236767862422e-01 -4.361740684327108930e-01 -1.080809535377940112e+00 2.508625094401214506e-01 -8.736267635237298101e-01 2.951047036190509454e-01 -4.432058904897965279e-01 -2.397516023179084577e-01 -6.554946543062933895e-01 -5.640287502232563810e-01 -5.263339197534615543e-01 -6.224637047644728804e-01
-1.110127596955146290e+00 -3.954077309853161748e-01 4.137017691840246258e-01 2.942027448598101835e-01 7.594681158908537233e-01 -8.322521958002373488e-01 -5.153847737849374111e-01 -1.630639056746432614e+00 9.028076487316593068e-01 -4.259218917691456774e+00 6.029442045013049256e-01 -5.954726279144524348e-01 -1.747104972265572931e-01 -1.690239780197796624e-02 -2.254978493365362269e+00 2.006154363080486225e-01 -7.974454167886965150e-01 2.942713710183789688e-01
-7.199971402087955719e-01 -5.295954372029548773e-01 -1.175636926567333040e-01 -7.046309086256143939e-01 1.122860812851389500e+00 -8.872124053438047442e-01 -6.630652934055042413e-01 -1.208474285437950879e+00 3.780526622142836857e-01 -5.113067962436833591e-01 -7.859423147967020684e-01 -9.157511947759139348e-01 -7.010954662645880742e-01 -5.248378817805215979e-01 -3.250667425974105296e+00 -4.479659726391269081e-01 -7.424948171849311829e-02 -3.992065133290966239e-01
-1.316066618855371351e+00 -1.164627906221999964e+00 -4.693522203275666826e-01 8.317211075554513389e-02 1.662365842676180594e-01 -1.205580350036043802e+00 1.399613129929474786e-01 -2.969382413310797664e-01 -9.033921237479737576e-02 -1.229805642272213229e+00 -4.776351676122830292e-01 -4.149114636197109851e-01 3.556519140041014548e-01 -1.098292802892281816e+00 -1.709087747606182761e+00 -1.080191353005356403e+00 -3.083439140662413425e-01 -1.677103284307407405e-01
-3.658807831870992677e-01 -8.487475830808858257e-01 1.966890876428204205e-01 1.834539254011795795e-01 8.498301847293587841e-01 -5.821927388463207231e-01 -1.008900136123141167e-01 -1.024300032289818363e+00 2.931957542902743907e-01 -2.634274590339911626e+00 1.621238363276121808e-01 -2.131294423444182462e-01 3.899386065748060570e-01 1.194470188524690696e-01 -1.940824297707006707e+00 -6.834445397539732348e-01 -8.277039858767226699e-01 1.053956499661069662e-01
-5.565600774856689359e-01 -9.996567519480388242e-01 -3.732501911053996424e-01 -4.382141078654025468e-01 4.774115279211719742e-01 -1.049237916339892163e+00 -5.411253573517261772e-01 -8.563378655933676642e-01 -1.028260853437924505e+00 -5.574683677412420879e-01 -4.975353493422948747e-01 2.137412735177557366e-01 -3.104767755426454112e-01 -4.976901250949846700e-01 -1.579559117294649928e+00 -7.141513818840492522e-01 5.669759698535950521e-02 -1.723050281787232019e-01
-7.983377442265621182e-01 -3.692858388518839297e-01 2.114726899965822859e+00 1.909175083784239724e-01 -1.122936798326943930e-01 -9.818570660983526599e-01 7.365568993446903745e-01 1.479399886961488164e+00 6.635759984458665661e-01 -7.262189040588967970e+00 7.731248403514064949e-01 2.038893087522523906e-01 9.525860685862881372e-01 -3.460043144404303939e-01 -1.397162581581938623e+00 1.722913835909465133e-02 -1.260822465957654792e+00 3.316244638545028378e-01
-6.692865716566311907e-01
2.360826685194731933e+00
2.962092590144808302e+00
-1.388608088515566497e+00
3.269913157005660542e-01
4.532666972434865604e-01
1.091401897930306814e-01
-1.074103066812493346e+00
6.861391092588807472e-02
5.436973532186102354e-01
1.371956529709512929e-01
-4.235876757016868166e-02
1.120987314467676077e+00
1.112307140771597869e+00
6.820999346288277865e-01
9.455369495158167936e-01
8.304319988428202626e-01
5.226971684421152453e+00
ReLU
0.2
18
2
2.534841497157658829e-01 9.692791969552627673e-01 1.875317954265477871e+00 -6.092642805253535299e-01 7.975615170792504927e-02 -5.709049693286762789e-02 1.259557919982549623e-01 1.273963719750379919e+00 9.229293429043367025e-01 5.435843862953246286e-02 4.240052214943922371e-01 1.463141228208715283e-01 4.201655708387478372e-01 8.483943329766797936e-02 3.874257579461683199e-02 2.077333245469500378e-01 -1.651561382096456421e-01 2.318370482622153173e+00
-7.390586509601130283e-01 1.404873883986806071e-01 1.073412903875643032e+00 2.097596287102355905e+00 -6.485677285155999616e-02 -1.471662119363823795e-01 2.425480748450344753e-02 -5.508517432536540470e-01 3.138998232366625452e-01 2.260926175459498227e-02 5.950508501194042010e-02 -3.691061734519586468e-02 1.504012361921285290e-01 -2.209979852914399634e-02 -9.246290422658531849e-02 8.176285571291173893e-02 -1.184762326742683780e-01 2.542891862379799583e+00
1.071589101088862428e+01
9.586069597088499705e+00
Linear
0.2

ct 2024-06-12 02:08:12.789949
