noname
4
4
4
12
-5.659762914645051213e-01 9.222368430769120051e-01 1.564840477229618365e+01 1.762328140946962385e-01
-1.926087867200711790e+00 1.354946396377905149e+00 2.060412399688574325e+01 1.743619076272888035e+00
1.731715311165062943e+00 3.532423297790021621e+00 9.281490670276951960e+00 2.230063057506027846e+00
-1.639478712707532537e+00 1.823240534286749703e+00 5.922089562542868002e+00 8.115458469094957161e-01
1.562314241152729544e+00 1.498866317078977883e-01 -7.420387044599902060e-01 4.387457762415749585e-01
2.399100893847531335e+00 3.355238659453785299e+00 1.424973834343859380e+00 1.728929997367582461e+00
-3.084306324731436177e+00 1.846108415841637207e+00 7.013640785119463317e+00 3.188657411336309755e-01
-6.213113643795966645e-01 5.557678332109373676e-01 8.030793959175609731e-02 4.150862949120855405e-01
-6.180996675740348945e-01 5.630535102747699083e-01 -7.358745979172183205e-01 5.748866321769299237e-01
2.408781616363954381e+00 2.723511770657978559e+00 -3.338766299055106135e+00 3.921199572642253273e+00
-5.150048829450870613e+00 2.376794673613692677e+00 6.402833460711946145e+00 5.548358408148235110e-01
-1.103316743284299628e+00 9.405972597689283843e-01 6.353640860099887266e-01 8.140597009075275503e-01
-4.251116792256321553e+00
-4.881699272589744787e+00
2.449233115918765247e+00
-3.671570886568392034e+00
-5.338806608140581389e+00
-2.790464698920231204e-02
-3.538703473240999653e+00
-5.514487988754201986e-01
-5.850726406124979739e-01
3.937095018371968291e-01
-4.489570199851617538e+00
-1.433808406792581147e+00
ReLU
0.1
12
12
-7.205103121645820563e-01 8.974011986610868144e-03 -1.038683542870924154e-01 -3.637858308788313733e-01 -6.239479339401899916e-01 -5.015117130393301759e-01 -3.046544956026282502e-01 -5.689200896354004167e-01 -5.011893133819081414e-02 -1.114727344386756691e-01 -4.475167338201904710e-01 2.477213889407504088e-01
-2.342961134786971211e+00 1.113820589044237419e+00 -5.576110081665356155e+00 -4.727116401830669945e-01 -7.705982755846415566e-01 6.981838934056064927e-01 -8.180331399688187677e-01 -5.257000476955444590e-01 1.750227103843470661e-02 -8.075983055513459574e-02 -1.003226278456400111e+00 -3.305122938105395924e-01
-1.226473051092027688e+01 -2.261679249369505929e+00 2.116601004667589825e-01 -1.922011538105409478e+00 2.491469186957245618e+00 -1.351052607281694629e+00 -1.617822711911784728e+00 -8.592612181129766213e-02 -4.101477286454988103e-01 9.954669014408354943e-01 -1.627462618752716139e+00 3.445607829951801704e-01
-5.045337256582449470e+00 -5.635076043421972658e-01 -7.011044242297636009e-01 -3.712104936516830156e-01 -3.350873475946942182e-01 -1.466878057828617798e+00 -3.611149577773480335e-01 -6.586291447503155316e-01 1.788140414053932259e-01 1.053749000302515726e-01 -1.321333131906581748e+00 -2.163961459885740402e-01
-5.966933023784961598e-01 -5.121123011367820776e-01 -1.265033554412002381e+00 -3.515203545073390390e-01 3.021584811401024639e-01 -1.286178901300810473e+00 -4.255206018892647157e-01 -6.579571885443876722e-01 -5.033586218730675688e-01 -2.006987580342323163e-01 -2.361432802606881209e-01 -6.040903483072999069e-01
-3.903000972652503453e+00 -1.002892875086997426e+00 -6.854191731947218910e-03 -5.388857847345547292e-01 6.445107313097618584e-02 -6.787770587314365667e-01 -8.364268215425028907e-02 -2.655187896352028121e-01 2.763238898994895831e-01 -7.993942528687948690e-02 -1.043836509861888473e+00 -4.058780023698976280e-01
-2.790856982725348434e+00 -1.449189346957220126e+00 -1.267616155172501535e-01 -7.422211927991072544e-01 -3.781433424960242151e-01 -1.317499531428257598e+00 -1.545098542961027777e+00 -1.317744164262537633e-02 3.085960977671581285e-01 -6.928031370802344435e-01 -1.291529654982574327e+00 -6.892483671007099133e-01
-2.465574253226861856e+00 6.543171940726705271e-01 -5.976209191631087769e+00 5.561247046343179568e-01 -2.196632098509121889e+00 1.258884396699284869e+00 -1.662023160147109824e+00 2.315160295088634079e-01 2.389639482556039363e-01 -4.852976573963562856e+00 -2.452067332678599387e-01 -2.041439042047994146e-01
-2.642534033605026256e+00 -4.934225331727073310e-02 -4.202834904813191885e-01 -2.122286766166369965e-01 2.505035096385676008e-01 -2.038879320084677205e-01 -7.062532372289068716e-01 -5.985525468050264530e-01 2.774457171659481733e-02 -1.105822421177496739e+00 -7.453384657854340567e-01 -5.323854842252788711e-01
-6.810476790841997641e+00 -7.349313897321549938e+00 1.365981965600786330e+00 -1.577092835229270795e+00 5.988775077760607468e-01 7.190350717136501091e-01 -1.362764108403406116e+00 -4.404073378060451016e-02 1.790128789049044156e-01 1.100824482847700514e+00 -3.454125171985588327e+00 5.662910215415221105e-01
-4.011353030587052615e+00 -2.570617431491359905e-01 3.170884257371283689e-03 -3.219735323188033793e-01 -1.583782466663087862e-01 -2.237451940448423604e-01 -1.388437938615534106e+00 -6.330597692886463790e-01 -4.392777274598060888e-01 4.331088252924283205e-02 -1.027109417016283111e+00 -5.822869087562676516e-01
-4.804779737862459932e+00 -4.057960760875333195e-01 -7.961132252600959525e-02 -1.535033912043397564e-01 -8.391585330887864069e-01 -5.465088755846699009e-02 -1.019133752667326087e+00 -5.076595471337301824e-01 -1.675420526343902872e-01 -1.911613868552590467e-02 -9.544549439366278865e-01 -1.035298414507319770e-01
-2.143513643949074843e-01
-1.665564758339406426e+00
-2.316303400672291568e-01
-1.922731633340702684e-01
-9.301413907056101937e-01
-1.925545978917689860e-01
-2.271972821198766368e-01
1.262718822803147622e+00
-1.424252432789446798e-01
1.696820606908026940e+00
-2.421340916745000627e-01
-3.667839261087635361e-02
ReLU
0.1
12
2
2.259384188415662076e-01 -6.471826825952021744e-01 4.964369002328155589e-01 4.139018833048220269e-01 -7.625070596440213233e-01 2.177310472189852852e-01 1.281951188140292297e-01 -1.163238032517510234e+00 1.996193408673955783e-01 1.834324068684936471e+00 4.600847745929109722e-02 8.249843065428011379e-02
2.266262170313755042e-01 -2.337127143000101159e-01 -2.744018781518737723e-02 2.367316960148350691e-01 6.425703070857760602e-02 -1.342362927813214313e-01 -5.315620988654058687e-02 -1.251875053859541342e+00 -2.755051179314836896e-01 1.954816458302074622e+00 -2.351675882560660263e-02 -4.226634685782243439e-02
6.703479255716829677e+00
7.940261544152644291e+00
Linear
0.1

ct 2024-06-10 19:09:19.789286
