noname
4
4
4
10
2.367482879715206989e-01 5.502061876074898494e-01 2.084104446384189568e-01 8.379873753098808775e-01
3.695774282077002315e-02 9.591473242066946847e-01 1.361911355287938052e-01 8.479804164996918026e-02
9.465056647603726780e-01 8.306342230790110248e-01 3.012566936380911553e-02 1.617874199443802841e-02
8.090868298186063567e-01 8.125332556399923467e-01 4.158213242322127412e-01 4.842847576232515161e-01
6.770131202210273313e-01 5.059812848287326137e-02 1.817427816214381986e-01 9.732032574558668880e-02
2.775314730085125525e-01 8.673621624345290160e-01 8.244694157536668344e-01 5.021232825316048753e-01
5.351132844732209293e-03 3.854532957338805410e-01 2.188439032806951401e-01 3.731570168305227142e-01
5.014845552104524318e-01 4.377311676078168290e-01 4.624681432255092206e-01 7.509684273311965086e-01
5.010771257116118926e-01 1.820465359203476963e-01 5.524269520201136041e-01 4.816860428422687912e-01
8.233502443191864639e-01 1.547298820416962428e-01 1.470105085851972637e-01 1.783139831489569671e-01
2.056114540846032401e-01
5.836654078166287896e-01
5.080814386993474097e-01
9.573616662116505305e-01
5.615733291345943456e-01
2.754589319886617815e-01
5.388531251163801716e-01
5.379600121038264904e-01
1.661694208912428694e-01
5.953576036507465252e-01
ReLU
0.2
10
10
6.547569450641320676e-01 5.009424274162366242e-01 8.916891449060553310e-01 8.147710305493276461e-01 2.407125141319108597e-01 3.793423994015054923e-01 4.913653325972200392e-02 2.476482785932183628e-01 7.710848066989735017e-01 3.737872473961028064e-01
5.752810309135886202e-01 4.838644385961591299e-01 1.022107241270787670e-01 7.292552116762462955e-01 2.853610870685032719e-01 3.507836253241557456e-01 5.362933836857186609e-02 3.254219368132326151e-01 5.566492215101925822e-01 6.477749245358289665e-01
7.511690485228181835e-01 3.476582057304123952e-01 4.474956674502519327e-01 9.785506587961214642e-01 3.280677575926349565e-01 7.055780912259163040e-01 1.066496328270207794e-01 3.641215182746208034e-01 6.271859855796800831e-01 7.584217937587496294e-01
5.756622433243303583e-01 5.711610012084221699e-01 6.871011552714406667e-01 9.650727919240114083e-01 3.336722796328531748e-01 4.592506260457527301e-01 5.961819848273741673e-01 1.270600226460991689e-01 6.721165353076377080e-01 6.566979338757255036e-01
5.119682271295585840e-01 9.891024418021623354e-01 2.911017625413211407e-01 2.574038470319440775e-01 3.841935383644099478e-01 1.836443687707934869e-01 7.172604775407569466e-01 5.332870027823426451e-01 7.585856375425850118e-01 2.702694526086536486e-01
6.942343908709469602e-01 3.415180859265509739e-02 3.218248571207096287e-01 9.331169804819063884e-01 7.585768977523168477e-01 4.541048693595401975e-01 8.967034785842233902e-01 8.680834104996142386e-01 8.688526758090034940e-01 5.579631025030995506e-02
3.923563479508963558e-01 8.739917748845875689e-01 1.693841993915002897e-01 4.428831022746703150e-01 5.742152257306741836e-01 4.505129204424705991e-01 3.768000070641740473e-01 8.483513019608135419e-02 7.543913751493369624e-02 9.379713140252872172e-01
5.633876895427933906e-01 7.324405798584303628e-01 6.021122847097712949e-01 3.286742242915046130e-01 4.164694146370732097e-01 9.332377143008453446e-01 3.139791030939435013e-01 6.815044581283068448e-01 2.559689777878447758e-01 1.529142685888542630e-01
4.903187270311429868e-01 4.804229424120581848e-01 9.653247805765788891e-01 7.257414321090041032e-01 7.209691179661986693e-01 7.407763335368444668e-02 2.743282570104776941e-01 7.241312640084424102e-01 3.023674050080219500e-01 4.444354761077079496e-01
4.640623698869370539e-01 2.409557517330229715e-02 7.948866896660088388e-01 5.690747690602184772e-01 7.274206528643567538e-02 4.801240364789347570e-01 9.800367253644859389e-02 7.998965267473102658e-01 7.727056416268817118e-01 3.501706374547122191e-01
7.921262061295042400e-02
4.748411189640701080e-01
4.341526742825557728e-01
5.415783493451846731e-01
1.952935456326400088e-01
1.854495949003938104e-01
2.729932591380477280e-01
8.275115321187322959e-01
3.402649548121838841e-01
6.795798652300308884e-01
ReLU
0.2
10
2
2.427587436830369594e-02 4.027048585969165151e-01 5.691525483638057992e-01 6.317057883748752323e-01 5.095954806225012623e-01 1.682515039862548800e-01 9.968372507931707593e-01 1.236269702541985538e-01 8.383903226068145642e-02 1.187474819459828357e-01
3.954381455161328773e-01 4.271857282948569035e-01 9.587059245322123724e-01 2.961653274349920206e-01 6.295232467020024369e-01 6.214016995142447319e-01 4.302167417750428768e-01 1.034385096147283356e-03 5.611596471797928309e-01 9.183228638498074359e-01
8.500121020567276142e-01
4.309677195250556370e-01
Linear
0.2

ct 2024-06-12 17:15:47.315471
