noname
4
4
4
2
-2.084252173887315984e-01 5.969982484230775821e-01 8.498557442803801321e-01 3.663849031927320365e-01
5.501257483347815613e-02 5.478349766113764785e-01 1.183065124535592760e+00 2.786050773246017132e-01
6.357743616530202591e-01
7.654243876813433545e-01
ReLU
0.2
2
2
5.483996021033036294e-01 6.801460574094806422e-01
1.020058191987588847e+00 8.077392104688110863e-02
7.943941520427637570e-01
8.178133432351951670e-01
ReLU
0.2
2
2
8.668786322517862963e-01 1.054844292539137030e+00
7.373506656336703546e-01 9.801865849353321725e-01
4.588822314149677561e-01
6.833555928984473837e-01
Linear
0.2

ct 2024-06-12 01:45:12.235871
