noname
4
4
4
2
-6.850599507696173429e-01 1.429585452051589656e-01 1.647336434307066000e+01 3.547679307629371115e-01
3.840398228186935325e-01 -4.664223301131297239e-01 -2.110818994892056466e+01 -8.584773345629529429e-01
2.819188904480546931e+00
3.421121834142019313e+00
ReLU
0.2
2
2
-2.350046534743005289e+00 -5.008347985120841228e-01
-1.410964780371016802e+00 -1.158182695623923397e+00
-1.900396934690597867e-02
9.787715679263923718e+00
ReLU
0.2
2
2
-1.098790191830905982e+00 1.212152612545418284e+00
-6.395101344744590355e-01 7.450545817680932492e-01
2.202568584858196843e+00
2.318915856904388395e+00
Linear
0.2

ct 2024-06-12 01:47:39.787854
