noname
4
4
4
5
-1.763875747180399189e+00 8.760011303145174288e-01 1.868173197468424718e+01 1.946209009006544699e+00
1.159018617915328120e+00 -5.031516516399106020e-01 -1.349409929538360409e+01 -5.394106454324251176e-01
-4.792880710408309874e-01 1.023251315817875096e+00 3.797755529920143314e+00 1.428282762094407410e+00
-3.782747643927064640e-01 -1.476172467411257516e-02 5.541985333940208092e-01 1.107182340581203961e-01
4.631547242513539553e-01 5.816051719085858773e-02 3.191660405434970094e-01 1.163822309878205646e-01
-3.170187431682974122e+00
-2.981602902298135849e+00
2.237210658044753497e+00
-6.483528766499645490e-01
-7.064977982563873660e-01
ReLU
0.1
5
5
-1.411275776523885250e+00 -1.840696803137569892e+00 7.105693564927049177e-01 -1.515398309177517222e-01 -5.180314974593898114e-01
-2.922777184838857290e-01 -9.703942990942407976e-01 -3.605902618225062528e-01 1.000000000000000021e-03 1.000000000000000021e-03
1.022486175704607619e-01 -6.307005473960601849e-01 -3.232095219431613264e-01 1.000000000000000021e-03 1.000000000000000021e-03
-4.576214798979398868e-01 -4.478663686344267481e-01 -4.435096433728422660e-01 1.000000000000000021e-03 1.000000000000000021e-03
-6.254347734159084737e-01 -4.715367166698278822e-01 -4.838505730353917511e-01 1.000000000000000021e-03 1.000000000000000021e-03
1.085178071056279503e+00
-9.261097151651628279e-01
-6.816224381685467293e-01
-4.372030968084143487e-01
-4.885226748940464936e-01
ReLU
0.1
5
2
1.061003285324102263e+00 -4.270910545041287087e-01 -5.917678215743544801e-01 -4.420651138103989242e-01 -4.665047814445241747e-01
1.023962622907126585e+00 -1.017713852426063714e-01 -1.641543218320667130e-01 -4.461540643655356742e-01 -5.151031298652849477e-01
1.780032268381632310e+00
1.745299933761063738e+00
Linear
0.1

ct 2024-06-16 09:27:02.314466
