noname
4
2
2
5
7.232112438659477061e-01 7.228389042380931606e-01
8.307371560316793024e-01 7.439466644758027103e-01
7.253415293599393410e-01 2.106725364433415792e-01
9.470688234571285058e-01 9.102033159924544092e-01
3.793076522384897231e-01 8.859192377863125412e-01
4.828204570058211575e-01
4.075425603157569188e-01
7.858401883903880503e-01
2.383913963104717926e-01
9.119301805261312843e-01
ReLU
0.0001
5
5
1.616403617077680488e-01 6.628882048923806503e-01 4.747366583224192915e-01 9.889192437125288171e-01 2.699570452634233453e-01
5.180579361505420755e-01 6.616371405364147584e-01 1.800726010592505477e-01 5.336895797261871355e-01 2.945088055799622295e-01
9.471597807682481385e-01 8.094011458962832029e-01 1.774752253411449876e-01 5.364365404233595314e-01 2.784312421548010841e-01
2.064085457157700532e-01 9.544170337236034252e-01 5.234217691146371143e-01 3.397702971315043063e-01 9.566488746737412674e-01
1.956229345994677793e-01 4.799910481745066071e-01 8.549724752524777704e-01 9.912236453812574011e-01 6.639083611919689709e-02
8.393798652813969086e-02
2.227381191477346145e-01
4.383672078989307441e-01
7.405951535649452078e-01
7.744968634415695385e-01
ReLU
0.0001
5
3
3.354183260506321540e-01 8.857507010614343868e-01 7.111699178327777204e-01 3.564223876916111644e-01 4.157102734492688079e-01
4.963396693889959299e-01 5.202218893196466354e-01 5.028057295128959270e-01 8.521628216944822365e-02 7.670604295828734598e-01
2.579860804343063752e-01 4.423598252707414136e-01 4.353550501491185165e-01 3.427829661573363329e-01 8.062878072659336315e-01
1.046105423731098216e-01
3.376736993796687347e-01
1.308509039702985821e-01
Linear
0.0001

ct 2024-06-02 01:52:16.742859
