noname
4
4
4
4
-3.418410029178925225e+00 1.682866220170459615e+00 3.533421333887562632e+00 1.206953478673674196e+00
-1.623958803137269591e+00 1.229462576342968516e+00 2.895815020760220193e+01 2.934483643953797571e+00
2.964003377606601930e+00 2.791027148704284144e+00 3.616626788494468947e+00 1.560452116538430856e+00
1.321941925978727506e+00 6.637442658028860909e-02 -2.732976517513566606e+01 -1.850624390319149715e+00
-4.147248364816758404e+00
-4.891341434310738201e+00
1.090520706465370360e+00
-4.020285219817914424e+00
ReLU
0.1
4
11
-1.332034322218379030e+00 -1.241631867473609985e+00 -1.003065453233951548e-01 -5.726479762463001499e-01
-4.050273170824694180e-01 -5.436326724646370900e-01 -1.355046710497783247e+00 -9.630111754782348654e-02
-1.893475180332090391e-01 -1.424597847837495879e+00 -1.220238827639579693e+00 -2.024278933290394100e+00
3.425719143883489970e-01 -1.102475303439225618e+00 4.094224154089141088e-01 -8.732050335555139320e-01
0.000000000000000000e+00 0.000000000000000000e+00 0.000000000000000000e+00 0.000000000000000000e+00
0.000000000000000000e+00 0.000000000000000000e+00 0.000000000000000000e+00 0.000000000000000000e+00
0.000000000000000000e+00 0.000000000000000000e+00 0.000000000000000000e+00 0.000000000000000000e+00
0.000000000000000000e+00 0.000000000000000000e+00 0.000000000000000000e+00 0.000000000000000000e+00
0.000000000000000000e+00 0.000000000000000000e+00 0.000000000000000000e+00 0.000000000000000000e+00
0.000000000000000000e+00 0.000000000000000000e+00 0.000000000000000000e+00 0.000000000000000000e+00
0.000000000000000000e+00 0.000000000000000000e+00 0.000000000000000000e+00 0.000000000000000000e+00
-4.088192525724335114e-01
-1.152256667306995191e-01
-3.300247304112276236e-02
3.485738957566184570e+00
0.000000000000000000e+00
0.000000000000000000e+00
0.000000000000000000e+00
0.000000000000000000e+00
0.000000000000000000e+00
0.000000000000000000e+00
0.000000000000000000e+00
ReLU
0.1
11
2
-4.374852595440019698e-01 5.787629046264778365e-01 4.475456732026311113e-01 1.131187040335349669e+00 0.000000000000000000e+00 0.000000000000000000e+00 0.000000000000000000e+00 0.000000000000000000e+00 0.000000000000000000e+00 0.000000000000000000e+00 0.000000000000000000e+00
-3.474277867253078300e-01 -2.585245168361965593e-02 2.370977672087401233e-01 1.331748951611260834e+00 0.000000000000000000e+00 0.000000000000000000e+00 0.000000000000000000e+00 0.000000000000000000e+00 0.000000000000000000e+00 0.000000000000000000e+00 0.000000000000000000e+00
1.481218896998236501e+00
1.031388884283233054e+00
Linear
0.1

ct 2024-06-15 19:12:37.077585
