noname
4
4
4
10
7.611747318561862263e-01 8.785464606531216969e-01 6.291489399656646775e-01 3.833780737961393070e-01
2.748998879336554957e-01 2.643494742669876274e-01 4.424673319793622772e-01 7.959838584403361450e-01
9.689046018935401072e-01 9.897083181551278308e-01 5.376885046657998712e-01 5.257951531516894539e-01
8.493698982798161268e-01 6.917580198173564066e-01 9.358723575393274041e-01 3.296616820324939079e-01
5.603049354760939460e-01 3.040771488132133493e-01 8.441272854649051194e-02 1.610452409101447158e-01
4.175780722647801646e-01 1.689510619372092126e-02 7.595824520506462285e-01 5.973843377764771478e-01
7.116387740774836601e-01 8.316614745077883786e-01 3.244835895438056284e-01 2.091754093145252735e-01
1.801899174684143956e-01 9.797253231343419078e-01 3.539347656380099627e-01 3.092800325398433747e-01
3.240420770235079573e-01 5.798206525881910434e-02 3.470099293005428631e-01 5.456003146240705481e-01
8.535724568619317276e-01 6.616047607031769751e-01 4.560300865581135010e-02 1.929826620639467638e-01
2.940677241502810402e-01
7.348962173542329390e-01
1.768216363593653195e-01
4.731316529284651518e-01
8.181413046393047894e-01
3.559602821634801906e-01
4.384566918516397127e-01
9.685724375738913317e-02
9.488163991830411703e-02
7.016085280168501415e-01
ReLU
0.2
10
10
8.583101309023335457e-01 4.811841188653237511e-01 6.950534856106161952e-01 3.857856398928724007e-01 7.927844197738097565e-01 8.265649873362534983e-02 5.512644816761325117e-01 3.525566339304241348e-01 4.001027277814801497e-01 3.465040206964993263e-01
5.726392613131056075e-01 8.491269087465117549e-01 1.059890313092772818e-01 7.084561429836276902e-01 8.672019139524754783e-01 3.259924531881256415e-01 6.946811185563959157e-01 3.504540895276109236e-01 5.903230804885705174e-01 6.280415156026787349e-01
8.537002603808784285e-01 7.344562725708025930e-01 3.014370927522672661e-01 8.166205116604947634e-01 5.569459242670671273e-01 7.948594689846846251e-01 7.205196626112361225e-01 2.618281138245877049e-01 4.926900147904323957e-01 1.546553803468297961e-02
2.550653383511388705e-01 7.661900548345601525e-01 7.667260000055503566e-01 5.726837201416359324e-01 5.362356978856064327e-01 5.541409939154473552e-02 7.261212287734721826e-01 8.273100212356244709e-01 1.668439723875965175e-01 5.594065145525484173e-01
1.301243940095286877e-01 5.407221503776791227e-01 1.208556993038514271e-01 1.751465189597287697e-01 6.998246685615231444e-01 4.253861401822066624e-01 2.631298604741735270e-01 7.091908540542797290e-01 9.129183605449761041e-01 4.413440503384822300e-01
2.106776466259605574e-01 6.191994363036812388e-02 1.655641080394191222e-01 1.950048552929898316e-01 1.031980492524229298e-01 7.727688724298912293e-01 5.851912934411073186e-01 6.777066921053734871e-01 6.857618291980615011e-01 2.879258169959959535e-01
5.433240431840604678e-01 6.390988280854953407e-01 6.964584427021724977e-02 9.854239922928886841e-01 3.089877355041887874e-01 2.290393401712731425e-02 3.212845065163510982e-01 6.353771246753541213e-01 8.813355304713557103e-01 7.360384840932856498e-01
7.861799543063239248e-01 1.168876984887007309e-01 9.272149269117446746e-02 6.705510310724370759e-01 9.683936443833407459e-01 8.086551474370150538e-01 8.831842150576130202e-01 1.176629444421726234e-01 4.334603695485993446e-01 9.153751631134010580e-01
3.831991984109082150e-01 1.926167153606418436e-01 2.882673846040587629e-01 5.209798449673243015e-01 6.490738841369467771e-01 5.834015740213946977e-01 5.201522645715471738e-01 3.871596425732094504e-01 6.819974753282163071e-01 3.952629933216086355e-01
2.201127018608698416e-01 7.737444816318883589e-02 4.457192915890215712e-01 4.153720898984609722e-01 2.700116929755026485e-01 9.837384116545819790e-01 6.539514944969800903e-01 1.042852286894007108e-01 5.165295800033493645e-01 2.004766386137007972e-01
8.617162440553529645e-01
5.558061772761270225e-01
3.208830599566259156e-01
9.960183559664695929e-01
7.178442124522872447e-01
4.954171126523980728e-01
7.713635568891880068e-01
7.629667849065971952e-01
9.152297388560770575e-02
9.413730035239539218e-01
ReLU
0.2
10
2
3.774436573049396726e-01 6.821165539070055406e-01 3.382902408953047946e-01 3.080528092047978284e-01 3.247526481051939973e-01 2.699340077926299930e-01 5.846827867803361389e-01 1.281750618937440578e-01 3.729376226131070338e-01 4.460742826755140777e-01
1.541004157875811575e-01 6.292349182510134087e-01 1.794666588263792439e-01 7.311213562483533934e-01 5.103481433102653453e-01 6.870732420677959640e-01 7.101362979845272649e-01 9.956383993884357908e-01 6.660259104774920447e-01 7.539653537528316907e-01
7.032113122913645764e-01
7.647289651346811379e-01
Linear
0.2

ct 2024-06-12 01:56:21.475230
