noname
4
4
4
16
-1.933347388752582330e-01 6.496573526257913844e-01 8.884732056578509285e-01 3.895413949040402168e-01
1.970986137776133962e+00 1.057109954080627662e-01 -1.186257784993818953e+00 6.364803393947637833e-01
-3.310246442379147225e-01 4.238192259208766743e-01 1.084353285213254914e+00 3.672206279414410579e-01
9.904102710645212859e-01 1.214105806560251549e-01 -1.244658944502605447e-01 1.868461750999345916e-01
2.536239593508882728e-01 5.617148000285384635e-01 4.786531294988926599e-01 6.418673414792918086e-01
3.286235429890308479e-01 6.022654262877329412e-01 1.068205565479665387e+00 2.541566124437113494e-01
5.648747379782591560e-01 6.505566061120666710e-01 1.327168240856315684e+00 7.298809646354185166e-01
-9.006686359660478480e-01 6.231613571732733670e-01 5.783838977832329142e+00 8.361767756791216311e-01
-2.646671821490356735e-01 3.625298652498920027e-01 1.425152418863498305e+00 2.311816671485388552e-01
-7.316001988560665026e-02 7.304188883807797295e-01 1.711951287513169273e+00 7.061904662089836249e-01
1.421327489132700572e+00 2.887472915978894772e-01 -1.045383748452174411e+00 5.904380652150287290e-01
1.004136029386602624e+00 2.289120141749634296e-01 7.725647689826361519e-01 2.530763275840098303e-01
4.432324089892951680e-01 8.492619314500996497e-01 1.436974071842228362e+00 4.748145309940631220e-01
1.386853391591188034e+00 7.752626955745216264e-02 -1.673529665953850998e+00 5.992880653549571557e-01
7.334423009107589042e-01 5.427503697877316124e-01 1.065232984915460701e+00 6.687138981947765570e-01
-1.041084965388332950e+00 6.774557603245446868e-01 2.717852897909721843e+00 -2.748533521343901609e-01
3.677291741298712169e-01
3.114702476495099792e-01
4.873769716774893346e-01
1.979488596435285408e-01
7.294034931943669253e-01
3.060207618560795151e-01
9.513821628479556258e-01
-1.259475118721866016e+00
4.139713360573554768e-01
9.336898211048986207e-01
7.411389537704633768e-02
3.413758971576207335e-01
5.357907189749308019e-01
4.230536966584621389e-03
8.672910974124327099e-01
-1.937362176942017122e-01
ReLU
0.01
16
16
-2.829502622745941331e-01 1.536545196720044415e-01 -3.434829339197950637e-01 -4.272481720812927874e-01 8.299080198691918264e-01 -4.244705718838481245e-01 5.733499806142563493e-01 -4.743674233038576382e+00 1.893057473680765657e-01 3.449707785856840903e-01 2.975555550938728255e-01 -1.825548017641907828e-02 1.467578834570618385e-01 4.132808534548249590e-01 2.888055295152480162e-01 3.575864850319570576e-01
8.158709956949672382e-02 -1.457679132484517200e-02 1.943960898267584015e-03 1.917394716188288994e-01 3.421554642374302069e-01 2.064910644184894950e-01 4.374007670499482359e-01 -3.927015506279221579e+00 6.638206779822417025e-02 2.003337262351825576e-01 5.302463288204922742e-01 1.034823403708841488e-01 1.840316681979997926e-01 -1.738849035448150060e-01 2.777327832292877385e-01 2.830167481950150443e-01
9.252157761788881718e-02 2.889232453430961023e-01 2.695981080927494222e-01 2.732415144181414846e-01 2.047731637543057648e-01 5.039652921523808393e-01 6.054766411432231932e-01 -3.574296554383387559e+00 -6.210432239642495883e-02 1.801066318608904870e-01 2.980583309095294342e-02 -1.645986455743442267e-01 8.283598374993502711e-01 2.657423304738967818e-01 7.687756362263101773e-01 8.718714517063883562e-01
1.409388274351033310e-01 2.963950880234262134e-02 6.025691822860298474e-01 4.606015808802625400e-01 3.597210892512803238e-01 -3.017683226178077827e-01 6.467748733900825497e-01 -3.721167123541824218e+00 -1.803444938644654938e-01 2.159736335063906498e-01 -2.386962112621577314e-01 1.638052969423997862e-01 5.318974398052016550e-01 7.253165652023374488e-02 4.100729920377688131e-01 2.874123176100996102e-01
4.188813965748433010e-01 -1.809026119406685340e-01 -7.495707131913087115e-04 -7.631877663897108921e-02 3.688815130833100753e-01 -1.750412861867526593e-01 1.777582662324100615e-01 -3.268804113158811475e+00 6.078328190715012180e-01 6.043303404992912409e-01 2.314195865202375857e-01 1.560981686027765047e-01 -1.534707686600272729e-02 5.642478155059176270e-01 3.005937364207405538e-01 1.142996780394759826e+00
-4.966121761397787604e-01 -7.164269385628937656e-03 -2.139794860622215578e-01 4.412957196260031134e-01 8.848873183258972874e-01 -3.309863743051777996e-01 7.402038783731345051e-01 -4.651963930957033533e+00 -2.104906442743862405e-01 2.969949726518829602e-01 -3.930663141351221218e-02 5.363927184173193918e-01 3.158111788905163531e-01 5.094016856278082983e-01 5.126084098013982543e-02 -2.991049000475434760e-01
1.158267970412936356e-03 3.752506868033466114e-01 6.513796858999277850e-01 -1.056489072742569230e-01 -2.711682008815701206e-01 1.975546570831596127e-01 1.906166917200975142e-01 -1.852192551309560731e+00 1.314436118998080771e-01 3.144351831959177890e-01 5.383521372338695432e-01 2.320143453437442660e-02 3.656225995727818701e-01 6.611238209042495928e-01 -3.162895744889342858e-02 1.449062516995028194e+00
-1.013806422106532379e-01 -1.477080543126005063e-01 6.012193324846765163e-01 -9.188321997244493222e-02 7.557963382230589722e-02 4.975755614895415596e-02 -6.906661510127180825e-02 -2.720084932126721533e+00 6.909162941736955998e-01 2.972047204994801572e-01 1.970556560794709255e-01 2.619751168923784013e-01 5.707735889634565352e-01 6.361232413049378032e-01 1.909411682363053309e-01 6.041267600499762302e-01
-1.357730976430830128e-01 8.307323733307773184e-01 -1.961842505440801188e-01 4.616754393120051092e-01 7.329794685237533969e-01 2.995079790697397493e-01 7.002756204849444055e-01 -3.833499454328688660e+00 -3.194679191464148277e-02 8.102438650968019074e-01 -2.751187066229226486e-01 1.641007133860662159e-01 3.074742488905164439e-01 -1.473419769656139355e-01 6.917564748204539926e-01 3.302172648109684694e-01
2.367966152993966900e-01 3.591205086199897312e-01 3.587769632716482637e-01 -1.672732415896231450e-01 4.473385492416238618e-01 -9.687934751133761568e-02 8.153805071189589304e-01 -4.345610169687643243e+00 -2.186224480523810687e-01 6.522710030101868117e-01 -8.884357817023071091e-02 4.693483011667763938e-01 8.074941466053718597e-03 -3.496770598257574192e-01 3.182171016274492059e-01 -4.505703288591618727e-01
-4.984066575652063708e-02 4.552801967132730221e-01 6.197826548904260546e-01 2.080021302933462435e-01 7.400007053510148092e-01 6.504761144881019419e-01 7.499517064096584695e-01 -3.903256600263559584e+00 2.389974416271281876e-01 7.383378019264302816e-01 -1.036771755034386067e-01 2.838328374436948631e-01 8.881752578556575614e-03 3.324540544042388635e-01 9.125778338703344206e-01 2.647099925063381987e-01
-1.094805387812577448e-02 1.180178685373703962e-01 4.924812537648535216e-01 -2.950546829312415409e-01 6.547070588065648789e-01 1.244435021106638228e-01 6.805373968302563803e-01 -4.774798312233152764e+00 -1.340517099520677768e-01 1.406752842509022272e-01 -9.723448314763824540e-02 -1.565094798198560511e-01 4.065971335550890853e-01 5.685225122116961682e-02 9.565334105496485495e-02 -4.047733189263836434e-02
3.668079683291471382e-01 2.702785194090915888e-01 2.781039715036611737e-01 1.855367691395453378e-01 5.282766775211105159e-01 2.130379899617743100e-01 7.864948747741595803e-01 -3.764422247368947705e+00 2.564707698250307533e-01 3.826848817103314926e-01 1.154798109719522708e-01 7.257737403990665026e-01 3.283372490825881007e-01 4.896545043453278678e-01 7.158303640221863606e-01 -4.296323606688796648e-01
4.659783412273902914e-01 6.667830322508637719e-01 7.981957873727209274e-02 -4.702548197364601196e-02 -1.301537209825082142e-01 -2.049911848273311757e-02 2.616573238954114089e-01 -2.236963310657156701e+00 7.388297083813011312e-01 1.082670805915226797e+00 4.270410467778627539e-01 -2.149144221150504352e-01 8.222465294931711188e-01 3.251265963671153281e-01 4.774812726470591406e-01 8.211667804559622530e-01
6.032467225336352046e-01 6.236187047387498072e-01 1.907134495818197939e-01 -4.739555099079410527e-01 3.200722731333426885e-01 5.922708172586593767e-01 8.729041779841674176e-01 -1.916274045471876075e+00 1.936950719867822912e-01 3.759631567297740951e-01 -1.376188743095341574e-02 -3.061580021228712534e-01 4.028790792729341347e-03 4.187871987405797913e-01 6.184976974539648786e-01 1.665527899714665194e+00
3.373346399402307738e-01 1.326451471998583639e-02 6.999978021106476600e-01 -2.031515390769567803e-02 2.009801462010041562e-01 -2.770175666941657178e-01 2.255980452440293493e-01 -4.327891923624467729e+00 6.653586941347820749e-02 8.515146237121966333e-02 5.151471147759177638e-02 4.382072038900893807e-01 7.617334126057370702e-02 7.963852263844076740e-01 4.907534610553545562e-01 2.104599076056151152e-01
7.879935399748658753e-01
1.225336212694042803e+00
9.842893669836131343e-01
1.019378084449922506e+00
2.716893362926882660e-01
8.916490224818931498e-01
6.887953485890629945e-02
1.000612745045912799e+00
6.158892950738354966e-01
1.036729265507508879e+00
3.063140217875446880e-01
9.197719227078408055e-01
1.953795014652672524e-01
9.235290268690780069e-01
7.146307192528502661e-01
4.868665686675991422e-01
ReLU
0.01
16
2
8.859557539435759521e-01 1.152191093609469696e+00 8.323656529274604532e-01 1.004977506230196216e+00 6.830604556265639227e-01 9.610845881272078728e-01 1.746336752148720250e-01 3.709591829031869126e-01 8.258989114909811580e-01 8.442136574867669108e-01 1.051878761350856895e+00 7.972529862304870152e-01 9.000864539218259575e-01 3.571491713742575014e-01 2.345941549896357614e-01 8.303366681948397554e-01
5.928661649639417330e-01 8.812672173868216774e-01 1.000121864720968201e+00 8.420009860565574877e-01 9.086072808559717551e-01 5.563888165437854694e-01 4.664438677183105897e-01 7.842887041041723961e-01 5.093025861976147040e-01 5.734211901687257251e-01 8.496853646569028085e-01 5.924453734954090445e-01 4.866817428160848391e-01 9.703214191201416927e-01 9.015210398127866398e-01 5.710866351420521569e-01
1.337017627385969964e+00
1.043379768196908586e+00
Linear
0.01

ct 2024-06-02 21:47:58.317915
