noname
4
4
4
12
7.334118799788449383e-01 2.990256251289950540e-01 7.401570703975329790e-01 9.421075014757832600e-01
7.572954980977718575e-01 4.043298683456713061e-01 -6.098319051911276212e-01 4.699349812120243164e-01
4.408315879206883281e-01 9.567084482475742835e-01 1.079594896693829797e+00 6.913092597717030996e-01
1.353901329836135758e+00 6.335002153686760673e-01 -1.151086396881548568e+00 8.166810487776855476e-01
3.346363146079846529e-01 6.308512232156573418e-01 1.784454645958552799e-01 1.006567201187952731e+00
-1.022459107152445146e+00 8.683878941832267051e-01 2.144611488540781430e+00 5.451705491747491639e-01
7.413102936457313108e-01 4.153327080013096140e-01 2.819328752866383514e-01 7.213091247446303811e-01
-1.382452788789658493e+00 1.136296602612064444e+00 3.053986748247266458e+00 1.148429307530293597e+00
6.159364484389103778e-01 7.641578069503470738e-01 8.877972181163498178e-01 8.917222111101886783e-01
1.466849232238387701e+00 9.456074070548524391e-02 -1.477644002878433227e-01 8.941996868568394818e-01
7.525512878641845704e-01 9.525215362905482541e-01 -3.810720726885992171e-01 3.928745006525510286e-01
1.987652657043023907e-01 1.117032745065235311e+00 1.139774317076431176e+00 8.032134502529308939e-01
1.888549645433573732e-01
1.368537244852678636e-01
4.129524993280035972e-01
1.795988275759191899e-01
3.597107587325626410e-01
1.598427647923110761e-01
9.453689407461803862e-01
-3.698900521540179898e-01
8.580918560929822192e-01
4.103983838752842672e-01
9.935704697228007198e-01
5.119593697538727950e-01
ReLU
0.01
12
12
2.513113373728301236e-01 3.139431717847472325e-01 5.754341606111212926e-01 8.700336207654769671e-01 3.563385193046219035e-01 4.946593245218696699e-01 6.068208360839766335e-01 1.364745968907847273e-01 1.207778581541805452e-01 4.581645071625062293e-01 4.526721461575994310e-01 7.518239829655238848e-01
5.703931213856382465e-01 2.442863814182771320e-01 5.759548940079823875e-01 7.080377593314423068e-01 7.536181332526808996e-01 -3.227105700880438244e-01 6.452038233561411262e-01 -1.844724158556248772e-01 1.033512984543779323e-01 1.748315105028366845e-01 8.140550195775549946e-01 8.479801708791026016e-01
1.171748641502128319e+00 -3.753855248726575833e-01 8.686961774771388978e-01 -6.076540966019591261e-01 1.197713013250133240e+00 2.632447687964164729e+00 -5.504111169480808696e-01 2.689418045110746114e+00 1.794842276890858124e-02 1.513609413294101924e-01 -2.085929719959255024e+00 8.803428923942071549e-01
1.815469690181523155e-01 4.389004973739497606e-01 5.255613146621712639e-01 3.843534054550118984e-01 8.994005879173229134e-01 -2.832767200457927959e-02 9.725426168577270269e-01 2.273027585025905184e-01 3.032320804115208324e-01 8.317595766611660668e-01 -1.157373972938374740e-01 4.044114567700347607e-01
9.094812914789730529e-01 6.801739905693784394e-01 2.985177014675767793e-01 5.384224818390246359e-01 7.583165108994295300e-01 -7.011649760208540916e-02 1.024156491557184356e+00 -6.845865919752586182e-03 8.837202422002998770e-01 5.297702017685180786e-01 9.378997044346978895e-02 7.717313149576067177e-01
-5.043348140995861789e-02 6.544257552636860709e-01 7.409020072632144238e-01 5.092114981252647832e-01 6.049338946551185980e-01 4.866704894794909864e-01 7.182162116769666982e-01 -3.466242268078352784e-01 1.078126840304311385e+00 3.950474680171569553e-01 2.999007487624928414e-01 3.733987360943839540e-01
2.741085881120768342e-01 2.558135656722729245e-01 4.054045540417509641e-01 5.204864274452019463e-02 8.721888114740521392e-01 4.144573332199190663e-01 5.254475652595863577e-01 -1.254836691370007917e-01 6.338504012880324945e-02 5.169013660016904543e-01 4.040672785372004250e-01 6.577615098295837293e-02
8.030885437349168932e-01 1.818311267134256337e-01 1.696959477844574016e-01 -5.034157419620472612e-02 5.865523600871738186e-01 2.944781737499836405e-01 4.150188124218042590e-02 -2.254910073894909051e-01 1.920921103430848764e-01 5.050295515614674491e-01 1.596586221199630951e-01 4.634411445126989104e-01
-2.819511160082145348e-02 -3.593030015454883319e-01 4.968239314456282529e-01 -6.820722846494266245e-02 5.624744176140114016e-01 -9.301985549325936242e-01 5.209565679370022906e-01 -9.690803440137807367e-01 5.149745751986841702e-01 8.490065211326046357e-02 -5.990658447589498614e-01 -1.653685207232326593e-01
1.906578297657857135e-01 -2.356767394109854086e-01 8.864142591625809864e-01 3.992751117667004412e-01 8.522826542426351626e-01 7.276753662732063921e-01 3.013080325334856480e-01 1.514116758173463806e-01 6.755664965685351797e-01 3.662318231704649873e-01 5.416986122523657077e-01 7.845883346666202574e-01
3.197674116991917059e-01 5.532590758177149404e-01 5.747212555045075888e-01 1.056798699425069099e+00 8.180184039527417239e-01 2.575864577129036714e-01 -1.306653446534660201e-01 -1.580936790341272991e-01 7.740879369815403255e-01 1.170286744507878174e+00 8.220041826158553944e-01 3.485782202827075738e-01
9.906069096415627273e-01 8.851508840494701214e-02 1.327083017089460970e-01 5.899540034735002436e-01 8.636057160491099616e-01 5.615121054064471373e-01 1.776934783177736288e-01 -3.584238519831953185e-01 3.370918543263009548e-01 6.086709986673413120e-01 5.202327510902827745e-01 8.528076429571535000e-01
1.057328873171252459e+00
4.110151653679370298e-01
-4.206591624449151468e+00
6.844232993327975523e-01
7.191930844847884696e-01
9.185766763952120106e-01
3.108130206095862103e-01
3.568685134979808216e-01
2.532340186780941971e-01
6.431086952260397505e-01
5.976089943594161680e-01
2.697895771814178278e-01
ReLU
0.01
12
2
7.651881987199941060e-01 3.174314038992638864e-01 -3.312653957295766283e+00 8.346994378193556274e-01 1.013070704561370272e+00 1.056998326465419247e+00 4.744139913581059131e-01 2.942779452258148520e-01 2.135779234609850030e-01 1.007000032845545068e+00 1.641808367821463721e-01 8.834338159758945430e-01
9.315881739217104496e-01 5.173559847800581757e-01 -1.977596776405947887e+00 2.310533553953384722e-01 8.137533958339655538e-01 3.061112644189423748e-01 6.063624612674588521e-01 3.943446449409406251e-01 7.614340023720109207e-02 8.714469251775294190e-01 9.672858886188965277e-01 9.413153080904146375e-01
1.272600004635338511e+00
7.255921015138050434e-01
Linear
0.01

ct 2024-06-03 20:52:58.468516
