noname
4
4
4
3
-1.237774399415941806e+00 -1.724375263671110159e-01 1.681385660642852287e+01 1.021426987862172897e+00
-1.085518217075413183e+00 1.034710830458370534e+00 1.492909780060614189e+01 1.145112455037955224e+00
-1.404932626307517030e+00 1.654944116220891548e+00 2.390371630900357403e+01 1.755035168679727642e+00
3.062203596468231481e+00
4.014222596528504106e+00
-5.296405221806100627e+00
ReLU
0.1
3
3
-8.930874919638986942e-01 1.062962996929088355e+00 -1.172825244147809975e+00
-5.828344236542568613e-01 -1.490728332034688963e-01 8.020791218449194182e-02
-1.141609479972862939e-01 -2.568753137838575198e-03 -7.094777948775000953e-02
-4.693031182240463284e-02
-3.807247010545688343e-02
-3.112744968478335650e-02
ReLU
0.1
3
2
7.697599278890447927e-01 1.062513606045765585e-01 1.211926228405782457e-02
1.483675376452850969e+00 9.418484521885236993e-02 1.541167516092254754e-02
1.397639066097858151e+00
1.401218132507248582e+00
Linear
0.1

ct 2024-06-16 22:09:07.229620
