noname
4
4
4
4
2.444537280810324287e+00 4.736181912240005620e-01 -4.395366224169577229e+00 6.135483652341853222e-01
2.234892002290334467e+00 -1.178814728879812090e+00 -4.187700431674312718e+00 -9.059080723693323511e-01
2.311692785375242032e+00 3.233284465518453388e-01 -2.648465731224754371e+00 3.387803111351173624e-01
5.133041578540029626e-01 -1.450965692669441864e+00 -8.211816504807595507e+00 -1.422821607000046340e+00
1.356923871459950526e+00
-1.152090447068051970e+00
1.252293417376893814e+00
1.395020987664616907e+00
ReLU
0.1
4
4
5.963046977746095934e-01 1.758586044611357702e-01 5.407281297922265084e-01 -6.589427653445234512e-01
6.696195814916565681e-01 -7.485226547162124877e-01 4.901695456191101918e-01 -9.230333236568820654e-01
2.578543304520424240e-01 1.190549282820377308e-01 3.830925271283195932e-01 -2.259000380373698658e+00
-4.642346133581513601e-01 -4.640812087458978663e-01 -4.658641731472830672e-01 -4.572042962266998356e-01
6.826845335512242707e-01
1.287979929753528818e+00
-6.920272321045101149e-02
-4.612361817829776500e-01
ReLU
0.1
4
2
3.407812930453570921e-01 9.440193715632677618e-01 8.653968900817543553e-02 -4.525363370263523755e-01
5.468541585170270114e-01 6.867231184165726310e-01 3.562633020907298165e-01 -4.740591546168637649e-01
2.255225536069757286e+00
2.082859175577530753e+00
Linear
0.1

ct 2024-06-15 19:36:04.246634
