noname
4
4
4
4
1.234377416396480465e+00 -7.108000150997874356e-02 -1.813982472306634719e+01 -4.449385366511068307e-01
2.892457165988669421e-01 -1.677467280533042837e+00 -5.229374252136000045e+00 -8.639640564875629147e-01
-3.742120220131771036e-01 3.180916143331397605e-01 -8.760072951570085920e+00 -2.782140129273638074e-01
3.550400438014236770e-01 -7.562739442990484839e-01 -2.348711885199685057e+01 -1.635976636986912203e+00
4.437817341923724790e+00
-3.802540446267498098e+00
2.635465971933082407e+00
4.677111567140352477e+00
ReLU
0.1
4
4
3.986461674517783882e-01 1.931340452261998963e-01 -4.102075736089469404e-01 -1.282535968856218123e+00
2.955123174366581118e+00 7.778188435528990974e-01 4.038607401909201089e-01 -2.570585969040264818e+00
-3.329103092513810425e-01 1.190549282820377308e-01 -5.526062373352989832e-02 -3.887314218298192792e+00
-4.642346133581513601e-01 -4.640812087458978663e-01 -4.658641731472830672e-01 -4.572042962266998356e-01
1.254415862153205774e+00
-5.987856924929009506e-02
-1.036703216510768577e+00
-4.612361817829776500e-01
ReLU
0.1
4
2
-8.729081000138780855e-01 9.574355891860926171e-01 4.316929955089421900e-01 -4.525363370263523755e-01
-1.715717423947634712e-01 9.272885443147057538e-01 2.264368960491951466e-01 -4.740591546168637649e-01
3.081753128461364177e+00
1.959161374192398331e+00
Linear
0.1

ct 2024-06-15 19:36:36.560857
