noname
4
4
4
12
-1.496448324219682879e+00 3.592592088006604789e-01 1.220383147798677514e+00 1.490714542078555027e-01
-2.267819366448045493e+00 1.755570480084856388e+00 9.340856730961851540e+00 3.095485112290322638e-01
-3.283928910024087600e+00 2.598672142543454022e+00 1.093532556684002799e+01 4.303434225183568052e-02
-2.604890203689183559e-01 7.107017250519104268e-01 1.483308844365917922e+00 1.244427328878588840e-01
-3.224163230229293298e+00 1.870797481681915508e+00 9.461574477501553559e+00 1.088707471690804951e+00
-1.517174575264745862e+00 1.197995093543201328e+00 8.547916851437316055e+00 6.189672825153150759e-01
-1.054054152701265207e-01 7.381864029574108921e-02 -8.704190000845318798e-01 1.282286648273083252e-01
-3.876242120964708548e-01 -2.474744619994974359e-01 5.104883852239322506e-01 -5.882127493560439929e-02
1.256007234757517388e+01 7.486822433240769570e+00 1.202901887165254990e+01 4.249401572331658272e+00
-8.936395415211653148e-01 5.644784030804091968e-01 6.321453151390875602e-01 4.169643841673916634e-02
3.297172541972632764e+00 -2.231928665049738858e-01 -4.515585114041584092e+01 -2.186883153006390135e+00
-2.326692325042112763e+00 7.320893284700161763e-01 6.062489546747107383e+00 5.408258416511787514e-01
-1.349863267783367293e+00
-4.633538586319290609e+00
-6.927424489011241526e+00
-1.654227921749656049e+00
-3.880445599743642671e+00
-3.123963288169663066e+00
-2.855934065905082475e-01
-1.046925779997611938e+00
2.560037522309278835e+00
-1.167066258594268824e+00
-8.421889644616735282e+00
-2.660673304060230393e+00
ReLU
0.2
12
12
-6.956840890418621859e-01 2.203498671870252612e-01 -5.023936210451177553e-01 9.890462720284487474e-02 -1.409136390233411140e-01 -1.275103491596454974e+00 1.882350400598879758e-01 -1.361135349443389320e+00 -1.653761385792342498e-01 -3.109652264940651611e-01 5.076917388801786141e-03 -1.051077264609981299e+00
-1.106147381811029007e-01 -2.255638884273811207e-01 -1.264660910223330603e+00 -5.689520192765135098e-01 2.376794477394149063e-01 -2.484963732366549660e+00 -3.571086330449572688e-01 3.013953136444443293e-01 -1.260368631910168957e-01 -2.639166846963580948e-01 -3.222116334838764362e-01 -1.043363343966264400e+00
-1.247185100823570703e-01 -3.605778092960899017e-01 -3.036738355582662696e-01 2.215836861970245375e-01 -6.036984658335282639e-01 -1.169815827969737043e+00 -1.445964573801105102e-01 -7.350515677011061344e-01 -2.469118426540000133e+00 -2.530054714915834779e-01 2.319371683050840960e-01 -9.090144397134857224e-01
-1.072606278064984764e+00 -5.599286038035791169e-01 -2.962328041418244573e-01 -5.829936700318681664e-02 -3.827763156182937276e-01 -5.997103971871310668e-02 -1.189399473225846715e-01 -8.222346358473874295e-01 -8.436107743380294455e-02 -5.996680580751160283e-01 -5.629768406853230545e-01 -8.142274035956490463e-01
5.315521566570546169e-02 3.863574677956007064e-01 -1.883424026096680581e+00 -4.092245048165839005e-01 4.847885160225302026e-01 -1.435810871130323907e+00 -2.903431578868698737e-01 -5.678518628240036836e-01 -1.848723266524491926e+00 -2.765670413701499797e-01 -2.023114505415967990e-01 -5.992506043529414184e-01
4.695459012845946134e-01 -3.318795754211739002e+00 -3.747173914699855612e-01 6.554365167171931628e-01 -2.678256775976639581e+00 -1.034942935085627402e+00 3.635185912499728778e-01 -6.994806886839758375e-01 8.006190447939802723e-01 -3.573063486454047810e-01 -1.423643391302187977e+00 -8.773857528469933831e-01
-6.648453551087804003e-01 -1.152031297259291431e+00 -9.684079532690308412e-01 -3.359783566140441269e-01 -1.102141937485307421e+00 -1.366276642134222286e+00 -2.533143403356190593e-01 -6.774194831332529532e-01 -1.034411829457199339e+00 -1.610805641477496275e+00 -1.524342594134041606e+00 -1.052910127264059525e+00
-1.705882191662753608e-02 -3.861560102317280335e-02 -7.016165097335362866e-01 5.771933335939847254e-01 -8.534504551701538322e-01 -1.497691821442273419e+00 -4.871744759798295465e-01 -9.788336298353369491e-01 -8.195476308055273940e-01 -2.502359457192043224e-01 -7.528816737900249079e-01 -9.079790258728449581e-01
-8.055373279194925074e-01 -1.094255412949420581e-01 -5.172267377670534128e-01 -6.799440587793892377e-01 -2.569400716143746544e-01 -3.911796356686453313e-02 -1.287705774002812498e-01 4.675155573788363772e-01 -4.626026768817800283e-01 -1.181798979056324639e-01 -4.636690048570543121e-01 -1.761936588684291927e-01
-7.674893458623650577e-01 -6.147415978200162501e-01 5.558832885742613639e-02 1.114549592218421056e-03 -6.845325462386193938e-02 -9.993587991556092398e-03 -8.283870944965029404e-01 1.728138513714902458e-02 -3.652855234731162137e-01 -4.725520176888290957e-01 -5.702318507303072437e-01 -5.141392209261731461e-01
-1.052722392465278156e-01 -2.130206520091131039e-01 -1.195508210179181408e+00 -1.217551900597269726e-01 5.072229044402952747e-01 -1.832514389454897641e+00 -2.259448137020021730e-01 -5.279502865923306754e-01 -6.770190225034198317e-01 -7.423367352433590804e-02 -1.831397216606511502e-01 -1.126393658290721023e+00
-5.599002692597983000e-01 -1.615765244502151143e-01 -4.359497569075544976e-01 -3.131588524120548223e-01 -3.440088008775574451e-03 -2.264662038567786695e+00 -3.257856289386840132e-01 3.367858815169549325e-01 -3.446831314975828064e+00 -7.796254879908071089e-01 -2.654362836101209489e+00 -1.394391021938904629e+00
-4.062577937403556716e-02
-3.413016229614472818e-01
-1.375417968218906273e+00
-3.126762857544766461e-01
-5.544122560576335568e-01
4.465579740079467896e+00
-1.122737297001672241e+00
-3.637988104443140580e-01
-5.061974719274613121e-02
-2.380242153912242309e-01
-1.563905761520471838e-01
-1.558549900186084525e+00
ReLU
0.2
12
2
1.047154115035437844e-01 1.499117343579031980e-01 -5.270953386508308025e-01 3.146973070480058032e-01 -1.498767897234641433e+00 2.079773775260012947e+00 -7.947557643289622220e-01 -1.113267493558430833e-02 9.819683571407011868e-01 6.693727874054568039e-01 -4.706587154650306026e-02 5.316977683193705451e-01
-4.334052091147192615e-02 -1.780688333469260809e-01 -1.254146567852229277e-01 6.188206599101242489e-01 3.706067995476871046e-01 2.003700269978682336e+00 9.408522539471007029e-01 2.400642104410956323e-01 5.297085250190519679e-01 3.568737774367260474e-01 -4.386911901988224671e-01 -2.371979711235666421e+00
3.787675606945168028e+00
4.269015337340078098e+00
Linear
0.2

ct 2024-06-12 02:01:52.634319
