noname
4
4
4
16
7.919327491933071173e+00 -2.042967276934307463e+00 -1.167321026242104764e+01 1.793782317391321213e+00
5.813202815612046326e-01 5.937109644619062987e-01 -3.166356507281852473e+00 1.092388519219983811e+00
9.441881700543499178e+00 4.671445364063049333e+00 -9.681343143817943142e-01 3.047679114406581569e+00
-1.925150252776654414e+00 1.976256993192157640e+00 3.844417074687375901e+01 3.076691944019338543e+00
-3.396348789386178346e+00 1.972337738058986600e+00 7.160569315440703519e+00 1.007392257789945456e+00
-1.256293857104867939e+01 -6.100927038010447667e+00 1.157636782913270856e+01 -3.922644138166841543e+00
-1.957923977576730312e+00 1.468826236276092878e+00 4.289970915631063919e-01 6.629469011376055709e-01
-7.383846471798053424e-01 6.436253344905473739e-01 -2.529958106154567843e-01 4.632639701869529780e-01
-2.434583850568589281e+00 2.330420426212707508e+00 1.005466005324725209e+01 1.849661594577936885e+00
-1.927655013964601816e+00 1.275142590842341661e-01 6.692646836174891423e-01 -1.687582446463755659e-01
1.189605644123989503e+00 1.211783518065715270e+00 -2.410474721184681979e+00 7.345540202766507321e-01
-7.629591204603597410e-01 5.488626951080408656e-01 -9.111097223672823819e-01 6.914717674392761859e-01
-2.577984436580400551e-01 2.479038785074972051e-01 6.408091225102196739e-03 1.749862360412939022e-01
-2.542952033105272958e-01 3.926581266627279798e-01 1.280168052863936090e+00 1.174261078501124683e-01
1.158552898282614096e+00 3.247875513252923785e+00 -3.935378540889445720e+00 1.842757287299627178e+00
1.016202900118035934e+00 3.791209586983854241e+00 2.306907319786629884e+01 3.111006207350379693e+00
-6.960792680160696300e+00
-1.330900952088281963e+00
-1.530745274964605995e+00
-8.682871735629124288e+00
-4.463399765403348596e+00
2.744454288948333875e+00
-2.504157870457851764e+00
-5.469982312180016182e-01
-4.259593089044900971e+00
-4.570997846864893965e+00
-1.668024066682761930e+00
-1.402717441468566362e+00
-2.258155037999091397e-01
-1.636900554097065585e+00
-3.044634773365495928e+00
6.054318444709290148e+00
ReLU
0.2
16
16
-2.780441557205801661e+00 -8.881150896690090946e-01 -1.394022062285480423e+00 -9.895646894966850793e-01 -7.769158391671949770e-01 -1.686603340919716310e+00 6.970018305801063407e-01 4.106666159370750968e-01 3.478556332684201169e-01 6.435336115998668838e-01 3.451588694293217241e-01 -7.271796743312308742e-01 -4.105000602472413385e-01 -4.460445262559262769e-01 -1.286733855900066281e+00 -8.261114331092384688e+00
-9.589582550946766926e-01 -2.103465112315520968e-01 -5.123763522361809430e-01 -2.414595683789243497e-01 -5.935167580830253975e-01 -9.049507272454826445e-01 -1.802357955889346830e-01 -3.463554811242166021e-01 -5.929541132401303649e-01 2.572105044189187395e-01 7.772993109764686492e-01 8.182490181544818664e-02 -3.741262416047549388e-01 -5.916258591682950485e-02 -1.422698222308762805e-01 -4.752981881404214626e+00
-1.138786874950099337e+00 1.656568842725963664e-01 -2.203906618882944812e+00 -1.800620383248354051e+00 -1.216245060629045138e+00 -1.461165039196264726e+00 -5.037281939604044689e-01 -9.572236874836515322e-03 -3.498782336519190572e-01 -8.100524162266390382e-01 4.824158706299589566e-02 7.088221397017251402e-01 -2.988558941011562609e-01 2.776627086655747770e-02 -2.421297438415192627e+00 -4.748457245364638091e+00
-1.789069313264215477e+00 -6.266805555042417875e-02 -1.165789049476277997e-02 -2.453752491227966459e+00 -1.381121839739663626e+00 -1.865733485220058219e+00 -9.746242274955010942e-02 1.510098529721321803e-01 -7.266750031127707787e-01 -3.787666895908544107e-01 -5.850317333979123680e-01 2.188499898884992689e-01 -2.974111191323297598e-01 -4.992317034047234238e-03 2.412996285748671421e-01 -3.560350791821389471e+00
-5.621250304535808651e-01 -6.343968732841016589e-01 -5.827310212732482730e-01 2.274421352598734902e+00 -1.051622213780441628e+00 -1.331486257455109512e-01 -3.756441634316236011e-01 -3.110834835093298500e-01 1.340731006128837999e-01 2.075479092190568586e-01 -9.524344043788609548e-01 -3.238200348765102876e-01 -3.600305130945595788e-01 1.952910187553897059e-01 -8.051466844785351018e-01 -1.653121328330039219e+00
9.401386495545611677e-01 1.015926657634162872e-01 2.571910926218488047e+00 -1.237897335993956283e+01 -1.968258901894067714e+00 -1.568657223977502291e+00 -1.117567927495549673e+00 -7.373111990713970831e-02 -9.229339625986473505e-01 -1.009304145794938989e+00 2.211553237578872955e-01 6.679128595356290665e-01 -8.004145666964580796e-02 1.680984538634480996e-01 1.470859547956079094e+00 1.923871587948166928e+00
-1.632044971884657691e+00 -8.734735130855278418e-02 -2.535628897845763619e-01 -3.283270525608279478e+00 -2.470947809381482951e+00 -9.445747832188484683e-01 5.034449808626584311e-01 1.081693821219513463e-01 -3.950062087702775893e-01 -1.323998835381760886e+00 -6.018990910781145676e-01 -1.300696478913530574e-01 1.098792538705908040e-01 3.205494500709065164e-01 -1.150763983632699050e+00 -4.382315255866518378e+00
-4.700837861750869706e+00 -3.787381291068929734e-01 8.709819758233047216e-01 -1.209291780354297741e+00 -1.380310017013997248e+00 -4.477201453079303839e+00 -5.218335401149537534e-01 1.466685010609349374e-02 2.933873658643497695e-01 2.238267160175150261e-01 5.385729649063779600e-01 1.173561868665762065e+00 -2.673309086861370143e-01 3.031157273590326384e-01 -1.115889120625932263e+00 -9.041899145131566229e+00
-2.621513927043700676e+00 -2.198629682614464467e-02 -2.069335000738246944e+00 -3.942716423866200692e+00 -2.295285034669790392e+00 -4.050346080500343504e+00 -2.153297786392414093e-01 5.594942289469057028e-01 -1.085164009301892829e+00 -1.854579899395044196e+00 -7.497050737988215918e-02 1.314971838515714087e+00 2.563242012383056267e-01 6.295856207773966595e-01 -2.787619708412534397e-02 -5.394481754703289944e+00
-1.279937425218362623e+00 6.112642850332020705e-01 1.317111438424064251e-01 -5.253348619729970359e+00 -1.016549093354587319e+00 -2.198673977652070288e+00 3.245828529576096355e-01 -7.013829824294803839e-02 -4.855495938810251988e-01 -1.786451483790708394e+00 -3.168753378633168971e-01 1.872854952225324471e-02 -2.614162697118592726e-01 1.433586689363124389e-01 -9.028316167392609615e-02 -8.803378896646023577e-01
-3.499251911798138881e+00 -1.142777640463659844e-01 1.149670576263335908e+00 -5.336374389035388077e+00 -1.656312453720615752e+00 -2.906317523372585310e+00 7.307739462917959283e-01 -2.863230812236033374e-01 -6.330436165032085061e-01 -1.156711538011337304e+00 5.618777104163453773e-01 -2.621526449309885543e-01 -1.933679455202211850e-01 2.343447300034817160e-01 -6.478551388580233716e-01 -2.262226685554202366e+00
-1.674133711587247886e+00 -1.805302347728793944e+00 -2.288153973692189869e+00 -1.231452817390144006e+00 -3.441398184515979342e+00 -1.840395682935802801e+00 2.162991639098902907e-01 1.530214802361849480e-01 -1.800361252518292599e+00 -5.128559664570173648e-01 -1.414481205246622020e+00 -5.028612050177770909e-01 2.001145788420067850e-01 -8.577557943802843754e-02 2.836198471706716795e+00 -5.314477289372969260e+00
-9.495171203556879158e-01 -6.359541403986475050e-01 -1.214284059087343604e+00 -7.905491482169930695e-01 -1.389955855877894164e+00 -1.102503106483496476e+00 -9.272775428454902436e-01 -9.732407468949583196e-01 -1.103768060747406299e+00 -7.819813932457772010e-01 -5.856036936284118033e-01 -4.097882949654435003e-01 -1.402244673858554558e+00 -1.359255522447950559e+00 -1.169819602322097252e+00 -8.376907837698267523e-01
-8.414619235784220885e-01 -3.418620529297445865e-01 -1.292996674473140928e+00 -1.117427475411654658e+00 -1.549870774086044456e+00 -3.379931803308034777e+00 -2.704874208069171782e-01 -3.825321906344630873e-01 -1.335161087958337545e+00 -1.183977896707367528e+00 -8.070005910648815339e-01 7.816284798929680200e-01 2.429026254287881270e-01 6.029666859465862006e-01 2.109641284007520157e-01 -3.346115131063929216e+00
-7.016209813504571180e+00 -5.385178059794432093e-01 -6.253671571965790932e-02 -5.789762304003359894e+00 -8.537568971022168052e-01 -2.128986916075345182e+00 -4.043076436080481062e-01 8.112966656742224072e-03 -1.135264194469317811e+00 -1.430097366555878491e+00 -3.334623249875917073e-01 6.884055413690765013e-01 -3.100164038798927657e-01 2.328601346658820404e-01 -1.143146967668793090e+00 -6.246198708113414710e+00
-6.825638073214559398e-01 2.975258155409008509e-01 -2.294163004449089466e-02 -9.896902719180799224e+00 -2.431101237665936221e+00 -7.411076325850447510e-01 -1.024572917560785168e+00 5.857626613895434708e-01 -1.419425325182635644e+00 -2.441117314712765829e+00 9.173463957345048825e-02 7.874467389872888967e-01 3.576569314505296804e-01 -1.871945289458682993e-01 2.944700778887394677e-01 -5.987824925454178215e-01
-1.424483440807721990e-01
-1.677972264905020494e-01
-1.013498837199839075e-01
-1.989736091751982960e-01
-7.530465690295586045e-02
7.927944138342202685e+00
3.075774736062157899e+00
-6.698827436505699895e-01
1.395795825593729278e+00
-8.485014887101154091e-02
2.955764007392072568e+00
-3.052700912901891162e-01
-1.216347796382355906e+00
5.032061890279113658e-01
5.306756990574585053e+00
1.358137967176595851e+00
ReLU
0.2
16
2
-5.690720594201059690e-01 -4.338082391372303226e-01 -3.254157921774317175e-01 -2.352512492920203480e-01 5.332254581136666172e-01 1.791461106380511037e+00 -7.221686562949825028e-01 -1.730274603821769119e+00 1.303717369396614423e+00 -3.954666995120043049e-01 -1.308259356898545223e+00 -5.794491785023595520e-01 1.100333206824721577e+00 2.375033538997493171e-02 -7.575575875509679147e-01 -2.968465925961192298e-01
-1.004062403664777836e+00 -2.118699561393463660e-01 -5.414624779817061029e-01 -6.203246442687855300e-01 -1.344651436960153101e-01 1.828905177825903117e+00 -1.825526967837493464e+00 -9.775573880076218192e-01 7.430942779433993284e-01 -5.002714820706428700e-01 -6.667912344150587201e-01 -1.140388141018519708e+00 5.842240310383577384e-01 -2.683014108374911499e-01 -2.562091910703428344e+00 -4.029252357989809297e-01
1.947174688231741513e+01
1.932611624801894479e+01
Linear
0.2

ct 2024-06-11 22:23:59.227445
