noname
4
2
2
5
4.950024880328571797e-01 7.377200448832909041e-01
6.288963056289250675e-01 5.321832003144749690e-01
2.526793527686626017e-01 5.358804313426333010e-01
2.106175298335104529e-01 9.175194676794690141e-01
8.250373528481066421e-01 6.360858357473977431e-01
2.475925716416679245e-01
2.176502298887106335e-01
2.639392604341344040e-01
8.554126591677430058e-01
2.355900588544004304e-01
ReLU
0.0001
5
5
8.765469251794424377e-01 8.325492154510456544e-01 7.415977574298391328e-01 7.194790093169182166e-01 7.852464525814513152e-01
8.498292681937240634e-01 3.420040878574615029e-02 8.457194206964941952e-01 7.217869267997822913e-01 5.988692991048704117e-01
5.337780052514412565e-01 6.188325960303204809e-01 6.301714253392598497e-02 9.994606515733435170e-01 8.612664169029832228e-01
5.703528446073645730e-01 9.201054522919858147e-01 7.995218594510742349e-01 3.894104646480271992e-01 1.331667495080576247e-01
9.983389491111593905e-02 7.263251060343501875e-01 1.898194717011126853e-01 4.604010885579798984e-01 6.908701422773161349e-01
9.840109582750717898e-01
3.136266581190574332e-01
9.901364525120424087e-01
4.973623855778744884e-01
3.138190980071808855e-02
ReLU
0.0001
5
3
8.252894604690861335e-01 4.520757177012042494e-01 8.401647182527881563e-01 4.589771774113596825e-01 6.185639470163968312e-01
5.105624268649801012e-01 7.393394720835440026e-01 6.731827616233233558e-01 1.701503401793905690e-01 1.765828325388554276e-01
9.943565424233823391e-01 9.557539150714250420e-01 7.269211591958846252e-02 5.925940696937512797e-01 4.034746236249853180e-02
3.603394524099656770e-02
6.231659256948313130e-01
8.353710330321684197e-02
Linear
0.0001

ct 2024-06-02 12:29:03.643732
