noname
4
4
4
4
1.152494999872279324e+00 4.474759248463320294e-01 9.049564300454910892e-01 4.529199365435452318e-01
1.147423229162129354e+00 1.136198070418084738e+00 8.836869148600018375e-01 1.093439934799476099e+00
-6.761782561953069148e-01 2.544579771484016817e-01 1.327287078116424990e+00 7.354509627745045020e-01
4.850294330594946968e-01 5.035497468316575409e-01 1.860718031407033735e-01 4.446575389169148407e-01
4.834023056158716636e-01
1.117508970622282494e+00
-4.753644383529298523e-01
4.785166229550212869e-01
ReLU
0.1
4
3
2.767181977234012269e-01 3.660838411036428930e-01 -4.725668221430191496e-01 4.788713761107132316e-01
5.561170098241536436e-02 8.667107051372680004e-01 -4.941338870119043603e-01 4.809002318927337871e-01
4.986527793394881503e-01 1.275870841019973445e-01 -3.585360352143321938e-01 4.752554031433096071e-01
5.480732837921893363e-01
2.144532760368576263e-01
4.754647869812501648e-01
ReLU
0.1
3
2
5.525598776759310660e-01 6.900896763256488819e-01 3.869337039809499501e-01
5.537617679203440391e-01 6.793843709468914138e-01 4.199788591062796339e-01
1.603430039781602368e+00
1.984886202078068429e+00
Linear
0.1

ct 2024-06-16 15:23:57.575125
