noname
4
4
4
4
1.648385228352528431e+00 -1.048926394181673105e+00 -8.151489799444922468e+00 -6.421836713328500368e-01
2.411323748504038189e+00 5.959516620445545199e-01 -6.004213383702098561e+00 1.397252417728284124e-01
1.354534486123547765e+00 -9.184899030942141884e-01 -8.841234637071071489e+00 -1.413790621380051515e+00
-2.483442983662074652e-02 2.155416496631000489e-01 -1.276884857880228541e+00 2.931177836346242627e-01
-2.491982552344290003e+00
2.417381433476823105e+00
1.761384807585391066e+00
-2.139914254808009397e-01
ReLU
0.1
4
3
1.013012489167403052e-01 -9.557855218950290777e-01 -5.760235047477567649e-01 -1.126347072138556837e-01
-1.331853964719340588e+00 1.278237075738354767e+00 -1.242301027326066176e+00 9.988270993707009954e-04
1.973163245940918742e-01 -2.110873601794377996e-01 -2.900582061519636046e+00 -4.455365833737915705e-03
1.040592433158952002e+00
1.343299769652039011e+00
-3.744642162115367490e-01
ReLU
0.1
3
2
-1.086563304211186409e+00 7.584641179133961852e-01 6.304971588247101910e-02
-3.848457420434845400e-01 8.774578500129728287e-01 6.633512681736479510e-02
2.431662276170972525e+00
2.636763731998357230e+00
Linear
0.1

ct 2024-06-16 15:24:08.528149
