noname
4
4
4
8
1.199680682617062233e-01 7.393333650178174343e-02 1.403999911865836836e+00 3.575876270414412583e-01
1.485429008070798584e+00 -8.872433098146852160e-02 -3.316751071693836428e-01 9.365747378844636595e-01
1.105199323980329495e+00 5.873414395306578856e-02 -4.285702497474649375e-01 6.890000329092438314e-01
1.033123548231717592e+00 5.509185314253066679e-01 1.773778336544128642e+00 6.032429734903127505e-01
1.260713654861117083e+00 5.638739229509226458e-02 -4.044535858161504849e-01 6.213951589779966866e-01
8.898599335189620874e-01 6.232432958035577508e-01 8.424074933835167256e-01 7.310578390398538851e-01
7.949781218468306987e-01 5.849235516056665585e-01 1.193972566930771695e+00 4.365728392260520008e-01
-2.310660479245183752e-01 8.783553395242333917e-01 1.308742066237275736e+00 1.124234262715524957e-01
-3.257655077626365192e-01
3.464951765497237823e-01
1.302093984146381334e-01
9.425136270586081944e-01
1.459119247007401310e-01
8.784452542893762539e-01
7.366092893471164471e-01
-1.740471149289578856e-01
ReLU
0.1
8
8
-3.786370998970055024e-01 2.769459446076927289e-01 -3.089353214798341019e-01 8.531401934352839111e-01 5.690569595333182518e-01 2.401302423140038445e-01 -1.370599745663441393e-01 3.819670598957975449e-01
-7.440712208282503903e-01 7.073871779246480029e-01 3.878467702658136007e-01 7.680476865570504685e-01 1.234919535454719608e-01 4.892067992150793132e-01 4.529377778233479312e-01 3.174922245557148387e-02
-4.543986043584554713e-01 9.543711184553915761e-01 5.749767554626978860e-01 9.326377264834679881e-01 -1.910043035911545839e-01 3.415230853547200351e-01 9.011520761514887345e-01 4.882117404719624187e-01
1.463801320575916776e-01 -2.597852324297865723e-01 8.169486546214412351e-03 3.208243898434439689e-01 -3.706428340314282810e-02 -3.210857413413040762e-01 2.802930117991381254e-01 9.074393674978948887e-01
-6.762641382327226891e-01 5.501613513566427915e-01 5.587231223993953388e-02 7.748856234288398204e-01 3.882951368323641628e-01 9.347469236401794168e-01 3.143964471350998435e-01 -2.080992054385418788e-01
1.044387257518346324e-01 1.546993488298478367e-02 3.734470729632798358e-01 5.169783984090612350e-01 4.776890105301197509e-01 8.799405409850682425e-01 3.393127509209885040e-01 2.098156603618628879e-01
-6.419498476851156488e-01 1.293500968154607800e-01 4.285943007431425866e-01 7.540706317784834356e-01 2.084918834706897539e-01 1.133304016843483947e-01 -1.751975748846689163e-01 -3.662099903031474923e-01
2.594921229962118270e-01 -3.071331887020864460e-01 4.996378479712845766e-01 4.525238271648945876e-02 1.553537326789483919e-01 5.766526095770203864e-02 5.962831211119911101e-01 9.235658529227447344e-01
1.141202516734737271e+00
1.016339512038877624e+00
7.627180727606045485e-01
5.050062547961440274e-01
6.210282308735655121e-01
1.367971911828961940e+00
4.087413034052986838e-01
6.639803235569969875e-01
ReLU
0.1
8
2
6.098174042399319150e-01 6.431146511036637259e-01 1.023065683381436219e+00 9.134265812898956227e-02 9.244643670703149851e-01 7.954151781435887525e-01 5.433540846791610202e-01 2.135771124253017239e-01
5.615735244500242862e-01 6.929880870632600942e-01 1.011866966114191912e+00 2.887100357484562174e-01 8.089649257876391220e-01 7.977251132599176842e-01 2.401235179751071147e-01 5.848957183527159209e-01
1.753377096525220891e+00
1.664055902009795140e+00
Linear
0.1

ct 2024-06-10 22:22:41.747007
