noname
4
4
4
10
2.417147939363020193e+00 -1.878399449194583459e+00 3.086653857158564662e+01 -2.776045476373670162e+00
1.378386558145154317e-01 1.561162638466122576e-01 1.062242648683920621e+01 1.361820626273217982e+00
-6.973282618031313440e-01 -3.649877930537814841e-02 -1.012007200126991080e+01 -1.033263852895326407e+00
-1.006957963081188012e+00 1.196451746504040958e+00 1.736519612417604463e+01 -9.913581624337165499e-01
1.158790915248925746e+00 1.990446419477889917e+00 -2.311383710220451082e+00 1.792467633066186172e+00
3.391982935795860410e+00 -3.256261973450867764e+00 -1.046336908969757173e+00 -1.528085974864875185e+00
-2.679785828268810843e-01 4.883587252910529530e-01 1.192070434929038136e-01 4.680939663944600482e-01
-8.225804614157071759e-01 -6.918680267381831506e-01 -4.150418107197536566e-01 -7.321598637274362442e-01
-9.607186429129609129e-02 2.719731216455482103e-01 1.458975741695236750e-01 3.081285922123777610e-01
3.961777140022091914e-01 -7.296614308713998964e-01 2.105371080407044015e+00 7.637032973850973461e-01
-1.183025616182209383e+01
3.041506506403255816e+00
-1.014712180593491908e+01
-2.859366128487723202e+00
-2.964995076596900481e-03
-7.341954211384619455e+00
-9.502347643877976369e-01
-6.794855618173642142e+00
-8.800444979322629147e-01
-8.045232911321630098e+00
ReLU
0.1
10
10
-2.034407811928023335e+00 -6.180141467231682562e+00 9.747090185068343349e-01 -2.176180739163523725e+00 -1.831513573521282578e-01 9.329814207050202146e-02 7.947910282034699181e-01 5.173441694237325139e-01 2.491542955079929511e-01 5.110787076575747934e-01
-1.494950216753226924e+00 -1.748894956042202020e+00 -1.086793987470534351e+00 -4.697425570163872299e-01 -1.594596374232316816e+00 9.329814207050202146e-02 -9.760743681718515863e-02 5.173441694237325139e-01 2.491542955079929511e-01 5.110787076575747934e-01
-9.647127159040298494e+00 -2.436837737645253521e-01 1.173418070444202099e+00 -7.333651329804047325e-01 -4.457050885272176854e-01 -1.313688189683721586e-01 7.947910282034699181e-01 5.173441694237325139e-01 2.491542955079929511e-01 5.110787076575747934e-01
-2.064658721133394437e+00 -3.160896118540898470e-01 -1.505729935711915601e+00 -9.298088470639935821e-01 -1.089625741857292329e+00 9.329814207050202146e-02 7.947910282034699181e-01 5.173441694237325139e-01 2.491542955079929511e-01 5.110787076575747934e-01
-1.040489708827859072e+00 -2.898551672857638373e+00 -5.590379564763412468e-01 4.322642754205630045e-01 6.579499765221074048e-01 -3.045163488658753526e+00 8.594234921314933273e-02 3.000678160832964014e+00 2.119937297857407699e-01 -1.011615053487216587e+00
-2.887000731173691381e+00 -1.831343056432829242e+00 3.421840558555685696e+00 9.676657153932257671e-01 1.212808366080401878e+00 -2.106609755562163677e+00 8.503534976510600252e-02 -2.726212312945792693e+00 -2.128212913720924776e-02 1.378405649266984279e+00
1.125609248086704151e-01 -6.000687243205924393e-01 1.125609248086704151e-01 -6.228275752564058632e-01 -4.574609960781425011e-01 1.125609248086704151e-01 -5.827568506583475916e-01 5.173441694237325139e-01 2.491542955079929511e-01 5.110787076575747934e-01
3.748068549368112068e-01 -3.241677086569562327e+00 3.748068549368112068e-01 3.159965691463625936e-01 4.272323311502778109e-01 3.748068549368112068e-01 3.748068549368112068e-01 3.014632130066006166e+00 3.037125390428803140e-01 -9.253187035764293134e-01
5.212444924484175290e-01 -5.228832260265987131e+00 5.212444924484175290e-01 -7.282505969729742290e-01 -1.200120963218599818e-01 5.212444924484175290e-01 5.212444924484175290e-01 5.212444924484175290e-01 3.773778392658653780e-01 -6.919238075635223417e-01
2.150989290994480552e-01 -6.072201953081227815e-02 2.150989290994480552e-01 -2.042907216057767983e-01 -8.610121558665299879e-02 2.150989290994480552e-01 2.150989290994480552e-01 2.150989290994480552e-01 2.150989290994480552e-01 -2.870748603422881851e-01
-1.962991132290722307e+00
-1.504965636757327196e+00
-1.097256661001525746e+00
-1.610021375692148649e+00
1.224433148446644992e+01
1.315774710354039101e+01
-4.904118561934694420e-01
5.929130638018405897e+00
1.948941221229300025e+00
-3.045220247533819355e-02
ReLU
0.1
10
2
3.576308148872155979e-01 -7.658425654098083291e-02 -1.617289443893717427e-01 -4.774748001943281417e-01 -1.162719887157569021e+00 1.778957065546781457e+00 -8.634102795920088613e-02 -1.346104781654129612e+00 -1.348507376614960895e+00 1.527559817399324338e-01
3.668335885383578465e-01 4.440410643163396065e-01 5.387282296469936282e-02 -2.651415787088673426e-01 -1.554849835732363683e+00 1.780973830064217278e+00 1.793715501490291964e-01 -1.357266333205948028e+00 4.131752766999827187e-01 3.182278822899834436e-01
3.529626874755732668e+00
4.345890718034950417e+00
Linear
0.1

ct 2024-06-16 12:07:34.527778
