noname
4
4
4
3
7.197778168520435393e+00 1.690588752776168491e+00 -2.284836169700117381e+00 4.568785214428137564e+00
1.363807185803644906e+00 1.283535352682962705e+00 5.574099548775321544e+00 1.422606662794882793e+00
2.225191162460447014e+00 7.277096432508881052e-02 -1.346200642766163469e+00 1.673125975412328659e+00
-9.952108761573899010e-01
2.515829504161928298e+00
-2.273890532272622611e+00
ReLU
0.2
3
3
-4.444841871484537382e-02 -7.116045087152086390e-01 3.659706977968331665e-01
3.182370716805106858e-01 -1.049589851905978977e+00 4.164941559304549124e-01
-8.061350003159788447e-01 -6.849684408478887709e-01 -4.482240430471430281e-01
-1.313475632219076150e+00
-3.338439270851005225e-01
2.258351141429129072e+00
ReLU
0.2
3
2
2.030413740465055183e-01 3.595571374155948768e-02 -8.068027812116731479e-01
2.116916500990918479e-02 -1.045251585022800161e-01 -7.942517297441864521e-01
3.628317144948338679e+00
3.854652293026051169e+00
Linear
0.2

ct 2024-06-12 00:32:58.901172
