noname
4
4
4
3
1.903084653110747837e+01 1.877885445876975812e+00 -1.015371568639936939e+00 1.141004103575509987e+01
1.214314131892620496e+00 1.274961678681591604e+00 1.066044975333079847e+01 1.558135802188317820e+00
2.225191162460447014e+00 7.277096432508881052e-02 -1.346200642766163469e+00 1.673125975412328659e+00
-1.117022455317387308e+00
3.877171420932854939e+00
-2.273890532272622611e+00
ReLU
0.2
3
3
-4.444841871484537382e-02 -7.116045087152086390e-01 3.659706977968331665e-01
-5.079307859545816317e-01 -1.743132545911072695e+00 4.164941559304549124e-01
-1.226434278471868256e+00 -7.409125936252625166e-01 -4.482240430471430281e-01
-1.313475632219076150e+00
-4.646646745634609443e-01
2.349164077433749664e+00
ReLU
0.2
3
2
2.030413740465055183e-01 2.493498144200514410e-01 -6.835266123092605950e-01
2.116916500990918479e-02 1.954719454960845426e-01 -9.154251928073912081e-01
3.443965319171276906e+00
4.047514913119376168e+00
Linear
0.2

ct 2024-06-12 00:34:39.858703
