noname
4
4
4
10
1.063476386020578701e-01 3.551227951170232711e-01 4.020950870417849821e-01 9.664071006463944569e-01
1.636488249736738343e-01 9.726416451740308444e-01 9.960676516561202121e-01 3.849630390561488147e-01
3.235612080946408398e-01 6.781781038176138976e-01 9.036831552900903564e-02 3.252391968221218788e-01
4.836918202626703245e-01 8.983900339573638316e-01 1.898969519303757014e-01 8.262741717299921795e-01
3.712836590663226577e-02 8.435337490955349127e-01 3.795966067967493363e-02 5.102960258429176665e-01
7.673159006927526837e-01 4.130701537652281541e-01 1.582114846658059237e-01 6.186070431703077910e-01
9.330837383807597529e-01 3.694634555149767241e-02 1.578005867820078123e-01 5.652790246459186152e-01
5.468086791964975601e-01 9.553614561557123297e-01 6.982268827492733587e-01 6.206122052674845069e-01
9.868708013631452003e-01 2.619702143082131007e-01 7.847555614941210678e-01 6.751566191387384785e-01
3.431271579137394889e-01 2.325636324796336307e-01 5.511646325041371641e-01 5.340457591513914082e-03
2.782848967609703461e-01
6.817905938007435829e-01
5.781546950664362416e-01
5.763607358623570320e-01
1.349696466110184012e-02
8.045288163037500606e-02
6.675360251655252375e-01
4.712056501630712546e-01
8.897719290237917633e-01
2.825205879220493710e-01
ReLU
0.2
10
10
8.668426033434446509e-01 1.559038732413045025e-01 8.733183233207129081e-01 6.514024136254215058e-02 8.693606763057498688e-01 5.966977900525907152e-01 2.396136188772676201e-01 3.648841804783150566e-01 8.718382750556148419e-01 3.576574592826463617e-01
1.674103469244416775e-01 5.794815959034060882e-01 5.587145066504272117e-01 8.852486153006750014e-01 6.946170116231631386e-02 8.841815399812094078e-01 5.644270422722363900e-02 6.775950800329150203e-01 8.724033008439162629e-01 5.232162311635177865e-01
1.585664976496884426e-01 3.314888350788750548e-01 2.600160201207755151e-01 8.982125705688843720e-01 7.733073554505087710e-02 5.017551741860399872e-01 5.069374396898179702e-01 8.663733146813512587e-02 2.470081324569106673e-01 3.225394591879862105e-01
9.427662824776458228e-01 3.219184539956893021e-01 6.730519417979318186e-01 7.851621150135359439e-01 8.899736434055336431e-01 7.880336778059162661e-01 7.680924135490732052e-01 2.372828754871081358e-02 9.531764087914091910e-01 4.398161116431711370e-01
4.117766487823036892e-01 5.878241908213253097e-01 8.572089262962498957e-01 9.434035803857405700e-01 7.737044673691827468e-01 6.561756481207876579e-01 1.209921580723926082e-01 3.884106471755303103e-01 6.816627158319520374e-01 6.353311417159690500e-02
3.743374017643753549e-01 8.263436999247883996e-01 8.813302600207257864e-01 5.362677534059554496e-01 1.462429210497728782e-01 2.899468644344344037e-01 6.167464791328243212e-01 5.224294549668474508e-01 2.611136254661197142e-01 4.465700965344683304e-01
3.229642730037699527e-01 1.980563098769247965e-01 3.812378334572836813e-01 3.058115301436601374e-01 7.246356459312379705e-01 5.832166195144635745e-01 1.034169608216228831e-01 7.466648167326130903e-01 9.665983273520167840e-01 3.097527064550342768e-02
4.387957562225033303e-01 4.837420167050597852e-01 7.167856576620104114e-01 6.658276274539319806e-01 7.336635933370816431e-02 9.996197014181621432e-01 5.899462807152400234e-02 5.082294309532026100e-01 6.251304067120226904e-01 2.836068785005896320e-02
6.842110263658324198e-01 4.920226451206373142e-01 5.437879057397324578e-01 1.508289012530914519e-01 6.720916327190208372e-01 9.659732619864322967e-01 7.032270703114675836e-01 8.730792434190333129e-01 5.335254240552759208e-01 6.447900362199179281e-01
4.777437898106858816e-01 6.798330981063587242e-01 5.392872868177995826e-01 3.987825881993288801e-01 9.191389916785654979e-01 3.473280442054887951e-01 7.153310522823216333e-01 2.669430206896052926e-01 8.768273834833590907e-01 8.698300193860293295e-01
4.940245208914317843e-02
9.794530917306298878e-01
8.815155654859954115e-01
2.150625077091024018e-01
5.260317487798609193e-01
3.785442553164384272e-01
2.796350119455111027e-01
2.588145330512156006e-01
2.278042295148938745e-01
1.392249944777831372e-01
ReLU
0.2
10
2
5.356555824421007639e-01 5.786172493661262406e-01 4.931421819865546841e-01 5.127074120632203469e-01 6.898571688739977281e-01 2.336883994942449139e-01 9.858318756830467544e-01 7.849117518620278844e-01 7.266835797159096888e-01 4.903359107813779483e-01
1.307928267668428957e-01 3.178913228208246622e-02 5.081493861720881577e-01 3.843996845127036766e-01 3.909896501576294314e-01 3.653477625705425780e-02 2.916032174804978894e-01 4.266160222836626881e-01 4.849112784708683455e-01 3.934436779688710306e-01
8.403126086373569059e-02
5.293421867226785205e-01
Linear
0.2

ct 2024-06-12 01:56:21.395848
