noname
4
4
4
12
3.518246701238328722e+00 3.799432346967135832e+00 4.483684217029020758e+00 3.043152071779251067e+00
1.023242267510858783e+00 -8.215825438772498268e-01 -1.521557278308830874e+01 -1.078411093267345633e+00
-7.429445081063588141e-01 7.511474979813969055e-01 7.551879220193670195e-01 7.502431094239582210e-01
5.920637591282966739e-01 2.516152175245654821e+00 1.396636950023818713e+00 1.829734167044206439e+00
2.943190092616981168e+00 9.407710614871669375e-01 -5.040255442869032265e+00 2.526859253416187112e+00
-5.210598036701791225e-01 6.848761364419826414e-01 -7.717596646450122222e-01 5.005364224400070672e-01
-2.418480148836564148e+00 5.600403635299877614e-01 -8.542569878210591883e-01 4.458922672554698208e-01
-1.132533810777389682e+00 9.290296887339636323e-01 1.780102183570180685e+00 4.912931812479143234e-01
-4.658979178595593629e-01 6.333114540886957133e-01 7.860863400554014557e-01 6.037869337060925989e-01
-6.670621283444110317e-01 9.054353433818916885e-01 2.102003506163753244e+01 1.736248005959325047e+00
-3.885430968511127126e-01 3.104068654373646763e-01 4.685513142468714642e-01 4.015593119100823727e-01
-1.458786642548148382e+00 7.926252825255748480e-01 2.120012002013426322e+00 8.129674003425023665e-01
2.018821180342678545e+00
-2.065016397730052855e+00
-1.892854209494313267e+00
-1.023295654035183633e+00
-4.105003120777627745e-01
-7.871134195058809846e-01
-1.416229898047748348e+00
-1.331298690480936298e+00
-9.331688632040984199e-01
-4.508406433675708591e+00
-9.717765159579943024e-01
-2.920332354228502680e+00
ReLU
0.1
12
12
4.235481997519152109e-01 -9.574234790311901555e-02 -8.996259300905028178e-02 1.416927646448584932e+00 -2.809024313872803269e-01 1.037924946065114790e-01 -7.234406512981955695e-01 5.569831270027832820e-02 1.476369727492708173e-01 -8.913584969848466599e+00 8.909733069969515418e-01 -3.676670109105115158e-01
-8.373049253798880986e-01 -5.814260842261971263e-01 5.618535840934541642e-02 -1.732059524999406686e-01 4.778518904875656004e-01 4.745789965849381842e-01 -5.424788381881032739e-01 4.146207011329878372e-02 2.455417387981749522e-01 -7.172847283985386291e-01 -7.759617392877203590e-02 4.776619904007445849e-01
-1.972937621198841640e+00 -2.199878438512577805e+00 -7.135493504508094720e-01 -2.168524288272982992e-01 -3.019683884038695809e-01 -4.584033982562265019e-01 -4.572941299099454460e-01 -3.934516559788013290e-01 -6.893669784841454096e-01 -1.581932098116914265e+00 -3.645810708798238875e-01 -1.781653427641112161e-02
1.242964894203677284e+00 -1.202523582300686344e+00 -7.681123337137101270e-01 6.530595827027421141e-01 5.628355009246190088e-02 1.030290624585550457e-01 -3.462042926335250348e-01 -1.548654178164894646e-01 -4.393086536635049111e-02 -7.128095221056759634e+00 -9.236851317178995657e-02 1.365104915742339775e-01
1.343880480950038647e+00 -2.360702255283700701e+00 3.752216395380618408e-02 -5.939017982769468490e-02 1.936400009426891167e+00 1.026513210179498536e-01 -1.059308174133405389e-01 -7.010025414148386425e-01 -9.923064772412601431e-02 -7.212287717944091625e+00 4.062391805126974731e-01 3.011065781795354002e-01
-9.862320084477265159e-01 -1.715799364417300854e+00 -2.967622349096228351e-01 9.618612490223153733e-02 -7.514728792014980785e-01 -5.768240107811063722e-02 1.620128479436327429e-01 -1.961202929509758830e-01 -5.391083855237196465e-01 -4.833460391899765396e-01 1.247711101814523160e-01 4.770580420408707112e-02
-3.203050012439395910e+00 -1.348858787952419647e+00 -5.916288369542576087e-01 -1.208338627975675150e+00 -9.444305813899853685e-01 -1.607731023878793131e-02 -8.186497866609703244e-01 -4.302654563813256283e-01 -5.622301763297542498e-01 1.940800829952440854e+00 9.879696418367722721e-03 -1.779663789853262457e-01
-2.762910934217338577e-01 -2.327608096513789082e-01 -6.203779609645281301e-01 3.473427626907441002e-01 -3.106254685564337481e-01 -3.859408628410141567e-02 -1.678786837165339163e-01 -3.726202132747527540e-01 1.129937517452025975e-01 -2.904381815693839464e-01 -2.265650195570763359e-01 -7.268102703369989648e-01
-6.415795744605474749e-01 -3.812801011578881738e+00 1.531433207523005303e-03 7.366312881803235291e-01 -4.653321319976810866e-01 6.352408628810203295e-01 6.574563398995470626e-03 -2.133617860278820832e-01 7.947611898356009286e-02 -2.788378974806876798e+00 -9.116240269193275070e-02 -4.770925069331484747e-01
-1.409314671951262365e+00 -1.066546839075884767e+00 -2.301336337349993155e-01 4.661583894825386820e-01 -9.075964234419493515e-01 2.468605764294570792e-01 -8.266912987829261317e-02 -1.366623297250691704e-01 1.420660984809333782e-01 -2.939404927754810437e+00 -4.702614397973721716e-01 -4.475935219619754935e-01
-6.309751519847554002e-01 -3.569698545225648445e+00 -3.993179037432758628e-03 -1.272821694333205467e-01 2.079888092537535815e+00 -4.768561558631096431e-01 4.658917536150225525e-01 -1.713976086676726185e-01 -5.276376976324305135e-01 -8.961863130792895760e+00 2.119750691147683219e-01 -9.241761011499277645e-01
-7.868707226309104019e-01 -2.113864747806713407e+00 -3.624255386544513735e-01 -2.900945668594805404e-01 3.253786571791704163e-01 -4.165003227448776379e-01 5.798851204584458685e-01 -4.264399682810126463e-02 3.871856433300007727e-01 -1.718776401013932587e+00 -1.057533051070285030e-01 -3.958743350803858307e-01
8.223006675261479437e-01
1.525130176431487072e+00
2.631084834137753514e-01
2.266783131017473973e+00
3.772357327905202506e+00
3.615281065673440208e-01
-7.461630442125357643e-01
-4.003635320499616679e-01
8.927029261279885164e-01
1.263244516749076896e+00
4.124907275964847742e+00
6.477304953283476996e-01
ReLU
0.1
12
2
4.285987505997159164e-01 4.832138004642494988e-01 6.635570682622779493e-02 9.728258512579982531e-01 1.594124242311006245e+00 3.278182614086014857e-01 -7.902630092097807646e-01 3.804074009429382897e-01 3.098014469870961074e-01 -3.078197844249626614e-01 -1.229173049930369244e+00 1.710519469640199020e-01
1.113172868248341191e-01 2.352733259250550379e-01 1.831418250458158314e-01 8.588892066509045131e-01 1.761269687063738765e+00 2.896519165641879279e-01 -9.423800105327331811e-02 2.321688456603006323e-01 5.043830382234674170e-01 2.780452584521437287e-01 -1.340510078800913440e+00 2.631590495286960096e-01
4.707934043159570869e+00
4.197464495086811631e+00
Linear
0.1

ct 2024-06-06 13:47:44.375223
