noname
4
4
4
4
-1.026220122975944893e+00 6.952861369079039733e-01 1.933294380964028170e+00 5.051079629646062497e-01
2.769361071922824991e+00 7.565653094479944940e-01 -8.790945850883010948e+00 9.461501243060370658e-01
-9.006838661095579734e-01 -1.249146648076598476e+00 -1.069075205096730485e+01 -1.858367838821546991e+00
-2.703062760015269017e+00 7.922914465341421852e-01 4.798022067899536669e-01 6.218313368517265627e-02
-1.186498718543008035e+00
1.753771398334444509e+00
1.968654788080169915e+00
-1.030046717928579936e+00
ReLU
0.2
4
4
-6.283612850826998386e-01 -7.245463598768526747e-01 -4.231880264034395545e-01 -6.415402598094152031e-01
-4.088322876236897274e-01 8.717439891163087928e-01 -1.069192451459741511e+00 -2.492004866005967656e-01
-4.563886071615699813e-01 5.098856799706961151e-01 -2.005455355964349096e+00 1.635449418007996480e-01
-4.144692196992049160e-01 -1.846441838402067548e-01 -7.929972311160617959e-01 -1.672556148660424846e-01
-3.295856358910172895e-02
2.715124498370043771e+00
1.581304309703980560e-02
-3.573356056569535616e-02
ReLU
0.2
4
2
-2.221991470511245625e-01 6.725282434364444617e-01 2.521473820490895412e-01 4.138489301189159919e-01
1.066586680142059596e+00 7.972689942689537013e-01 4.528395279392055661e-01 5.094405217337849567e-01
2.072452309469832166e+00
2.219187548908843510e+00
Linear
0.2

ct 2024-06-12 01:13:48.354197
