noname
4
4
4
4
-1.514467406078185141e-01 1.188479277074117935e+00 2.371705208013637378e+00 3.612070761522939710e-01
2.403115741968886443e+00 8.320340054751325098e-01 -2.530626904135371835e-01 1.233408779408691425e+00
1.777010428764505878e+00 1.395149082247307548e-01 -4.002756479060091799e+00 -2.256732131066108982e-01
1.613418451811555077e+00 1.250684733970981233e+00 8.132341107129532620e-01 5.842989364976918232e-01
-1.006018197967943451e+00
8.309612432940630677e-01
1.699123234562481197e-02
-5.351001082345346188e-02
ReLU
0.2
4
4
-6.283612744442667042e-01 -7.245463510608557423e-01 -4.231819286405523739e-01 -6.415402512981382976e-01
-6.400140836469251360e-01 8.589492561470936094e-01 -5.170530370897131744e-01 5.305868983357268087e-01
-5.390702296182758868e-01 6.966591471323477780e-01 -2.347830397837242511e-01 1.957140122344548372e-01
-3.978968097041967189e-01 3.345269351166521576e-01 -5.453809201734574064e-01 -2.191003495476777016e-02
-3.255899171927579411e-02
6.281004396125680067e-01
3.109964063374073828e-01
7.772671373387420035e-02
ReLU
0.2
4
2
-2.221985810069825040e-01 8.309651434860138020e-01 7.504487764984562048e-01 6.420891856943756748e-01
1.066587923293276896e+00 8.401940052496541522e-01 1.008341649343781787e+00 5.440520303956742909e-01
1.889405995266909333e+00
1.688897906368787005e+00
Linear
0.2

ct 2024-06-12 01:13:18.642421
