noname
4
4
4
3
-1.001041502611889733e+00 9.936946691994139602e-01 1.716479312102764965e+01 1.115095806372548903e+00
-8.062132145494641522e-01 1.302847198470131529e+00 2.002940509595434548e+01 7.383712146386766095e-01
-1.592162437079679638e+00 5.241944888407521486e-01 1.848955877752966259e+01 1.044814439923276828e+00
4.489076022086884166e+00
-5.369135554293283263e+00
3.390228033596454971e+00
ReLU
0.1
3
3
-1.070448911506085343e+00 8.448195033807712750e-01 1.796337658897232195e-02
-5.267214860716955549e-01 -2.967438417108125281e-01 2.820931374664457647e-01
1.652423043891044774e+00 -1.196296882432339004e+00 -1.519445607095781581e+00
-9.620510357338302176e-01
-1.691931542167037783e-01
-1.846092932875620374e-02
ReLU
0.1
3
2
-2.978344756286095962e-01 1.392435960067346934e-01 6.926171853976836879e-01
-2.621542782299038712e-02 -2.183546729498276814e-02 1.034463607113180528e+00
1.707593037884633569e+00
1.568961006448524209e+00
Linear
0.1

ct 2024-06-16 19:20:24.297458
