noname
4
2
2
5
1.783861892470449406e-01 4.465268170643935108e-01
2.435358151135777194e-01 5.914299050835176708e-01
3.554344342768901988e-01 2.142714195252729548e-01
5.457240633295403764e-01 5.844105590685761964e-01
7.466951268815505971e-01 2.004843545573522789e-01
1.016638955684281420e+00
6.379390502309348898e-01
5.381696613805709850e-01
5.791692334031979250e-01
5.175932168956912660e-01
ReLU
0.01
5
5
7.291528868006721398e-01 8.215505376848890595e-01 1.060970170282790892e-01 2.023669721050733450e-01 6.156509460897882646e-02
8.432351698113618177e-01 6.620855587213028137e-01 1.474147939537372998e-01 9.425172663308607757e-02 1.234402423182328068e-01
7.758602310034948824e-01 2.504269085431112263e-01 8.272785389610163298e-01 2.405555088873143343e-01 4.238517867499771441e-01
7.198131156806605868e-02 3.521476478605501947e-01 4.617801360860491200e-01 5.679953944617127659e-01 8.313858778722835741e-01
4.881478648725205705e-02 1.418687662159557883e-01 3.064614636574963247e-01 5.326504912516605295e-01 5.891092012907072073e-01
9.896588512283556183e-01
4.421221519618863671e-01
1.991123338750863392e-01
9.195819577988931792e-01
8.156837785113523198e-01
ReLU
0.01
5
3
7.500329548720041650e-01 8.401666480916391011e-01 3.765553306002004108e-01 1.706474751180222793e-01 5.643897542606858275e-01
4.310227993479675557e-01 1.027050315586174323e+00 3.174243647168243920e-01 3.346670392471297606e-01 1.834430890153734561e-01
9.944995791463719925e-01 7.771566867466759287e-01 1.261914282412222310e-01 1.263458018521618209e-01 1.649442149020345083e-01
2.681436049092126295e-01
7.947020064117715776e-01
9.486824433934324396e-01
Linear
0.01

ct 2024-06-02 18:02:14.930526
