noname
4
4
4
3
1.689348187333113982e+00 1.879618465198872768e+00 1.421609885733513989e+00 2.078572356743002558e+00
-1.556360747284306179e+00 2.108612551262704304e+00 4.151370482927860373e+00 9.494931679272254899e-01
-6.894500685300559706e-01 1.038996875384968543e+00 2.674744845860827525e+01 1.804595882965278619e+00
1.598166505480072219e+00
-2.835600871157469616e+00
-5.165217310627287617e+00
ReLU
0.1
3
3
-4.495609848650813055e-03 8.290291092471235856e-02 -9.678700174178364035e-01
7.708548690425858219e-01 -8.499585700229923546e-01 -1.630855456227053857e+00
3.397171030588617968e-02 -9.746345446016239922e-02 -1.084221444417144964e+00
-6.838057297247754872e-03
1.175863853018010108e+00
-2.177834947283778244e-01
ReLU
0.1
3
2
2.255463047734762583e-02 1.533724072356536405e+00 -7.166965152773428771e-02
-1.863244893278359626e-02 8.610157846757309219e-01 -7.461159302406197846e-02
2.071720586043034995e+00
2.111260715848743974e+00
Linear
0.1

ct 2024-06-16 23:32:22.143383
