noname
4
4
4
4
1.140338008776500933e+00 3.202443711742318233e-01 -1.507368444988033129e+00 3.012952166418322864e-01
2.022337752112190579e+00 1.149647287526606165e+00 -1.925505287306320756e+00 6.168704813182689373e-01
1.052004075048029730e+00 -7.457420795924493140e-01 -5.444213185192255722e+00 -9.403160996268349336e-01
1.744793643299091146e+00 6.594335147410893549e-01 -1.660386610295687682e+00 4.478135714361396458e-01
3.193409443146227322e-01
9.859575846462755866e-01
9.001259195008040059e-01
6.915418230693149981e-01
ReLU
0.1
4
3
5.597497158019852648e-02 4.304910384721171157e-01 -4.423031760004509372e-01 -1.952379665447886992e-01
2.085698978439144424e-01 -3.289922524506019852e-01 -3.298682712574778630e-01 3.775871401507686909e-02
1.626517838376168312e-01 5.395557299854215616e-01 -7.714857091413274137e-01 5.046335330063599356e-01
7.458493549378100163e-01
4.265050590553480236e-01
1.063941777287884971e+00
ReLU
0.1
3
2
4.189347045015056059e-01 5.193325492538515553e-02 8.202549706147217456e-01
3.552294890437093788e-01 -6.374187991662481900e-02 8.858017149482211305e-01
2.019571443068910899e+00
2.344409434910813772e+00
Linear
0.1

ct 2024-06-16 15:39:26.173193
