noname
4
4
4
4
9.541599046048625521e-01 8.236506129130938270e-02 1.993480078350736151e-01 3.891845949200166133e-01
4.484034554019801222e-01 2.820220586118226125e-01 2.012908311616802559e-01 1.421766663943748454e-01
6.878383944120939342e-01 4.283309378760310482e-01 4.009438863871955805e-01 3.695666346374633093e-01
1.074560275129709825e-03 1.145645937732749564e-03 9.222711420749172672e-04 8.763435368796511100e-04
1.005063443359544451e+00
-1.263123013648049520e-01
5.281943994454455504e-01
1.159103173506271069e-03
ReLU
0.1
4
3
8.939155273722924899e-02 3.376239556739326075e-01 4.287883865572046371e-01 9.222093389314142990e-04
8.958870034729514709e-01 9.188624617286159091e-02 8.094297521685295260e-01 8.353094361431996889e-04
1.139623148214816695e-01 -2.353861944446602669e-02 8.637265858220417869e-02 8.745627761177949839e-04
4.645559606139634257e-01
2.845958325583657356e-01
1.068865732569342919e+00
ReLU
0.1
3
2
5.946989856566937682e-01 9.199282682753230356e-01 1.074242376180756464e+00
3.008028078987036169e-01 8.874559375583161991e-01 8.964789522855616255e-01
3.830320968466940368e-01
5.206026263157279566e-01
Linear
0.1

ct 2024-06-15 23:05:14.688414
