noname
4
2
2
8
8.695392489321145391e-01 8.587918135948098275e-01
4.646736534777132777e-01 9.689882584876904348e-01
3.044104022210648575e-01 7.596374615551403364e-01
4.130736299841037962e-01 8.496577797687556721e-01
1.004736255369106379e-01 4.677767246625597064e-01
3.581421773492239335e-01 2.771294574044791403e-02
7.488868632669757330e-01 7.753555785873885720e-01
4.119804211037270125e-02 5.980944699966763700e-01
3.439225466458567526e-01
3.623768944042365936e-01
7.381011144763901521e-01
6.471887294389142564e-01
8.768418744927264363e-01
5.659179718996718567e-01
5.470116723790293678e-01
5.427852208811764223e-01
ReLU
5e-05
8
8
5.724157144032333555e-01 2.683483923687449701e-01 9.921786595583412804e-01 6.359208534630759191e-01 4.437418781117619115e-01 1.801162373096842906e-01 6.798128569505934582e-02 7.093499643107658015e-01
2.580229748338856988e-01 5.823273269533486562e-01 8.435092240465457136e-01 6.322718090540394575e-01 2.162888183684262833e-01 1.201193417855147549e-01 8.438515383199800546e-01 7.288092482046640841e-01
1.741459505813950370e-01 8.996877769550566395e-01 3.201329266820762687e-01 5.387697876339967440e-01 3.472857774961046751e-01 6.263754103353317282e-01 6.522321588099103673e-01 8.438298074238526070e-01
3.248689949922798359e-01 6.102020582105760482e-02 5.815613665527610276e-01 9.774889989919399724e-01 8.316000186912601011e-01 1.278497087805501309e-01 9.568256771271478334e-01 8.096026974991425984e-01
4.543151419944212455e-01 1.046488211096229248e-01 4.314079714283098888e-01 8.110098331293433827e-01 6.999170241721436314e-01 9.340673348092199957e-01 4.684302356916107968e-01 4.060011343335024891e-01
1.268688950345630007e-01 7.170195107222286923e-01 3.806391965659685628e-01 6.233364612178386999e-01 9.846232844372004855e-01 1.534577255375646487e-02 5.649273388537349172e-01 5.680842356743317501e-01
7.849248357638893836e-01 5.731627174541464864e-01 6.198658553957265838e-01 7.890227494821305809e-01 6.370690239483353112e-01 7.246758620016854335e-01 9.628016962300973702e-01 9.739765659188918123e-01
5.789466062322278228e-01 4.032349138546960088e-01 6.648061662778015357e-02 6.739219200760699913e-01 8.931617250103477401e-01 2.793669027959616580e-01 8.172140916285196566e-01 2.991251346872612071e-01
4.615263165596165118e-01
5.441910667873386398e-01
3.697874304251472788e-01
6.853139793894024168e-01
2.411654795698486842e-01
9.412388281462827910e-01
2.807467968167798311e-02
4.185560870568900693e-01
ReLU
5e-05
8
3
2.483934931531783796e-02 5.063072716529359862e-02 5.166362262139501116e-01 2.519559743812945785e-01 9.877140612229384775e-01 2.774304635461366519e-01 1.155423815589975423e-01 2.210469646015169598e-01
7.520025739810238807e-01 1.638819714114472248e-01 9.487592715042699743e-01 5.603331868745520250e-02 6.691803175293818962e-01 6.986150538279582989e-01 5.852951353047627370e-01 9.710235263004700634e-01
5.685259109523230769e-01 1.420417920955977520e-01 3.966706604359115929e-02 6.499892528104100897e-01 4.735843625402934576e-01 5.199727234070129489e-01 6.958541795049477674e-01 8.218777618421858611e-01
9.233585092909391001e-03
3.150380464356019594e-01
8.595699675219647951e-01
Linear
5e-05

ct 2024-06-02 06:21:28.344380
