noname
4
4
4
16
5.514487326651992261e-01 4.439129107564062648e-01 6.414972287036267984e-01 7.672259069752504490e-02
2.132863704617224077e+00 1.214464084314033521e+00 1.110884607568195070e+00 1.568256335993541750e+00
1.300951281777231960e+00 4.318233537031997971e-01 -8.403876519164238390e-01 6.182770630491665198e-01
1.324804649019309721e+00 2.298341362341886351e-01 -6.153117511038000975e-01 6.201925429562210601e-01
7.505405233370562312e-01 1.582625171009555576e+00 1.763225108624065118e+00 1.194675280552637942e+00
-2.549212980760345304e-01 7.590791287313056745e-01 -3.745374746133115496e-01 4.266844941425268489e-01
-1.392668755911252276e+00 3.236422138638486157e-01 1.607969769444575148e+00 -7.463123465527962686e-02
-8.364610915448065231e-01 5.408134787758142048e-01 2.137949866088006079e+00 1.400471267844643763e-01
8.058837232150664609e-02 4.239722938157391985e-01 -1.106751204947077211e-01 3.936879017072953402e-01
-5.206635181208892904e-01 1.081387374077758645e+00 7.405601377447394995e+00 1.269202680113929116e+00
-4.043128077241795459e-01 1.201626648422591481e+00 -6.934236016166952510e-01 3.942139952460086971e-01
2.399668338602946316e-01 6.720585325591865722e-01 -4.495034894094044331e-01 4.450419948938871273e-01
1.555966219804869599e+00 6.496516890353410956e-01 7.586945437159234862e-01 1.153671700169694558e+00
3.872043465333832590e-01 9.395091773162220772e-01 6.786336093055461705e-01 7.383119496148708993e-01
-4.021995561102212347e-01 9.238651043639322102e-01 1.156278530363294532e+00 5.081502938182759221e-01
1.287472057239592793e+00 1.006881907282934252e+00 2.359847782456721443e+00 7.681198025682490771e-01
-1.571513396975987575e-01
1.001869124332119831e+00
-1.232776552293880362e-01
-1.070067301395245946e-01
1.114375365535751117e+00
-2.317845780352326135e-01
-2.899148984648102889e+00
-6.946611052272065878e-01
-2.831982574667336050e-01
-1.678360253135972036e+00
-3.072355593268700780e-01
-2.928744192845115224e-01
-1.113006100090316197e+00
3.856784979004378444e-01
-1.991068495807538641e+00
8.971189283146963067e-01
ReLU
0.2
16
16
-9.717687215899833975e-02 8.777500944619053280e-01 -1.741587108541902545e-02 1.981622660716899353e-01 3.118840964688185946e-01 9.398736931353234014e-02 -1.004954767619638201e+00 3.775982885563324842e-01 2.034839093954884381e-01 -1.980079084325907512e+00 2.129216242666484571e-01 -6.401908693055675670e-01 -3.939035515569418444e-01 3.530682404660124285e-01 1.752350065192541939e-01 4.998121238102599118e-01
-6.478997547719782535e-01 4.404864109903899871e-01 -3.218451499869796617e-01 -9.503127324952195254e-01 4.998598775528361182e-01 2.750322165593497292e-01 8.281899585107792561e-01 -8.759971989259883740e-01 1.927162659762538532e-01 -2.470653162389727875e+00 -5.114655619869427072e-01 -9.486736349340336716e-01 -6.826028050189120178e-01 -2.053806081919384852e-01 3.225910511009753567e-01 3.354713601837315262e-01
-5.220571635968006552e-01 6.624266596086906267e-01 5.276417369989043760e-01 -2.659086725884234059e-02 3.641246338477988065e-01 -3.122566231022717020e-01 -6.774397107717030631e-01 3.510124722057921254e-01 -4.185294012983804546e-01 -2.630307331971902585e+00 -2.036284363289104365e-02 1.024521542897934984e-01 2.537520762943770714e-01 1.673654287136996932e-01 8.236000220296779695e-01 2.170592674416282064e-01
3.051997453885379463e-01 1.460111024344250996e+00 2.318285182498050767e-01 -2.855011952764464067e-01 1.348223786553724768e+00 2.278692270792385122e-01 -4.638475598651176646e-01 -9.661741021499591076e-02 2.350798100741619823e-01 -2.202358110765953114e+00 7.747989855570851236e-02 5.113921699121209974e-01 -4.364987181558727114e-01 3.873651582188257780e-01 -7.614974942347978171e-02 7.601529586824895546e-01
3.355629414334622695e-01 7.072332401422531944e-01 -2.082376213343877236e-01 2.864248017848665118e-01 3.181786375599842676e-01 -3.774626555243573711e-02 -1.689849369952216018e-01 6.036846645880794560e-02 2.172613999558907771e-01 -2.729599540748285591e+00 2.144702642229757150e-01 -4.926142631405531214e-01 -1.121017929918325384e+00 2.819768691863396293e-01 -1.900864180677968099e-02 1.498788733241339377e-01
6.117558022999848300e-01 1.198230173309895674e+00 3.209919379570771447e-01 7.256375433785487994e-01 1.473419997794942038e+00 -3.308254744344563125e-02 -2.007626023571615070e-01 4.331525750318890311e-01 -1.192853018387467906e-01 -2.255252538503352167e+00 8.346978644403350023e-01 9.334536464380007725e-01 5.013340836707777526e-03 4.049879826489275469e-01 6.113925025443133210e-01 1.480803514845540736e+00
-2.853494883459629650e-01 7.092629132098789146e-02 -2.825436701331108039e-02 2.249620978397165461e-02 -2.670594145668907515e-01 -1.447109436121937764e-01 -8.201078755794610764e-01 6.917976216429794212e-01 -5.640705759715500811e-01 -1.009310806646058101e+00 -5.164988049031555839e-01 -3.186334858805417447e-01 9.758643411647531796e-01 -8.413339922407265803e-01 6.073997909641331017e-01 -7.502005738959728331e-01
-1.201014108831919946e+00 -1.147732775464910260e+00 -1.329740814928230375e+00 -1.884891459772257472e+00 -1.705693956761832553e+00 -1.131627021568562208e+00 -5.482394051582354377e-01 -1.107242492231838016e+00 -9.835498111456947301e-01 -1.810653817660425657e+00 -1.225076148428093870e+00 -1.536191056217688145e+00 -7.195988209255707035e-01 -1.911043135911102420e+00 -1.096272953683355977e+00 -1.556382832574948027e+00
-1.097507247078048476e+00 -1.265373727157492079e+00 -1.490814022479135526e+00 -1.923894592410382076e+00 -1.404442859378414843e+00 -1.633630569692300361e+00 -1.104713103507833694e+00 -1.211081048552576700e+00 -1.429696757175231481e+00 -1.401322122253829017e+00 -1.883350815499481135e+00 -1.321935920792282948e+00 -9.092113061743536395e-01 -1.670156337511417455e+00 -1.435521552998076711e+00 -1.910689772174463563e+00
-3.345022151944066491e-01 -1.755170604237090148e-01 -1.332150642818055453e-01 -1.164658281977424235e-02 6.537885054980255850e-01 4.247041712339414965e-01 1.506362651472997749e+00 -6.691008852890325542e-01 -5.186725128430398624e-02 -1.744316946087687281e+00 1.355605160446072578e-02 -8.057190109038054882e-01 -1.631855671333744651e+00 -8.727661323353964884e-02 -6.373153339815326168e-01 -3.060217377853274856e-01
-1.527628757333286735e+00 -1.124027037137465435e+00 -7.868681134556059220e-01 -1.462480154221851736e+00 -1.596243739579094045e+00 -7.576383304333695889e-01 -8.487200619408040714e-01 -1.318464896778401618e+00 -7.097632994533528139e-01 -1.959982781494473469e+00 -1.247509187271887754e+00 -1.846782820755771271e+00 -1.526534824025163717e+00 -1.443636958423537786e+00 -8.597041087903862788e-01 -1.012401740460568078e+00
3.385090249904069704e-01 2.842182637221182251e-01 -8.175992390452965775e-02 -2.821959784433774043e-01 8.134563435020765176e-01 1.184566807068433980e-01 -1.198271117939955888e+00 -2.437940594923954374e-01 1.773267664705277802e-01 -2.019890260618794731e+00 -6.924904498957582671e-03 -3.551596980424755884e-02 -5.272109307046980442e-01 5.235066532647742778e-03 -2.752035486932667419e-01 4.511884637532539988e-01
-2.588892380758820444e-01 5.272931023233924375e-01 -9.498566935810820455e-01 -8.443687753568395182e-01 2.861935354121172836e-01 -5.675461818539850878e-01 -1.234716320369956266e+00 -6.787700228952427972e-01 -9.950477693226075226e-01 -4.186090221248500498e+00 -5.815734676523467428e-01 -4.529719322795366931e-01 4.863082601717535480e-01 -3.556351996104269997e-01 -8.400426858580409273e-02 3.629674546829168014e-01
1.196334832284445815e-01 2.542292292286708610e-01 -5.258571440559351995e-01 -1.151253565256004849e-02 6.942965298061102436e-03 4.468943236141222353e-01 1.298681990415264220e+00 -5.562199013316955487e-02 -5.342170298750016366e-01 -2.010840562067681692e+00 -3.274862147663319401e-01 -8.822883134587512777e-02 -1.080977673024546837e+00 -1.228083590231821010e-01 -3.135103904759959925e-01 1.753904886666113674e-02
-6.332381446256897251e-01 9.572538832031012301e-01 1.944318052686015361e-02 4.824180525109374451e-01 4.009111066092914122e-01 -3.114193396700685734e-01 -5.410839831267405531e-01 9.150842667850351830e-01 -1.538918441479047716e-01 -2.081202428975375440e+00 2.795572984499692382e-01 1.936104621784787427e-01 4.748223483062181671e-01 1.791225302506622152e-01 1.109782363254145920e+00 3.840172202669889789e-01
-1.104392791723585399e+00 -1.936679296310177767e+00 -1.757207414833830139e+00 -1.176506859746337952e+00 -1.035448649979728852e+00 -7.969861040659366180e-01 -7.202276906038262982e-01 -1.047489383493989568e+00 -1.816780120679812871e+00 -1.913290339466688028e+00 -1.326766467349801415e+00 -1.698929145096983007e+00 -1.712178154849206990e+00 -1.713034592053099159e+00 -1.716921732976514070e+00 -1.662066706468575905e+00
1.044626866964486478e+00
1.101465984976766732e+00
8.994554487390836739e-01
2.191719861983268292e+00
1.408453170817811628e+00
2.179097857971727059e+00
-1.939764774899425948e-01
-1.604000015360727449e+00
-1.417951766408120484e+00
6.109386353912114043e-01
-1.451675570069676846e+00
1.664810466931509803e+00
1.326748731975809559e+00
1.556921976921748385e+00
1.347928970138477789e+00
-1.026201889464767758e+00
ReLU
0.2
16
2
5.278239317394178842e-01 7.003394855544801123e-01 4.555401346164138499e-01 1.204457991512825732e+00 7.129515586399358673e-01 1.183356636655259475e+00 5.913904525776144672e-01 -1.269073637900560991e-01 -4.308443335285056519e-01 5.191836812435123294e-01 -3.667912853851178490e-01 8.696497096430829687e-01 6.985414478913589686e-01 6.301721770070414230e-01 4.820474601599769038e-01 -2.262590757464936486e-01
6.824358605626638097e-01 3.005239875749674550e-01 6.427340574995656919e-01 1.463319392874874669e+00 6.470393382552397377e-01 1.559375549964909569e+00 6.844419027863755112e-01 6.629397351748204104e-01 9.011189918259467913e-01 -6.499708403758873432e-02 9.639139707902915077e-01 8.901176635046011976e-01 2.693882181374375739e-01 2.609457377727252836e-01 8.454876572712789473e-01 9.550837799226389313e-01
1.889442994503151896e+00
2.230983350483041416e+00
Linear
0.2

ct 2024-06-12 01:33:01.657426
