noname
4
4
4
4
1.014959741293948525e+01 3.790605859402586209e+00 6.261107626273458848e-01 9.922789585225778808e+00
3.666212835762165057e+00 1.406639420751853775e+00 1.263044575269337244e+01 1.536838384922916578e+00
1.070442489578202316e+00 2.842342887169978738e+00 7.423747440349784732e+00 3.770659248160573629e+00
2.172348947576548284e+00 4.389969645279618859e-01 2.180756299726178327e+01 1.009736285343449502e+00
1.322294566302661289e+00
-4.766440603837342138e+00
-4.197221184134743766e+00
5.321206000264874447e+00
ReLU
0.2
4
4
-1.702217050188096437e+00 1.004836245183439725e-01 -5.738199069512285311e-01 -2.441693061402120613e+00
-9.764974483238606506e-01 -2.184019263949138756e-01 -1.292040046368572836e+00 -2.807681292157117592e-01
-5.358458493722968008e+00 7.167004384353480306e-01 -1.772590616279567044e+00 -1.095882578359636428e+00
3.634934131640457644e-01 -4.448719567841344258e+00 5.926460955023913346e-01 -1.376601992052464363e+00
-3.463588903072709058e-01
2.573795030463406519e+00
2.060916557894783896e+00
-1.275131280405360279e+00
ReLU
0.2
4
2
-3.289931003283989575e-01 -5.544942306820382916e-01 -9.931451221515200656e-01 8.249034246968116324e-02
-5.079467262621238932e-01 -2.218214552008806462e-01 -1.359538143813785682e+00 5.138362858743731991e-03
4.971174309403996183e+00
4.845729599698267442e+00
Linear
0.2

ct 2024-06-11 22:00:38.673692
