noname
4
4
4
5
8.700381143860931310e-01 7.560010333413657024e-01 5.328128770452694729e-01 3.661921357591976789e-01
5.967849057429341908e-01 1.244105564505936901e+00 9.108761856551263192e-02 7.546587450806707675e-01
1.049244078817934911e+00 6.201954291246465356e-01 1.002396073534774557e+00 1.827560912060909093e+00
-1.685734281233328413e-01 4.293486333112562225e-01 -8.166629458009887488e-01 3.674278209059687050e-01
5.650445032742774654e-01 1.079853424154205266e+00 2.215859767930060675e-01 6.800149201050292858e-01
2.061598991655957426e-04
1.278171438271900329e-01
1.529939921144404469e+00
-8.654642220237308559e-01
1.854180718684923512e-01
ReLU
0.1
5
4
1.790487329808763683e-01 1.870400968087256588e-01 1.574261480251644363e+00 3.077895277615516068e-01 1.762287247309660410e-01
2.602027265897720043e-01 -3.045206609681419541e-01 -4.265695907937460674e-01 1.774643771805708148e-01 4.933255416040264740e-01
-9.208585328591840924e-02 -9.372784301411254404e-01 1.853498962679002993e-01 2.079755881651994265e-02 -4.466041277684492661e-01
-3.194564332631454062e-02 -7.664525560636304968e-01 -4.321770255869179095e-02 4.805807975872738447e-01 -3.237287338523407443e-01
9.988623344167965601e-02
-2.414567992835934818e-01
1.208431418495604058e-02
-6.951006338510525018e-02
ReLU
0.1
4
2
1.246833505103986273e+00 1.583856333990974474e-01 1.904238117905584227e-01 1.502103540071821897e-01
1.003745145615961620e+00 6.010139138720530655e-02 9.568417072100969534e-02 5.415131938379398602e-03
1.975573285403796175e+00
1.439044098096078361e+00
Linear
0.1

ct 2024-06-16 18:36:34.650996
