noname
4
4
4
16
-3.151666090577807555e+00 1.968922989356672426e+00 5.844077751819197530e+00 4.918751837530870308e-01
-1.284367338870170849e+00 7.680034180345629569e-01 2.877540465959574689e+00 5.523675817051677539e-01
3.961456676123359166e+00 3.541775183287019679e+00 1.752339862615070798e+00 1.946070148891039686e+00
1.206901033109368582e+00 1.268529805459053694e+00 9.118589789719014904e-01 1.092366870757828456e+00
4.032392722024062515e+00 4.315866720450125094e+00 4.157141164144348977e+00 2.840833882106309716e+00
-6.967898951469787827e-02 6.526691276449287926e-01 9.131551274770586257e-01 5.153139183149482161e-01
-1.577484445610066177e-01 6.592991767937556036e-01 6.402172102545745647e-01 6.148484792200931137e-01
7.744448192126998087e-01 3.350756556031575073e+00 5.863583937646006383e+00 2.466466314947958871e+00
-3.473864112809137983e-01 7.752398024156492706e-01 3.137108234858757339e+00 3.167781008635635609e-01
-2.079708141968705792e+00 1.619172977045148842e+00 2.715117740994357476e+01 1.867852857644762388e+00
7.662744471706475213e-01 2.370207858505111176e+00 2.724571921772111160e+00 1.456488037618285603e+00
-1.170390482522798870e+00 1.918996882764440359e+00 6.817175604612742745e+00 7.340218447702873128e-01
6.653715576303808277e+00 1.641327747654223179e-01 -8.315108141464035540e+00 -5.672909885912449379e-01
-5.627737505719414557e-01 6.715380101512278266e-01 9.530233583613132442e-01 -7.175457964233986075e-02
9.639903276874298710e-01 5.542024685594704181e-01 -3.592038766679018558e+00 2.856656445549945467e+00
-1.017566278674896796e-01 7.219925651662917332e-01 1.462175585321397575e+00 5.559616539808542868e-01
-3.088136863653418995e+00
-1.287300329004830157e+00
-2.383407618437908410e-02
-6.319145419887840509e-01
1.342475105935857504e+00
-1.266489208379454112e+00
-1.156044055130889703e+00
2.730313021228039094e+00
-9.033622114699614292e-01
-6.019036806941826967e+00
-1.012617446480389871e+00
-3.439837441566163445e+00
-2.850844173748814825e+00
-2.173934334951890701e+00
-7.064813903937782191e-01
-1.043964557129456461e+00
ReLU
0.2
16
16
-1.851041082887461720e+00 -1.896538823444283706e-01 -8.889099711786169200e-01 2.102824741724289848e-01 -5.881394396192122231e-01 -7.855800981759435142e-02 -2.204561443845936552e-01 -7.134180949543827976e-01 -1.910806037025141457e-01 -5.119037186763312208e-01 2.267000542125100770e-01 -1.245615009408495011e+00 -7.578946206735133195e-01 4.732458176611115119e-01 2.189642670168592264e-01 3.164396307626677340e-01
-8.117239920930872099e-01 -3.330749028324565542e-01 1.307750721601742994e+00 4.672857565881755049e-01 -6.766844387032412422e-01 3.994704759392592175e-01 4.398547032835277079e-03 -7.064155798987637347e+00 1.642701506042523463e-01 -1.066819922191851733e+00 9.919724248395218602e-01 -6.442758038575007173e-01 5.976622033140323031e-01 6.484004722088838601e-01 3.637949170691599787e-02 -1.908228365199156062e-01
-1.821997106768998620e+00 -1.437087279925212957e-01 -2.255665579049118963e-01 -7.522924693091893600e-01 -1.314338076417919332e+00 -1.942233785163919590e-01 -1.167403809151469352e-01 -9.201449216550622312e-01 -2.941624303663225581e-01 -4.809722250251121101e-01 -3.879649769145566141e-01 1.140364042775793701e-01 -2.727174259445850346e-01 1.213210863369834414e+00 -6.183646941077894921e-01 -5.350202283485749888e-01
-1.946370099547996280e-01 -1.396277672885447296e-01 -2.032864154597563200e+00 2.047798799470838649e+00 -2.950806243012551899e+00 -5.772456305713768998e-01 -6.426337214786794760e-01 -7.322089294899530643e+00 3.710480494557467923e-02 -2.501297916337176019e+00 7.851870538695499002e-01 -1.163608760323298963e+00 8.606954465692672196e-01 3.035770129663516448e-01 -1.257312851878220172e+00 -1.487928073993834754e+00
-1.657590970259728236e+00 -9.656295031886616975e-01 -1.600643120790095075e+00 -1.176894415946640349e+00 -1.046429634189945945e+00 -1.399998760900439843e+00 -1.196217261440394086e+00 -1.895018757634348683e+00 -1.677177379988726180e+00 -1.336143706561082611e+00 -1.084884934682585289e+00 -1.143709087429908733e+00 -7.620057650166730534e-01 -9.679174247056360203e-01 -1.450674348667082780e+00 -1.608017292008087962e+00
-9.200498623606431225e-01 -5.633436129399223002e-01 -9.049079235492079043e-01 -1.205298017706128766e+00 -9.458134154579820319e-01 -8.539249008308753552e-01 -3.536068259061360686e-01 -5.055173662473884111e-01 -9.670204487506427471e-01 -1.295386225837872107e+00 -2.815158071887888802e+00 -1.684652831773002291e+00 -4.487633638089535970e-01 5.651354897731940552e-01 -2.399460659845568333e+00 -1.945084126806274405e+00
-2.594935408385395714e+00 -9.525214754882904700e-01 -4.550219737135178799e-01 -4.755975164806238720e-01 -6.215527783799548178e-01 2.433588076616542417e-01 -3.488096696208456970e-01 -4.792750925830156494e-01 -1.189903265203067634e-01 -7.337214620939015441e-01 -2.954710745986691145e-01 -1.225874998817148454e+00 -6.984821372634333336e-01 6.792360979934150000e-01 2.249888720856628999e-01 3.182957139926819168e-01
-2.035154137845843980e+00 -9.430904745663235555e-01 -1.109164729386758141e+00 -3.776832030525930084e-01 -7.461132677824735548e-01 -1.457689124928254198e-01 -6.477589028579762154e-01 -5.347746567248675698e-01 -2.803071726590575241e-01 -1.758579981819013094e+00 -8.817797342319636522e-01 -9.514517472558922107e-01 8.909426942907794356e-02 3.778467576596977739e-01 -2.663711589503349186e-01 -1.189602450754062429e-01
-4.007149959709410680e-01 -5.551081460066509266e-01 -8.437359731796542084e-01 -8.806991198008187194e-01 -2.381815095939503912e+00 -3.262157274025058729e-01 -7.900664561971254551e-01 -3.411730036829668133e+00 -1.285208492452053486e-01 -1.810748700608516337e+00 -2.022770100401171778e+00 -7.766764164824977446e-01 2.138327375697028354e-01 1.123222235971286231e+00 -2.122804671882155159e+00 9.916185737781345669e-03
-2.032165027268753033e+00 -1.296845538122864738e+00 6.323304885025371469e-01 3.544071172123270941e-01 1.125571596637970240e+00 3.582748468830649485e-02 1.934437460410307341e-01 3.610273869631666632e-01 -3.982282412671524739e-03 -8.404348531709894488e+00 4.720148008427274555e-01 -2.405647937554928895e+00 -1.037136125672367459e+00 8.372132018430824552e-01 1.223170730264328543e-01 5.595919877027273337e-01
-2.661882518421635480e-01 -7.056610555728993761e-01 -8.590796057755134552e-01 -1.068894894054263522e+00 -7.301912279802215133e-01 -8.889941026490499887e-01 -1.231698449306595666e+00 -4.558139304843671913e-01 -1.065598786692649957e+00 -1.454759411329343388e+00 -1.320091875412334748e+00 -1.170574157667925164e+00 -1.001062069962815881e+00 -6.058464326070734929e-01 -6.674575764137964384e-01 -1.489088518793099558e+00
-6.664069439717112964e-01 -1.357626063101403879e+00 -6.895279183289038105e-01 -1.110781982044900307e+00 -1.165297892222606713e+00 -7.181396872080297866e-01 -1.306812192697958341e+00 -1.292119206056708602e+00 -1.060324772725847353e+00 -9.767690876741750294e-01 -8.109028359582013401e-01 -8.988794876875324524e-01 -1.311640903229112975e+00 -9.771858624766616153e-01 -5.683619878662188318e-01 -1.020351274969705013e+00
-2.738806244101726683e+00 -8.463537753987172563e-01 -1.131321985009779096e+00 -7.772523996991554940e-01 -3.383927959876315561e-01 6.316203571605201184e-01 8.125935481924248527e-02 -5.262887642421836265e-01 -7.880712334230277616e-01 -2.365562519006515263e+00 -1.046069349135280158e+00 -2.388199923292865456e+00 -8.145514158306657038e-01 6.115853122242576045e-01 4.155087684843513651e-01 -4.046218205266985390e-01
-6.685287909419692642e-01 -2.418526647209203462e-01 -1.022300030040215635e+00 2.071100746320230501e-01 -7.960163929905802460e-01 -6.905008367589741125e-01 3.648087713008842103e-02 -1.579847226342868671e+00 -2.851833642159791737e-01 -4.522653134505167372e-01 1.480619274224661552e-01 -2.832194510862843240e-01 -1.664338684482476460e-01 -8.471737782526082838e-02 -8.938518919684701469e-02 -2.952181928717031306e-02
-1.430729805234073559e+00 -9.565362140765812926e-01 8.093129622990978822e-01 -4.664764059562871990e-01 1.031242596509246712e-01 -3.369723350434620235e-01 -7.484808768815369440e-02 -2.209786167235764154e+00 -2.490209858729478809e-01 -4.871570065666894211e-01 -3.191987719834190607e-01 3.788371085466501337e-02 -1.133593794215197875e-01 3.176053878198423219e-01 -9.882596838409585249e-02 9.370179870901404473e-02
-2.519563122682881851e+00 -6.057083855823797158e-01 7.466536449224886463e-01 -1.599071197522457244e-01 9.840760178420957516e-01 4.948080079880069065e-02 -4.866930605528927423e-01 1.380445851077431785e+00 2.821362873354170062e-02 -5.743792860331851990e+00 2.436367686993925474e-01 -1.929985093970677301e+00 -1.040952309281871102e+00 1.000358827318071020e+00 1.475519718066468311e+00 -3.132662072934714881e-01
1.023028300617363051e+00
8.193479754287281702e-01
1.987576229443091425e+00
1.404181882318987551e+00
-1.121781493482292946e+00
-9.436530271782502810e-01
1.121689982728666379e+00
1.926564210334846594e+00
4.334266005512189324e+00
3.130632001966682232e+00
-1.346862304874832272e+00
-4.391388095982459161e-01
9.635676031503431771e-01
1.070066045452455983e+00
5.778052836725992014e-01
5.512140987594743358e+00
ReLU
0.2
16
2
-7.447708923641284395e-02 -1.214229761032347144e+00 -5.647016259566174368e-01 -3.573544332785753841e-02 8.276600544695569273e-01 -6.854556544983391245e-03 7.306470283353336259e-02 -2.734024508820749322e-01 -1.076244788168749578e+00 1.208133352421053797e+00 2.689901172403115770e-01 7.322402726649663851e-01 -2.377908372111424071e-02 -6.658690900345307639e-01 -8.371418211539283227e-01 2.184839758506817553e+00
-5.062173453156837422e-02 -1.157660161626536066e+00 -4.510732550636772920e-01 -1.007609231224413593e+00 1.191767120242622324e+00 -2.764319783991519425e-02 -2.408979726501757623e-01 -5.123871591877489085e-01 -1.128774454379697367e+00 1.289873847236024051e+00 -2.288635234172501920e-01 7.731262047091885803e-01 7.065456451870949506e-02 -4.410759473339699310e-01 1.393003051219824928e-01 1.971550955676235395e+00
9.224642981938320219e+00
9.059948287041011739e+00
Linear
0.2

ct 2024-06-12 11:11:43.048171
