noname
4
4
4
4
3.932992730794776515e-01 3.065041442620929091e-02 -1.733387472603266843e+01 -1.090296601484021632e+00
1.174623329708595898e-01 -6.423150912673957214e-01 -1.435319094735757872e+01 -1.819131253869984199e+00
1.387677061256388011e+00 -5.185208560808401979e-01 -2.394872534412930065e+01 -2.517721750910282719e+00
-6.492281220689617438e-01 -1.377969788558743414e+00 -1.442987807637222097e+01 -2.524319672451998287e+00
4.475735183378660942e+00
4.290894319018594971e-01
-5.527332052323453482e+00
2.650760187901073817e+00
ReLU
0.1
4
4
1.166254095670051782e+00 -8.249623767668432528e-01 -2.114899312562048994e+00 -5.975108459586719878e-01
-8.060290166241913523e-01 2.337424107523714767e+00 -1.025191214805428075e+00 -2.652216973607420147e+00
-2.031532114961291047e+00 -4.320111784806987543e-01 -1.203575417230684952e+00 -2.778673792214467753e+00
-1.052449126922171407e-01 -7.633145991952504650e-01 7.441487919070469692e-01 1.222325911190596415e+00
-5.626010075213319084e-01
-3.042525460992818065e+00
2.533001990609315524e+00
1.919852386524253940e-01
ReLU
0.1
4
2
9.277440295819706639e-01 8.709300589532975589e-01 -1.119889802468907902e+00 5.149996274527196549e-02
4.754554931596522982e-01 1.787839772592269005e+00 -1.750509188000691330e+00 -4.267520395027755709e-01
4.157966377097716659e+00
5.517900657824779564e+00
Linear
0.1

ct 2024-06-16 15:22:06.476333
