noname
4
4
4
16
4.139348748238094733e-01 1.199771805837096944e-01 -3.215723671514827853e+00 -1.329277422027852762e-01
7.111264146361159222e-01 9.500431570198181186e-02 -3.904048699651221810e+00 -8.468420586952447870e-02
1.094366142431967837e-01 6.743945015448379876e-02 -1.706276291855560734e+00 6.246463755971026072e-02
-1.675527805024341899e-02 -2.705291294934797017e-02 -3.960332701244261511e+00 -1.252900211604159597e-01
7.200886036328597584e-01 2.860433996931659451e-01 -2.421314882941333568e+00 -1.629360532612073031e-02
3.596164119368004952e-01 -1.623224980166521891e-01 -3.890892431003467600e+00 -4.292156131791797224e-01
7.441484900009135428e-01 -3.147249745080844541e-01 -3.860059119057033694e+00 -7.618823216049160907e-01
6.591220041202631164e-01 -5.732442518940228382e-01 -9.480577937779752773e+00 -9.185506382737669284e-01
-5.715286125439092979e-01 7.660366861616463297e-01 -8.339376647312933544e-02 2.130394320719363743e-01
6.639470649155243542e-01 -2.073710747593045245e-01 -6.633050065660361483e+00 -7.095683507251764333e-01
-2.266835334613170883e-01 -1.308925563321010344e-01 2.058703567256488398e+00 3.579805296180740282e-01
3.107765146518321475e-01 -1.825128226907507534e-01 -5.049609779772702645e+00 -2.660252775394846281e-01
4.981307109227601226e-01 -1.394478247293582107e-01 -4.119449810166790016e+00 -2.015778965161611480e-01
4.795322418962229549e-01 3.053336003509878049e-02 -2.067403267587287541e+00 -7.672579765161276211e-02
-4.814728275991574380e-01 4.149150699451779611e-01 4.429877771124926533e-01 6.915187647434550833e-01
7.485508000049840849e-01 -5.649717632308716153e-01 -3.302968528636762269e+00 1.041669725111881439e-01
1.165269239972218429e+00
1.126834379958621568e+00
3.403508849802864278e-01
9.462965869791599705e-01
8.507482018746141961e-01
1.244740601184273210e+00
-7.471614366593073431e-01
1.976260406554409821e+00
3.673387545072912541e-01
1.134167737994424163e+00
6.136425284466050928e-02
1.274474610013879960e+00
1.052228748301252459e+00
6.040674616086937343e-01
6.817947928399593627e-01
5.200671334033897253e-01
ReLU
0.01
16
16
7.744019829442519987e-01 6.171144706988863637e-01 -1.506477714512612920e-01 1.435441858676684390e+00 1.060913126467634970e-01 1.147826483839327727e+00 -1.790648352864241399e-01 -3.045311422575765370e+00 -8.596447348661052923e-02 -7.815806900259673895e-03 -5.186270398163552731e-01 1.222180195596169527e+00 8.000561532654517638e-01 2.901050197652299545e-01 1.415977156919081548e-01 6.561660243345104893e-02
2.932251624355474151e-01 1.302047753564359311e+00 2.912709720692771009e-01 1.175520211493998879e+00 -1.214084841918130764e-01 1.554087349668208828e+00 -1.079434354637983873e+00 -3.366653209088941612e+00 1.006568466015441976e-01 -3.707566771326244459e-01 -3.064941782855055696e-01 1.458478278947259676e+00 1.630749151411937881e+00 3.545553752486813037e-01 -6.443503149795566376e-01 4.345126643516375453e-01
9.958232082084297332e-01 4.243442881075286666e-01 3.763812814094106840e-01 1.491826413900239734e+00 1.929598003134214979e-01 4.276230882496865893e-01 2.853455390451689611e-02 -2.701501247286114182e+00 -4.379665545421198569e-01 -4.332258600061795750e-01 -5.136766048971668219e-01 1.088774601684188381e+00 1.118927678627220867e+00 2.514270419532491779e-02 -2.732053783229065336e-01 4.636647173204919703e-01
6.127367878528133804e-01 1.284210386852409735e+00 3.275048871986216970e-01 1.289336507857252512e+00 6.589820452760259961e-01 1.323497546940401337e+00 -1.492979274990079874e+00 -3.110282633765477200e+00 -2.889974118674640269e-01 -1.054107514052577299e+00 -3.125191507483132125e-01 1.746235771770792367e+00 1.469994341009540850e+00 2.498479333595433338e-01 -4.858928624983286926e-01 2.763488449172507577e-01
1.174125658202472167e+00 1.058508361238695628e+00 3.884217102667918420e-01 1.350142915088017537e+00 6.469473817026241691e-03 7.922085336284362400e-01 -2.288929150824671410e+00 -2.423617163985246847e+00 3.786459291833201846e-01 -1.497033487921777040e+00 -3.286576629505393726e-02 1.949097578689751087e+00 1.227813165866321610e+00 5.544312040168457578e-01 -3.284870074328136713e-01 -1.108038790225120140e-01
8.691875122559693523e-01 1.153970854084179765e+00 -2.787020392327481111e-01 1.409325149561581059e+00 5.786799315285656720e-01 7.136858619798552850e-01 9.764801287889697257e-01 -3.343573254787949534e+00 7.439025699060899943e-02 -5.521750296793984658e-01 -5.868102224300575376e-01 1.383316163473576887e+00 8.865548909336596894e-01 2.365933692227968621e-01 3.396766104836774214e-01 8.891563746376933697e-01
1.163357088368490305e-01 6.851821545398427693e-01 4.969936365799618172e-02 1.553087353550293592e+00 3.124338900372685690e-01 5.321469217464338541e-01 1.384081247573037965e+00 -3.546043492545799314e+00 2.891240317350294853e-01 4.526906179594448187e-01 -3.154855563539100682e-01 1.066703115972812199e+00 9.248570957208609444e-01 5.533352031689219713e-02 4.610277713326901838e-02 -2.513330942169470505e-01
9.628489014191654594e-02 1.193461225916514046e+00 4.737930963182114819e-01 1.895371490118501701e+00 4.294425377698098401e-01 6.201974524147428891e-01 -1.083342929163371382e+00 -2.647475973391979487e+00 -5.228073887249433671e-01 -2.557795661104365514e+00 -1.903410667013266666e-01 2.377849661486318489e+00 1.709675505724977729e+00 5.031130675390544926e-01 -6.349762944067571802e-01 1.575022011079521000e+00
4.635498701474788930e-01 5.705075568213194837e-01 1.426355411519015237e-01 5.389879651433489016e-01 3.393659448556583524e-01 1.402660949900604859e+00 -9.914050224024197888e-01 -2.717382606134481016e+00 6.028595654768518358e-02 -1.176022352037099372e+00 -7.890750549864397057e-01 1.835036781384440374e+00 1.348044921873538859e+00 4.483796395633319332e-01 -4.503697883697392601e-02 8.897785390845338593e-01
9.204051734321656575e-01 6.377173241536565618e-01 1.453497794161842105e-01 9.474068971216187407e-01 -3.870573533887157192e-01 1.135970937822173399e+00 -5.057649438103026807e-01 -2.718972293379642302e+00 -2.840371354077367294e-01 -1.081878077803806321e-01 -7.155610422432594209e-02 1.480966672493587266e+00 1.016607220656246202e+00 -3.816508526611232799e-02 -4.914473216340558559e-01 2.918337556802880206e-01
9.670613035287871639e-01 9.510900982793188962e-01 -1.557481479389490886e-01 1.276720178751224344e+00 5.073329495504951270e-01 1.424031928591457552e+00 -1.859380227840742528e+00 -2.449508457198447342e+00 -3.964961660943169125e-02 -6.932016351379791663e-01 -5.880652305408569092e-01 1.110195416994594675e+00 7.602999197873809845e-01 3.076943435373344915e-01 -4.592823093994830019e-01 -2.624260982649553320e-01
3.325856927655930773e-01 7.345413636587208028e-01 2.808316095127120215e-01 1.423013491216482018e+00 8.196465660173664070e-01 1.060596144418881615e+00 -4.849608977888787004e-02 -3.085404419787434627e+00 5.543926646195596053e-01 -7.409089515690301386e-01 -9.804159335962300825e-02 1.808005959330318158e+00 7.665456546278761607e-01 8.361482116089266614e-02 -5.425541696420022042e-02 4.299917561359152818e-01
6.411819589370235661e-01 7.719611450850828449e-01 -5.707332213850163649e-01 6.838965828353311682e-01 7.374340837205745069e-01 9.162127685539248612e-01 -1.102644127721569278e+00 -2.538900462118286239e+00 7.612245094526840505e-01 -1.057518076316079636e+00 -8.319104755652945160e-01 1.823521127757395055e+00 1.778242088476445160e+00 2.263881276075527804e-01 -4.037059007263364419e-01 -1.087276798752547569e+00
4.860306697495148653e-01 7.925643898769061391e-01 1.359082643429738169e-01 7.963086687208277281e-01 7.665842344456703650e-01 1.069375059322454247e+00 -1.194767480965717832e+00 -1.010030966749440928e+00 3.081730550669741220e-01 -2.557890235497256803e+00 -9.049142770842052430e-01 1.166389584163528115e+00 1.506600623360386360e+00 3.129749826401545532e-01 -9.523069461561158855e-01 1.062411093395044387e-04
6.927698664423610486e-01 5.559380333176213718e-01 -3.781431085661357550e-01 1.821389686542427055e+00 -1.696170065058269227e-01 3.053786603426291157e-01 -5.963636206675416718e-01 -3.126431272986128551e+00 -5.367860699310992301e-01 -1.768890705717158340e+00 -4.870726239776002053e-01 1.964870409656532368e+00 1.823491409907815664e+00 5.042627169917563990e-01 -3.445336599652058518e-01 1.932722213438457182e+00
4.066520151032586017e-01 5.962711519685329753e-01 -2.583903213841159952e-01 9.967525798252098168e-01 5.231874380720168416e-01 1.178089001073860054e+00 -3.647442044152457985e-01 -2.965099532729969845e+00 2.758060018678125669e-01 -1.600204887013940147e-01 -2.184099257053738474e-01 1.104089518580669393e+00 1.555178760782799152e+00 5.747275443705632814e-01 9.663733330579971081e-02 -1.550564863963012352e-01
6.208865131028022954e-01
1.141636237148204280e+00
4.765319776186731637e-01
9.142032550468408569e-01
1.065197825280175259e+00
-8.018775484485261840e-02
-3.822483681460567828e-01
9.397870665683317748e-01
5.668125840258069204e-01
6.703037118182018084e-01
9.775134154064777370e-01
6.939029848034709014e-01
3.031896401507059857e-01
-7.122686836316782788e-02
4.588753193633581806e-01
3.551679828275084438e-01
ReLU
0.01
16
2
6.214041767146434303e-01 1.216939401603277293e+00 7.061546575434000106e-01 1.440368910287987525e+00 1.416403120261515935e+00 7.495331989097200331e-01 -7.237702717784655349e-01 1.996062680625305452e+00 1.076163469736534983e+00 4.586873877445653558e-01 1.383638859848441038e+00 1.137649643829554469e+00 1.470216732911160396e+00 1.360567086536340620e+00 1.365627168174643469e+00 8.592306577166624049e-01
1.235215271331725040e+00 1.637364607383211101e+00 1.365771536530100638e+00 1.193986749587096385e+00 8.312500270864997542e-01 1.293765876829509720e+00 1.279330178171850019e+00 1.085359617377655406e+00 9.103631801662659395e-01 1.081531028819116003e+00 8.304746059814895887e-01 1.453424595719649437e+00 6.406815263606154831e-01 -7.994423134780580531e-01 1.652023736402316478e+00 1.343011413111650620e+00
1.778025080506136835e+00
7.119456516677844515e-01
Linear
0.01

ct 2024-06-03 18:39:14.805004
