noname
4
4
4
10
-1.287315564061196183e+00 -1.209691953882262583e+00 -7.766149360010313751e-01 -4.699704726317041059e-01
2.012124213010475060e+00 1.045370790822889306e+00 9.276875877093086586e+00 2.357147040581450970e+00
-3.673906442256457794e+00 -6.000628817255552194e-01 1.282407873317704450e+00 -4.592607895012897901e-01
3.560713630473808955e+00 1.455939815954651495e+00 -8.785069414795010800e+00 2.143658551637001697e+00
1.981634915041238232e-01 -5.598890835927754911e-02 -7.390110273895352799e-01 -6.427495652484875588e-02
3.841920506659837753e-03 6.014839134651590175e-02 3.067021948470656412e+01 7.438700447533552751e-01
-7.848488296707011314e-01 4.190382411397346463e-01 2.722901549742087113e+01 2.444679264575646549e+00
2.711578747439086778e-01 3.911286124225910599e-01 1.302055742509717305e-02 3.130803216735422168e-01
-9.198011488322185847e-02 1.909379771548178339e-01 -5.176913653741483934e-01 1.595473846493161985e-01
-2.030194724169172987e-02 8.508527041902697041e-02 -6.742531037912377068e-01 1.414254573828509498e-01
-8.289235812966815331e+00
3.456826260092506153e+00
-8.852564867689066475e+00
1.121857893592973276e+00
-5.406626133917278310e-01
-6.072295788994937382e+00
-4.629767094086113310e+00
-5.260103618691344352e+00
-2.532379734701872831e-01
-2.027870149693562773e-01
ReLU
0.1
10
10
4.849694228630799242e-01 -1.065363219445848580e-01 -7.036741789321664109e-02 -2.582691769098456103e+00 7.068261831736059042e-01 -5.204489599903634467e-01 1.658732325029875498e-01 -1.070984955806453670e-01 8.011182252017717831e-01 7.330806935583008555e-01
2.157739603587649935e+00 -4.890133458963908275e+00 -3.291406881496112824e-01 4.417425933836547913e-01 1.278053972672135830e+00 6.552429162451967048e-01 -3.362811731315719754e+00 8.928830247042568447e-01 4.257351418030805301e-01 -5.196098512653204993e-02
1.574425123912342184e-01 -2.274714933770173531e+00 -7.732192333633570724e-01 -1.004936218490287914e+00 1.646910725500893014e-01 -1.936234781036155317e+00 1.489046928476440816e-02 -3.554844394672871388e-01 7.262838539189370168e-01 1.301079931536804457e+00
2.781400530218128608e+00 -4.956597467339771690e+00 -1.101825580880442246e+00 1.251765900882961580e+00 1.190153939304138708e+00 7.201352600035848539e-01 -3.613752682163286156e+00 3.129261306333298021e-01 1.066413507977675978e-01 3.396738388655338170e-01
-4.898488971794698332e-01 9.343832640458242800e-01 4.463009710748797154e+00 8.590827785914196824e-01 -3.781749563949469289e-02 -7.509893908236384696e+00 -1.893188710123345553e+00 -5.804964393274218981e-01 2.683521660688051313e-01 2.609280179696480961e-01
3.607841657612552488e+00 -2.317371040571085672e-01 -2.823264663559192922e+00 4.401880321873780644e-01 -8.694968266557705217e-02 -2.811839863876747891e+00 -6.449246431989829276e+00 7.287486956604533050e-01 2.819525374322871536e-01 1.479832617936925332e-01
-1.844226973323343399e+00 -1.410728007325454947e-01 5.262252811079857207e-01 -1.734764272278312147e-01 8.850017079140796161e-01 -1.996765694318612505e+00 -9.031744938130712441e-01 1.844660943014069798e-01 8.011182252017717831e-01 7.330806935583008555e-01
-8.172942682510951906e-01 -6.107581917861608645e-01 3.135424491148275372e-02 -6.603281307945265688e-01 3.135424491148275372e-02 -3.403482194313925402e-01 -1.725972423831150793e-01 -4.256242020278694360e-01 3.152981233788998416e-01 2.487949884740437434e-01
5.332847166232120850e-01 -5.064794932000567240e-02 5.332847166232120850e-01 -9.318355411678144740e-02 5.332847166232120850e-01 -4.688899621644727067e-01 -3.323431226820844353e-01 5.332847166232120850e-01 -3.004397907845872684e-01 -1.862201708821334123e-01
3.273400285376772967e-01 -1.002046243225552247e-01 3.273400285376772967e-01 5.682333565837179024e-02 3.273400285376772967e-01 1.791381685519042977e+00 -8.125338150890536459e-01 3.273400285376772967e-01 -8.383946477002601760e-02 -2.018153791286135257e-01
-1.289842864690505353e+00
4.181090718342758139e-01
-3.088922462038478089e-01
2.867614469831940127e+00
3.512737112239421755e+00
2.312069444842283605e+00
-1.333038844167281578e+00
-5.570957017286756185e-01
-4.139314632329375333e-03
-4.490124956924420041e-01
ReLU
0.1
10
2
-4.892804138424275244e-03 -8.088336916177416569e-01 -2.055149005445466581e-01 -1.348356794077277598e+00 1.197400087524574719e+00 5.239181862715320825e-01 -5.693422213132839915e-02 -3.146163855933547526e-01 1.347957487918683694e-01 3.404600828289337522e-01
5.456927078875054710e-02 1.697700889738360530e-01 -4.515467146363483231e-01 -1.027128750156750314e+00 1.240395382652955902e+00 -4.683862372104675154e-01 -2.585835664069064954e-01 3.206013486535421730e-01 1.029126093210709914e-01 1.807322057156037221e-01
3.643610101591699735e+00
3.659144678252004290e+00
Linear
0.1

ct 2024-06-16 13:21:50.583311
