noname
4
4
4
10
-1.287315564061196183e+00 -1.209691953882262583e+00 -7.766149360010313751e-01 -4.699704726317041059e-01
1.233258108703788603e+00 9.150445972981071652e-01 8.526751668496734382e+00 1.583674132296363002e+00
-3.673906442256457794e+00 -6.000628817255552194e-01 1.282407873317704450e+00 -4.592607895012897901e-01
3.961691791612317992e+00 1.279401945946478270e+00 -6.605296360551083268e+00 2.281206406729164637e+00
1.981634915041238232e-01 -5.598890835927754911e-02 -7.390110273895352799e-01 -6.427495652484875588e-02
5.363768956247895181e-01 6.311648353983859150e-03 2.604190607542821922e+01 1.005085659306108603e+00
-1.311670943576462189e+00 8.984198433961348984e-01 2.387925056757616460e+01 2.727580178198510730e+00
2.711578747439086778e-01 3.911286124225910599e-01 1.302055742509717305e-02 3.130803216735422168e-01
3.604414667659449623e-01 2.871531846114160347e-01 1.103035191435404183e-01 2.172209741347882750e-01
3.077450291544432392e-01 1.937687999329747723e-01 6.771190661563698809e-02 2.248661118740514775e-01
-8.289235812966815331e+00
2.746026663817471292e+00
-8.852564867689066475e+00
1.091193750613112856e+00
-5.406626133917278310e-01
-5.022363742000673703e+00
-4.454609099184323462e+00
-5.260103618691344352e+00
1.663604722113153911e-01
1.057811891557369210e-01
ReLU
0.1
10
10
4.849694228630799242e-01 -1.065363219445848580e-01 -7.036741789321664109e-02 -2.582691769098456103e+00 7.068261831736059042e-01 -5.204489599903634467e-01 1.658732325029875498e-01 -1.070984955806453670e-01 8.011182252017717831e-01 7.330806935583008555e-01
2.157739603587649935e+00 -6.689605650130070913e+00 -3.291406881496112824e-01 1.178415724685805133e+00 1.278053972672135830e+00 6.552429162451967048e-01 -3.239129239329285315e-01 8.928830247042568447e-01 1.177987304849958949e+00 1.150449401992470921e+00
1.574425123912342184e-01 -6.595466266463821947e-01 -7.732192333633570724e-01 -1.445219528390193076e-01 1.646910725500893014e-01 -1.936234781036155317e+00 1.489046928476440816e-02 -3.554844394672871388e-01 1.142342658356044760e+00 1.094964032050365521e+00
2.781400530218128608e+00 -5.345537066929253456e+00 -1.101825580880442246e+00 1.035285642382316684e+00 1.190153939304138708e+00 7.201352600035848539e-01 -3.613752682163286156e+00 3.129261306333298021e-01 5.574934786974047318e-01 4.822228397199818661e-01
-4.898488971794698332e-01 6.522266558892886312e-01 4.463009710748797154e+00 7.897740434451564484e-01 -3.781749563949469289e-02 -3.123292379199204660e+00 -1.458930316718073605e+00 -5.804964393274218981e-01 8.676084040240824580e-01 7.868481589330569292e-01
3.607841657612552488e+00 -4.251681989418308327e-01 -2.823264663559192922e+00 2.171967875275463700e-01 -8.694968266557705217e-02 -3.205380979039878397e+00 -4.479264975364223744e+00 7.287486956604533050e-01 5.992409336082269444e-01 5.170385525465333032e-01
-1.844226973323343399e+00 -1.410728007325454947e-01 5.262252811079857207e-01 -1.734764272278312147e-01 8.850017079140796161e-01 -1.996765694318612505e+00 -9.031744938130712441e-01 1.844660943014069798e-01 8.011182252017717831e-01 7.330806935583008555e-01
-8.172942682510951906e-01 -4.440129909712429712e-01 3.135424491148275372e-02 -5.013104863970174740e-01 3.135424491148275372e-02 -3.403482194313925402e-01 -1.725972423831150793e-01 -4.256242020278694360e-01 4.757772847123881155e-01 4.087883395943384679e-01
5.332847166232120850e-01 4.123134353453129508e-01 5.332847166232120850e-01 2.512316556914658827e-01 5.332847166232120850e-01 2.093268640543501646e-01 2.248945821424616909e-01 5.332847166232120850e-01 3.656639444226764679e-01 3.442555898771767486e-01
3.273400285376772967e-01 3.061419389295338966e-01 3.273400285376772967e-01 1.502496440056275973e-01 3.273400285376772967e-01 1.421237284989977645e-02 3.668772419258337775e-02 3.273400285376772967e-01 2.676909086199970034e-01 2.433839473840383461e-01
-1.289842864690505353e+00
1.279942778521422561e-02
-1.510824394881012667e-01
2.484568807192916395e+00
4.397636795178835101e+00
2.791492772768441544e+00
-1.333038844167281578e+00
-3.940509735412082160e-01
2.486297036138174488e-01
1.540723926562342361e-01
ReLU
0.1
10
2
-4.892804138424275244e-03 -1.158295781885047226e+00 -3.147817916649140457e-01 -1.459575330269326177e+00 1.149026687444884454e+00 4.570311325313103357e-01 -5.693422213132839915e-02 -1.640756457093071885e-01 5.377173087990668732e-01 9.343338574044079969e-01
5.456927078875054710e-02 2.047366790689208182e-01 7.723599671843953685e-01 -1.183472853820028758e+00 1.171934671681083229e+00 -4.283834276700755339e-01 -2.585835664069064954e-01 1.625586014343533836e-01 5.098487760215919540e-01 9.271914688262297144e-01
2.290529683451301590e+00
1.903920862066799113e+00
Linear
0.1

ct 2024-06-16 13:21:37.300392
