noname
4
4
4
10
-1.287315564061196183e+00 -1.209691953882262583e+00 -7.766149360010313751e-01 -4.699704726317041059e-01
2.778970672569472722e+00 1.099260905705143898e+00 8.178730794673736426e+00 2.357169997591632260e+00
-3.673906442256457794e+00 -6.000628817255552194e-01 1.282407873317704450e+00 -4.592607895012897901e-01
1.632146334399646070e+00 1.708929264915690416e+00 -9.351209808738298435e+00 2.146074689408412173e+00
-4.936255725821805940e-02 9.900265402807162385e-01 2.533557336941137272e+00 1.327966521117052157e+00
-6.678114826147834027e-01 1.358012916392296321e-01 3.702277638455640130e+01 7.456364736471282617e-01
-8.828455469989558990e-01 2.328668616792040069e-01 3.359848966477353116e+01 3.205871482880700452e+00
2.711578747439086778e-01 3.911286124225910599e-01 1.302055742509717305e-02 3.130803216735422168e-01
-6.733029228419724621e-01 2.141791333007133369e-01 -1.184982916964140376e+00 -1.635365624239659144e-01
-4.731223864421219560e-01 -1.481992090034843335e+00 -6.547381162119836340e-01 -1.084632312563462708e+00
-8.289235812966815331e+00
3.775236065560700904e+00
-8.852564867689066475e+00
8.723087445197454937e-01
-5.671621528892192288e+00
-7.316982817690658614e+00
-5.617922245588623298e+00
-5.260103618691344352e+00
-1.219708980360894035e+00
-5.985872583778767186e+00
ReLU
0.1
10
10
4.849694228630799242e-01 -1.065363219445848580e-01 -7.036741789321664109e-02 -2.582691769098456103e+00 7.068261831736059042e-01 -5.204489599903634467e-01 1.658732325029875498e-01 -1.070984955806453670e-01 8.011182252017717831e-01 7.330806935583008555e-01
2.157739603587649935e+00 -5.480915837804074542e+00 -3.291406881496112824e-01 5.352956435870826618e-02 -1.895416880467514220e+00 6.552429162451967048e-01 -3.404697076926605170e+00 8.928830247042568447e-01 -2.014241537650746355e-03 3.861765620475736405e-02
1.574425123912342184e-01 -2.274714933770173531e+00 -7.732192333633570724e-01 -1.399876821144400374e+00 1.646910725500893014e-01 -1.936234781036155317e+00 1.489046928476440816e-02 -3.554844394672871388e-01 2.870967695489436089e+00 1.301079931536804457e+00
2.781400530218128608e+00 -6.380373666081670336e+00 -1.101825580880442246e+00 2.138019655903254657e-01 -1.983343950816363499e+00 7.201352600035848539e-01 -3.613752682163286156e+00 3.129261306333298021e-01 2.251239613551051288e+00 -2.776992253291492574e+00
-4.898488971794698332e-01 6.905248447138384593e-01 4.463009710748797154e+00 6.320707864743613236e-01 4.793454865514339858e+00 -5.499984041452622208e+00 -1.927989868741772028e+00 -5.804964393274218981e-01 -8.734156087937052781e-01 7.117353179903679328e-01
3.607841657612552488e+00 -6.304677789124397691e-01 -2.823264663559192922e+00 5.829393327162748495e-01 -1.623854871195256289e+00 3.861424919307243186e+00 -1.136435571922904586e+01 7.287486956604533050e-01 -3.007735093885300845e-02 -1.244818548412910397e+00
-1.844226973323343399e+00 -1.410728007325454947e-01 5.262252811079857207e-01 -1.734764272278312147e-01 -2.288457566059611370e+00 -1.996765694318612505e+00 -9.031744938130712441e-01 1.844660943014069798e-01 8.011182252017717831e-01 7.330806935583008555e-01
-8.172942682510951906e-01 -6.107581917861608645e-01 3.135424491148275372e-02 -6.603281307945265688e-01 3.135424491148275372e-02 -3.403482194313925402e-01 -1.725972423831150793e-01 -4.256242020278694360e-01 3.152981233788998416e-01 2.487949884740437434e-01
5.332847166232120850e-01 -4.482756098156336577e+00 5.332847166232120850e-01 2.755204951199065277e+00 3.706690563728826771e+00 -4.688899621644727067e-01 -3.323431226820844353e-01 5.332847166232120850e-01 -3.004397907845872684e-01 -1.862201708821334123e-01
3.273400285376772967e-01 -9.735401007748005764e-01 3.273400285376772967e-01 -5.554576505339957615e-01 3.273400285376772967e-01 2.163865032075462658e+00 -2.652296841268316996e+00 3.273400285376772967e-01 -8.383946477002601760e-02 -2.018153791286135257e-01
-1.289842864690505353e+00
-4.070047583789480616e-01
-1.847092568761139031e+00
3.570422269585890040e-01
5.483699286934303530e+00
3.063746312732937405e+00
-4.506465925846241838e+00
-5.570957017286756185e-01
2.892423376502848864e+00
-6.357109524600147443e-01
ReLU
0.1
10
2
-4.892804138424275244e-03 -1.361100392818944682e-01 1.198358833402036749e-01 6.044433988665639523e-01 1.190870775048227914e+00 6.158454810866587081e-01 3.115765723083066430e+00 -3.146163855933547526e-01 -1.600580427074820067e+00 1.566601991988662568e-01
5.456927078875054710e-02 2.175193655214015531e-01 -9.108946985383714612e-01 1.979852416448628860e+00 1.271524991022172868e+00 -4.371745310382008642e-01 2.914784831982319968e+00 3.206013486535421730e-01 -1.310324761830290008e+00 -1.491489143072929568e+00
2.572231935788022117e+00
3.013810315186026489e+00
Linear
0.1

ct 2024-06-16 13:22:09.070970
