noname
4
2
2
4
3.701804134369306998e-01 9.351050805162998414e-02
4.177939526343787957e-01 8.629633224614615683e-01
5.592109189429284033e-01 1.958173653529921843e-01
4.074750886782297493e-02 1.021046656820377152e-01
8.906376140165839228e-02
7.812453777698444846e-01
1.847991239574068023e-01
4.051729308327658430e-01
ReLU
0.001
4
4
4.439810936626404914e-01 2.342662934208459280e-01 4.474078984010727567e-01 5.249683870048678092e-01
6.742258146852341261e-01 5.311213827216968442e-01 2.709342001886719253e-01 5.420761549273100943e-02
2.022831096611171220e-01 2.995745872628066686e-01 2.373850117734663256e-01 7.852408890630177551e-02
7.727793500012544170e-01 -5.364047221588391645e-02 6.385435855229539825e-01 4.530033617078373792e-03
5.471446985719664591e-01
1.035985879532227288e-01
6.867753859060475863e-01
-4.458773956791040050e-02
ReLU
0.001
4
3
7.700296620685711524e-01 7.695278983559011854e-02 7.440119968467330258e-01 7.059383415559098429e-01
1.014026113565797971e+00 1.034646509513044155e-01 3.299621041217734585e-01 7.190997856570980895e-01
2.972325420561227616e-01 7.343375146038750856e-01 2.887987761534051567e-01 6.650672127157145619e-01
4.983092867507059598e-01
7.499998677570400840e-01
4.221743705488253950e-01
Linear
0.001

ct 2024-06-02 16:56:55.757547
