noname
4
2
2
4
1.250618513019818301e-01 -3.768348403560925486e-02
2.442455419114398507e-01 7.363500159519119626e-01
3.343500418917295658e-01 9.250626263057490362e-02
-9.784449734768878304e-02 5.658076105384724636e-02
-1.319238403213691402e-01
6.154568572036657192e-01
-2.645397921220256354e-02
2.282832388425050374e-01
ReLU
0.001
4
4
3.028400382477786090e-01 9.116586679592415809e-02 2.590548804303294816e-01 5.043490087287417767e-01
5.626995382237500731e-01 3.129939379555262691e-01 9.757066279185304392e-02 4.461567558573398956e-03
8.910425473663488583e-02 1.448609253366767713e-01 8.303527243980511618e-02 2.635370767062936159e-02
6.311100396993888362e-01 -2.061994902397636109e-01 4.559653418410178904e-01 -2.094435595113914098e-02
2.086425873047509094e-01
-7.647437035728969768e-02
3.758988053088805348e-01
-3.105835001584875132e-01
ReLU
0.001
4
3
7.007088806822567850e-01 6.984211175901270698e-03 6.728766672524360004e-01 6.626932643053419225e-01
9.293621173460016038e-01 3.105614276214141781e-02 2.665754148597749285e-01 6.226929371437707195e-01
1.692164393756538099e-01 5.912136498671749507e-01 1.628163855464390686e-01 5.944354702673245727e-01
2.058240019939850673e-01
4.520245696744283892e-01
2.397512149086959976e-01
Linear
0.001

ct 2024-06-02 16:58:25.420934
