noname
4
4
4
12
2.564630814918187340e+00 1.232869793044987006e+00 -9.008903412641522390e-01 1.002430756667345157e+00
-2.870360588389856207e-02 3.735236880668756920e-01 8.606548100192851214e-01 7.226933515924398588e-01
-1.205204942432616333e+00 1.735782588923914682e+00 1.622552672164120358e+00 5.803855353352341817e-01
-1.876138237734793712e+00 1.894391677172309274e+00 1.150224385164167273e+01 8.970360758963995540e-01
1.963883173729193743e+00 3.241429892039263683e-01 -1.262646762654922483e+00 1.091678230375344283e+00
1.481013484687064841e+00 1.780903259518723969e+00 1.475149524312734384e-01 6.708212581102165339e-01
1.377401812177426077e+00 -1.363344531921413028e+00 -1.032895829793115716e+01 -2.148628597381235572e+00
7.271076040074033742e-01 3.616690774999256064e-01 1.559665298773438014e-01 4.559013435652162771e-01
-5.350310890797076446e-01 7.989146074669136732e-01 1.736598522786769960e+00 3.039626964484334892e-01
-9.338870790588311710e-01 1.367070837607654354e+00 8.335315662329092490e+00 3.385130487159408452e-01
3.918687477801489294e+00 9.400358081488038309e-01 -3.797595460203115336e-01 2.079880675101169363e+00
-4.353702520898989348e-01 1.636146744146061982e+00 3.025938382207428834e+00 4.650263090382228404e-01
3.543709694873177773e-01
-1.693715675578189916e+00
-6.368346515892087112e-01
-4.169550694994424767e+00
6.234035134384624532e-01
5.829476664451523071e-02
1.470432043353482987e+00
-1.838539527426129805e+00
-8.711514549517286321e-01
-3.452666237653717385e+00
1.794162679051339637e+00
-2.544426767827629998e+00
ReLU
0.2
12
12
-2.098464533387123521e-01 -1.356866044868538346e+00 1.526417400997511220e-01 -4.511673220440496124e+00 -1.669113390835360033e-01 -1.756975225235606342e-01 -1.660241622907459247e+00 -1.763060753843103567e+00 -6.364476217496918276e-01 -9.798769101039149776e-01 5.444239348112039217e-02 -9.406622495427497954e-01
6.565531459421683480e-02 -1.783904694641973210e+00 -2.064342050448517707e-01 -2.027942785399890813e+00 4.639590978109104924e-01 -4.406755802509313980e-01 -1.301679241747888183e+00 -1.949124463621313641e+00 2.848994356346022938e-01 -6.128110710157844698e-01 -6.926554332210238529e-01 -7.178015261090090471e-01
-8.490829636574435124e-01 -1.472642129952111079e+00 -4.332997719934971736e-01 -1.938827315725531575e+00 -7.767969268097986157e-01 -1.536531446531906042e-01 -3.775355773308608498e-02 -1.347960542788627869e+00 -9.555052692638321687e-01 -1.090539916561022116e+00 -6.387716936591356642e-01 -1.096584180739624159e+00
-8.796638708499066039e-02 -1.162266575545329639e+00 -3.986952401211408398e-02 -3.423298605021004359e+00 -6.116111399520590686e-01 2.291212439458175376e-01 -2.184800497777328765e+00 -1.829726348743941244e+00 -7.690962052238604629e-01 -2.696526456953219242e+00 3.163485029639143131e-02 -7.527791253987289322e-01
4.257601294403857151e-01 -5.486747854239630851e-01 2.764181235968881101e-01 -3.759564208595704837e+00 8.219364650190548183e-01 3.987531109203288904e-01 -1.376793005473108789e+00 -9.127347960588342302e-01 4.509427276832429499e-01 -3.682963891062603246e+00 1.918776094522538278e+00 -1.187064307581617850e+00
-1.456897530889729619e+00 -1.112868206702109841e+00 -6.947704481961423095e-01 -7.124611676005809802e-01 -1.175217991912861804e+00 -5.298033003655632234e-01 -7.770225824149380456e-01 -1.073168751884055583e+00 -9.949101366572430383e-01 -1.533311815653595422e+00 -9.008388157252845696e-01 -1.114656575400553296e+00
-2.323049361414477876e-01 -1.067574490460745373e+00 -7.013155143955178694e-01 -1.211594437614046615e+00 -2.570448351452920277e-01 -3.234528446899662679e-01 -8.116986740468840056e-01 -9.055915788460712212e-01 -1.034891256703235118e+00 -3.800766503509226402e-01 -5.907240024714714988e-01 -8.007951977174789793e-01
-1.754667315351253754e-01 -1.484774629003690727e+00 -2.930777112919260574e-01 -3.373253646980133968e+00 -4.612378670069094966e-01 4.047981634071078916e-01 -1.656696084179205997e+00 -1.451558896584213443e+00 3.844288209167320836e-01 -5.547025332438584311e-01 1.440848734723881031e-01 -7.152439362449640736e-01
-4.322460939580184403e-01 -1.025049108971968215e+00 -8.549375699564464304e-01 -6.871365881692781397e-01 -2.950854104991376126e-01 -1.599222506716263259e-01 -1.697178522676617618e+00 -1.257663246467094487e+00 -6.043515460523026794e-01 -5.596787622678336405e-01 -1.160527230201209153e-01 -2.005175224300599357e+00
-7.223373948000110234e-01 -2.743003351656996269e-01 -6.152066142889139888e-01 -7.508521058316861563e-01 -3.925694799929265733e-01 -2.345038039714674172e-01 -7.938742902219613207e-01 -8.217665798897132445e-01 -1.918306775494009186e-01 -5.369009583434367627e-01 -2.763929546525081826e-01 -1.467882010935267045e+00
2.472184890548073943e-01 -1.519319837136090534e+00 6.335551146118790777e-01 -4.776431828740218322e+00 1.622976715307417328e-01 2.936942307776558847e-01 -2.993754266156184674e+00 -1.058569776776264737e+00 -3.825829231541005293e-01 -1.395235948988484465e+00 -2.571291594025421623e-01 -1.290568929400381926e+00
-6.278852834813866690e-02 -7.681702495153462928e-01 -1.805579712800054262e-02 -3.458447405801450270e+00 -2.907874570837326034e-01 -1.240329897067479203e-01 -3.190254194362197815e+00 -1.343791456853302924e+00 -3.374591152775707203e-01 -1.078452543089138072e+00 -1.870288769061576040e-01 -2.074784417023979088e+00
8.802331580114922671e-01
7.647502499418947775e-01
-5.540398286113296100e-01
2.063423903554129524e+00
4.498923470901399213e+00
-1.401541724143456236e+00
-4.273141561994503457e-01
1.129896476083481982e+00
-1.583354950002813510e-01
-7.515268526997522791e-01
1.109791404107659973e+00
1.229887156094136902e+00
ReLU
0.2
12
2
9.998662489563538147e-02 7.954368254699800689e-02 1.675805735855828704e-01 5.290187173073418458e-01 1.845490300508257020e+00 -1.847547744167545303e-01 -3.271981626843263880e-01 1.017356690100753303e-01 1.036530035918755699e+00 1.593433736275136070e-01 1.058064632896932172e-01 1.918098464837792727e-01
1.703966227876843320e-01 6.430720337475903658e-02 8.107013077584465099e-01 6.645758063885421896e-01 1.934826501830029688e+00 6.252826996749883959e-01 9.001767959508081285e-01 2.387652931041263915e-01 4.300895657987356957e-01 7.684294537665485869e-01 3.609293230006242470e-01 2.275735389181564039e-01
6.587269857426182540e+00
5.830642375567186342e+00
Linear
0.2

ct 2024-06-12 14:58:04.329699
