noname
4
4
4
3
3.199595933998372055e-01 7.928419956753807174e-01 7.133243138556222274e-01 8.787786229783854930e-01
-2.177378050871368320e-01 6.420838322657415054e-01 -7.587633362136972925e-01 4.293334710673349930e-01
4.649163964171109109e-01 9.056561644715006576e-01 8.975469001721152196e-02 8.082704020656732435e-01
7.819168061324575092e-01
3.901437988509165455e-02
5.047512889630854094e-01
ReLU
0.1
3
3
2.946131745227985599e-01 2.892747049714298191e-01 7.888014887551418608e-02
2.132439780958901299e-01 8.635867596389114331e-02 1.851815328363400903e-01
2.124087887142601383e-01 -3.500641257994730471e-01 2.828815675240367034e-01
2.253143557836360666e-01
2.614674566672594569e-01
5.242558867518423010e-03
ReLU
0.1
3
2
6.673328738658673709e-01 5.820772516948945485e-01 5.452214725085863245e-01
5.680554132620234675e-01 4.646612593772307398e-01 4.410342764182186848e-01
1.599251972500788099e+00
9.380241069556993772e-01
Linear
0.1

ct 2024-06-16 17:20:22.088585
