noname
4
4
4
2
1.821860986064854915e+00 -1.518714348813239523e+00 -1.825088168951569756e+01 -1.942969827606936040e+00
1.894314615011371883e+00 1.748475569039487434e-02 -1.631874276872616036e+01 -3.435886925566086214e-01
3.180639136365639441e+00
4.411426240778244967e+00
ReLU
0.2
2
2
-6.248494705973386409e-01 5.078299336558960569e-02
-1.330175461092127254e+00 1.415739174511351894e+00
-8.341182029411082777e-01
-1.083078355812969185e-01
ReLU
0.2
2
2
-2.333018133406465633e-01 7.485311745703376873e-01
-4.150806763440609282e-01 5.117519774600245430e-01
2.220539005354423612e+00
2.275800117416876045e+00
Linear
0.2

ct 2024-06-12 14:05:22.622944
