noname
4
4
4
4
6.039291009141212196e-01 3.137688623185750925e-01 1.275074355096903256e+00 1.428095997886712709e+00
9.023083953796043888e-01 2.202332639542944892e-01 -5.381976460765134362e-01 9.049373067613605270e-01
1.117422770146604405e+00 2.589424063186830938e-01 -1.452817314648537250e+00 4.943752208189098329e-01
5.805430089219955070e-01 3.114311094815356840e-01 -1.128827513400475935e+00 9.224329448457714298e-01
1.357405658799074155e+00
5.982456192104941284e-01
1.241313757697359577e-01
5.479760388998985432e-01
ReLU
0.2
4
4
2.643362340505194807e-01 -6.342390002545553740e-01 -4.155337918549608656e-01 -6.864258786434405957e-02
-1.421882201119001599e-01 -3.545364246443965528e-01 3.591626383182730531e-01 4.357505448283143235e-01
1.183370078867856057e+00 4.708432289295959028e-01 1.320544169418365332e-01 4.490316654340172353e-01
-7.631934129434658765e-01 -7.274859554933497119e-01 -7.234341462199488371e-01 -5.138411546851151535e-01
-3.380418925693420146e-02
1.940433493447191182e-01
-6.942362435717061575e-02
-2.891724386994479201e-01
ReLU
0.2
4
2
9.841286574526528219e-02 -1.165902877349733607e-01 1.127385118882557657e+00 -3.177521863831938576e-01
-5.087639852440382221e-02 -8.768218614967586769e-03 8.229162901335020930e-01 -6.408105995148541956e-01
3.345837349996716448e+00
2.555116273590597231e+00
Linear
0.2

ct 2024-06-12 10:31:36.288025
