noname
4
4
4
4
1.281575706300409179e+00 -5.866933740178743584e-01 -6.848232612923141893e+00 -3.790896851908375220e-01
-2.335048114370383010e-01 8.339257810489417860e-03 -1.046441848521900653e+01 1.035093063861064894e-01
3.320399591267019779e-01 -9.437194414527050323e-01 -2.988925888452647683e+01 -2.219415065097143369e+00
1.498893558448013419e+00 -4.921914512009089582e-01 -2.564325171038471396e+01 -9.220144654820127128e-01
-1.872067920608148306e+00
-2.287660605666591351e+00
5.613629803496957393e+00
6.475075377101714658e+00
ReLU
0.2
4
4
1.270428869315625049e-02 -7.233676253518210864e-01 -4.231432720042423989e-01 -1.224553275974168964e-01
-4.510452162639150053e+00 -7.292015052063857139e-01 1.277602704369310782e+00 -1.179519079414737215e+00
-6.430108268392104032e-01 -1.130222833659396686e+00 -2.964771123871804637e+00 3.409204124457865692e+00
-7.631934129434658765e-01 -7.274859554933497119e-01 -7.234341462199488371e-01 -5.138411546851151535e-01
-7.926799981573268150e-02
-4.597909721562819740e+00
4.595607600479676563e-02
-2.891724386994479201e-01
ReLU
0.2
4
2
1.374612505788878059e-01 -5.840692762754696732e-01 9.289396669719033328e-01 -3.177521863831938576e-01
-2.648836139087043864e-02 5.596036878514329960e-01 5.762359861954101659e-01 -6.408105995148541956e-01
2.788876800850891957e+00
2.869358872390520343e+00
Linear
0.2

ct 2024-06-12 10:36:09.473965
