noname
4
4
4
4
5.571198987828729354e-01 6.147330972698571427e-01 8.526307437333117134e-01 1.025171329608437265e+00
1.769169733681074941e-01 4.766845806532201135e-01 5.547059788493270416e-01 6.310731197860941499e-01
3.615638656269173357e-01 8.393768459918079516e-01 9.750847293679787420e-01 2.784155348902575544e-01
9.854330284907215562e-03 1.201911473739458551e-02 1.161881205374261893e-02 1.109011592880377629e-02
-1.747383479493918104e-02
9.373657958025567449e-01
1.379495745640535453e-01
1.059388246578076009e-02
ReLU
0.1
4
4
-7.110724874683994612e-01 9.594632097184625508e-01 2.538420227765872950e-01 1.255994787621205443e-02
-6.673168973853178809e-02 -2.718578437886812887e-02 5.419573669722725917e-01 8.943944646793548087e-03
-4.858245025641555470e-01 6.716083204270426599e-01 2.925414938569261269e-01 9.433607846531763194e-03
1.000722633986222791e-02 1.005077619372928520e-02 1.001421119350455469e-02 1.000058991230648453e-02
5.019979024956057190e-01
7.639653904802982121e-01
6.153800571807445108e-01
1.006009537236597293e-02
ReLU
0.1
4
2
8.635533717691163957e-01 2.963525256512676287e-01 6.421322295412023040e-01 1.007190285052399908e-02
1.213534334601513276e+00 2.333354574025115757e-01 6.003093633770253401e-01 1.006099616124452555e-02
8.252470225831730621e-01
9.280654693748251471e-01
Linear
0.1

ct 2024-06-15 20:34:57.855532
