noname
4
4
4
12
-7.732923181553419401e-01 3.689625324866413481e-01 4.006440494866971846e+00 7.360610638536434491e-01
-6.358594048810789490e-01 1.078634257575213917e+00 3.072106615772805860e+00 3.277541416595943224e-01
4.842991661684555305e-01 5.556175667442266874e-01 -2.752238523427589012e+00 1.777095123770298379e-01
3.618824471890817462e-01 4.925718157604703773e-01 -8.394088048566427096e-01 -3.715617647649577943e-02
-2.882353588637828756e-02 -2.000389667578658312e-02 -4.802110977876809628e+00 2.617947112946054228e-02
1.353122637333489919e+00 6.120989517181186779e-01 1.006171111894416548e+00 3.360654980969130512e-01
-6.822960661150125894e-01 1.123713859883804567e+00 -1.158613227665006518e+00 -9.477477531795699406e-01
3.923469978492339361e-01 -3.185967568545772233e-01 -7.798676065258241863e+00 -8.140022744871311389e-01
2.059192973602002041e-01 7.805307791089551028e-02 -4.875070269005877144e+00 -2.673415687111882488e-01
-5.474878232466035000e-01 1.009213124108730320e+00 3.848778212893896988e+00 6.075257612659883122e-02
1.269359064882162325e-01 -6.140433522330574628e-02 -4.089981965942185660e+00 -3.585551456257081715e-01
7.655226686240711453e-01 1.460062037529895329e-01 1.233597018551927382e+00 -1.051427728240555137e-01
6.734733573794118300e-01
-5.908788175521713093e-01
1.320059885618324103e+00
8.801837496165958452e-01
1.230884935295759375e+00
9.900753290898006709e-01
3.236731573807838380e-01
1.491868667875334342e+00
1.273086101282541405e+00
-2.297207244260950770e-02
1.138159657109427458e+00
-1.239275838311139966e+00
ReLU
0.01
12
12
1.546861432877097431e-01 -1.274766224280283189e-01 8.809902405325554797e-01 7.103164316905491438e-01 4.045735287969733918e-01 7.734097250370131071e-01 -2.143048716997828784e-01 -1.842672717034651741e+00 3.634682370165289167e-01 6.407765039834414367e-01 3.115217068190925254e-01 -4.720553814484231281e-01
-4.812514767707775087e-01 -5.896570052198819578e-01 3.162320427508604759e-01 1.790046387366162894e-01 4.741164158304920773e-01 3.827537843414004493e-01 2.073859240639890356e-01 -1.676445052177973682e+00 6.246070227688037546e-01 1.613594189483960051e-01 3.816056645385730306e-01 -4.218013748374077054e-01
1.089214532881947362e+00 5.472971340790796502e-01 -6.192247721657373472e-01 1.770449173834078571e-01 -6.989037382900939122e+00 1.429055563514214366e+00 -2.892669832782246431e+00 -1.672504348235535954e+00 -4.220596797952510748e+00 1.463039077492325202e+00 -6.576717883555907029e+00 9.140920922067925503e-01
-7.936993675536191395e-02 -4.454775529211087159e-02 9.259401634155139948e-01 9.961810915925817245e-02 1.112438115168467467e+00 4.036425667782798099e-01 2.988115629016568908e-01 -2.195545362020250746e+00 4.027363769361631540e-01 6.642863100405762555e-01 3.397936824836327308e-01 -4.416000263327420350e-01
-6.512574193446977189e-01 3.717409264073234798e-01 5.810207443537415140e-01 5.035967808673548207e-01 1.456901488803127309e+00 4.735234093817793921e-01 -5.046904929461456524e-01 -1.985469265263956284e+00 6.962983101043547229e-01 3.626421562885783767e-01 6.550610903735443191e-01 -2.347481330521859755e-01
-6.228428491860198424e-01 2.527529940559635757e-01 2.117345738080152195e-01 5.154218253217158763e-01 9.211016290397008310e-01 7.314535593195332641e-01 1.576299770203877515e-01 -2.435447431396177809e+00 7.675322612485896423e-01 5.272474446224819644e-01 8.342482181612492775e-01 -3.711947014483451546e-01
-1.151110821411174046e+00 -1.060603940347645935e+00 3.937677987029387650e-01 4.489796230906175634e-01 3.318562732488480327e-01 5.367094130820736497e-01 8.153515879701438429e-01 -1.661869936819152960e+00 -1.156987619844012244e-01 8.350175816898905978e-01 -1.892923739902224456e-01 -5.327883412236591454e-01
-7.300765311987642558e-01 9.103046900248239481e-01 8.776453846968634842e-01 2.791635061490798098e-01 1.318663942398089484e+00 -2.749650188653621763e-01 -7.438757898594451357e-01 -2.003489374067628503e+00 1.183970179817950719e+00 -1.641041029849688304e-01 8.914420047831190796e-01 9.957158670564102143e-02
-7.428853620109463485e-01 -2.563852424439135302e-01 7.324517550927310827e-01 5.021766084906257310e-01 -4.391559089661922072e-02 1.170218043144118925e-01 -2.807980362458663559e-01 -1.641960226182056060e+00 1.008990040978563263e+00 6.973202704813488140e-01 5.443392752975437787e-01 -4.129030465131642846e-01
-1.046303615771467133e+00 7.299233187613429763e-01 4.222124497991437964e-01 -3.543270124696162870e-02 1.406059548944061932e+00 6.328994255748433828e-02 -9.692568149645465481e-02 -2.057513286628180893e+00 1.369192074220988431e+00 1.158328894730471445e-02 1.705061190737547916e-01 -3.239649067177497455e-01
-4.880166261601195377e-01 1.296286895274454676e-01 5.447265445079999546e-01 3.333247326342375638e-01 1.030715977923556181e+00 5.529184355753761215e-01 2.720890515676622212e-01 -2.087436029515368219e+00 4.579882070956646234e-01 4.026504310229277184e-02 2.190366610511725876e-01 2.616025324338006608e-01
-1.249770245352506359e+00 6.203164463322947686e-01 9.059100099086806468e-01 -3.412973056082252987e-01 1.290102860890640413e+00 3.597897226164964990e-01 -1.039950178451802022e-02 -1.960528310996203727e+00 6.248490817383127727e-01 5.646541044554227451e-01 1.964585878503385397e-01 -1.078812309847913209e+00
1.849198791922381568e+00
1.139936137077431244e+00
1.196653135493389364e+00
9.767396963355891026e-01
1.516355285573595335e+00
1.700605031836215142e+00
7.678029992830142092e-01
1.761605194493314430e+00
1.160397121409661558e+00
1.206942019617691653e+00
1.451892803662236275e+00
1.222339551308063932e+00
ReLU
0.01
12
2
8.411904028481762552e-01 4.376595289190411964e-01 -3.515482297619503260e+00 4.992428031140626055e-01 1.135839575558702963e+00 1.080502014013362100e+00 8.832823181618274511e-01 9.570787562533354942e-01 7.135413381906975383e-01 9.417359669040756831e-01 6.840200873950397220e-01 7.727957473674585964e-01
1.062742437063795009e+00 3.210342192114874482e-01 -3.537223363645521701e+00 8.409802579834878555e-01 9.660725538284072877e-01 9.797948674827302584e-01 4.873548189197838831e-01 5.818452391576715010e-01 4.688962068702569042e-01 1.107878507371173882e+00 7.998542697198549600e-01 1.057432823682229461e+00
1.973640722317157703e+00
1.435391312413735854e+00
Linear
0.01

ct 2024-06-02 21:40:58.531938
