noname
4
4
4
6
6.071704424816447565e-01 6.800439914921244666e-01 2.030825973123704178e-02 4.620845609992514369e-01
8.135878195140727742e-01 1.259064986349386794e+00 2.397819831574509453e-01 1.006618777752560590e+00
-1.723579549596389870e-01 8.604120935085155519e-01 -8.646794573519830385e-01 5.742405050133165823e-01
-2.019222683977191846e+00 1.507593832658786326e+00 1.150329417322739900e+01 1.704988113499334323e+00
1.081457758521614965e+00 5.338178906249677613e-01 5.986983951839114360e-01 1.639789033974392352e+00
3.377374888838741707e-01 1.268805168207447709e+00 2.015014283404776396e+00 1.383927244917916743e+00
-5.595060685495573810e-02
3.680344189948813738e-01
-1.638094231001823442e-01
-3.276018928171528621e+00
9.643430493642130008e-01
1.304873736182742716e+00
ReLU
0.1
6
5
-2.356726341663867574e-01 -4.663067564812287125e-01 -1.992697856730999140e-01 -5.308545200806559228e-01 3.635408575987347790e-01 -9.801246262671152454e-02
-2.104058300398347070e-01 -3.680467210424303581e-01 2.004245343309365435e-01 -4.389787160078528760e-01 -1.485346977439991889e-01 5.793606694738037688e-02
1.130778085729248483e-01 6.237252006771205892e-02 3.669975364922893890e-01 -2.684606329059374907e+00 2.587950126763460257e-01 6.848056259772019594e-01
2.716401479220746928e-01 3.653956003121167639e-01 -2.079273669519779710e-01 -3.653543030728276797e+00 3.553575820727326029e-01 1.205882584683265479e+00
-3.359892742419836043e-01 1.018818781013307723e-01 1.135190897122777126e-01 -1.627973778607157751e+00 1.430232448396397293e+00 6.625309967190259330e-01
-3.659988978777575785e-02
-3.963015176342898210e-02
-2.124772696334284103e-03
5.960327492666260829e-01
5.225030482654072772e-01
ReLU
0.1
5
2
1.131873618123990927e-01 1.539069793307291413e-02 7.614698469940525127e-01 1.324502220310873168e+00 5.838168572630701991e-01
-2.574539028224220177e-02 5.969924768369651302e-02 3.322744168980267254e-01 8.945918391053142571e-01 1.102698748651814720e+00
2.300151046507001862e+00
2.298048918424481446e+00
Linear
0.1

ct 2024-06-16 15:47:31.226385
