noname
4
4
4
12
3.160551171318934482e+00 -9.713380232363316713e-01 -7.428857689245231377e+00 -8.587718584322915349e-01
1.406424155559761191e+00 5.768675861710343966e-01 1.128542939067481043e+00 5.360275182506207825e-01
1.393194243340799110e+00 1.000652907600656727e+00 1.019266660835968397e+00 2.611341549847487897e-01
-9.194645287780573994e-01 1.431617496183294369e+00 2.811667773945684345e+00 -1.589656337863681046e-01
1.805119693870324227e+00 7.967220499949676515e-01 2.897783059350161339e-01 4.856574311494525342e-01
5.234026413777077558e-01 6.598908960176953498e-01 -6.074961946199816665e-02 3.960495812217436629e-01
2.164064682636192671e+00 1.019897885818469740e+00 1.540845276003592890e+00 3.360263304878842727e-01
1.385807593968587659e+00 4.544600320973853358e-01 8.823581161282582075e-01 3.846529623070673587e-01
2.060270089491565315e+00 6.800681623277904375e-01 -1.252614998166977633e-01 5.662725315480395816e-01
1.472460089354581836e+00 1.201167711120944226e+00 1.238413385700782188e+00 9.280564622607964109e-01
1.806257438461036147e+00 6.898376890420516716e-01 1.255544701915101369e+00 4.874350860756429538e-01
1.572007613407053972e+00 5.363056246128433679e-01 1.284703206422299626e+00 4.973232158707242556e-01
-1.811974461212812137e+00
7.334634658361576243e-01
4.278712244428711786e-01
-1.818471708187957836e-01
5.178615855027115522e-01
2.704433555892334362e-01
1.116746338631676938e+00
6.007211769915384858e-01
2.627640257021963133e-01
1.235368135348466456e+00
1.101210917430681890e+00
8.582620747894610380e-01
ReLU
0.1
12
12
-8.476313597502810326e-01 -1.626765726099855536e-01 -7.554699635115489365e-01 -1.568596642484067494e-01 4.455729345895667604e-02 -4.807458756004526212e-01 7.329356270226466963e-02 -2.332270941003065368e-01 -5.856704334521187771e-01 1.455030372268939498e-01 -2.440049767195361374e-01 3.332142033062651110e-01
-1.808392976748186776e+00 7.360275925235576500e-01 6.400013326615186515e-02 3.836016768281821920e-01 6.911765927490259864e-01 3.755850895997548400e-01 7.402980450246294808e-01 5.880097007091862338e-01 3.200205395693571653e-01 7.143550631062600687e-01 9.613735750709115901e-01 9.348509379957959942e-01
-1.361046875655782529e+00 5.495756160815088442e-01 4.012588490264343832e-01 4.291898193708117981e-01 -6.984603137180285526e-02 -1.716996933612873755e-01 1.056349779755875185e+00 6.300393780639348962e-02 -3.543290777882618925e-01 6.037060802427994810e-01 3.245717306815595893e-01 6.543895732502951201e-01
-1.570738720690082024e+00 -3.061293218881566691e-01 4.690080574647892409e-01 6.174677076257122366e-01 5.581375072156162520e-03 -2.100099711064737085e-01 5.305780265935732265e-01 3.434427401614393860e-01 -2.460408461742403241e-01 5.747450472958157697e-01 8.663544727060217276e-01 -2.571634339822225224e-01
-6.545923540732667689e-01 6.455351447670460985e-01 1.176108783576127192e-01 5.623327249773814041e-01 6.540920648879063881e-01 7.315671512742060179e-01 8.845494737635467564e-01 1.004935115378767091e-01 5.725620999344948059e-01 5.859942444738025502e-01 2.885968115063137773e-01 3.325321774676172071e-01
-8.848423220501295816e-01 -4.905586887137309282e-01 1.183161656578985144e-01 -1.418128742923570607e-01 -1.856695320612562483e-01 2.434025042797117178e-01 3.451155342223209965e-01 -3.195081476451292479e-01 -4.463166418863362961e-01 -1.051876091083366466e-01 -1.559602766808438901e-01 -3.453053338112383464e-01
-1.226730700717989286e+00 5.488409594473754316e-01 6.493177925338465550e-02 1.240740219630226404e-01 -4.680040298718317060e-01 -2.764377977249640184e-01 -3.238576377489310598e-01 6.036768350015052631e-01 -4.772586158570034376e-02 3.089260911045773050e-01 4.612000874614590185e-01 3.028550878430529281e-01
-9.867442896346181325e-01 -9.569686530675075575e-02 4.020544272708446165e-01 1.566974871755694720e-01 -7.161851916889028224e-02 -1.705859034515869455e-01 2.293329430264136326e-01 -2.967863156984205109e-01 -3.155609710731030471e-01 6.929456160611289217e-01 -3.289444971974482268e-01 -3.400398203278819781e-02
-5.468369446978764703e-01 -5.723577049180036402e-01 2.608987569253199412e-01 2.350266529999363863e-01 -1.156329729016734448e-01 3.596342979424154707e-01 -2.816035421826201257e-01 -2.746143717698942832e-01 -5.954394684827679640e-01 -8.284271105320024919e-02 2.596260521362364626e-01 1.628054844605301976e-02
-1.106025295458985536e+00 1.493316355708662960e-02 7.845502761387433965e-01 7.705971842748962075e-01 3.209418853032960373e-01 -8.740532997839738083e-02 8.634967795246184519e-02 1.800029151467189559e-01 3.414500150269575984e-01 -5.673320253114427780e-02 4.064190110843102222e-01 1.480262788194451340e-01
-1.215659896563618281e+00 3.210694449139441797e-01 -8.077941360169925075e-04 3.954906198665462669e-01 -2.462177449739898216e-01 -7.250372107323209414e-02 3.121014792720914754e-01 -1.353505839367817876e-01 2.262705820977671811e-01 4.078638637632173158e-01 2.756200496310746151e-01 -4.506403638858266086e-02
-1.657323055826697589e+00 3.369621996529613139e-01 -3.896633271020659151e-01 -2.099269025973725111e-01 -1.460956133437275040e-01 -6.631377107611063915e-02 3.392931266242948385e-01 -3.306203181856826046e-02 1.507647855117701385e-01 6.513546991748323522e-01 -1.554386398590534013e-01 2.242122549286979238e-01
5.284699596078337169e-01
7.508657326378006536e-01
1.256284633019619568e+00
9.640229298478515396e-01
1.155296868671671362e+00
-1.027239447207961218e-02
4.511334858138675852e-01
3.318599248936281998e-01
1.052687951316251813e-01
4.584186069913116501e-01
5.802740906333554438e-01
1.384738390810376307e+00
ReLU
0.1
12
2
2.796950912856538407e-02 1.020470810331757017e+00 7.340775855170310615e-01 5.821868509463800079e-01 7.171149857221045254e-01 2.568264586330631233e-02 5.144739258129550352e-01 1.948844516191421405e-01 3.506432443870209636e-02 3.978948815567133201e-01 3.884823104208070532e-01 5.547168799203788803e-01
-2.038215085992448744e-02 8.157606324798530872e-01 9.310926544310557107e-01 7.413494179544627416e-01 8.992521337838286222e-01 1.513971271034022792e-01 2.269350931388396109e-01 1.508815071933208019e-01 6.452396041193257659e-02 4.586476412654103552e-01 3.392275707110000704e-01 3.716178729335544162e-01
1.407549148879786216e+00
1.292996291447459534e+00
Linear
0.1

ct 2024-06-11 11:57:09.868349
