noname
4
4
4
8
-1.388459531410377035e-01 1.048568945024025700e-01 -5.744098764322883710e+01 -3.477935004758489157e+00
-1.092711914290912967e+00 8.967402646801192478e-01 -2.905238472439318187e+01 -2.361842217102212871e+00
1.069913127475623921e-01 7.792355563548569730e-01 6.966805619555014317e-01 3.162663270495515849e-02
-8.347689978358634466e-01 6.356085092288851213e-01 -2.187660172492543253e+01 -2.211578605503859318e+00
9.306449408268843149e-01 -8.133756259471663919e-01 -1.838970220995506943e-01 1.505221671866115996e-01
-2.838463344106675890e-01 2.006018920919299953e-01 -4.052237632371113452e-01 1.284558253449120391e-01
7.444102928729424695e-01 -3.355003590326660623e-01 -2.842761738907404734e+01 -3.309717218870012800e+00
1.360015857858437871e-01 1.840758307506712432e+00 -6.023723282463394391e+00 -2.229778068986584816e-01
-1.130946518861107641e+01
4.000387730896516558e+00
-3.624820160869457464e+00
8.147057708604176440e+00
-8.761050034210375870e+00
-3.181842559534000525e+00
-4.980530115105459288e+00
-9.279844048846648263e+00
ReLU
0.1
8
8
-3.809731661239409650e+00 -1.046603124447995858e+00 -1.195055929309327469e+00 1.867104347678846921e+00 2.369770078698811844e+00 -4.443688482751671082e-02 -2.267530156328481095e+00 -2.491694333105314740e+00
-2.046476341371184504e-01 -2.580915793573175687e+00 2.084713848405335967e-01 -4.206329659939670451e-01 -1.142021672106722230e-01 4.642903968084248767e-01 7.670487033734099125e-01 7.548856699936357106e-02
-1.209393903572572171e+01 -1.859759991865652218e+00 -7.287131508031416960e-01 -5.455025046471150274e-01 -1.530785564249152575e+00 -1.471634570353196336e+00 4.738990206583585940e-01 -2.414177051672176333e+00
-8.094383215695869493e-01 -4.703923365158376724e-01 -3.748111735982149195e-01 -5.243764023173363986e-01 -1.920765638164610156e-01 -2.650028998428821225e+00 7.670487033734099125e-01 7.548856699936357106e-02
4.362469351012804308e-01 -1.031438616204284342e+00 1.471906799703583957e-01 -1.422770923671359711e+00 -4.914165662058864181e-01 4.642903968084248767e-01 7.670487033734099125e-01 7.548856699936357106e-02
-1.745754113553258935e-01 5.886115175989188597e-02 6.144116558430849917e-01 -3.785744197522218357e-01 6.144116558430849917e-01 6.144116558430849917e-01 6.586343644875053416e-01 7.548856699936357106e-02
-6.941761499333526375e-01 -5.449339557526170497e-01 2.851117565230876227e-01 -5.433942601891463831e-01 2.851117565230876227e-01 2.851117565230876227e-01 -7.199107474258444883e-01 7.548856699936357106e-02
-2.853905304818067368e+00 6.165014503589406614e-01 2.561970676407285818e-01 -1.047450688802747054e+00 2.561970676407285818e-01 2.561970676407285818e-01 1.198000644744126708e+00 2.561970676407285818e-01
1.918488346864290595e+00
-9.593582009513030862e-01
4.255585004885594103e+00
-3.676040153618821638e+00
-2.138022321905689527e+00
-1.224553691945108103e+00
-5.514694261167025768e-01
9.185427218782949987e-01
ReLU
0.1
8
2
7.783426889687434791e-01 -2.079671397789361054e-01 -9.979887709642296656e-01 2.682265456706986129e+00 1.356921163707379474e+00 -1.735929856955508721e-01 4.428230437483929305e-01 1.450636786195757810e-01
7.975989982450958360e-01 -3.695748066771289420e-01 2.710264848696690432e-02 2.629390268649975937e+00 1.184051390034549511e+00 -9.910150918997598368e-02 4.937565163647770206e-01 -2.066155129369646459e-01
3.006563380490064219e+00
2.816552226158158589e+00
Linear
0.1

ct 2024-06-16 11:15:11.321753
