noname
4
4
4
10
2.490992740228740399e+00 1.478533211041187512e+00 -3.554069928284635083e+00 2.023566875605246729e+00
1.184274894868200922e+00 1.461946127223043845e-01 4.561317416755552578e-01 9.857481534159259762e-02
-1.076137134655198224e+00 6.742155909751399445e-01 4.336654582479771314e+00 7.367839765951659237e-01
2.488193530634076112e+00 3.860907298370992002e+00 3.088340028314920716e+00 1.968976894562531887e+00
-2.053724125661878119e+00 1.451533979746475689e+00 3.544714682184110899e+00 2.615211696194072455e-01
4.250120910451318679e+00 3.454994563806800478e+00 2.682776231895227070e+00 2.963125428377405779e+00
-1.466597988316111545e+00 1.776829639902455460e+00 2.074814120513311977e+01 5.338506233913182797e-01
1.456059096834175559e+00 2.971588248438093327e+00 5.666662760347401573e+00 1.958611496934603791e+00
-8.604204653443268125e-01 2.914605680507886376e+00 3.019884573304078224e+00 2.245425836307944067e-01
1.636343874023893807e+00 -8.475536989086875084e-02 1.234995102396435396e+00 1.011631765496587843e+00
3.342551456543173538e-01
-1.844788234462320764e+00
-1.913816173009119215e+00
-1.932291565104521103e-01
-2.520012389159018262e+00
6.195252542289281239e-01
-5.501725177450335735e+00
1.763407475232064536e+00
-2.589098973682498528e+00
-4.371096567356474338e+00
ReLU
0.2
10
10
-4.232976217509994421e-01 -1.025117105716514487e+00 -6.927708840484897435e-02 8.561677090917156896e-01 -5.329932642814511068e-01 -6.010780904502240757e-02 -1.374758146684809668e-01 -2.524651662299777222e+00 -8.870707351390928475e-01 9.302410389089297293e-01
-1.360143285695630588e+00 -5.740296328862747322e-01 -6.503380282181195904e-01 -1.116764792915022841e+00 -1.464978320351840946e+00 -1.132591742230560028e+00 -1.263227239771037569e+00 -1.285405660115025883e+00 -1.630140110615226012e+00 -6.657854670288899657e-01
-3.211030935130697594e-01 -6.548600717738438659e-01 2.357802369512551344e-01 3.029338564553351598e-01 -2.980834251353504105e-01 4.354727649979607818e-01 -8.369395112815960047e+00 3.191351191938965326e-01 -3.544170877984090251e-01 -4.013696598858614295e-01
8.265578946242412295e-01 -1.014768488222969722e+00 -2.193278032267880762e-01 1.375957364644135650e+00 -1.437240211337248219e+00 1.125965334191963985e+00 -4.979665596792023585e+00 1.019652867965594067e+00 -1.555099381017475413e-01 7.435197696422492231e-02
-1.164031678133566061e-01 -5.730489009185339988e-01 -1.335560987970249025e+00 -6.277029736780931346e-01 -5.710818761943540212e-01 1.853763047420682319e-01 -2.190347523291950260e+00 -1.377701824130260766e-01 -5.991941609819266823e-01 -1.234592200595686862e+00
-9.385355705022782047e-01 -1.261471077830001342e+00 -7.932551715784583873e-03 3.323164577881606019e-01 -7.398080859528844977e-01 -5.454411817908701998e-01 -6.657242234610496467e-01 -2.475498119274782027e+00 -1.486341357263276930e-01 5.048822933065415519e-01
-8.222134693562289653e-01 -1.221037865384665411e+00 7.248714585100493601e-02 1.053879110544772152e-01 6.063627711634709261e-01 1.774362487400925892e-01 -2.123143313582034342e+00 -4.890144600792239449e-01 5.525991631527262804e-01 -2.071635220729894922e-01
-4.406055599045704541e-01 -1.082455864274762813e+00 -5.625343124583426224e-01 -6.666529754519952000e-01 4.874637516179525787e-01 1.763687421921257548e-01 -2.602041730159946553e+00 -1.438716540871479710e+00 4.394390620580373996e-01 -7.487309335269529686e-01
1.422400394769592624e-01 -1.263308101689916807e+00 -3.277023934098164393e-01 -2.902646290370565763e-01 6.383085678972824639e-02 1.225735791227162003e-01 -5.243027664850724356e+00 -3.037084307712346054e-01 -7.554370138955657232e-01 -3.159303322598040475e-01
-2.983923384881313479e-01 -3.982074984167938148e-01 3.158712685660400310e-02 1.773584384170474593e-01 -4.635670903408370402e-02 -1.144753744145142332e-01 -1.945278030444042239e+00 -3.398303350755824681e-01 -1.701803962233151002e-01 -1.464738030029963278e+00
-3.928336137690004448e-01
-1.394366225636882728e+00
-7.710646677147573458e-01
6.770113222154477972e-02
-1.517872092143912333e-01
2.383110821925690459e+00
-4.006068956243298840e-01
-1.093468489166429913e+00
-6.088150928110125371e-01
-3.087827997447807338e-01
ReLU
0.2
10
2
-1.640042058803617697e-01 9.799548367815388294e-01 2.706320359160739875e-01 1.175258433602579089e+00 2.694011103943662611e-01 -1.231182835518057850e+00 3.519928002150353175e-01 -3.243751910554710238e-01 1.884740687935117787e-01 3.228304257673903638e-02
-4.184674960056991022e-01 8.963720781360312584e-01 1.690591624168296669e-01 1.051504028253054113e+00 -1.620628446238756848e-01 -9.868805373798279490e-01 9.645782821237715299e-02 4.158809108635965757e-01 2.565911783656155687e-01 -1.460794995973855592e-01
8.151767648784392861e+00
7.806257506449759020e+00
Linear
0.2

ct 2024-06-12 17:16:28.803067
