noname
4
4
4
4
1.409429755313099220e+00 1.990768635300584677e+00 1.446940180411157906e+00 1.544036834170142924e+00
1.438623317630864040e+00 4.201361361562152008e-01 -9.986085727234482734e-01 -5.000593935509891619e-01
1.632473357104041511e+00 8.216304362729162092e-01 1.010527590302919554e-01 6.191879667805944010e-01
-1.135972857103551892e+00 1.531864197087257962e+00 8.193009234257965900e+00 5.130977686531746906e-01
1.219181637305936317e+00
3.855911821331333700e-01
3.111871278992887624e-01
-3.116573391030187157e+00
ReLU
0.2
4
4
6.037567739486504603e-01 -6.665509126269341111e-01 9.877962310503732302e-02 -1.580304276791117513e+00
3.976133835850412801e-01 -4.527494982190694572e-01 5.738855797052535429e-02 -9.099915129234587008e-01
7.794564650632545000e-01 9.921786103901029941e-02 3.927692143377624623e-01 -1.473847448282082029e+00
1.166739452056432702e+00 -5.784360181447568694e-01 1.879200566636387570e-01 -6.883117113837760037e-01
8.174625250100937546e-01
8.427426155503416894e-01
7.434186617797833296e-01
1.150415906356714313e+00
ReLU
0.2
4
2
2.822073256102497485e-01 3.583610864852567190e-01 4.547123524025908359e-01 7.551077751097540203e-01
4.325983721559604200e-01 5.161200458456123297e-01 7.123157693428769921e-01 8.750665486229305401e-01
2.740019449487423930e+00
2.391047118718215181e+00
Linear
0.2

ct 2024-06-12 00:13:49.583795
