noname
4
4
4
8
9.968217839795734392e-01 8.013262544458696901e-01 6.183314575964249382e-02 8.979013348746263112e-01
1.056968418528602127e-01 5.252531962139765920e-01 9.802921016073325999e-01 2.982657761020786058e-01
1.482153960471376264e-01 8.803113516010027118e-01 9.747589332541990448e-01 8.197627139481509229e-01
1.418184082140766522e-01 7.776124034805078633e-01 1.271825366825478643e-01 7.063028491343098514e-01
9.385965913714841014e-01 8.297919044189074889e-01 1.666077467209732266e-01 9.153089310103951215e-01
3.895929867978440431e-01 8.007061574558591577e-01 9.599194227652182443e-01 5.628284826451719347e-01
3.122344745949778844e-01 8.986782996273292579e-01 6.422338761400563367e-01 6.130199675481228239e-01
3.371013894436580838e-02 5.634601814994255609e-02 9.319077713959350584e-01 2.102427638761777962e-01
8.521389273323354274e-02
3.704109542595838134e-01
3.098958243707466975e-01
4.678354423062892620e-01
3.985648497556918413e-01
5.055222502093870141e-01
9.390066315278007281e-01
4.387811978826688941e-01
ReLU
0.001
8
8
5.193223951365104618e-01 8.169595813840018206e-01 2.192428113934052902e-01 3.825138753880062970e-01 6.098905000530541187e-02 9.460656249565563281e-01 1.979662594429462130e-01 5.044678902151999988e-01
7.717924848915980185e-03 8.576013104493670491e-01 4.272065925217517490e-01 7.153680600425675884e-01 6.626705140574326025e-01 1.784998073784673789e-01 4.462841256251247612e-01 8.106357100368293267e-01
8.406655217252672063e-01 4.916237804655990695e-01 4.550418021863195106e-01 9.750135233156068670e-01 5.484138334871915266e-01 3.281691095858432217e-01 7.595113650014029272e-02 6.910236198614574388e-01
2.715116745089036776e-01 9.181291607526564924e-03 2.742319504147612275e-01 2.931195832233821630e-01 3.905726790208621235e-01 9.164768345891408652e-01 3.390309321173121671e-01 3.409083602608038444e-01
2.866503127492734393e-01 3.290826158477200281e-02 6.584051909978567707e-01 4.665875651562878534e-01 2.842518507523126292e-01 2.208326196786034590e-01 8.718447056035254494e-01 2.947231277684448925e-01
2.240555569539938174e-01 9.108095748690929749e-01 7.999426632854221841e-01 9.415585162041570921e-01 7.714775638687700887e-01 8.494042662856016168e-01 3.367416843113238967e-01 1.690260349798133888e-04
7.912547835533104701e-01 2.040103450083675662e-01 3.816565913836997836e-01 4.916617313220431607e-01 8.059599991773742644e-01 2.583204684349833524e-01 8.801779238695126573e-01 6.171496706498769136e-02
2.117793410025967660e-01 8.897021194279884915e-01 5.581796198152925159e-01 5.871240008641466224e-01 7.059792239802610281e-01 3.275669912301112374e-01 3.739630597091324615e-01 9.293531992577982459e-01
1.713641422860091579e-01
4.223724932206337490e-01
3.195860483735816215e-01
1.987776276394321862e-01
3.863640066969410425e-01
2.373508860258570774e-01
2.725531680237345267e-01
9.822602373845226165e-01
ReLU
0.001
8
2
5.364540744684611617e-01 1.100124062888477861e-01 3.680489009521055177e-01 5.238035372437925830e-01 5.714735281529985667e-01 6.376932709774846275e-01 5.088923708995281014e-01 6.108881441037653515e-01
9.862219345425543571e-01 6.026582787297962707e-02 9.581025917867945774e-01 4.068816851105299115e-01 6.090391260210329394e-01 4.245521660522986185e-01 4.641346571710750490e-01 2.075534524566182704e-01
2.370905068069906196e-01
6.243876759148748734e-01
Linear
0.001

ct 2024-06-02 23:32:39.281199
