noname
4
4
4
12
3.182299999072568109e-01 4.265206897703263111e-01 7.981677768682585716e-01 1.718145263639025699e-01
4.935960304771498941e-01 7.923695232793924736e-01 5.681157264747144220e-01 2.081148220465886822e-01
1.995109112876191915e-01 9.630386437498879015e-01 8.780774797092314454e-01 1.558725911234572770e-01
8.556049050548548696e-01 5.053569047685914084e-01 3.835203504174312106e-01 8.622693860884531603e-01
6.576808806002711894e-01 5.871495101241550607e-01 4.764498850006766983e-01 4.014549516191693868e-01
7.035191755472046671e-01 3.620502121783444327e-01 6.428769565483485326e-01 6.737051447274960969e-01
7.920899768659734885e-01 4.752143080140837639e-01 9.586755390592617276e-01 7.481246396756077166e-01
6.801071368756997915e-01 5.119694261869258689e-01 8.870567767877138854e-01 6.540245517155531818e-01
5.280437591224628191e-01 9.063407122084503609e-01 7.856295304849510164e-02 2.054453176095895339e-01
1.065851375049119837e-01 1.047904532550067325e+00 1.986807767243357059e-01 5.518252545239045181e-01
8.516061129069572855e-02 1.033570386742448166e+00 1.007091431889898026e+00 3.129741791155975488e-03
7.471227348828366477e-01 8.866334911690235687e-01 9.440163075418969152e-01 8.316969512217035065e-01
4.426869013595713942e-01
4.510050479263556511e-01
1.048200271298822123e-01
8.210673514003827278e-02
8.884396366808870737e-02
9.778807244207730065e-01
6.813887151968228695e-01
2.985503004326724996e-01
-2.473756297386113870e-02
7.997837247263188676e-01
5.945553094059456978e-01
1.649654205055732237e-01
ReLU
0.001
12
12
6.068794687955400557e-02 8.947109854194950085e-01 3.481830272014238004e-01 2.714865503160939775e-01 3.992344758451250586e-01 7.846012861938053140e-01 6.626983148160477954e-01 7.431835198044113300e-01 3.687609710378251249e-01 4.614719856063987519e-02 1.959222449176123981e-01 8.674136865424663112e-01
2.092986606671462801e-01 1.046767644384980933e+00 7.137145722104949463e-01 6.850821983288416517e-01 1.475757900592790661e-01 4.375054995005161484e-01 6.235999028779170006e-01 4.910728163431857252e-01 9.085342352456043935e-01 1.712176895549809841e-01 6.326387039101762089e-02 1.118938616117968327e-01
5.500451740288460067e-01 3.039367045584003219e-04 6.605297751974303910e-01 4.924936292095765666e-01 3.587117922682814264e-01 8.686456913322858631e-01 6.324615490400147255e-01 7.068876442111972080e-01 6.842328904931764821e-01 9.116919769132093565e-01 7.340485390349033024e-01 7.156654986868116186e-01
6.918419465591303386e-01 5.211031587735184267e-01 5.965232710112127190e-01 8.491102936760676068e-01 4.942174805465505694e-01 1.634755532858370164e-01 8.214021815685922379e-01 1.581822264603557626e-01 4.700053096892930493e-01 1.232545766547391841e-01 -3.506078768587359701e-02 4.296318544257275440e-01
1.311408589944356440e-01 4.776050165729617825e-01 3.682479964060985100e-01 1.272145926677694938e-01 9.165598763256808112e-01 8.253391250289587866e-01 7.918477104016823365e-01 1.390935181167455570e-01 8.587761236359583439e-01 9.955954607216443986e-01 4.465967518264513658e-01 8.100975238429261038e-01
8.337958944378599524e-01 5.680448220252967140e-01 6.132803123543349999e-01 5.524568691704137002e-01 2.152638661217930460e-01 4.414315394569305329e-01 1.222263436600429520e-01 6.902180442545907679e-01 8.718078143028639149e-01 6.363788227603093262e-01 9.999969693210627453e-01 6.813934669427405000e-01
2.044583140932803023e-01 2.230188361664234564e-01 3.227044130279125289e-01 4.310501401913235942e-01 9.280808198350097848e-01 4.951570579455141230e-01 8.530272048070577928e-02 1.447282384260638599e-01 2.760367886512569147e-01 3.444786133343598067e-01 6.966535556048998323e-01 5.102321494850131645e-01
3.152664111867171104e-01 1.588935679080788199e-01 3.215696014487907650e-01 -1.722612067760933424e-02 7.340263223361017664e-01 9.586658200161525256e-01 6.449820374950389068e-01 1.640204649911089219e-01 7.630341957637797323e-01 6.504389845987633700e-01 9.133311902973297869e-01 7.266830067816819616e-01
4.042892377681374660e-01 4.435068853274669043e-01 6.050532831994054339e-01 7.261720403220969233e-01 3.496247010538095501e-01 6.964419817463918250e-01 1.157622051093890381e+00 3.094398708837206025e-01 -3.419128015080241667e-02 -2.930877708450136190e-02 -1.892781527833437283e-01 5.435378952312941436e-01
7.213555581866940569e-01 6.528492681659130437e-01 4.791517231763146173e-02 8.360836784610503614e-01 5.896856000561775391e-01 8.016137472903134276e-01 4.855363992354253533e-01 4.979109604032099790e-01 9.457391645328412366e-01 4.832613194584224892e-01 1.077880480143221797e-01 6.855112511739724912e-01
6.596737573617983408e-01 1.093427274375123215e+00 1.077800214994232064e+00 5.133481995775984741e-01 3.286399517154972028e-01 1.931999646151367489e-01 8.988644687808123868e-01 5.166278223245709400e-01 5.687210167884464429e-01 8.322686154381977452e-01 9.910475800499879417e-01 7.853228421881305321e-01
9.082344956490742138e-01 5.945526030207922696e-01 4.506264479607576257e-01 3.781209225800629681e-01 3.424115546583085257e-01 9.019351677350709862e-01 9.490019921527682589e-01 7.344586056624999859e-01 6.934774006366358767e-01 2.028649641297114725e-01 4.562064219789486175e-01 3.961480340622450247e-01
7.670196830718589709e-01
6.732437046368867639e-01
5.790234527096587147e-01
4.832641425061516838e-01
1.606672281689734694e-01
4.651581503375020743e-01
4.078915888780306753e-01
9.600301282317347251e-01
4.145218536126419329e-01
7.441010724980043900e-01
9.577285240993927973e-01
6.844134403482667883e-01
ReLU
0.001
12
2
9.359072164647599390e-01 5.035857781188817217e-01 6.339208689347074488e-01 7.195541706630923517e-01 2.014617628197470922e-01 4.168249286461118697e-01 3.345638098573237018e-01 8.292571793208358688e-01 8.922411307778272960e-01 2.943283035025957561e-01 1.928322613891274018e-01 6.948646061999615986e-01
9.686421228909125603e-01 6.368441905123480851e-01 1.124445382087229245e-01 1.530450473194263361e-01 7.463150480052400670e-01 5.991699851057787907e-01 5.504277064324091251e-01 6.764576183891313210e-01 1.338643516142775259e-03 2.989598255033762420e-01 8.458484695970540646e-01 2.751508470960540853e-01
9.598580527713699295e-01
8.664674194591927003e-01
Linear
0.001

ct 2024-06-03 10:35:46.014604
