noname
4
4
4
12
3.482104918228779433e-01 4.609442848234021062e-01 7.620679945150045098e-01 1.504434982796831466e-01
4.976765176942626878e-01 8.113701735961560413e-01 5.085388587308267150e-01 1.811465363288487784e-01
1.436343973049228062e-01 9.555702198668027947e-01 9.048466195542617108e-01 1.404072634397623698e-01
9.020671660964415528e-01 5.204528185300164589e-01 3.334703171536656519e-01 8.707146405498844555e-01
6.629189327109710206e-01 5.475867744778054602e-01 4.065333067490122798e-01 4.303899170831490539e-01
7.266760950867607871e-01 3.728637344341875215e-01 6.109538734100963264e-01 6.757087141203955705e-01
8.174501224493386786e-01 4.953193951341384738e-01 9.360067759262794551e-01 7.471159207612798614e-01
7.225175726407525589e-01 5.143282118331671260e-01 7.951914304323614013e-01 6.465176902895769517e-01
4.591386138243271353e-01 8.984504160807643691e-01 9.832967185112974351e-02 1.838366863033352172e-01
1.227761742326299171e-01 1.023403522101060892e+00 1.495733825309252529e-01 5.784640284930494536e-01
5.801768964175700594e-02 9.902203449414348491e-01 1.003152082387988253e+00 4.584135621195015164e-02
7.913444756047068873e-01 8.767329556163447890e-01 8.446273651110385305e-01 8.384710512367908875e-01
4.379644611541911314e-01
4.409640866793532732e-01
1.140731480407854298e-01
4.871780221143425654e-02
1.259394773963396219e-01
9.653921864623619120e-01
6.618433611746185052e-01
3.150281870402180662e-01
2.219161871561159058e-02
7.953034290980021126e-01
6.160635645000357430e-01
1.683372097552794378e-01
ReLU
0.001
12
12
5.336460861656786708e-02 8.910997422851086869e-01 3.389209353142286218e-01 2.938258856691187693e-01 3.954354846254679035e-01 7.884916323184876230e-01 6.681116287140679288e-01 7.481987276502626294e-01 3.453009102877750425e-01 4.243996449635912410e-02 1.914752393033145039e-01 8.606221712508266286e-01
1.961934661994419460e-01 1.032783145120519608e+00 7.001393917001302869e-01 7.069615192321473396e-01 1.363784441058170094e-01 4.504958317758556152e-01 6.371118549104684003e-01 4.999981427012286650e-01 8.853983069110459292e-01 1.641151559232297830e-01 4.796077956237333045e-02 9.922889548207901311e-02
6.135633565709737169e-01 1.048015389107790074e-01 6.958612215210707719e-01 5.253573746896715857e-01 4.404157083965952180e-01 7.796494733888862383e-01 5.539108833728115799e-01 6.754946677849626990e-01 6.611452907915542632e-01 9.546882966756845557e-01 8.413552275464897257e-01 7.848646316172658288e-01
7.486841217562584250e-01 6.161343089414871299e-01 6.280132147677567334e-01 8.810981204655538024e-01 5.680436802020130127e-01 8.189854364843413004e-02 7.497036135297604487e-01 1.296911212738253993e-01 4.468267405423335115e-01 1.616420967492612215e-01 6.256340706370930316e-02 4.917221094256534197e-01
9.264984245689998621e-02 4.191456686987580782e-01 3.355423068308410195e-01 1.443519852905946199e-01 8.745579307505362276e-01 8.687047771809762731e-01 8.320456354425607159e-01 1.598046344000986774e-01 8.361896162500739305e-01 9.725843732727729174e-01 3.846611384895854968e-01 7.731620938014528432e-01
8.194917590899613025e-01 5.512413467336158002e-01 5.980059565778534925e-01 5.750799416492949900e-01 2.021543410761597048e-01 4.561366066768742789e-01 1.373223477318918084e-01 7.000898897998104609e-01 8.482350397778827267e-01 6.285020566731667202e-01 9.818932760247536251e-01 6.678688344391234821e-01
1.859746275521887704e-01 1.989514646687145782e-01 3.044047465563820554e-01 4.531303777048134029e-01 9.099469084435389821e-01 5.156884424722913973e-01 1.055821034095672795e-01 1.570583579500733074e-01 2.526329190443286077e-01 3.340636127657142240e-01 6.709034922832911585e-01 4.926917134653238661e-01
3.179920643612335063e-01 1.712656859747681837e-01 3.188668449075042211e-01 7.142238498107552139e-03 7.420159905749487139e-01 9.500823435531576822e-01 6.393133001495521217e-01 1.642967284617936619e-01 7.394013403529205997e-01 6.532817520159407421e-01 9.255593221154770900e-01 7.300415915359416141e-01
4.990325434992888276e-01 5.960116156544933430e-01 6.610488401857920193e-01 7.591898553306887232e-01 4.718749699262093089e-01 5.674590562279564487e-01 1.042205937589974152e+00 2.606442377134127186e-01 -5.595274864422003502e-02 3.370748994601879822e-02 -3.302466342439567409e-02 6.464934039469385496e-01
7.168894545180002353e-01 6.517666996768808341e-01 3.968015669744223012e-02 8.617157871040025396e-01 5.885161021078423316e-01 8.076064710553395587e-01 4.931644711618308197e-01 5.054823449331022900e-01 9.225551580969183485e-01 4.823265730963918196e-01 1.058091729561827926e-01 6.820269316290751282e-01
6.197706949770056539e-01 1.032286825758280013e+00 1.043696935737832954e+00 5.302931233572968361e-01 2.847068534815710428e-01 2.377725703610396868e-01 9.400789514719350981e-01 5.376914855512100466e-01 5.459366986129511323e-01 8.082826074676389139e-01 9.263835060631692153e-01 7.470727479853396247e-01
9.408948122555964577e-01 6.534101516340722338e-01 4.673224328828516905e-01 4.072785050947472230e-01 3.864438572365525015e-01 8.540475109882418314e-01 9.080386217837436158e-01 7.195504829468030161e-01 6.700711765925777552e-01 2.254431818018464984e-01 5.165461235773487481e-01 4.311719924762804634e-01
7.596724501253784290e-01
6.706628422557310287e-01
5.338788178936619833e-01
4.405697769501473737e-01
1.734926060728417263e-01
4.635033299222845460e-01
4.091657372603247356e-01
9.472105085557438464e-01
3.525586430212946931e-01
7.388940239865188220e-01
9.711926633671651432e-01
6.552179506742547010e-01
ReLU
0.001
12
2
9.231390922079730776e-01 5.003344937960373384e-01 6.448289864061849119e-01 7.357811297840517462e-01 2.091172221636719009e-01 4.665835497265355958e-01 3.750100339887127987e-01 8.317400060316842980e-01 8.650315715996851340e-01 2.906250989893725545e-01 2.313709375399690960e-01 6.885120981533354723e-01
9.733863522630634701e-01 6.371188699886881635e-01 1.044657736690319388e-01 1.448762043770578933e-01 7.402424957845673559e-01 5.707044895089787850e-01 5.299408622379335743e-01 6.709335041031380120e-01 1.531702666845538574e-02 2.990174413131819198e-01 8.232190095421147991e-01 2.761504531645461169e-01
8.936508643735143753e-01
8.878365482563741473e-01
Linear
0.001

ct 2024-06-03 10:35:40.117759
