noname
4
4
4
12
1.813226045193941927e+00 2.938802830244514386e+00 1.002010007351070975e+01 2.850409133380265470e+00
-1.737383837122146835e+00 2.218302115399378938e+00 4.896521403166683939e+00 1.586197066930558064e+00
-1.555156458938287689e-01 4.203577565255516846e-01 1.217735850984007079e-01 4.933846403261502034e-01
1.387341072196896175e+00 1.821049331247650782e+00 -5.991312348819551881e-01 1.882469789031924856e+00
-6.134514411700445757e-01 8.110230843639776310e-01 2.496085214230287264e+01 1.131800506740568979e+00
-2.260418041178847981e-01 4.713877909507788733e-01 -2.118213960423289688e+00 4.687819789577185592e-01
-1.310114827982474583e+00 -2.786290057815596910e+00 -1.716371896429108190e+01 -3.317723752102913481e-01
-1.865960320637152434e-02 4.735693012300772053e-02 -3.505798763127179751e-01 1.005674625479149042e-01
-3.416214571767516306e-01 1.811434330804589932e-01 3.830066724687681390e+00 1.495195294008522420e-02
4.254155659674607293e+00 3.065445137397999176e+00 -4.187961685444066440e+00 3.832343559355092300e+00
-2.624994528846905650e-01 3.953462100301378124e-01 -2.455573105984780735e+00 5.292824009663779083e-01
2.086093601034087808e+00 -9.400608476402136926e-01 -7.265060389902276761e+00 2.422921504674891424e-01
3.304964729253737410e+00
-2.726280253247042040e+00
-6.675897832944244215e-01
-2.740148614729204013e+00
-5.367315775571039005e+00
-6.670911916936521635e-01
-5.519208542587727528e+00
-1.738210924805282942e-01
-1.515991590153622282e+00
8.566010098928599215e-01
-8.169586346431395585e-01
-2.737858331053539374e+00
ReLU
0.1
12
12
-3.827591077684724397e-01 -1.000323337772218490e+00 -4.233147625487832140e-03 -7.771030678054251239e-02 -9.135776156595985853e+00 -3.119949959110898674e-01 -3.031386597615507661e+00 1.429558170150260210e-01 -2.677506845500486898e-01 -9.275926279095485505e-01 -8.533891040265910721e-01 -7.922428227592654970e-01
-4.182994180838749965e-01 -5.420949773485119610e-02 -1.683463669600347434e-01 -5.245476414276614152e-01 -1.486805793478433113e+00 6.280549576737020079e-01 -8.875518464017413400e-01 -4.583902515428962543e-01 3.033936841921219124e-02 -5.288628093278522346e-01 1.565525995434630391e-01 -1.343024744451328661e-02
-5.413517776280090121e-01 -1.876387488276070881e-01 -1.016063229926343348e-01 -3.339554084952122137e-01 -1.687575014865991596e+00 -1.091574598192222856e-01 -5.174754264041420138e-01 -4.880733931275492710e-01 7.063445924757390249e-03 -1.051823274061489677e+00 2.220842790648493714e-01 -5.246697655402839944e-01
-6.774765414665188779e+00 -8.264674825747858611e-01 -3.821146721633754129e-01 1.983314671258011641e+00 -3.247318838540394381e+00 -5.768209676320278367e-01 -7.308114771676656574e+00 -8.059190784395710294e-02 -1.367059097707863602e+00 2.598752387073995695e+00 -5.576670811598728739e-02 -3.005446823221554764e-01
-6.540913112711966848e-01 3.719106239164978733e-01 6.375777699560745970e-02 7.058298692981636313e-02 -5.099921687917627899e+00 4.405866382466994691e-01 -6.287792108957271919e-01 -3.762379358755171821e-01 5.918943601774243612e-01 -8.751513511292347003e-01 -6.980597912545974393e-02 -2.990706695288110617e-01
-1.992523898299116247e+00 5.372804134111845986e-01 -2.140439596950440559e-01 -1.098306487539619791e+00 -5.524181693193109810e-01 2.650384523179222240e-01 -2.987520823363653211e+00 -4.429464640842061818e-01 7.729119820704268840e-01 -7.376697234596577557e-01 -1.223815707444589451e+00 -1.249810207806988593e+00
-1.077338271012134197e+00 6.323423192307700003e-01 -2.005230683864096253e-01 4.905142384405293265e-01 -4.124073081364887372e+00 -1.550121389228896196e-01 -1.135666264440492679e+00 -5.017841820118115193e-01 -3.236887391115552542e-02 -1.608361658798524330e+00 -1.163599251942765006e-01 -8.527058767708829423e-01
-9.964488649134310982e-01 -3.147560432739143210e-01 -3.452926216088115785e-01 -2.565232698551638824e-01 -1.597176544113468433e+00 3.584721313937577758e-01 -1.619559202340017601e+00 -3.707334612351020353e-01 5.241485527134392280e-02 -1.228514900926101605e+00 6.535315553552405454e-01 2.271807499994901169e-01
7.014125576484850910e-01 -5.270168938954916671e-01 -4.066376082435689265e-01 -2.876907102439663078e-01 -1.268572607868351376e+01 7.010341638078407267e-02 -4.148051182688268668e+00 -3.433944989691973815e-01 -7.852551952781990918e-01 4.347973630075260276e-01 -6.984014069083258058e-02 -3.475711832806095969e-01
1.391090993289066713e+00 4.061111035330738916e-01 1.660293965376294367e-01 4.884483467001569656e-01 -7.459606843308959512e+00 -2.266731884588593371e-01 -1.614863630700376307e+00 4.915893697099982806e-01 -5.254210967543314625e-01 9.097856259948661206e-01 -4.063500801118714589e-01 6.777894939100177485e-01
-8.551715925010769936e-01 -5.269825105827895539e-01 -6.264581945060630416e-03 -6.779136029554549969e-02 -5.901723402196063617e+00 -2.372294254612495323e-01 3.524184478037010182e-01 2.353094850714987085e-01 -1.441856241869024169e+00 1.805365234676397923e-01 -6.243405306835166785e-02 -6.357020925683110057e-01
-1.228775534378925283e-01 -5.098058934412972310e-01 1.792412065058764381e-01 -5.041162847329488939e-01 -3.825449146378012699e+00 -4.180779771143999790e-01 -2.138990091577908093e+00 -2.472047444904637847e-01 -1.220211454050647681e+00 2.356397834510441103e-01 1.540735347622327889e-01 -9.820583996610307009e-01
1.353204745066926229e+00
-6.979258321810163056e-03
-4.010172136792576614e-02
3.745001578295433564e+00
6.554508415826582057e-01
-6.638044734112984180e-02
9.447999721858177935e-01
-3.839124416479168522e-02
2.131341142996625138e+00
4.134920657611512951e+00
9.491108095187744675e-01
-1.024432957808958822e+00
ReLU
0.1
12
2
-2.599245066947149518e-01 -5.483062960191947138e-02 -4.511466741948857440e-01 -1.753765388659401570e+00 -4.583974187262027100e-01 -2.008113733855211025e-01 -7.734351497904280448e-01 2.639515610915808552e-01 8.439920366405004870e-01 1.770600883159430206e+00 -3.731508559728868302e-01 9.306588981245193792e-03
5.346311420732148267e-01 -2.567391284682495056e-02 -1.470482667484095118e-01 -1.691650082463594273e+00 -1.005551719947855721e-01 -3.403494789955809341e-01 -4.039785760161417327e-01 -1.457202200259862801e-01 1.559080465779090430e+00 1.701269599712190717e+00 -3.708675469023049454e-01 -7.492192538948337643e-02
9.776601629304655816e+00
9.751193504795821809e+00
Linear
0.1

ct 2024-06-11 11:38:20.550202
