noname
4
2
2
2
-1.151476023437540165e-02 6.237860368624305041e-01
-7.413871664098656278e-02 8.127142107497992152e-01
2.049102049253655744e-01
6.755015529133421293e-01
ReLU
0.001
2
2
-6.840817773711647953e-02 8.084979962901941430e-01
5.984744189868177466e-01 2.071719839480197778e-01
5.365544611554252663e-01
-2.642009162009083534e-01
ReLU
0.001
2
3
1.469861924586896539e-02 4.185475398893020449e-01
1.932707401333861041e-01 1.865328935686324519e-01
-1.225181537998222825e-01 5.873733162557729370e-01
4.479124247088953625e-01
5.972218790203608352e-01
3.386721256265490809e-01
Linear
0.001

ct 2024-06-06 00:39:53.443258
