noname
4
4
4
12
1.869791950714342343e+00 2.452145341866250661e+00 -7.923088442836458967e-01 1.233843182029354058e+00
-1.718652086776515653e-01 5.797987194933075239e-01 1.719808448691136959e+01 6.767145809431492076e-02
2.247220536064613583e+00 2.408149551048867298e+00 5.648722068084802928e+00 2.356521257611202014e+00
1.649228369000185213e+00 1.649982314929221427e+00 -3.795774264170876044e+00 2.303968793186899511e+00
-1.647563900147819005e-01 6.539845075132010022e-02 -5.896795425188331441e-01 4.694169234206650720e-02
-2.221914702549668164e+00 1.550041340730244244e+00 5.018232955692404573e+00 1.006165465679821791e+00
1.131464461849508663e+00 -1.782069176082107465e+00 -1.944744122913031958e+01 -1.637824922995896992e+00
-2.520703341792490892e+00 1.685113967777640775e+00 9.667960617603339912e+00 9.162823924650863594e-01
-2.571614641029329906e+00 1.845340006061494842e+00 3.467229109561754008e+00 1.688292570317622421e-01
-8.031804316029558244e-01 7.842086173531712667e-01 -1.532438001384915371e-01 5.359450832336476456e-01
-1.786469589109106249e+00 1.011066270214276308e+00 1.988985216584653770e+01 1.640859310046418607e+00
-1.811905897015573919e+00 1.334695697235611211e+00 1.956902836166080628e-01 6.770273519911191862e-01
5.823752619928164176e-01
-4.299299698681712023e+00
1.580800467349382288e+00
7.506833490914988083e-01
-2.253515107404220341e-01
-2.672424113645178956e+00
-4.594067022251653754e+00
-3.653344284027569167e+00
-3.151381477306159695e+00
-7.979398951701565101e-01
-4.703769344985932577e+00
-1.288920171857963259e+00
ReLU
0.1
12
12
3.159928937715500430e-01 -1.412214080552466910e+01 2.319615668255625152e-01 1.459493168358433623e-01 2.039779545466889332e-01 -8.488776275548967076e-01 -5.632170968584763848e+00 -3.159360969512469808e+00 -2.894807207023176315e-02 2.446373353514523508e-01 -4.976575762650641721e+00 -4.755739929445885333e-02
-1.936819815982322668e+00 -3.277184725772084306e+00 -6.140013492682047103e-01 -1.371484942464811008e+00 5.202001900505705267e-02 -4.555603319876748436e-02 -2.630371798537491479e+00 -5.843649666587815705e-01 -6.161985481155295430e-01 -1.037904957568707598e+00 -2.582944979858562418e-01 -6.270426949940869354e-01
4.785152281216533132e-01 -4.307203103136949984e+00 5.769903986915263933e-02 5.163726009802839245e-01 -2.568894315094227485e-02 -1.302674598878804435e+00 -4.771247415689292559e+00 -1.696021543757450400e+00 1.183885060653055987e+00 -3.101280652190177012e-01 -6.948006261650547799e+00 2.380527595434215882e-01
-5.420503445470543635e-01 -9.229550931502371824e+00 -2.519275793931219365e-01 -1.783353484564724478e-01 4.162884963819907247e-01 1.085626212005700308e-01 -1.631596209981920786e+00 3.070960936745927850e-01 3.324992246246677996e-01 -1.363743107341400529e-01 -6.638507254098703347e-01 3.264837820667654822e-01
-1.869043717961716089e+00 -3.586422663565391744e+00 -7.259005897426795695e-01 -8.860162578385438747e-01 3.593040795323848569e-02 -5.750396749236235117e-01 -2.436083064224110473e+00 -1.051130760315758250e+00 2.145617914981086671e-01 -2.944111874639182558e-01 -7.220408094934885890e-01 -5.094823830281038912e-01
1.307804578937272977e+00 -2.301167922398252852e+00 -1.933194171264553285e+00 -2.489221210391404426e+00 -5.886768488023939039e-01 -3.838018313171616680e-01 -6.187569853030123745e+00 -8.808521381543272799e-01 3.907379688846680799e-02 -2.936250213514075558e-01 -7.042824658336134247e-01 1.134788125469679831e-01
1.291508021133732420e+00 -3.276156942341202694e+00 5.099367726898546005e-01 1.335108229857294715e+00 -2.546368207255917185e-02 -9.766470824933871642e-01 -4.826410257957328476e+00 -1.130335152000572441e+00 1.231903024890106613e+00 -1.641923880563737059e-01 -3.729503179557711157e+00 5.311714631667973086e-01
-1.515622807691307861e+00 -5.408007529752134168e+00 -5.226837965828303734e-01 -1.289040303756689987e+00 -1.673270202372527729e-02 4.190494037403033611e-02 -1.459987961046847582e+00 -4.354166925660610254e-01 3.253071230998169638e-01 -4.812348622623362493e-01 -4.598492495919318523e-01 -2.579813139608546635e-01
1.637108655215130604e+00 -1.606567122311836293e+00 -2.439002047923966021e+00 1.134455847738150558e+00 -2.579768653407890286e-02 -4.339717856543922281e+00 -7.336027365079485385e+00 -3.736557737119271305e+00 -2.278562662403428085e+00 -8.161805971345341693e-01 -6.715985544524865070e+00 -7.536492034568632870e-02
-4.871052648150028475e+00 -2.929145876244030333e+00 -5.293713278301422243e+00 -3.590734828449733129e+00 -5.463372915580665401e-01 -8.719001991149823994e-01 -2.470788353147232552e+00 -6.792025525412022091e-01 -5.526646978872531424e-01 -4.920401179363180222e-01 -1.781152653096533589e+00 4.113299113827088155e-02
-2.535106336593467291e-01 -7.202997533090557347e+00 -4.740713690966809613e-01 -1.290084460568288044e-02 2.122947742466699539e-01 -1.241607196950271497e-01 -1.609234187738636024e+00 -2.988303803861927510e-01 -3.732322640027004729e-02 -5.216442272678900594e-01 -1.118426295854275665e-01 -1.676625316677317068e-01
8.266982667384940864e-02 -2.128509177952721654e+00 -3.192194123075998702e-01 -9.172375680138236120e-01 -1.806620128462243791e-01 1.191927703943700678e-01 -4.025877854878648354e-01 1.063379005556985835e-01 7.444578064854030786e-02 -2.374375601438146743e-01 -4.617578571194263515e-01 3.795577657827514662e-01
2.621779321249215311e+00
-2.512027206215424746e-01
4.136364869612158657e+00
6.510840159556676721e-01
1.401184483934784897e+00
7.560015061646722101e-01
5.211760892292246261e+00
8.832003658565404924e-01
7.369508355542521372e+00
1.492984457662964282e+00
3.033584621384796676e-01
-1.682477793067619631e-01
ReLU
0.1
12
2
1.120849657226492102e+00 -4.026681561064102133e-01 1.844095297895588459e+00 -1.268341438975379154e-01 -6.693315278887026487e-01 4.817348594402737216e-01 2.141713389401163958e+00 -7.415233087265237222e-01 -1.431409837630933213e+00 -1.728820456122279969e+00 -1.242508590211881397e-01 -7.511683373219132584e-03
8.810561961939281650e-01 -2.079722315170429159e-01 1.387587097676554082e+00 -1.963622009396030488e-01 -8.804816907094571432e-01 1.202884443990998475e+00 1.887571852019619190e+00 -6.437725453645098961e-01 -1.133751858557849435e+00 -1.459501771338922227e+00 -1.347915632484193438e-01 -3.938833123484994023e-03
8.632011844616872764e+00
8.327276784934678489e+00
Linear
0.1

ct 2024-06-11 14:08:26.687836
