noname
4
4
4
4
3.389132986978313777e+00 1.007035992437495420e+00 -8.643189758857300120e+00 3.537971227471583546e-01
-2.425724342044979220e+00 1.613724168503521073e+00 2.134156378602586557e+00 2.532657028702545721e-01
1.734997939650255283e+00 -1.022378462084491346e+00 -1.007746441957829120e+01 -1.336334356171846816e+00
-1.826386630657315768e+00 1.429164597161405981e+00 1.014388494551039877e+01 8.395351781807188773e-01
2.987637245391112195e+00
-1.670819158392018666e+00
1.771265943273457877e+00
-3.235966560015459681e+00
ReLU
0.1
4
3
-5.203934668233776151e-01 -3.492609381069452512e-01 -4.714948847738683613e-01 5.140175551921219999e-01
-1.216827483266565313e+00 7.345999765896081835e-01 1.217367712714254729e-01 -1.012894704059344564e+00
1.205584420173667182e+00 -2.889530723795782560e-02 -1.281512293137844427e+00 -1.719053009747150362e+00
-6.913451722005755640e-01
1.213656945518674535e+00
2.856696236723909599e-01
ReLU
0.1
3
2
-1.772343991652177153e-01 -5.235225998004182646e-01 5.515193569520568939e-01
-1.058065716896567643e-01 -4.454946592434605446e-02 6.514567945197511367e-01
2.203442090774168527e+00
2.024934106882352314e+00
Linear
0.1

ct 2024-06-16 15:32:22.239828
