noname
4
4
4
4
7.855066628856454125e-01 1.078162387968707225e+00 8.296421732239369629e-01 7.510463610174434868e-01
9.704723181069589977e-01 4.917467173871994945e-01 1.577890163723000283e-01 4.355862790513294058e-01
7.310871510869002554e-01 3.957643240770243320e-01 3.038812802840089589e-01 2.121625278606398268e-01
9.071030773569904726e-01 3.526677545348434473e-01 9.072552298818818972e-01 3.939446037578210325e-01
6.037089953362815287e-01
4.034581882966493116e-01
4.953624085541679101e-01
6.869117721842774582e-01
ReLU
0.1
4
3
2.981203503591630666e-01 3.667822027870781820e-02 1.566813569188403032e-01 6.016632704753289707e-01
4.634685549698162044e-01 3.937765234646345980e-01 4.831393644304961543e-01 6.669022789784648242e-02
9.135296149286403766e-01 4.821235476259628228e-01 5.321474213427477284e-01 3.811535578660187329e-01
2.982484409205683473e-01
6.231044503204661300e-01
6.974737325146256328e-01
ReLU
0.1
3
2
3.206665282979363485e-01 3.728558997349839532e-01 6.913504244139132560e-01
2.484989331727783732e-02 3.424611226962361865e-01 8.742091073391335954e-01
6.932018307118265055e-01
5.805723776017254201e-01
Linear
0.1

ct 2024-06-16 15:32:04.344018
