noname
4
4
4
4
-1.486787331903312248e+00 1.059675372996422116e+00 3.307024724102195279e+00 4.321729017850446941e-01
2.457142635920778861e+00 2.387601694947918407e+00 4.452701478552144820e+00 1.537258403203068946e+00
1.594744192527469018e+00 2.748772177049356280e+00 -5.647453738292296244e-01 1.645804101151208787e+00
-9.390264693642805804e-01 9.757998209549619828e-01 1.977060363967117596e+01 1.642906059417084341e+00
-1.516648269768916757e+00
1.880304749927713459e+00
4.795447736787379345e-01
-3.691904944403713973e+00
ReLU
0.1
4
4
-1.331981780014597661e+00 -1.981471944970955024e+00 1.679491688712865249e-01 -1.261187215704636877e+00
-4.049930771928256790e-01 -8.952933579771980011e-01 -5.322302278713370027e-01 5.729112403432244927e-01
-1.893261198314873661e-01 -3.199883181854852765e+00 9.044202589240200041e-01 -9.753518521018117449e-01
-9.722754567013059956e-01 6.655309073120352359e-01 1.546929914007230955e-01 -1.601405104948204317e+00
-3.595399280190751390e-01
-1.707307810672255233e+00
-3.642595429220382708e-02
1.516582424641916393e+00
ReLU
0.1
4
2
-5.415421468435702712e-01 5.488049648388907409e-01 -9.971209610323034100e-01 1.268546206315251945e+00
-5.077634766985327230e-01 -4.169140329018754532e-01 -3.721687272358444876e-01 9.900197494093434525e-01
1.395326116190159116e+00
1.654422636043787254e+00
Linear
0.1

ct 2024-06-15 19:08:56.034409
