noname
4
4
4
3
1.159684190019944910e-01 7.981889506350139385e-01 -1.208114646182994578e+00 5.162409101785135901e-01
4.608050584032289537e-02 4.810061357826428408e-01 1.540125935040966620e+00 4.159560444328529449e-01
2.762259057197034462e+00 2.300049384446559930e+00 3.023872262712256731e+00 6.028953988764922389e-01
-3.906135292060919362e-01
-8.688078738546765045e-01
3.998411303137619499e-01
ReLU
0.1
3
3
1.744380510062638612e-01 7.988751064497567889e-02 -1.765044125203907299e-01
1.061667428653428474e-01 -2.507522101404872639e-01 8.676227055316740877e-01
-5.919962560993954348e-01 -6.253072172877407464e-01 -1.685220900410809575e-01
-1.385489146869882116e-01
-4.066727225622519121e-02
-8.004943058755306651e-02
ReLU
0.1
3
2
6.034052815989237456e-02 6.230854445921478746e-01 8.702427746686640375e-02
1.355481125083259353e-01 6.440991414280394789e-01 -9.117919932048505760e-02
2.137628573985105529e+00
2.605546735397783920e+00
Linear
0.1

ct 2024-06-16 19:22:32.668672
