noname
4
4
4
12
-7.167597009527540974e-01 2.887528711023882311e-01 -2.783558082561669034e-01 8.604275921297294127e-02
1.584375594708473889e+00 2.093410092082060636e+00 6.848689372050439594e+00 2.569506602783842908e+00
-4.297756358271060950e-01 4.733399957212863773e-01 -4.219936538291874650e-01 5.982622581800076667e-01
-5.190016893871199244e+00 -6.234907563746736603e-01 2.843157565079646343e+00 1.291078588653096881e+00
-2.229370567806488790e+00 2.034415503728062458e+00 1.287623025984061798e+01 9.185845384471157393e-01
-8.256512591317075600e-01 8.162550959992215249e-01 2.777391244629788591e+00 4.773146539398887001e-01
7.375945776375004925e+00 3.390005258452887027e+00 -1.158197997589639705e+01 3.634231137635722142e+00
-1.684396496757241568e+00 1.682338769415752389e-01 -1.210974960007910717e+00 -6.401005544493231225e-01
-3.697539600480094002e+00 1.936228474241047381e+00 5.327922585449960557e+00 6.400202134710636370e-01
1.588135248418591106e+00 9.369065747284526235e-01 -9.645795030275078341e-01 -3.322323754648862648e-01
-4.367620399545616983e-01 3.362836533874103417e-01 2.073880845122881011e-01 1.952472740399263385e-01
-1.631376840807935436e-01 3.839859786062451152e-01 1.382878782054284272e+00 3.676217784017646317e-01
-8.793926390146830085e-01
2.886325478202441452e+00
-1.397806272192835486e+00
-8.239719275169756330e+00
-4.622193171670723189e+00
-1.699972429419603026e+00
9.031044919533210980e-01
-3.409220295073059681e+00
-3.856111616672563525e+00
-9.111248165748122574e+00
-9.234205251356690791e-01
-1.081846254908465532e+00
ReLU
0.2
12
12
-3.685764562661675292e-01 -2.951998932155709188e+00 -8.602937168333439910e-01 -2.853442740003158673e-01 -1.722440877187570107e+00 -4.888037469658878531e-01 -4.541076493332318886e-02 -7.822044829456887838e-01 1.526184739636236298e-01 -7.707892311510783356e-01 -7.657819992853953650e-01 -6.429891857463426730e-01
-1.243819883016862970e+00 -6.540806044458044033e-01 -1.494661730130363075e+00 -9.356685200962270299e-01 -8.785314327806238444e-01 -4.356887209529395344e-01 -3.105739052073489548e-01 -9.988276895213513695e-01 -7.335666682935049199e-01 -1.033871228453610014e+00 -6.200757211447247563e-01 -6.096872152350287788e-01
-2.716639778992153142e-01 -2.635681473686483089e-01 -3.432873398190515180e-01 -4.834675987919624940e-01 -2.152824420897292423e+00 -6.075192913402299721e-01 -5.920219332688068103e-01 -2.980050073820751377e-01 -1.235596376332572355e+00 -2.137840520087932461e+00 -8.145115665349795808e-01 -2.391216708086457421e-01
-1.986058178636286586e-01 -2.712754122687292213e+00 -1.085068278140377318e+00 -2.019898802598898868e+00 -2.590129063603364479e+00 -1.175329241844973172e-02 8.970892812666363403e-01 2.150677314326931988e+00 1.688775016670707452e-01 -3.156443984739070174e+00 -3.031910465773770061e-02 -4.059128425598200751e-01
-8.580244024732435193e-01 -2.870317033738128965e-01 -1.056169916642051732e+00 -4.829989196213193559e-01 -1.925929455899977993e+00 3.376472402533843287e-01 -2.301655660668181502e-01 6.002106471024570844e-02 -2.242829530399002014e-01 -2.890022333461040871e-01 -1.952096461687983509e-01 -1.882248906452429760e-01
-3.631714458339092011e-01 -1.856231294143255051e+00 -1.417254088037641635e+00 -2.179378100899701798e-01 -2.610343849843646868e+00 -2.534745688469203784e-01 -8.086744517490238038e-02 -1.850920523743992685e-01 -4.541143770990446193e-01 -1.129472285114255570e+00 8.253401553790411238e-02 -4.597632825904909293e-01
5.277071534405104458e-01 -6.468803123753341655e-01 -2.993637799825599743e-01 -1.740955858121238320e+00 -2.524235582012456458e+00 1.317068541909645951e+00 1.761166844129605336e+00 5.169431900259821022e-01 -2.277509121948047000e+00 1.456396175685422234e+00 4.389125607941934404e-01 -5.207409587536029338e-01
-1.562135214443923226e-01 -6.204623112839757759e+00 -6.971845871963263663e-01 6.679378063741212124e+00 -1.801029823242049188e+00 -1.022420863936659208e+00 3.786051238729488122e-01 -1.513765514475572616e+00 -9.348034504935840427e-01 -3.702830249727764311e-01 -6.418971038389155170e-01 -1.164950774069110628e-01
-2.368479758502317345e-01 -1.910099614942435187e+00 -2.510984311857983875e-01 -1.379777053924282848e+00 -2.272950953265418406e+00 4.024140163871336995e-01 -1.651805390675576302e+00 -3.583775388952564755e-01 2.513166594760634087e-01 -4.951781938213670742e-01 -1.185975052896319076e-01 -4.148957887970476655e-02
-1.481179686001586226e+00 -2.364592934803710633e-01 -1.136967436586843183e+00 -8.596667583556687475e-01 -9.698667478209545001e-01 -1.060298895121301266e+00 -8.047545075647005719e-01 -9.288611458528465148e-01 -5.703780802346750667e-01 -7.196178362972557307e-01 -1.170812228594928062e+00 -7.051394372815431577e-01
-7.154682150679587682e-01 -1.467702986072040930e-02 -9.327005162284461859e-01 -6.967698021695752086e-02 -1.645788086386129390e+00 -1.279430272361844700e+00 -4.844971915051917571e-02 -4.499901834687914937e-01 -5.326472660258575464e-01 1.748797202035240472e-01 1.403844259393725695e-02 -3.142169622587852040e-01
-1.228018720661387064e+00 -4.184410742929979277e-01 -1.429989038028981030e+00 -4.004818190020515978e-01 -4.082232999463457079e-01 -7.811827347788716791e-01 -1.281360429537231616e-01 -5.012034642022761277e-01 -4.768547251104399698e-01 -1.725224551977895704e+00 -4.597797788795754403e-01 -8.493521484740440552e-01
-1.507325401537923104e-01
-3.462970644334597559e-01
-1.464125954982153088e-01
1.060595819770734138e+01
-1.745229382785378758e-01
-4.979398048685789169e-01
6.369043205279056430e+00
7.241059673413106079e-01
3.279606551979974860e+00
-3.334795345334771177e-01
-9.580586736144752757e-01
-1.739793041270545904e-01
ReLU
0.2
12
2
-7.983771900930483612e-02 -9.624596582053543403e-03 3.484569708009015998e-01 -2.249207959580675098e+00 -5.585549115328920095e-02 2.295700627971365704e-01 1.747671117637955795e+00 7.913409299609566183e-01 1.059387801618555947e-01 -3.645379385780722070e-01 -2.484104468207172511e-01 1.126999301989334734e+00
-4.792655630812582834e-01 1.299881771446042888e+00 1.033669463660166765e-01 -2.453383380456127583e+00 3.400995099586471837e-01 -1.697264894172098026e-01 1.813259020654332421e+00 -4.565660607436260454e-01 1.089665021398940725e+00 1.206491882011590855e+00 -2.314672907920966860e-01 6.309775178479499758e-01
2.024370216071359252e+01
2.011130931377744346e+01
Linear
0.2

ct 2024-06-11 14:44:38.176769
