noname
4
2
2
6
8.316095025771409466e-01 7.582556842565097988e-01
2.509399237254616444e-01 2.428607665423921369e-01
4.060890285918526965e-01 -1.300152799971057149e-01
-1.184830372913141111e-01 7.320751943223139380e-01
6.161148322559946156e-01 1.461695764340700532e-01
8.715400269092520025e-02 1.020698904905897875e-01
4.983057501438984960e-01
4.699697921881167417e-01
8.084708741936432741e-01
6.088213708755683268e-02
2.928056058380028581e-01
2.261101590388590599e-01
ReLU
5e-05
6
6
3.129084222102619939e-01 2.457766681423604604e-01 -6.554447362942010524e-02 8.582196057125239808e-01 2.369714105381170721e-01 6.768075940678121016e-01
3.250567311980004925e-01 7.527931714212880987e-01 6.781966458377657325e-01 1.159100899166619625e-01 5.380432696141541626e-01 6.773502881611489501e-01
4.913498438344884311e-01 8.393600319880398786e-01 4.454452847801224635e-01 -6.035420693244209628e-02 2.910301056940242104e-01 8.510697584791597770e-01
4.238453544977511256e-01 -4.261737864529448194e-02 6.440347024191637182e-01 3.737400415569001183e-02 5.572379589440851211e-01 3.618857189384477313e-01
7.116699059067606026e-01 1.185263147142751744e-01 -2.101383092345491740e-02 9.866551600720990800e-02 3.726523471092187123e-02 7.327856937978576291e-01
-1.420000550256284855e-01 5.731558873745797728e-02 3.731506850464961778e-01 5.366130282663930107e-01 1.610046486928471549e-02 1.448666173709183824e-01
1.688951023827653386e-01
4.444934475820702668e-01
7.556318470215069860e-01
3.325614273303789670e-01
2.638349556166967869e-01
5.027307428649554488e-01
ReLU
5e-05
6
3
3.479765204269980733e-02 5.028214538093758179e-01 7.768051872406953606e-01 6.495923741992166711e-01 2.173818993611055517e-01 7.426644459644612395e-01
2.696920241585463729e-01 3.735670290511247660e-01 5.670391451317072784e-01 4.149376376090369578e-01 7.373772703452716737e-01 3.820455335151707321e-01
8.847651902399195079e-02 6.981475768344983512e-01 6.612519956869105098e-01 2.753745487189279695e-01 5.499068132778105467e-01 4.791752385086516242e-01
5.150272866276740524e-01
3.729967161687240962e-01
8.944342621318394915e-02
Linear
5e-05

ct 2024-06-01 21:08:19.672916
