noname
4
4
4
8
-1.287315564061196183e+00 -1.209691953882262583e+00 -7.766149360010313751e-01 -4.699704726317041059e-01
2.033087396646290568e+00 7.936414806722669191e-01 8.030799774987803730e+00 1.437651605699481694e+00
-3.673906442256457794e+00 -6.000628817255552194e-01 1.282407873317704450e+00 -4.592607895012897901e-01
3.012123292241879469e+00 1.246842419195887786e+00 -4.267221587017230533e+00 2.826450740834214326e+00
-2.101059532140316488e+00 -6.840629694745743450e-01 -4.955495249368896182e+00 -1.486897122902949286e+00
9.806257618040788993e-01 -1.167600083090627600e-01 2.820573274467696478e+01 1.460409116046294420e+00
-1.940005879110903386e+00 8.379450292592574012e-01 2.601926283297432718e+01 2.979546461770625321e+00
2.711578747439086778e-01 3.911286124225910599e-01 1.302055742509717305e-02 3.130803216735422168e-01
-8.289235812966815331e+00
1.307692976665667084e+00
-8.852564867689066475e+00
6.668539177312490240e-01
-4.225912488663790434e+00
-5.422917647643449079e+00
-3.685955126606884846e+00
-5.260103618691344352e+00
ReLU
0.1
8
8
4.849694228630799242e-01 -1.065363219445848580e-01 -7.036741789321664109e-02 -2.582691769098456103e+00 7.068261831736059042e-01 -5.204489599903634467e-01 1.658732325029875498e-01 -1.070984955806453670e-01
2.157739603587649935e+00 -6.523242153682553557e+00 -3.291406881496112824e-01 8.085362400618368861e-01 1.278053972672135830e+00 6.552429162451967048e-01 -3.239129239329285315e-01 8.928830247042568447e-01
1.574425123912342184e-01 -6.433665921933596765e-01 -7.732192333633570724e-01 -7.470345056754623680e-02 1.646910725500893014e-01 -1.936234781036155317e+00 1.489046928476440816e-02 -3.554844394672871388e-01
2.781400530218128608e+00 -6.562336338185856377e+00 -1.101825580880442246e+00 2.575958180581096602e-01 1.190153939304138708e+00 7.201352600035848539e-01 -3.613752682163286156e+00 3.129261306333298021e-01
-4.898488971794698332e-01 6.521602909053628716e-01 4.463009710748797154e+00 6.768650089343767329e-01 1.709617707897505279e-01 -2.416130589123223427e+00 -1.116005982030568999e+00 -5.804964393274218981e-01
3.607841657612552488e+00 -9.922980234452477566e-02 -2.823264663559192922e+00 -3.683429891611437745e-01 -3.127800338960967874e+00 -7.028117199046421071e+00 -2.894265427990551309e+00 7.287486956604533050e-01
-1.844226973323343399e+00 -1.410728007325454947e-01 5.262252811079857207e-01 -1.734764272278312147e-01 8.850017079140796161e-01 -1.996765694318612505e+00 -9.031744938130712441e-01 1.844660943014069798e-01
-8.172942682510951906e-01 -1.050028857578048785e-01 3.135424491148275372e-02 -1.790234243220918675e-01 3.135424491148275372e-02 -3.403482194313925402e-01 -1.725972423831150793e-01 -4.256242020278694360e-01
-1.289842864690505353e+00
-6.590360594821697005e-01
-3.283187668830202521e-01
1.338929168316217222e+00
5.246846711337250113e+00
2.982360117995637605e+00
-1.333038844167281578e+00
-6.344922486710510845e-02
ReLU
0.1
8
2
-4.892804138424275244e-03 1.354254519410959812e-01 -2.876054653019584698e-02 -8.690978637773050242e-01 1.154768937636204251e+00 4.115081455716653180e-01 -5.693422213132839915e-02 1.396542535745625702e-01
5.456927078875054710e-02 8.509701260625034402e-01 4.221469239493716996e-01 -1.043381874052149882e+00 1.213440904738906312e+00 -5.905506191977840658e-01 -2.585835664069064954e-01 -1.575636159007966497e-01
2.133451658709101473e+00
2.351353851922164395e+00
Linear
0.1

ct 2024-06-16 13:21:33.516606
