noname
4
4
4
4
-1.582196127873416902e+00 6.698283976815971874e-01 5.509992810960646636e+00 1.133109279501189448e+00
1.396868399014779438e+00 4.933995430346404532e-01 -8.708224002561386345e-02 4.775785633236825367e-01
8.255849923052299699e-01 2.627793513336884601e-01 1.113712933133472749e+00 4.394321400187507498e-01
1.023173554250669692e+00 1.039535325736032911e+00 1.013483432513018645e+00 8.944845214956090862e-01
-1.399183845434904150e+00
2.405760328403927228e-01
8.619401752848855347e-01
8.134325410051206351e-01
ReLU
0.1
4
4
-1.651721800223907355e+00 3.478266501997745452e-01 -1.116041346858088201e-01 2.973266477245944395e-01
-1.120474003357710968e+00 -3.833354404947547089e-01 2.353792499256392445e-01 3.991961921730903251e-01
-1.707891475980606533e+00 4.707910476690759793e-01 6.707851155594407588e-01 4.273988662796814886e-01
2.887896178974171946e-01 3.373166044570518607e-01 3.752660344245746238e-01 3.678350034278880520e-01
5.268608157603827946e-01
5.255682316029074430e-01
5.515330330246828172e-01
3.763302782337411001e-01
ReLU
0.1
4
2
2.924471052140548144e-01 5.400198520123008494e-01 9.318858020584742663e-01 5.535600368905329027e-01
5.973324895486625818e-01 6.041600700133739066e-01 6.104456081621960628e-01 5.729171575252628434e-01
1.411723227565702343e+00
1.196960976145308830e+00
Linear
0.1

ct 2024-06-16 13:50:05.118008
