noname
4
4
4
4
1.449060401207735049e+00 2.097723615823699483e-01 -6.533524491718506688e+00 1.058914958093046810e-01
1.305826580915829815e+00 -2.926024537300682682e-01 -1.060035599601846990e+01 -5.903284672298475533e-01
1.402217684534973197e+00 -8.097606074196643799e-01 -1.433381137610032496e+01 -1.300615269858899969e+00
-6.059116143341310157e-02 2.710047256756613621e-01 3.522248978661340346e-01 1.523721513503270009e-01
1.516346104382779281e+00
2.833545851746894773e+00
2.659624210466415395e+00
-4.148265818158660689e-01
ReLU
0.1
4
3
-5.883490762353877912e-01 -4.899618538296428571e-01 -1.849869205989382426e+00 -8.445898163185031060e-02
-3.695104734422531290e-01 -5.621531782411777201e-01 -2.215791112495201887e+00 -8.445945565033141644e-02
4.391812625396941949e-01 1.605567433164040825e+00 -1.539860896154722880e+00 1.154839182760583477e-01
-9.790530110402057007e-01
-8.691391919852222703e-01
-4.577790000571610451e-02
ReLU
0.1
3
2
-3.346990581931751363e-01 -2.921549537287518872e-01 8.535229501291805576e-01
-4.175890610781811674e-01 -3.512106540901683421e-02 7.347820901265560423e-01
1.901791189797116255e+00
1.719695969857297113e+00
Linear
0.1

ct 2024-06-16 14:17:28.118397
