noname
4
4
4
4
1.689552748652640490e+00 1.989055724311139972e+00 2.504491425335313437e+00 1.860315652807438491e+00
1.028055421493073496e+00 -1.130841271673671322e+00 -1.031828868322573811e+01 -8.081602539173604605e-01
-1.300762248156718925e+00 7.696964063609351703e-01 9.165555096745771735e+00 8.746585370019906991e-01
-3.563825773885057058e-01 2.552568330822141185e+00 2.846961235407871715e+00 9.325820471565615666e-01
4.101181961094688133e-01
-2.740899381831889414e+00
-1.989171649887053084e+00
-1.528792395644736901e-01
ReLU
0.2
4
4
5.931218368601071100e-01 -8.669578892977721774e-01 -2.276572511381922403e+00 2.883146033708721134e-01
-5.757566873788250161e-01 1.293566493885697444e+00 -6.885440266031037648e-01 -4.588064305359151884e-01
-6.000861989476540259e-01 -4.338353197963419339e-01 -4.753166801535625985e-01 -8.739741991092413453e-01
6.887883094790219207e-01 -1.314533578448859430e+00 -3.032212661134551901e+00 2.453368932154956494e-01
-3.155411978353877545e-01
1.800026256962089788e-01
-1.020467790646897299e+00
-1.984313699539432679e-02
ReLU
0.2
4
2
3.553857927168879161e-01 -3.929396580523003557e-01 -5.198033986399444029e-01 6.249923576823690485e-01
4.053896857445420387e-01 -1.771971723200878313e-01 -7.123383415454110912e-01 6.668821878580323270e-01
2.246976196750774868e+00
2.590785408999123796e+00
Linear
0.2

ct 2024-06-12 00:14:01.792021
