noname
4
4
4
16
8.692444622972583801e-01 4.788193611307699493e-01 -2.572126633536270246e-01 9.016840625415957211e-01
-6.500173056002596095e-01 5.198144187158582064e-01 6.510742042169472832e+00 8.269244801626102204e-01
-1.714729688644013317e+00 1.391551753292262772e-01 1.645412051390836794e+00 9.582175983409141340e-01
1.253328255078422770e-01 7.872666957070169058e-01 1.727696351932254126e+00 7.073168382780981034e-01
-2.129999895143804278e-01 -5.794209842838154989e-02 3.078136907317824151e-03 8.174063202838186548e-01
9.996733516833652411e-01 3.602640835902924943e-01 -5.073522882733136896e-01 9.284784616237076182e-01
-9.882967973323882882e-01 6.963873457256182231e-01 -7.277067552320568011e-02 5.262729637402242533e-01
-5.860816256317161743e-01 5.683052456617991854e-01 9.487180091567823936e+00 8.724467400966772201e-01
-1.392968437170969853e+00 7.919539124986850753e-01 5.016216979841947143e+00 9.772831650989144414e-01
-7.101779425588847783e-01 9.084503057337826037e-01 2.735628387174192877e+00 2.691183877693547610e-01
5.613373265891804520e-01 1.163242700241226668e+00 -2.226108672838033112e-02 6.700206864402814544e-01
-2.735538484512910207e-02 9.441110224831232578e-02 -7.909213113754420821e-02 3.935572571228308086e-02
5.025598746317402332e-01 7.552941340621109889e-01 7.177582266327984239e-01 1.115917471884690260e+00
1.965770294916556124e-02 1.036566439282987223e-01 -4.711918967746178133e+00 -7.346380971671079285e-01
-5.319316789452619432e-01 6.505307971734507200e-02 7.152786115471816697e-02 2.289302507306491541e-01
-2.453253449251845408e-01 5.892475464503486027e-01 1.218470564549678725e+00 4.033103379263877630e-01
1.128728085172281681e-01
-1.405980516611638587e+00
-1.336624124079127229e+00
9.125009568220919798e-01
-4.188070706003930721e-01
4.367919455996373546e-01
-4.913168164091557544e-01
-2.162047498625010888e+00
-6.327052275360323108e-01
-3.661163587058532953e-01
4.259026186602607456e-02
-5.870031190707692970e-01
9.741241756058496293e-01
-9.669721832905867620e-01
-6.862200035694712152e-01
4.495814966753011177e-01
ReLU
0.01
16
16
6.339913942792375634e-01 -2.533581648649283036e+00 7.478291931121495706e-01 7.630496773175257097e-01 3.941798606434595009e-01 6.960881297068557405e-01 -3.928837773149531087e-01 -4.249825508414451392e+00 -1.357848199997177652e+00 -5.140696453128048571e-01 1.253567874870749610e-01 -9.378380861370162747e-02 5.156748734515721466e-01 -9.019911134658379348e-01 2.694960775502568129e-02 7.405753470976360608e-01
-1.352581659842067574e-01 1.200232169287837714e+00 -6.744555945763666127e-01 8.955479388665178730e-02 -3.118348327512208140e-01 -6.178469978304893528e-01 -1.586236876442993715e+00 -4.376653536683455137e+00 1.501355859404034376e-01 1.160733776367973036e+00 1.067182754796323296e+00 -1.065934845852279933e+00 -3.933348959288803237e-01 -2.642124716745906987e+00 -1.660714521082853334e-01 7.391591325327416806e-01
2.859637471611277681e-01 -3.383952719035510981e+00 -1.247404945953495048e+00 6.695679786834458636e-01 -6.719751692688371580e-01 1.945630112422733204e-02 3.421041320045137835e-01 -5.006486065518290118e+00 2.376295226387236115e-01 -7.816289225040730371e-02 2.267727823969145906e-01 -5.312114119514615984e-01 1.573968900650151159e-01 -6.812164593106662114e-01 -2.378306168289284483e-01 7.058476554534001135e-01
-9.980825212226035470e-02 -4.401981963637542350e+00 -8.465151147042804247e-01 6.088460318626501833e-01 2.272553711776987007e-01 -3.868399217660715705e-01 -1.441156505578197744e-01 -5.858291858900394722e+00 5.826526914648072486e-02 1.071455885688523235e+00 5.454127065106812999e-01 -3.137357961584310018e-01 6.353300407675798178e-01 -2.564267514508907220e-01 1.261578901463995817e-01 1.732704196065007196e-01
1.128697190635442188e-01 1.191550121556742281e-01 -5.331518300282354073e-01 -3.389209283754220370e-01 -1.321251868668824395e-02 7.856912490672447735e-02 -6.675382000676716165e-01 -1.982672351280364786e+00 1.032772824229762909e+00 -1.700191165270414362e-01 -3.312942723426114955e-01 4.453162216499467058e-02 3.356684141840391433e-01 -7.884896431236535497e-01 1.675964819585051002e-01 3.463311131236556095e-01
-9.520934290945290979e-01 6.769440491167497687e-01 -1.124987606174852717e+00 5.740337072131749263e-01 -8.212580322292198365e-02 -4.359827359060898799e-01 -1.242918989671800034e+00 -4.263992422557793205e+00 1.192243117887045623e+00 2.847134227989408517e-01 -5.383486786149125347e-01 -1.771673531313794625e-01 -3.588250395241197044e-01 1.470925908305483976e+00 7.008283135787146678e-01 8.681751515030967925e-02
7.008574265891412414e-02 -2.901763779861955772e+00 -1.251764535905159903e-01 3.812020947603369514e-01 3.440761214195932061e-01 4.858643875676322277e-01 6.692436682444891094e-01 -5.476785535294667717e+00 -6.358088791892262392e-01 -6.012380142480396872e-01 1.132968169476757936e-01 -1.274202127257142124e-02 7.016724388133331880e-01 -1.141335101426762311e+00 4.455447586499224899e-01 5.649681102079290307e-01
2.602598784312702973e-01 -2.683531837112842489e+00 -1.198228797969858733e-01 8.909056094737773934e-01 5.191094860912285336e-01 8.802589254910010430e-01 3.149891496613177466e-01 -4.571845343438599052e+00 -1.350136224927402484e+00 -3.738555860833081557e-01 -3.073288978417100803e-01 2.016225946077971620e-01 1.013184940184021610e+00 -7.213550119234859448e-01 -1.378842672660636481e-01 3.206610714129971007e-01
-5.512822130361332285e-01 -3.692453041214994069e+00 4.495428154854899105e-01 8.560262768948082579e-01 -1.122487147140011965e+00 -3.361720035340493018e-01 -5.948320975650206455e-01 -4.768900367645271032e+00 -3.198333723149118679e+00 2.244900863403469227e-01 8.378327642021229371e-01 -1.223649428116038024e-01 3.611620381061691476e-01 -1.000148314507111280e+00 -1.252206676130581398e-01 -1.657031755723885891e-01
-4.863862370314232450e-03 -3.756222586891211357e+00 -2.127858228118329809e+00 3.461914712266852545e-01 -1.339064136555846718e-01 1.301492814812634513e-01 7.730042294436582917e-02 -5.270379342972253411e+00 1.047525785305246232e-01 9.227891304204725031e-01 1.927045132120421833e-01 -2.193786611483576066e-01 8.463230459699637720e-01 -6.522604289058856475e-01 -8.279841511234462340e-03 6.275894507430032632e-04
3.375042924559193414e-01 -1.199519824620208119e+00 5.947596162910238071e-01 8.712165110056968587e-01 1.021866067984531279e+00 3.921733431662707270e-01 9.274578575326444807e-02 -2.164255125715504491e+00 5.324147764617508383e-01 -5.140297916578293602e-01 -2.821951855410106402e-01 1.940551147854043534e-01 3.453545933972627657e-01 -2.851836514829827474e-01 3.306490368692603654e-02 4.286431631691698385e-01
7.134638149125676065e-01 -2.061413973251510434e+00 1.900540648094941887e-01 4.305228584098429456e-01 7.865751649320066319e-01 3.070100185426007933e-01 3.032409215140407718e-02 -2.876364107073248633e+00 1.273826973794419670e-01 1.609679603501899536e-01 -4.168277307046080460e-01 -3.409206385718627774e-01 5.616975082399418007e-01 -5.428615881949315769e-01 2.482602535986979386e-01 4.034538090899040252e-01
-5.553152638634392124e-01 -8.958447992058808929e-01 -7.963136810076584249e-01 2.939253838910781402e-01 -1.184012085976901378e-02 2.652682769162139631e-01 -2.962199501730344506e-02 -4.426532124199756169e+00 8.939293456997555731e-01 -1.102756623671737463e-01 4.536898129904173155e-02 -5.684434377873112121e-01 -5.085420480122856413e-01 5.313247391755714366e-01 2.678476764505745567e-01 3.263150465558803393e-01
-2.264221603535180871e-01 -3.315673581403099757e+00 -2.427428607798238214e-01 7.308119947433545649e-01 -3.907396026130195987e-01 1.627457273644361546e-01 -2.223937926598378856e-01 -6.318220154205700823e+00 6.945690477320265455e-01 1.045992518916675218e+00 4.202959053296089764e-01 -4.674818902489996097e-01 4.491865335608761778e-01 -8.121928711761582376e-01 -5.795399798809802716e-01 -3.012969400898565797e-01
4.338582717293844593e-01 -3.244273960877444463e+00 -9.425349262473412537e-01 6.400271723765756926e-01 -5.349124493603318875e-01 3.960216702457479143e-01 4.050221973780899765e-01 -4.854372244093370981e+00 -1.348858342212814643e+00 -3.939834892718958592e-01 8.808239173638475472e-02 -1.041986798461670000e-01 1.074545464290385777e+00 -6.729032094736870917e-01 1.403268983828240557e-01 2.010403348502988463e-01
4.117583574324375495e-01 -2.524262776664490726e+00 6.292810738625266298e-01 5.846457791177525065e-01 -1.330109776376676156e-01 8.495194173082026845e-01 -2.928743201007057984e-01 -5.161512005681861304e+00 -2.947731954460986251e-02 -5.389132604910114033e-01 2.431630255610032210e-01 -9.417198649403281385e-02 7.453367260674881312e-01 -6.675982998245592048e-01 -2.674843067934377094e-01 7.817408205776438246e-02
1.274873024763608642e+00
-9.555335383372385305e-01
6.493684639431561711e-01
1.855065676661580565e-01
-1.042972550438969082e+00
9.533906668515558513e-02
1.175396272729710700e+00
6.370850724805798837e-01
1.805297223801718198e+00
3.169004137094005302e-01
-3.003678710611605296e-01
3.646829662235570590e-01
-7.673022320185576284e-01
-6.825405418257776136e-01
5.106037455221118515e-01
5.657211630711671546e-01
ReLU
0.01
16
2
1.518746069373043461e+00 -3.375574056631620579e-01 1.406982495166738012e+00 1.299923165594025543e+00 -9.318793313564404171e-03 -1.022264286168042685e-01 1.915307059895088759e+00 1.499258471755226196e+00 3.939428562900352038e+00 1.346955679216854440e+00 3.188492943384458322e-01 6.131148528565215639e-01 9.962328456664780452e-02 5.674930909978560534e-01 1.697338703985122876e+00 1.756941341810817514e+00
1.385428121796969059e+00 1.104593288622649494e+00 1.379505098696971688e+00 2.341583276380593492e+00 -8.840102262020602120e-02 1.148122036501311838e+00 1.711645080509507588e+00 1.554434529600171144e+00 9.466557969336369949e-01 1.759749547773408418e+00 1.031833882593469198e+00 1.174511053876065692e+00 -1.430731293700000240e-01 1.641580751581959818e+00 1.776461031756554343e+00 1.826852802694731492e+00
2.561459505910621548e+00
2.803037737833515286e-01
Linear
0.01

ct 2024-06-02 21:49:57.671061
