noname
4
4
4
18
2.407736935909641773e-01 5.680404051568799240e-01 7.537633246575472512e-01 7.124907417768288065e-01
1.181660064604886262e+00 5.852165918091832841e-01 3.314718939037740175e-01 9.399948911350217706e-01
7.462066536239158054e-01 9.610622319022763538e-01 1.908569125893323781e-01 6.868199137571419088e-01
2.138351337412465192e-01 1.054822202922369057e+00 9.218055620818751406e-01 4.579876749388289148e-01
7.196261175137724786e-01 6.306480863774429624e-01 1.419890112025095297e+00 3.235923827444439627e-01
9.768605227488211806e-01 5.677423136923568370e-01 1.136897214212607254e+00 8.873248444818440106e-01
3.286499532488835751e-01 7.654067673875921685e-01 1.030083941830879368e+00 5.507653411540114341e-01
3.653178921943823210e-01 9.571095845204193875e-01 1.263612404483789309e+00 7.301313310038736182e-01
-1.199757060484322596e-01 5.084841029073087215e-01 1.080948558219358091e+00 5.578729689040359263e-01
1.140741670675663899e+00 9.931579999804508729e-02 -4.712221517673637755e-02 9.635177682273602384e-01
1.204959782614863251e+00 1.953841107443787251e-01 6.922978365939942424e-01 8.294534013643982684e-01
1.330628056620455357e+00 6.798565713503732511e-01 4.998393590845716661e-01 7.683707228270222345e-01
7.938702708722472634e-01 3.878799818854509196e-01 9.091575210040914179e-01 9.273344690383367173e-02
3.132710356021279341e-01 8.516792795823086015e-01 9.076853981280981198e-01 4.928054565161189560e-01
4.052156255623062808e-01 5.777865094422283132e-01 1.020639577663777331e+00 8.506389685382267363e-01
4.542656413336196852e-01 9.677763110438055705e-01 1.409181285532967509e+00 5.699209846360051568e-01
1.342582976434857772e-02 -2.606741668068028941e-02 7.183577095224472631e-01 3.779959292560065021e-01
-1.281712884904556704e-01 7.987191426980388975e-01 1.668802118060456863e+00 7.659393328868155937e-01
6.374657386638683532e-01
7.296887631574817679e-01
5.491872363724630279e-01
8.567296727173824289e-01
5.090996688862916564e-01
1.367682870267856510e+00
6.764992737140814727e-01
9.557947773966389837e-01
7.988162796691457013e-01
5.811934687500269758e-01
7.951521091638025229e-01
1.187952464394434360e+00
7.167497369318909239e-01
9.750351782754802799e-02
9.761092831137581083e-01
5.611276481202327471e-01
-1.180180387518884544e+00
-1.969146885329431385e-01
ReLU
0.2
18
18
2.918795886085121527e-01 5.453317495522861380e-01 -1.705231385851898457e-02 4.092984468136299236e-01 9.696196463579986879e-02 9.071524479097848870e-01 1.100347657556407094e-01 7.952493060617499276e-01 9.573317464019887035e-01 1.105410663303295848e+00 2.481840867130039874e-01 5.284538563787736232e-01 -6.334679199385252757e-02 3.851428249256125258e-01 8.846117383967847525e-01 6.809338907925487350e-01 -5.329445317646118729e-01 2.396622710912875154e-01
6.973162221655800908e-01 8.284691944862864199e-01 5.666336757919524514e-01 5.177692874114461219e-01 9.788844150657594056e-02 8.570346840643235931e-01 8.373366394699849335e-01 7.679690098235493201e-01 -6.419151567031909644e-02 3.411189009003438022e-01 4.275821623218247214e-01 8.277657265003300902e-01 6.645014404577463951e-01 1.132386144914307030e-01 6.279047195448218543e-01 -1.563557733644273529e-01 -7.923782214460434181e-01 -9.893054704138976030e-02
2.459040875647345026e-01 3.998987896349068816e-01 1.597419732923461289e-01 5.701964243374736396e-01 3.389798585913158524e-01 8.179509317794592116e-01 7.028241562950924282e-01 6.003593127951147856e-01 1.416586350348000012e-01 7.949200584057275476e-01 1.017714944912534003e+00 9.014742709155684208e-01 8.150709820578215803e-01 -3.581383146346234225e-01 5.028953790138943614e-01 4.095496323240602199e-01 -9.825901642380860945e-01 -4.691848072472854514e-01
-3.939506210325861568e-01 -1.606200171469659432e-01 -5.128001973753524290e-01 -3.843091084926142931e-01 -6.517091971285717822e-01 -6.657352086541258596e-02 -2.573553905357346405e-01 1.104450395462842210e-01 -6.451604493507042681e-01 -8.955917130215657052e-01 -7.636098669667671368e-01 -6.131663596248598802e-01 1.557788081671221958e-01 -4.061554618646046055e-01 -1.208607812069993070e-01 -2.411802807482831268e-01 -4.580792615098386311e-01 -2.252148973061656942e-02
8.569821058988554840e-01 5.166273615974378286e-01 3.603368774522033163e-02 1.242366553902602838e-01 4.866875736326689572e-01 1.175231020572048202e+00 2.501124368236967155e-01 6.949008741423045032e-01 1.730266309186709872e-01 4.145651068630933911e-01 8.499678057577907397e-01 6.100260779007660172e-01 5.586791657845521231e-01 -3.549164207937119397e-01 6.338139312902367761e-01 4.708126670060319152e-01 -2.021118966445615006e-01 -7.106534574274602223e-01
-8.773543377399718735e-02 4.562449716584680015e-01 -9.231292088774199767e-02 5.819743897711726621e-01 5.531189722186152791e-01 8.682672007895275712e-01 2.204371857032997872e-01 4.339840997713981241e-01 8.426396556280595362e-01 5.858564206153374920e-01 7.337835413431446074e-01 8.444756202938940026e-01 4.515552528347777095e-02 6.003170354542888831e-02 9.642371481288410928e-01 -7.207936133703649051e-02 -6.088742054044987695e-01 -3.603057774511833067e-01
-1.245938589046644007e-01 -2.386529235238005198e-01 5.195222279133273474e-02 2.377348944281594267e-01 4.802873423799456504e-02 1.468808436510408988e-02 3.431574552918877918e-01 -1.697554978428467143e-01 -1.983078692342640503e-01 -1.871841388297549869e-01 4.326844559623400643e-01 -4.673246006924884101e-03 1.531771650482299796e-02 -3.680649987768102593e-01 -1.816729207556035397e-01 -4.324042271150161376e-01 -1.012714876637221595e+00 -3.396866436364489039e-01
4.062793055753751714e-01 9.145489942940986383e-01 7.015433930096233173e-01 1.570311607007931487e-01 6.192695701556339971e-01 1.222671678092960734e+00 5.129051749149279305e-01 3.146399154410066124e-01 5.677450247768158764e-01 9.608346747170752877e-01 6.708817192549166863e-01 8.896528929144479347e-01 2.373280096216924887e-02 2.629581313804343345e-01 2.748915102101391339e-01 4.520148420973773007e-01 -1.031970843787257230e+00 -6.465925805328673892e-01
2.687655116841156655e-01 3.781019367736011549e-01 -3.137480991783272999e-01 5.790272561588514222e-01 -3.224713190353965531e-01 2.214973548088099431e-01 -2.096793932036226937e-01 2.660215749191347512e-01 4.560100716677326776e-02 3.936484739578896552e-01 2.862244731805566600e-01 2.802877844789457562e-01 5.176036195421946928e-01 -7.389765156232485088e-01 8.111403913398174126e-01 5.082500113841932343e-01 -6.811724540126947725e-01 -4.628158381611535144e-01
7.534453796959764138e-02 2.297925674767451742e-01 -9.047073596987672550e-01 -1.867023097496312845e-01 -5.216961138432032463e-01 3.206860085245133996e-01 -4.322652459695583982e-01 -1.962748407541090034e-01 1.515447306422099301e-02 -2.370403002991559871e-01 -3.282028913131011111e-02 2.344363117675122843e-01 -2.713527368125203676e-01 -3.091752843491966662e-01 2.698564726725283247e-01 8.422499833743254949e-02 -8.455219688824324731e-01 1.441761282818360967e-01
3.115036513841792920e-01 1.664474494824074169e-01 6.866074544415250447e-01 5.614319571912675944e-01 1.394396469667107674e-01 8.346392443558394714e-01 5.677780336695196217e-01 5.090271290969373696e-01 4.843238650574069881e-01 3.857648767397787171e-01 7.051463336139384142e-01 2.594940508887006447e-01 8.285478237785485200e-01 -3.833930470504285370e-01 4.694626878043060003e-01 2.168075290912444830e-01 -7.056542071062957833e-01 -6.872589269548390334e-01
4.790670916574086280e-01 7.870864054786780306e-01 -5.216657365332178116e-04 -7.894755695734075041e-02 6.755067545926603245e-02 5.502630545418796260e-01 2.496502046969138189e-01 5.959251690063908091e-01 4.800398994640069916e-01 -2.452928485736574279e-02 6.722895699975502959e-01 6.954223215344420561e-01 1.673900025529967139e-01 -4.727144890351279716e-01 7.615273401815026988e-01 4.457754637740250492e-01 -8.504458231667754164e-01 -3.391163032969214397e-01
2.720008488421333248e-01 7.823039360356229266e-02 5.447630316179503662e-01 7.784373712124316169e-01 4.718463500284469925e-01 9.925246963321698868e-01 6.549984036209508531e-01 1.567723767879761199e-01 2.146040921917819477e-01 -2.678229978705261305e-02 7.389730729689454325e-01 1.542399147933596337e-01 5.642050264770706036e-01 2.326621747644408711e-01 8.986999335138207146e-01 3.968404447981071503e-01 -8.861274720457870124e-01 -2.613846327897577648e-01
-8.271275836530490866e-02 1.648915672548138533e-01 4.968109054954186199e-01 4.547760804161259940e-01 -6.356631023993515595e-02 5.979364671208634574e-01 -1.971377700931354060e-01 2.123421463636580298e-01 4.869289969165895848e-01 5.119659800580327325e-01 8.248862888591997899e-01 1.260544944724188987e-01 3.136138238546620771e-01 1.402102526661485049e-01 1.778454025278815576e-01 -1.645724293948394035e-01 -4.553294259972937019e-01 -5.216228459977143572e-01
3.791652102118442391e-01 -4.490808194676452758e-01 4.277891851573947454e-03 1.314643116475974483e-01 7.144260205503373540e-02 -1.852396614330150126e-01 2.814559927158502006e-01 1.031205414419621158e-01 4.485841041255697603e-01 1.621931570782653709e-01 -2.788495591057154055e-01 -3.155084291406790031e-01 -8.534657556834390757e-02 -1.905571785471927293e-01 2.872605943168734521e-01 -4.788647557779862063e-01 -5.255797912054094301e-01 -5.054197769076809177e-01
-3.078249623972062476e-01 6.233909728808414985e-02 -4.944535168838310457e-01 -1.131405478730632963e-01 -1.466375178261805634e-01 7.766949497783953715e-02 1.244619816303665499e-01 -4.066699438654856613e-01 1.387515394295910642e-01 2.634129375575095522e-01 -5.775276799725895804e-01 -4.181837279867404722e-01 2.198795666664846438e-01 1.163484231030203903e-01 -2.438267975472615534e-01 8.952935001515990865e-02 -1.088310283430384828e+00 -1.328712625810864467e-01
6.068715887422274635e-01 7.269224653853756379e-01 4.376137631343762768e-01 5.133621604023527185e-01 -2.460184323649522997e-01 1.331946762959205777e-01 9.571122669125090021e-02 6.552011568051893664e-02 6.767296042093834396e-01 1.605728312223729248e-01 2.741009285689955943e-01 8.265791638406537745e-01 2.834312106356971506e-01 8.340378759481517634e-02 4.006229923633288781e-01 -7.949322746734474587e-02 -1.062604760052404895e+00 1.699734978538094410e-01
-6.559894516140893916e-01 -5.467394322803156154e-02 -4.048462743341001979e-01 4.014659904609892138e-02 -6.931179062102788002e-01 4.015461180361940691e-02 -6.140437058662397973e-01 -5.299259993469386254e-01 -6.032991615508235261e-01 -1.302624022703492979e-01 -1.427442889515910529e-01 -3.266428553231256471e-01 -5.002159740901338525e-01 -6.157550134459044422e-01 -5.451817466029539733e-02 1.263133690018235222e-01 -1.087723971965030678e+00 -4.619082447802251301e-01
1.323830563806753791e+00
1.145472415712424308e+00
1.019672382744879924e+00
1.472543668515704507e-01
8.841380211370009068e-01
1.401115965540983277e+00
2.376969294295250279e-01
1.567287636664979500e+00
9.747641184504574063e-01
5.308096868643693567e-01
1.801850044295820963e+00
1.670873390049432583e+00
7.548327197129385269e-01
9.282121933550487869e-01
1.012928665036053166e+00
4.238975195927532913e-01
1.401103785438701843e+00
4.117110083906229401e-02
ReLU
0.2
18
2
9.719573308644176013e-01 3.351043702489217568e-01 5.530767554849017609e-01 2.293439201439682884e-01 7.516078715074202554e-01 4.112451487397251748e-01 -2.404030098065457199e-02 8.446600310125526034e-01 4.230950967122908968e-01 1.653831930188462696e-01 9.467939520096511075e-01 6.232507965633871105e-01 3.408546988997924743e-01 3.168370712271372791e-01 1.941978490861537288e-01 2.028593275497551640e-01 6.058045281180789443e-01 1.244881030005381278e-01
4.271967890067605578e-01 8.483873806664988804e-01 7.907047561446862716e-01 -2.404904830241095526e-01 3.825964846138692477e-01 8.424164083768754807e-01 1.223117678529981808e-02 7.028862082038580539e-01 2.945889861938916776e-01 -1.020174110503684339e-01 5.078680319520906261e-01 5.086389330824767629e-01 5.575810335837811937e-01 4.001596238563269736e-01 4.672750654385626062e-02 -1.721280913048144345e-01 3.047531542739703725e-01 -3.969650963554170464e-01
2.147681467287693380e+00
2.069573177412951104e+00
Linear
0.2

ct 2024-06-12 02:07:42.739652
