noname
4
4
4
18
1.515509166780992789e-02 5.429073851864720801e-01 2.699597178062537184e-01 5.773709719414441555e-01
8.137348823583830937e-01 4.989078926130202651e-01 6.639151655112807138e-02 8.842924542745151939e-01
1.682337470446090277e-01 6.166236818386825469e-01 4.584619390952796580e-01 9.685333802875460973e-01
1.922168365481116137e-01 9.984432606317785730e-01 3.325470196170727810e-01 2.882776811308536136e-01
6.806591718124734847e-01 4.373171257801804490e-01 6.177986760905197494e-01 2.629620797109939456e-01
5.735628608830926067e-01 2.549074424477875134e-01 8.367641818202506965e-01 9.953738041993536179e-01
2.716763856037152092e-02 4.938372965184016916e-01 6.581290394212491179e-01 6.370558123878825585e-01
4.178578996719299887e-01 9.840858154926653834e-01 6.704861944434307164e-01 4.943831559195268621e-01
2.717995234474507305e-01 8.774604016666495143e-01 1.763779490403538652e-02 1.271117431843915568e-02
4.881223996598212933e-01 8.110149500464336469e-02 4.307991520839027366e-02 8.950511025933863829e-01
5.720551368700226291e-01 8.185639808164058007e-02 7.783440385156946695e-01 8.450812004013498191e-01
8.528421873732172642e-01 2.782873965690217943e-01 2.360326295580773559e-01 9.630185598190588170e-01
8.625396619426666245e-01 1.816871865649448692e-01 1.360606407016052843e-01 5.011623344326987528e-02
1.767902034923022336e-01 7.699814215730804712e-01 5.120334667802147743e-01 4.412686073065881232e-01
2.816974204024677020e-01 6.688604062577080400e-01 4.439140196712862974e-01 5.929806243402074850e-01
4.739777531361518692e-01 8.617797101148679806e-01 6.691923904386571920e-01 4.827183055904458175e-01
5.635681499366362868e-02 1.253337017012545740e-01 4.547063823691571693e-01 1.840229922882870017e-01
3.175802457932512812e-01 9.725648255951706567e-01 9.565719877429885720e-01 4.639723637668216050e-01
6.657808431255992643e-01
5.434920220948145086e-01
3.563670711683193382e-01
9.882197360051093726e-01
7.420446978537409422e-01
9.813646695254613084e-01
5.878396542980685036e-01
9.957016715787091465e-01
6.411793005585527672e-01
4.845376234672159610e-01
5.077978127463272928e-01
9.257985493318515724e-01
8.586965851120212934e-01
3.461584771200134636e-01
8.575399110236198164e-01
8.190889932892199132e-01
1.147598529902146280e-01
3.399676926473348404e-01
ReLU
0.2
18
18
2.844488708298977819e-01 5.196879388142526812e-01 1.464847494765576519e-01 3.735780773737731320e-01 3.153525528439136139e-01 5.429028600125234139e-01 1.463351859450109371e-01 7.021496586888176239e-01 9.206069257259591465e-01 9.494489911384407232e-01 8.724413484290027831e-02 2.789177376019592591e-01 4.900665693516936816e-02 9.320416619790874435e-01 6.928891240336580992e-01 8.136785495748979358e-01 5.406183135429535325e-01 9.520249855692637375e-01
8.501159036935126423e-01 9.422844581065840108e-01 7.828788158530581853e-01 5.802033625093746538e-01 3.349989089468161652e-01 6.221053635314711672e-01 9.789203463531903626e-01 7.708272402594703587e-01 8.230185590975880316e-02 3.904067010114558034e-01 4.739339641968278727e-01 6.624934472077762537e-01 8.123329833817556356e-01 8.152548611826140323e-01 6.172577374014956986e-01 5.192144489322925160e-03 4.443905078980504575e-01 7.448456622394021842e-01
2.963253670146150931e-01 4.190281079897942851e-01 3.108591775805901181e-01 5.527315879828531564e-01 5.237527211234211943e-01 4.901643103681576630e-01 7.604888874593862536e-01 5.220233493829693483e-01 1.787960594244377699e-01 7.267007367907635240e-01 9.457876651393566370e-01 6.580516810645703485e-01 9.043684339000159778e-01 2.576336919072718112e-01 3.824724200439930666e-01 5.143956041337811591e-01 1.781416830954581920e-01 2.926670081433316861e-01
5.748151264135914484e-01 8.396564272815409957e-01 6.190440730162223293e-01 1.466369515593267669e-01 1.876598390742942879e-01 6.708599412309422805e-01 7.426516937707559052e-01 8.448946843435076737e-01 2.407742933208479874e-01 7.173941571571651465e-02 1.892693759994675817e-01 1.630154557228400414e-01 8.888810095600649941e-01 4.359549836401839240e-01 7.342996360350101392e-01 4.864004722789453394e-01 8.564827646613178969e-01 7.339756310601551759e-01
9.982288283490374781e-01 6.474952305489323212e-01 3.449272083771177666e-01 2.144880189398666870e-01 8.400015564976034410e-01 9.672471487647171795e-01 4.371124557483424544e-01 7.413034961812225987e-01 2.736676962802823132e-01 4.161799891364768023e-01 8.477045531559578295e-01 5.210772792259440456e-01 8.077971090247537678e-01 2.717750377391908723e-01 5.898277910580712602e-01 7.354799725475309469e-01 9.125763517458211904e-01 8.160294928012179483e-02
5.077473563373391396e-02 5.566645794272265801e-01 1.181832942600037351e-01 6.279769337248142236e-01 7.800926808724663042e-01 6.202467789292465117e-01 3.513581694334478867e-01 4.219581882184095800e-01 9.732178348688800273e-01 6.185000506148019550e-01 7.638090675371935756e-01 6.692775634888996628e-01 1.810618515839327314e-01 7.467034206110568784e-01 9.367814966638361440e-01 7.885524905342478075e-02 6.148884418314674027e-01 4.792199232132526854e-01
4.281227178555156998e-01 2.859402851934172984e-01 7.154905635195284441e-01 6.167791054114668547e-01 5.892663437818796979e-01 2.113714755188486061e-01 9.017457767015212289e-01 2.531470253143298654e-01 3.768538025035291783e-01 2.714831719407051480e-01 8.796074704596987814e-01 2.332154983935507131e-01 4.695052991460495484e-01 4.290755595048900695e-01 2.519816611646658044e-01 1.515666542596816324e-02 2.993156101754034237e-01 4.070761683322363655e-01
4.103314625048175568e-01 8.947411102364019042e-01 8.430590931211302541e-01 9.004002577528202877e-02 7.885398307148779873e-01 8.591906553528050328e-01 5.416620962745092305e-01 1.938099531127100983e-01 5.465976624747866941e-01 8.383651517531985897e-01 5.441051735242133924e-01 6.267151104076237322e-01 8.964000677682437690e-02 8.220887364599922531e-01 9.681511334145354031e-02 5.376861457766927144e-01 7.607385229189556064e-02 9.593568220317816309e-02
5.689677410495252996e-01 6.647788768129455628e-01 1.253843489991265381e-01 8.395424057527585138e-01 1.686634046557181632e-01 1.716339238630421038e-01 1.260486353333034604e-01 4.853560274973139910e-01 3.147210630344818849e-01 5.572936335032929733e-01 4.460808385903537454e-01 3.365264731391882647e-01 9.156652950834935911e-01 2.445416494437524513e-03 9.417862640497132176e-01 9.135140836101354189e-01 5.172056052316558183e-01 3.725953180798458053e-01
7.959190162090754583e-01 9.983923254195706809e-01 3.268272103451064226e-02 2.989958367889155033e-01 2.965911169088297772e-01 8.641074503762206094e-01 3.643651292265912556e-01 3.753605382017073389e-01 6.037563850113892849e-01 4.900020889577514360e-01 6.522315175896283845e-01 8.999740766389114910e-01 4.416916177600687110e-01 4.978112341170269906e-01 8.183458655160911199e-01 7.736072843840812174e-01 4.899492929987777634e-01 8.579318824344491778e-01
3.224727447841989614e-01 1.601386652640218733e-01 8.630685571195078065e-01 5.506876750849193369e-01 3.849832954797330897e-01 4.893851274961743547e-01 6.215986130858018877e-01 4.354691623231966568e-01 4.633507169567455675e-01 2.488522197163562932e-01 5.647301345396599226e-01 3.090803711692413636e-02 9.698246530545976407e-01 1.855725354534225602e-01 2.955709850516478054e-01 3.771414243732250648e-01 3.768748210113558317e-01 5.506515757093366492e-02
6.712061937033676484e-01 9.610715591777767575e-01 3.267408000890426045e-01 4.416228452686710160e-02 4.315245370107760881e-01 3.838512287926824085e-01 4.708708343754158809e-01 6.725797956062314897e-01 6.367945746098102600e-01 4.045756727522564766e-02 7.344286971728206659e-01 6.356365665351343397e-01 4.317022068985227889e-01 2.079383897340048026e-01 7.732644382448508047e-01 7.260140926041083187e-01 3.175575518525854957e-01 5.118202542199764560e-01
5.291103351134454069e-01 3.071393907391465339e-01 8.916692983003133843e-01 9.719113973651030136e-01 8.627323961773588623e-01 8.790786161437251778e-01 9.194479273234866801e-01 2.957090658284456941e-01 4.531051283184962530e-01 1.136675997521419124e-01 8.765538894436276651e-01 1.262677862328521750e-01 8.654797773217798307e-01 9.871720837672326443e-01 9.904677414810983960e-01 7.094780964431943726e-01 3.543232717535023113e-01 6.112254801670765625e-01
1.632542220109528541e-01 3.829925707612120700e-01 8.518810021662387433e-01 6.009801099620450948e-01 2.666443570781232841e-01 4.680617906490984748e-01 5.946363249611152924e-02 3.323068420222771158e-01 7.335741802683563018e-01 6.368299500017295944e-01 9.491096085419411521e-01 7.014602314169549047e-02 5.551675183146249637e-01 8.264546623638329148e-01 2.687341929057723844e-01 7.943582201971499668e-02 7.496597362255522645e-01 2.376784813421136677e-01
9.050187293127048838e-01 5.702808461893915659e-02 6.963683354573139139e-01 5.990021175493166483e-01 7.772989688393813212e-01 2.231424123867442599e-02 8.591684812656408265e-01 5.631531921011551090e-01 9.340708345052157746e-01 5.573393102606151173e-01 1.019491952794417955e-01 8.303608235809001314e-04 5.317941829204907433e-01 6.484280886364904850e-01 6.497583614195716617e-01 1.339902866218942723e-01 7.713454589330495104e-01 3.427740662826728180e-01
4.121972526048827135e-01 8.303829866008871630e-01 3.779255551568563298e-01 4.278110564736812282e-01 6.680276621970033801e-01 5.988662082020322908e-01 9.060691177412691921e-01 2.333574057125358259e-01 7.484524388288894547e-01 9.390320534778090478e-01 6.447437733103023039e-02 1.983267768481256077e-01 9.440058091244257765e-01 9.747054758265334407e-01 3.289441720127337376e-01 7.857702120348227792e-01 2.486760314931605320e-01 6.345469957017809692e-01
8.305151951220161033e-01 9.393982686228314893e-01 8.257130708138815667e-01 6.879120412713696231e-01 1.816326283077061010e-01 8.349764616654486993e-03 3.647167361926118012e-01 2.015345443837628370e-01 8.628031772120734466e-01 2.419877238381378248e-01 3.523138631951056032e-01 8.181196370998232714e-01 6.108245266347781532e-01 7.598178752717894557e-01 4.444985955945047751e-01 2.596103098343249815e-01 8.473773789464145167e-02 9.838629787457523479e-01
2.083291269766502918e-01 8.034624573552535676e-01 6.063394117015006302e-01 4.655907048013377958e-01 2.317535463043340904e-02 6.656109900666036250e-01 2.652770233235719477e-01 8.456689227594393898e-02 1.356467098458978837e-01 7.443847515237034251e-01 7.024828851891731230e-01 3.249419759342675462e-01 1.098442599217093196e-01 1.995186080784118188e-01 6.926858312598110912e-01 7.461249504723903581e-01 2.420941612206833904e-01 3.123713967039367656e-01
3.818578506332063194e-01
3.237530461943992632e-01
1.133541790065527577e-01
3.813902625757357168e-01
5.595520022036770680e-02
5.595439680952866146e-01
1.271048720672707244e-02
5.979338607787687554e-01
3.512555270574305721e-01
4.923466832241349955e-01
8.686602573093221702e-01
8.777094784512341485e-01
5.787009106722584839e-02
2.539852715572123998e-01
7.321983902152414680e-01
4.418591857670524092e-01
6.727043859345795962e-01
2.496713540795688635e-01
ReLU
0.2
18
2
9.654763305063889245e-01 2.409446069524998624e-01 5.124338190837397500e-01 4.016165624664438383e-01 6.959411473493251066e-01 2.760701482144344299e-01 2.969695970317374201e-01 7.289667515083011473e-01 4.732189562138058303e-01 3.282726976757240900e-01 8.932608233816654586e-01 5.053094353085422208e-01 3.105143741878640951e-01 4.353978738802015691e-01 3.503177650325838277e-01 3.476022772774950420e-01 6.058973541230047166e-01 4.335807220529092065e-01
4.651067627190395015e-01 8.812249849687396885e-01 8.271606592208385900e-01 6.030053715450012231e-02 3.468038859618904901e-01 8.647692747965335380e-01 4.656751647381119907e-01 6.348785804064730476e-01 4.183647968108945570e-01 8.388904152599430120e-02 4.648938709089937005e-01 4.640351765889914049e-01 6.343185990626094561e-01 6.552676449364901456e-01 2.825966556320850254e-01 1.236456712100654221e-01 3.485486095028982323e-01 4.506293796996407863e-04
7.395512478499699505e-01
7.110700573024872906e-01
Linear
0.2

ct 2024-06-12 02:07:41.687446
