noname
4
4
4
12
3.435528637347040615e-01 6.096018386554292734e-01 6.842720444938378277e-01 8.348295001927624748e-02
3.682194459530837571e-01 5.856192316109831708e-01 1.836647740232929260e-01 5.502388858655226089e-01
5.490427272970066497e-02 5.570495244552544634e-01 9.548501704891050323e-01 6.252979739053943220e-01
1.348032031696478228e+01 1.304630560875783729e+01 -1.243308915367939527e+01 -1.184971632976773215e+01
1.331768708070540264e+01 1.308415460799556129e+01 -1.255708089927655813e+01 -1.196481128480371225e+01
6.286856338216404438e-01 8.536704078282841834e-01 8.799556264743557676e-01 1.612236137423197491e-01
2.656806366102109074e-01 8.656942390953854538e-01 2.000462315091919296e-01 2.748031276839828507e-01
2.938547945379230697e-01 5.441393629655912889e-01 3.892237528680402292e-01 7.994572045694861018e-01
3.509297885647528759e-01 4.139559482066470508e-01 1.275309288029573551e-01 2.529154305125027591e-01
1.273400697008799298e+01 1.288472499789485681e+01 -1.240313978288006602e+01 -1.196348085057077348e+01
1.287009454430926247e+01 1.289987470615813692e+01 -1.242078876498374029e+01 -1.205394231791277448e+01
8.501005146258151512e-01 6.857584737541593256e-01 4.694042840932652894e-01 7.503302907550928325e-01
5.944693641241475396e-02
1.298912021043015841e+01
-1.167272196541410167e+01
3.090313778450287652e-01
3.825015622182594000e-02
-1.177341934225295361e+01
5.221032995939071247e-03
-1.183946977501967446e+01
-1.194487618367383774e+01
8.856450326960027541e-02
1.616941010032110770e-01
-1.180280570759769176e+01
ReLU
0.2
12
12
2.084652177717014609e-01 -1.261643849171452203e+01 -6.055118393753847528e+00 -5.911033525088959628e+00 -5.340846034548338395e+00 6.618230774228305080e+00 8.001523442564781874e-01 -5.435028879562580073e+00 -5.662824470359622886e+00 -5.744623147811942943e+00 -6.142279523854099033e+00 -5.557850484770611388e+00
1.609011153123107718e-01 -1.193473459913886003e+01 -6.228057135436793068e+00 -5.693694658849093315e+00 -5.796079247052206007e+00 7.270344035020317897e+00 3.178664161042412672e-01 -5.944212045659276633e+00 -5.742431163768820568e+00 -5.515697500735485370e+00 -6.202130000754569217e+00 -5.532402425534966639e+00
1.158418057906827059e-01 -1.214313243500251005e+01 -6.094623431576268402e+00 -5.699564869426775537e+00 -5.345112978003212056e+00 -5.820968826058743772e+00 9.311756072580887889e-01 -6.006836401485173838e+00 -5.908315227443639905e+00 -5.848167592899561562e+00 -5.549780519198995954e+00 -5.988202892708152092e+00
7.025939778047582962e-01 -1.187844286877953870e+01 -5.844959946590828181e+00 -5.602333194269694339e+00 -5.782015076536562326e+00 6.652774392366634260e+00 8.803031756981942735e-01 -5.936296214531695981e+00 -5.899929324666002728e+00 -5.912596105180568884e+00 -5.510086349175435494e+00 -5.783013028118880072e+00
1.746156223227179893e-01 -1.257885903180149256e+01 -5.954390405425264987e+00 -5.637549883223627489e+00 -6.202326855839763731e+00 -5.921504226780841762e+00 5.070440089716621301e-01 -5.493192114845326657e+00 -6.255921939787744357e+00 -5.834456602641229672e+00 -5.729831389275490849e+00 -5.749646147950081776e+00
9.455384739432659558e-01 -1.238718298927397221e+01 -6.057301135512400236e+00 -5.593119165285973970e+00 -5.907493518366055518e+00 -5.868677840312955141e+00 6.892934537210937407e-02 -5.721045967478206151e+00 -6.162648351155642246e+00 -5.945876097439354524e+00 -5.974999978470305173e+00 -5.840003046156224009e+00
7.754520019412192156e-01 -1.211165347187381158e+01 -5.649934516828126974e+00 -5.431719571868838692e+00 -5.498160567019238165e+00 6.421080274005975141e+00 5.934967460078786061e-01 -5.501623141590838095e+00 7.016663603341432243e+00 -6.191928383162013105e+00 -6.186783892921012828e+00 -5.906335031920656675e+00
9.273674478332161186e-02 -1.170873887548962244e+01 -6.265128197642795271e+00 -5.488285974166058345e+00 -6.193971181143554716e+00 6.464123384276744488e+00 9.200009638960437997e-02 -5.555336719879814034e+00 -6.203320290768395751e+00 -6.295178940747326202e+00 -6.054457717808316985e+00 -6.133509702759499582e+00
7.580011365118020095e-01 -1.252840425667807267e+01 -5.795747107743945747e+00 -6.084299409757632837e+00 -5.917584130603720460e+00 7.194418368728608293e+00 8.653232587584547275e-03 -5.346931855629778241e+00 -5.977216446815636353e+00 -6.095903671627515230e+00 -6.222869654658572891e+00 -5.544935224157245379e+00
9.413760302158600268e-01 -1.214696446998240198e+01 -5.919971511209217496e+00 -5.561298186286565581e+00 -5.722780535924940182e+00 -5.478234389987438391e+00 9.602127029421936300e-01 -5.972816672502775148e+00 -5.724337238936174188e+00 -5.992818337214050217e+00 -6.190364244849719810e+00 -6.013822032510239168e+00
8.231662240717919632e-01 8.805889454314645981e-01 5.366581437659023734e-01 -1.213481953155027071e+01 -1.222279114036081715e+01 4.499210557175254976e-01 5.655569361879324575e-01 4.156155618566401699e-01 3.260698047734207350e-01 -1.172932887511811728e+01 -1.252048649231759647e+01 5.291336896118439270e-01
3.073378361230050260e-01 -1.251504829048892198e+01 -6.114451241838765760e+00 -6.058170148830282820e+00 -5.789011856736461681e+00 -5.478500345075187461e+00 9.836727106083076322e-01 -5.738267772083024632e+00 -5.567485761609412442e+00 -5.698420985152917950e+00 -5.668815079443320748e+00 -5.625668309848036230e+00
-1.257255446225373774e+01
-1.199142788279360872e+01
-1.177912109089955095e+01
-1.203385459103047239e+01
-1.253109245179955522e+01
-1.240600281799678228e+01
4.770652272483353329e-01
-1.194653530334612768e+01
-1.174085066746138573e+01
-1.204535209917758110e+01
7.750053641029429619e-01
-1.220382179580335702e+01
ReLU
0.2
12
2
6.002965899928849325e-01 7.884823337940396470e-01 5.948027424012911624e-01 8.358808947588807214e-01 9.280527279297325904e-01 3.929600979131313565e-01 5.279053215737068427e-01 5.329216026545031681e-01 5.727552523353551805e-01 7.320809421237015613e-01 2.095923533292158025e-01 2.315506119145034347e-01
4.818228795382095697e-01 5.344476899849874840e-01 3.703042446669471133e-01 9.383776521459097353e-01 3.003415287881407991e-01 7.631897281488075890e-02 7.740103797296224997e-01 3.594840449467531229e-01 5.108065485530763894e-01 3.881844128765701285e-01 4.378114848333559128e-01 3.454536016823261946e-02
3.991125658641862195e+00
2.514017694777162415e+00
Linear
0.2

ct 2024-06-03 12:17:13.770575
