noname
4
4
4
3
-4.474660813435696660e+00 1.530004586483099560e+00 2.297916366498615659e+01 2.414555193695758106e+00
-1.103192739897106867e+00 4.872583255720631112e-01 -1.728116141499583591e+00 6.970929219077589556e-01
3.098982569843393153e-01 2.316434231321692572e+00 1.242963003502558905e+01 1.684107368467782084e+00
-3.389232615454156328e+00
-2.261490393610937399e+00
3.182418586193494381e+00
ReLU
0.1
3
3
9.200827087277329008e-01 -3.670471590224496650e-01 -3.422244015930543171e+00
-1.120518729702467464e+00 -1.022141879724706159e+00 6.800717708772445746e-01
5.632278111760326278e-02 -9.500665251932448596e-01 3.832761967124679453e-02
-3.527804975012546057e-02
4.142976326438261442e-03
-8.420930377379740595e-01
ReLU
0.1
3
2
2.387861758488186992e-01 5.411952822099177496e-01 -1.818372511132695379e-01
3.101709290499218286e-01 9.347153864710960880e-01 -1.764877509015398693e-01
2.929280300717852725e+00
2.808071805249593655e+00
Linear
0.1

ct 2024-06-16 20:34:59.629060
