noname
4
4
4
8
2.096251318976531497e+00 5.400026736540447514e-01 -2.505421172207319969e-01 6.912899151584468438e-01
-1.510281418091441896e+00 -2.447808345945732711e+00 -1.192882581146384346e+01 -1.892998686498605476e+00
1.218674976144465516e+00 2.024138574427484905e+00 3.195529846948224062e+00 1.430804504301658842e+00
1.303887074292234161e+00 2.054257500587658214e+00 3.607666925236094890e+00 2.156308298333398654e-01
6.005410849294479797e-02 1.083293165202963815e+00 2.592569069125683523e+00 3.203902402330722765e-01
-1.350590178876091674e+00 7.578800433098071831e-01 8.414760504871118485e+00 9.201701441553763461e-01
1.416097475771010306e+00 1.226153680260888112e+00 9.240442896513151316e-01 9.661590450981731859e-01
-1.974582714146704721e+00 -5.006932572893053601e-01 -1.051519395976457716e+00 -4.386884281460896595e-01
1.108884693668328175e-01
-2.233633115736161745e+00
1.155886852672433740e+00
-5.170735935259365701e-02
-8.319284291224353645e-01
-1.946461460519266051e+00
5.777069231083410417e-01
-1.023399772010100683e+00
ReLU
0.2
8
8
-4.997104255942151352e-01 -1.437097279940549921e+00 -1.066459164330305187e+00 -1.008267489973116549e+00 -1.198840953735392789e+00 -5.412338142577260980e-01 -1.943395955179439138e-01 -8.867167776693717363e-01
-9.341720520653764570e-01 -1.251699294970394893e+00 -1.019656458935773502e+00 -1.213725447510185518e+00 -1.254211844038920942e+00 -8.476701910449557786e-01 -1.063671368422581143e+00 -7.996634970440124057e-01
2.212998028288894192e-01 -6.397381338672594175e-01 4.624839519862084525e-01 5.612487758645955394e-01 4.053266528008432346e-01 -1.291447259521484980e+00 -2.319512184045537384e-01 -8.658449585188646158e-02
7.224952991793315293e-02 -4.118839642447412186e-01 6.481918345596325848e-01 2.070981818010939612e-01 2.734903470353881039e-01 -1.503888812362952354e+00 4.933937913698220323e-01 -4.246680567813304608e-01
-3.616623845461113818e-01 -8.634743917358796983e-01 -7.559955476361915894e-01 -7.304961970815528893e-01 -1.375745814363780850e+00 -4.944059610300874374e-01 -8.876161707755931829e-01 -5.782330071494251600e-01
-1.396562961725392515e+00 -1.734801732109229722e+00 -1.120947165903002141e+00 -9.091159358719851369e-01 -1.535376920592246508e+00 -3.903628145729841070e-01 -1.185610475379587081e+00 -6.746788028584279617e-01
3.917481565537394017e-01 -1.191363454196665783e+00 5.348839026278775499e-01 5.221226257535389603e-01 1.204657877149528655e-01 -2.006565745839386850e+00 5.549366029197683181e-01 -6.082254937373945403e-01
-1.657282209412698881e+00 -1.279324467289560951e+00 -8.888759318680884425e-01 -1.157295032270049928e+00 -5.665740039311374376e-01 -5.252963932402002767e-01 -1.537540241517249218e+00 -1.122024813204374416e+00
-6.616730089584194063e-02
-9.458048844653074161e-01
1.255442130389552879e+00
1.288375969054307513e+00
-1.303836156824508707e+00
-1.259232458468118709e+00
1.161325240188039620e+00
-4.614458018312181387e-01
ReLU
0.2
8
2
1.644939118432189984e+00 1.514238065246276577e+00 4.962246215873916677e-01 7.497861549748068288e-01 8.890723978640804326e-01 1.527213703314127313e+00 8.663559465704878670e-01 1.293007892884518339e+00
-5.294867517857483330e-01 -3.641103787815799242e-01 7.256566705820181040e-01 6.057611320203263316e-01 -8.950563813370819854e-01 -3.758978799102036805e-01 7.232874561338048514e-01 4.468216979766071462e-01
2.957221553466980790e+00
2.616468510820275206e+00
Linear
0.2

ct 2024-06-11 21:13:50.170718
