noname
4
4
4
14
-1.962997754447521670e+00 8.372281537305629184e-01 1.550236616017466762e+00 2.172002901877218839e-01
-3.443107867105680842e-01 3.288174239935643062e+00 6.639059551560765549e+00 -6.128484372280974812e-02
-2.827831974035154294e-01 5.314805123034653800e-01 1.424339488361805461e+00 6.623293158693637217e-01
-6.152535706768265111e-01 2.317052365142532100e+00 3.067520460784364911e+00 6.563495421006859676e-01
5.149799931302383449e-01 7.464017359763294723e-02 -1.991487274650522332e+00 3.680148555883138717e-01
-4.064673619429525431e+00 7.901031163464715679e-01 3.475202990221459842e+00 3.974465563010906033e-01
3.825906111485231520e+00 3.433999916711821143e+00 4.136016821510633434e+00 2.211997430473992665e+00
1.946627783308713999e+00 1.416392023867927730e+00 2.802375053688266338e-01 2.283845948582195806e+00
-1.373006883146332235e+00 7.835189919132591330e-01 1.275259301617284402e+00 3.739076581072226513e-01
-1.091902828257615088e+00 -1.118620681379554477e-01 -5.491963307958473983e-01 -2.537665842390496307e-01
-2.639272980534065116e+00 -2.664575425091459504e+00 -1.020750581174430138e+01 -1.896932016437213209e+00
8.343163112428378936e-01 2.518202609344063703e+00 3.305818649264715248e+00 1.065061308520817152e+00
-6.110136722442414126e-01 4.876220434950848670e-01 -1.051034046229263996e+00 2.822543870871497274e-01
-7.641481366756996962e-01 2.891097669572843532e-01 -1.472909855707785542e+00 8.256028961216865109e-03
-1.058722609308887730e+00
-3.495603540141735799e+00
-1.716761045612743120e+00
-5.422618727494269431e-01
-7.328189169009928783e-01
-1.945244404373562386e+00
1.099624503798657615e+00
3.477757074786637093e-01
-7.303354870257587894e-01
-1.518539112230366639e+00
-1.127943848140217753e+00
3.863829506486351484e-01
-4.550787709763264299e-01
-1.682122221334705570e+00
ReLU
0.2
14
14
-4.082200296432656472e-01 4.496026025772675849e-01 -9.036816360297693362e-02 -8.564188117976644365e-01 -1.891945757610314083e-01 -3.790379569092567902e-01 -6.476220756449495575e-01 2.759539478109829247e-01 1.275592622823109312e-01 -1.077975557069682233e-01 -2.320855584093739932e+00 -8.549505190346344818e-01 -1.303762822181521452e-01 -1.279235928903066588e+00
-1.261051772383831482e+00 -1.039666128142580526e+00 -1.730517130585318641e+00 -1.096066426313886399e+00 -9.734854925852116647e-01 -6.152905618591887338e-01 -2.023741377941683517e+00 -1.228108834663035331e+00 -7.808470908996142379e-01 -1.227621082222584592e+00 -1.261785722488982353e+00 -1.251266686215544821e+00 -7.187672732054952718e-01 -1.765738091494261308e+00
-9.284828711980707208e-03 -4.582568663542307963e-01 1.383455479480959482e-01 1.572581731782558001e-01 -2.014652169256631875e-01 -7.523581811496832250e-01 1.102519146342421763e+00 3.780034993534911458e-02 3.486919143229850193e-01 7.334139712265040634e-02 -1.083305574697663198e+00 7.532441901090304315e-01 6.611237949622363053e-02 -3.706911758308225613e-01
-1.590266931627374758e+00 -1.399841299535288464e+00 2.841939336198425203e-01 -2.811800838835231686e-01 -5.017653870050962084e-01 -3.831438445751273458e-01 -2.587466631646679893e+00 -8.405974339333172063e-02 -8.924933127429045543e-01 -4.755924441780358669e-01 -1.139512795449131977e+00 -9.876247311683393759e-01 7.774046496965004993e-02 -3.556979490720435511e-01
-9.493504008013714524e-01 -1.265641960076519190e+00 -8.424155383294240629e-01 -1.370279542876436940e+00 -8.323280318203968298e-01 -4.363974502712547054e-01 -1.459376196241092494e+00 -9.592017545057437422e-01 -1.068550085289396989e+00 -1.054612670515987949e+00 -8.335579745373787874e-01 -1.170716969547933362e+00 -1.258793607856167895e+00 -1.275174952319904520e+00
-4.653108470216331671e-01 -5.164949901765141238e-01 -1.949783232663555022e-01 -2.208521650008914872e+00 -4.669255377749430558e-01 1.017008135137776603e-01 -3.723948645707149563e+00 -8.198998777664817661e-01 -6.547115602680674273e-01 9.402585680465627704e-02 -1.348104657989879884e+00 -2.067997401053012774e-01 -1.822597373955005262e-01 -4.081484171023441188e-01
-1.283756363699315228e+00 -1.430212085496088026e+00 -1.284131043925051729e+00 -1.383548956551549747e+00 -8.565639518583662015e-01 -9.708093586493467264e-02 -2.300591101456585630e+00 -1.027095123865115062e-01 -7.766543687153302233e-01 -1.739301953031408221e+00 -1.834086439544240221e+00 -1.733850598106388086e+00 -2.336116388651748310e-01 -1.105946978236749478e+00
-5.534071700568242713e-01 -6.723276865072097541e-01 -7.411531676003732527e-02 -1.005141588849779000e+00 -3.245782421061427780e-01 -4.652728824426655696e-01 -1.020325120078757530e+00 -2.759720336625058612e-02 -3.558608573671678266e-01 -4.140296959471822524e-01 -8.556311113597441231e-01 -3.792841604978989256e-01 -1.502400549107626715e-01 -5.349954393430810251e-01
-1.278296505261587335e+00 -1.225709664088166173e+00 -3.672276047708678548e-01 -8.352512075042981543e-01 -5.206939295803145740e-01 -5.355611594676139564e-01 -4.961572856968202855e-02 1.116318443749197087e+00 -7.534183894994970210e-01 -1.059407138364211853e+00 -4.029274083902848469e-01 -3.804429607564098204e-01 2.850567420394602425e-01 -2.056012318854695486e+00
1.104780336003085423e-01 6.675160799925207444e-02 3.486669752723324175e-03 -1.326444133381753376e-01 3.359356368689840333e-01 -7.314981305629213448e-01 6.634962124290427754e-02 -2.518901571101320180e-01 -4.050165586170125648e-02 -3.046573248302345549e-01 -8.975328071425725529e-01 4.667155939326038117e-01 -8.726657573998124195e-02 -2.384473234830357946e-01
1.816887451187543245e-01 -6.152264488708516499e-01 -1.270279976816545975e-01 9.116903801559462783e-01 5.471678417489619917e-02 -8.890361603505964050e-01 1.443924324156776073e+00 1.086172645619026378e+00 2.024406643648928583e-01 -6.289696129210915476e-01 -8.751743054070409977e-01 9.722859389462334967e-01 5.289687507769191832e-01 -7.552123193040676252e-01
-7.226763181840152317e-01 -9.757776697885853778e-01 -6.031306593699764518e-01 -1.384766591205092823e+00 -1.172706981659604519e+00 -7.054228817713744659e-01 -1.155180863901144717e+00 2.023075296475102761e-03 -4.894007566331852188e-01 -1.097912197682122670e+00 -6.660893014517416111e-01 -1.470858446175402900e-01 -5.967716208048245985e-01 -9.669417709884355894e-01
-9.669551624724951333e-01 -4.257428704366812977e-01 -4.242921052108281077e-01 -2.058456717126663227e-01 -5.717429646908707419e-02 -8.678561164412537110e-01 -3.511806001335903149e-01 5.134518513574533038e-01 -2.097753546203810215e-01 -1.300621260195854445e-01 -3.362149343619517117e-01 4.304740997693539128e-01 3.329239737754849937e-01 -7.463632463482514634e-01
-1.656057005625639206e-02 -6.957605435577839392e-01 -2.762827356269023649e-01 -7.424855854479696093e-01 -5.899331936410925348e-01 -8.383215866419845008e-02 -2.919893161775624968e+00 -8.139737870974691480e-01 -3.825847690220972042e-01 -4.945019864841407875e-01 4.015250724813416994e-02 -1.539127674762683418e+00 -1.136203281993170222e+00 -1.076258923366240960e+00
8.240337208421282256e-01
-1.114728654312180600e+00
1.949387347301265727e+00
-1.537357399673552782e+00
-7.259647920185049452e-01
-1.453163514146561308e+00
-1.436004222385896423e+00
-3.356610766293726678e-01
1.262179445183977844e+00
5.438476797975098087e-01
3.322426626764527935e+00
-4.959489845801387520e-01
1.142610785044316790e+00
-9.788693514020986308e-01
ReLU
0.2
14
2
2.745190378745519522e-01 1.325594277310409685e+00 9.407606601196190077e-01 8.723498063385232149e-01 1.370469964980574717e+00 7.686980157265960178e-02 7.487474368921768209e-01 1.076398137424531720e+00 6.568660741771301659e-01 5.343792161257146511e-02 1.676524708446912815e+00 9.605473808749106501e-01 2.409399653194064239e-01 5.936417043933708282e-01
-1.356741229863958620e-01 -4.423208215396181447e-02 8.755436715216584620e-01 1.032397107776586331e+00 -3.321709227204449055e-01 9.733491130812603753e-01 5.282714730517381607e-01 6.329392798624344785e-01 1.011397788311619445e-01 2.451877558121981215e-01 1.385953084453803941e+00 3.925919045406244812e-01 2.373076437439930464e-01 1.201079973331845130e+00
6.061299115147998684e+00
6.213876050275528584e+00
Linear
0.2

ct 2024-06-12 09:15:39.556252
