noname
4
2
2
8
7.755449825867318792e-01 8.937347759429749017e-01
6.884147005433052247e-01 4.385852545874188019e-02
8.352562023601174390e-01 7.667350437736725199e-02
4.600125022934962726e-01 8.081325899733122764e-01
9.124060245641217592e-02 -8.385185863166701170e-03
5.656691775184422566e-01 6.599080077057222216e-01
1.754085364150604828e-02 7.311931717164085187e-01
2.457734055484550872e-01 3.679410819745624894e-01
7.549100819112444238e-01
5.148349010179548157e-02
2.539872254662057793e-01
3.028599555673824328e-01
1.344716255471457012e-01
-7.845840579340937482e-02
5.790821411138520336e-01
2.603656639681836138e-01
ReLU
5e-05
8
8
-3.738905525146053732e-02 2.420639936794506675e-02 -2.410029285091366824e-02 7.940484364140779627e-01 5.647404266586883437e-02 6.631700440540528874e-01 8.718784446388884168e-01 6.425447498192259355e-01
8.716598374893555490e-02 4.926387911880540371e-01 6.545479300058366645e-01 2.422318548179966946e-01 2.551419232661583103e-01 6.295597460047659411e-01 -4.065088153219871547e-02 3.730929132564675954e-01
2.332447501589224037e-01 3.593727698775449619e-01 3.836240238995158175e-02 2.617106965525788920e-01 6.108886497391142756e-01 7.917205527197195281e-01 2.701386863278029127e-01 3.323254940132871482e-01
9.012605387451237682e-02 7.759524953956858928e-01 6.754615019737614245e-01 3.576696397276158956e-01 6.685671724600013022e-01 7.718704163729930290e-01 2.780808707627766552e-01 4.950437806006353220e-02
4.276488072369276638e-01 -4.146161576173682667e-02 8.374294960750433559e-01 9.285103559126639539e-01 3.043715241746722255e-01 4.694409199583284287e-01 7.864209473083092483e-01 6.121299695087517589e-01
3.717559132863254567e-01 3.736511915953750762e-01 2.153864798787440138e-01 6.264606452596150898e-01 4.675336966447224407e-01 2.417991282088114147e-01 -5.493327630345025414e-02 7.653080119871494835e-01
2.596628685455610874e-01 2.589266195115542679e-01 8.349471568883108930e-01 2.073190077598982828e-01 8.897899158233384398e-01 -4.924561796094487770e-02 8.839473738849917828e-01 2.941911802934702447e-01
3.962073695025506992e-01 -3.515122809241886387e-02 8.240526336052301781e-01 5.761197382824816832e-02 8.116717096311883983e-01 5.579095399078631834e-01 4.138944599208015940e-01 8.990038414399093708e-03
2.214566381573753184e-01
3.701604980102215364e-02
2.251391645141755660e-01
2.329278581396407866e-01
3.412727415708108336e-01
5.346205605421593399e-01
8.861110587702321073e-01
9.271969421868181405e-02
ReLU
5e-05
8
3
7.564174276252051410e-01 2.761884619545055819e-01 6.899441872851728164e-01 2.938706230532037167e-01 4.932469335300320723e-01 3.677687185127228447e-02 6.643184997330193742e-01 5.873287850767503482e-01
6.475746582310516475e-01 3.806566498733877091e-01 2.322182205825400469e-01 5.291742976124620412e-01 6.210782886308697792e-01 1.269166805650219221e-01 9.654084260694923980e-01 1.999243754304343978e-01
1.906814220313447494e-01 7.527871496689957365e-01 2.397109213342503153e-01 5.980161893427121678e-01 2.574728599092699910e-01 8.519881355842101600e-01 7.485876680406553518e-01 5.646148516883661150e-01
8.807393643151458784e-01
5.410442037171438179e-02
-4.868761906381980503e-02
Linear
5e-05

ct 2024-06-02 06:24:38.531168
