noname
4
4
4
12
9.753096805948850978e-01 1.077680113335947265e+00 7.143962354753911059e-01 5.877803541122637032e-01
1.030835977725287345e+00 6.690229767146408379e-01 1.322157091368960202e+00 5.312376735812991413e-01
-9.381300176059903517e-01 1.022334781088733546e+00 2.727521732598355619e+00 2.358904864000718471e-01
1.136962214791946035e+00 1.070216203147887457e+00 1.765335516235855495e+00 8.741916353979306553e-01
1.933242959988707765e+00 5.757007664463451579e-01 1.465507470429192383e+00 7.104424047388966379e-01
3.470687778238902843e-01 2.313984208208433313e-01 6.219898173663501728e-01 4.408770147777643644e-02
9.936875093744096388e-01 8.863887582199123649e-01 5.242480097211750234e-01 6.383988198224649357e-01
4.838963070872482342e-01 6.815958898350743533e-01 6.840863606187012891e-03 4.005281162309435317e-01
1.023075152185507930e+00 1.129673914308030547e+00 9.742749992651354995e-01 1.332619093830534673e+00
-8.391504413498227510e-01 1.528789782759881755e+00 2.356049859099814014e+00 8.539240539955558762e-02
1.561879377915642131e+00 1.009072181942344493e+00 1.564445112185893105e+00 9.049926923085639396e-01
8.172949618552062256e-01 7.634827338021055176e-01 -2.571764265840120189e-01 2.939042422326212378e-01
3.258715818501738970e-01
5.796131113090744469e-01
-9.357939341067366135e-01
9.759204236970873136e-01
9.149561334559970227e-01
-1.677785972995455566e-01
4.874029062817895608e-01
6.388345696272783314e-02
1.227804644725384753e+00
-1.792264068163925139e-01
9.830667969177482313e-01
-2.438085666562704035e-01
ReLU
0.1
12
12
-3.945657497952360093e-01 5.782815774538383469e-01 -2.733527264974215665e-02 5.391669903704934264e-01 2.553144394685289420e-01 -2.678863660952978676e-01 1.752552151260576840e-01 1.723888793519772200e-01 1.047134321152006553e+00 -4.175409241228761337e-01 2.712225786767310520e-01 -6.112942389042870239e-01
-9.717557271129616259e-02 -5.359048862601845098e-01 -1.964808539302804746e-01 -2.429086924264180769e-01 -1.008715635569779404e-02 -1.899672163970545224e-01 9.060370038197403109e-02 -5.446257339857296653e-01 -5.254373062440687719e-02 9.318960982160150175e-02 4.650341749666117575e-01 2.429809404919960059e-01
3.571584811611883126e-01 5.983963912248970729e-01 5.485961016812277435e-01 9.757903817967763516e-01 9.768533495842224301e-01 1.952801567393255000e-01 7.109702430631695824e-01 4.196028710474900558e-01 1.210901071073557045e+00 7.911316705433618646e-01 8.735853998838443157e-01 5.056180587634917512e-01
-2.567671154602525485e-01 9.630491256951405343e-02 1.813625549197682429e-01 -4.194855825393173365e-01 1.660225820976318489e-01 -4.354015249924351183e-01 -7.723808457079038847e-01 -1.007736909270672415e-01 2.915603603353261741e-01 -1.143109192472163138e-01 -2.249669195675501054e-01 1.242181059505557544e-01
2.264511750896059383e-01 1.945382625627157802e-01 3.328498505553119102e-01 5.508304199352820341e-01 -1.702900137059171481e-01 2.281502905033613027e-01 -2.853337952334211169e-01 3.240043854330129092e-01 -1.116862415118094476e-01 8.804008128696971802e-01 5.372258780722959370e-01 6.657935984145064712e-01
-4.306645613433194297e-01 1.809061275495878751e-01 4.333767297057078971e-01 -5.361844542974366634e-01 -3.984473780553315914e-01 -4.097894680362502151e-01 -5.205434011631653729e-02 1.581204896360375312e-01 2.583398157903456227e-02 1.630912506243445415e-01 3.194664615535546259e-01 -3.510803945255033809e-01
6.363195256676473788e-01 2.031511382585878683e-02 2.596516515040179773e-01 4.599639863720110800e-01 7.512086491233933572e-01 5.899288203233479105e-02 2.207805017917149337e-01 -4.483838907767704884e-01 7.013278561598590422e-01 6.204762807301559269e-01 7.198079979720687360e-01 -4.404314497762404912e-01
-6.333058468870715885e-01 -3.955460525702898522e-01 6.262345464410474793e-01 1.103131066990716141e-01 -1.199979141791628900e-01 -3.734538520400748629e-02 -6.382039756837957212e-01 -2.027623602846491402e-01 8.910119162240774660e-02 -2.077673416023316511e-01 2.537710111158881787e-01 1.161262166521601635e-01
-7.645848398717962624e-01 -1.341136639698813223e-04 -5.498413965674002757e-01 -8.330787962293384474e-01 -2.387825227799980354e-01 -9.225860410239150600e-02 -8.690761654199886665e-01 -1.529361702359935127e-01 -7.116439503812689304e-01 -4.578567688158129978e-01 -4.486680052099872307e-01 -2.884371310421847134e-01
-7.525810858481232768e-02 -1.819475765498408393e-01 4.825026150939286107e-01 3.367104448997321198e-01 4.192992632479382309e-02 -7.459146944523451506e-01 -6.655800183257775116e-01 -1.976663631465754301e-01 5.804536003180554848e-02 -4.852657359916460189e-01 -3.798112098609359721e-01 -1.362423393409467887e-01
-2.078719051348139057e-01 -1.470279811175096152e-01 5.851642154722672684e-01 4.611948229048680459e-02 -1.119945673007887443e-01 2.805963421406416636e-01 -1.489461477703815651e-01 1.281429434381208265e-01 1.106685092088977168e-01 2.664209789085102420e-01 -2.883102209349581169e-01 2.315954463560521981e-01
-5.570991026663221768e-02 -7.702442436896161926e-01 -1.590784066027349508e-01 -6.535110584819949775e-01 4.003391429652406602e-02 -1.498570662429735134e-01 -5.724500046301911338e-01 -4.414347099114462325e-01 -4.181750805847603836e-01 -4.977969548129433930e-01 -2.197188658968299291e-01 -6.753241329969710272e-01
1.918323188317876848e+00
3.437581433053106261e-01
2.101286263962481637e+00
8.856576698154894345e-01
9.457484367575934581e-01
5.636206283540610151e-01
1.460822920767215205e+00
3.755500052490958196e-01
-6.701903310717076401e-02
3.834911234778471956e-01
9.273562761809689414e-01
-1.134917274658492001e-02
ReLU
0.1
12
2
8.568920115356409850e-01 4.295215517352774653e-02 1.259374867313842072e+00 1.243193002972549227e-01 3.266974031447659188e-01 4.025443438277531011e-02 1.005486951315562649e+00 7.422057864153110140e-02 1.451735102635356156e-01 5.323513181240567549e-02 1.114509110449620338e-01 -1.622868705974215564e-01
6.774689319231861351e-01 -1.002278018625322314e-02 1.488464088544019237e+00 -2.600262284736488613e-03 4.477689118528622170e-01 -3.703816892506602704e-02 1.015073542897088954e+00 1.733146734641095865e-02 2.405366856010273668e-01 -3.973160941022169101e-02 1.262047418138130539e-04 4.254990350227441098e-01
2.570903765159082699e+00
1.866761730121287766e+00
Linear
0.1

ct 2024-06-10 19:30:47.833958
