noname
4
4
4
16
1.067087128585308742e+00 3.489944923635499574e-01 -6.248253630727743091e-02 5.422124143016729958e-01
4.766366079758280749e-01 5.302271673324258083e-01 3.153240932322869394e-01 2.932404466958862810e-01
2.001903209258558136e-01 5.177664490513094186e-01 3.961825469133581912e-01 7.857803014468923708e-01
4.207077430740386870e-01 9.069120389780626068e-01 1.450977099539230153e-01 2.160830884022557630e-01
5.880023596667131036e-01 2.582097856224402910e-01 -1.355140511742724818e-01 1.705863447119439769e-01
7.530024348950185020e-01 3.427197484964330521e-01 4.178574231447851894e-01 4.389747591406163441e-01
7.375244720807405674e-01 3.671787150664249655e-01 4.279231970855744693e-01 -1.193152957902463562e-01
1.159702476538715610e+00 6.648228327764125201e-01 3.898879263200581424e-01 4.240104904139834208e-01
9.682690269116857040e-01 8.368573352186354786e-01 1.415233395182060594e-01 6.464414815677359538e-01
5.612619153233339153e-01 7.696145746883428229e-01 6.023820997810247491e-01 3.392213800945881319e-01
2.871312188306657243e-01 4.240631698093573210e-01 1.200678933640221824e-01 3.957202218730338505e-01
1.137619520206932577e+00 3.939099811570135334e-01 5.945083211150279379e-01 7.331268328915536703e-01
9.167036471516195606e-01 8.906837290097375792e-01 5.863066452322528432e-01 7.644933260187511959e-01
1.476879905593304620e-01 5.476249560740168443e-01 6.773647109998229832e-01 5.632929888407535168e-01
9.552098111229927468e-01 9.805262778129684165e-01 -1.266849049648025860e-01 5.353073760115412139e-01
6.361629248136891901e-01 2.886445921047268159e-01 2.039262054534767832e-01 3.770472599107159706e-01
1.095614790537677630e+00
9.999671413211254078e-01
6.274109360248643075e-01
7.380152772411497919e-01
9.818545495764797737e-01
4.733550903519391784e-01
3.112019822921686107e-01
8.180988627577803207e-01
3.505622708038768076e-01
8.534340542997851387e-01
9.483033654162305037e-01
3.183946096477789922e-01
2.553526170757458025e-01
2.931065182941108294e-01
9.989110241432924697e-01
7.876653709937631032e-01
ReLU
0.2
16
16
2.661610271995125676e-01 4.640942715572581312e-01 1.689977028182575447e-01 1.006868171751430507e+00 7.749818614493197977e-01 -1.640478713666089772e-01 2.895521627940426668e-01 1.798200323504781373e-01 5.337058246249282156e-01 3.303464817219005090e-01 1.211062457770756828e-01 1.576514184950682795e-01 6.677208154629871162e-02 7.904631481866964959e-01 8.374495274335841399e-01 3.887318898783304055e-01
6.374042763250636900e-01 6.740316043335929930e-01 -1.553039860994107624e-01 -1.254227386907857955e-02 3.369847416806027174e-01 1.878900493837242225e-01 4.644055711392897634e-01 4.042616024222492888e-01 2.951065789501940984e-01 6.636925831985388546e-01 3.913039023759901092e-01 2.275991745610486394e-01 3.755648790969162709e-01 5.073506302265599066e-01 -1.623159054364040899e-01 8.813103646624087517e-01
6.607124894386228187e-01 8.589038595249451902e-01 1.246528930086145404e-01 7.562343249645150367e-01 5.511075961159882519e-01 2.914625334294216885e-01 5.698068537727201122e-01 8.475949832025411190e-01 7.203858889421871359e-01 2.673893935582348780e-01 2.901980940291534750e-01 7.131602838414934364e-01 -1.193083034811164012e-01 5.111488606806517954e-01 5.242367073178426651e-01 6.366259307996295913e-01
4.528009525622331832e-01 1.057275168618291739e+00 3.854387587038696772e-01 8.907203959495550993e-01 -1.292142132349229922e-01 -1.968720543214647067e-02 5.683075532875139224e-01 5.290197030844312476e-01 6.003641643084708379e-01 7.897588251958571615e-01 -1.721382883601830782e-01 4.685728093668053984e-01 2.059421321176645447e-01 4.662608859669220562e-01 1.162497925286706812e-01 9.475116130990367536e-01
2.505765395773603688e-01 4.955509259364815344e-01 9.216251797124994649e-01 7.122967766250344335e-01 5.503492392274565992e-01 1.159438322616729522e+00 1.058540002420490289e+00 1.185673641357459340e+00 7.372328543302776316e-01 7.753278484152366090e-01 2.739584666552901671e-01 5.010179607322207129e-01 3.640199586981477387e-01 3.092114960102546606e-01 4.114647008977592724e-01 2.610733930542794567e-01
1.607264319918316475e-01 7.613573744246228125e-01 6.599438548851915831e-02 7.636386080381358799e-01 3.543303907460952917e-01 -1.165812991781193242e-01 1.034013372051471036e+00 -7.029614831418551368e-02 -1.843623568869792451e-01 4.565937283677535818e-01 7.446764991695086211e-01 1.833954760786404847e-01 2.711184803249557795e-01 5.569463797640661351e-01 7.508634887408368597e-01 1.152438018295309563e+00
9.429681594183199067e-01 1.076491629263087724e+00 5.309575663669572343e-01 1.075350408565719507e+00 5.635450131588997102e-01 9.872483993279410619e-01 1.141863332527770947e+00 1.159726077284409351e+00 1.151119174408201440e+00 1.131219247483181700e+00 7.587315896640096646e-01 3.020411207174164003e-01 4.978000008078230509e-01 1.185184366092424613e+00 9.675514416006593121e-01 2.175476138802187598e-01
1.124259120707918891e+00 5.645045123099878825e-01 2.898147914252269253e-01 4.701811010939801472e-01 5.714233896469033125e-01 3.072322386590576881e-01 8.492677241066456384e-01 1.017483910465924124e+00 1.013830690004942081e+00 1.130277098787928480e+00 8.232012207148506899e-01 8.111483137190923509e-01 1.066810511521546934e+00 5.074782649842435323e-01 5.480952425848040210e-01 3.231289772574227337e-01
7.227054910226159423e-01 4.386725517220587678e-01 -2.289305710185071674e-02 1.134763515269014533e+00 7.035122630191426030e-01 5.155189789225951280e-01 7.255704258011291818e-01 4.416732084217852572e-01 2.462099963484366549e-01 3.240247669019201693e-01 4.636933366396176481e-01 3.540030729158166745e-01 6.531689131928646308e-01 4.644899292700988558e-01 3.786822946833009462e-01 7.127989864255637187e-01
7.395096798359244161e-01 8.578813853215395691e-01 6.588842570701570756e-01 1.178663194996315555e+00 7.770695767572910473e-01 3.121783149283239300e-01 5.227493827270451865e-01 5.974231453327056851e-01 6.493257054502665770e-01 1.049974135007530895e+00 1.158627162062283222e+00 3.505251359784881671e-01 5.567109945199446575e-01 9.067117024073675369e-01 7.818528526919760191e-01 1.065461470834621505e+00
6.644565052381173897e-01 1.187749437219812076e+00 7.987472525339593954e-01 9.327103213305174556e-01 7.117971178361622853e-01 2.999679736286146037e-01 7.663965242414052526e-01 1.141855522229180409e+00 -1.697061583627943737e-01 1.147257700490721177e+00 5.650225956560194218e-01 7.307672413469048500e-01 4.847243158926709539e-01 1.011671792456176444e+00 7.891818750970120977e-01 4.525368892801416854e-01
4.725830776507450870e-01 8.083976411238138482e-01 8.103745054520592461e-01 4.693655689875296799e-01 7.600453524313108833e-01 1.070736160120000502e+00 4.183113514272185363e-01 2.552771548599936935e-01 3.001063391338155695e-01 1.174947884240237439e+00 1.029027208835669116e+00 6.619712381796735157e-01 2.504958818115103347e-01 1.020210158220945740e+00 8.392768157054928402e-01 9.908143174912504847e-01
3.446418081320130056e-01 7.642345966506661759e-01 5.481164495789678792e-01 1.132730277789974149e+00 7.949734631113568595e-01 8.876388309020790679e-01 6.590579142941500601e-01 5.052912964387212824e-01 1.101304269451811368e+00 7.124923375016445348e-01 1.115470319924140252e+00 3.709165940498475589e-01 7.375151140393496618e-01 8.115802210419016394e-01 7.524982221001674798e-01 9.679304052997493857e-01
-1.773158861084821181e-01 4.622109655506864145e-01 6.777135397903755187e-01 4.969975533399383361e-01 2.453559656073654172e-01 7.928495420054384457e-01 1.977460012266180622e-01 6.009408688064328263e-01 -2.036264664610179520e-02 2.152141394661485352e-01 1.306659187081924134e-01 -1.495689391172029259e-01 -1.978947762072685024e-01 5.452096145095405855e-02 6.893668115600877222e-01 4.100811249969138483e-03
8.094129065439266135e-01 8.042514856476351559e-01 1.143550776277170167e+00 2.366696403412140715e-01 9.838581043256270364e-01 3.586618295843584381e-01 8.616561099118190681e-01 6.212216561598695730e-01 9.987860425018633137e-01 1.010182492200665250e+00 4.768691245887735075e-01 2.726267917723022016e-01 7.318065265883053616e-01 2.018609552645761473e-01 2.903959278218589124e-01 7.696643140191449239e-01
8.436928470507383260e-01 7.533384508469712637e-01 6.416790365005970997e-01 1.105705249912916743e+00 9.796653702272269948e-01 6.459334225934384444e-01 4.457883201448462618e-01 1.180105642334001947e+00 5.485981102998678249e-01 5.991343226107685993e-01 7.565519342288961058e-01 5.840481226488051236e-01 5.154373041518647280e-01 9.683528535894483369e-01 3.530556641772042425e-01 2.998980290262952542e-01
6.403722862951251038e-01
3.642014388922408807e-01
5.662035456141356615e-01
2.996363265068433535e-01
9.307496057660631372e-01
5.063297379327800218e-01
7.850100230398934231e-01
7.490338877730107203e-01
1.190834935082945467e+00
7.407114098373537292e-01
5.949888002961712941e-01
7.954641479571105123e-01
4.080172929058979436e-01
7.166733997493343056e-01
8.698431999936768744e-01
1.093843625086061699e+00
ReLU
0.2
16
2
6.626704001920040721e-01 7.460366511636390419e-01 7.953342084120676447e-02 7.565823343847609683e-01 7.028900073632092793e-01 5.022586863677556135e-01 -3.709014711948394050e-02 -1.037583154999845991e-01 2.685488366131623117e-01 6.433715898638741049e-01 3.093634355748731135e-01 4.138693511199412756e-01 4.738706827115883868e-01 7.889264883486439839e-01 -1.322230591553802126e-01 6.330154773729442796e-01
4.803871760349805453e-01 4.045813425858029166e-01 3.704561818628106518e-01 4.277091971100989154e-01 1.018770343123510003e+00 4.217606152862824476e-01 3.752604026437829088e-01 3.472039626716723060e-01 4.443776553065463819e-01 9.698972245544142945e-01 4.587271739823741701e-01 7.608234036781789111e-01 8.369286618981461867e-01 2.117266509045413470e-01 8.505611234061272175e-01 1.146032047040100421e+00
7.669806315214077186e-01
7.763538956872544361e-01
Linear
0.2

ct 2024-06-12 11:10:40.169996
