noname
4
4
4
12
3.691884981520779929e-01 6.324314031165922945e-01 2.244511835505161035e-01 9.196848564354207500e-01
4.549140660966519700e-01 4.716496227560242338e-01 -1.873771228447044246e+00 -1.782160989698534370e-01
4.263247785195667938e-01 7.499478793505537366e-01 7.092834365325492163e-01 4.302227235585069920e-01
-7.739133771477766377e-01 6.319665556182367805e-01 5.986275582598920231e+00 7.110348721569396124e-01
2.254832214743914820e-01 3.314034652179422835e-01 1.307057069383996128e-01 7.299514929274873998e-01
5.100425370424215288e-01 4.208165772843096564e-01 1.322222811665336950e+00 2.342069615374595404e-01
7.045860466603640626e-01 8.226747645476627513e-01 3.975938227573193595e-01 4.444920446616539289e-01
8.152213222537719739e-01 1.069639991042331983e+00 7.390828402748351733e-01 3.667787289620456082e-01
9.708352038115524163e-01 4.007011081980163536e-01 4.382092888796152996e-01 2.971201699819030484e-01
3.478504333549047867e-01 3.963276200049548059e-01 1.150244445255624637e+00 -9.319148169138143090e-02
1.329158847167459578e+00 6.341161484093462697e-01 1.359324177206018003e-01 7.717113006095812633e-01
2.793348781472991260e-01 9.544776380275550309e-01 7.701477228225185323e-01 8.182225491162178344e-01
7.310745450142882573e-01
-1.693399447990535239e-02
3.013728403299806846e-01
-1.364760917591238520e+00
1.938245350773902809e-01
-1.377766312780339120e-01
4.124060654158360761e-01
-3.261378232887175710e-02
-1.505878657667530374e-01
1.457700556249609258e-01
2.591666895006620175e-01
7.379806780092079688e-01
ReLU
0.01
12
12
7.401635682464385857e-01 -5.934339030393179781e-01 -2.065969079931554153e-01 -5.201712454084571391e+00 -1.783061631398427382e-01 3.939424207542599476e-01 1.002400100593759946e-01 -4.825584222540212076e-02 -5.926623024598540734e-01 3.210378454787635727e-01 1.828719518617239262e-02 2.254773598925317313e-01
1.814606147859616492e-01 -5.357259001415863864e-01 -2.080586897166697979e-01 -5.273093213090250586e+00 4.180608776954728989e-01 -1.296280390845052088e-01 -3.381424820459205116e-01 -2.391351059305555360e-01 4.126218473762983119e-01 5.858781865113368292e-01 1.723871228873503081e-01 7.397661347702090273e-01
9.351098680873553004e-01 -1.123310773008468627e-02 3.551739725275492310e-01 -4.579477806373771998e+00 1.127954012384357885e+00 -4.467321438847537962e-01 2.353985103171981064e-01 3.042999614901719108e-01 3.068645508791867926e-01 -3.394676163490089604e-01 3.404853808918731906e-01 8.472934370261208104e-01
5.743474882546132365e-01 -4.567072708702060169e-01 8.362399153903073146e-02 -5.375189815488637279e+00 -1.212374713087152056e-01 -3.774084166569169341e-01 8.471985866079351224e-02 2.757851577383295671e-01 -3.945329141396142769e-01 1.277351335917314978e-01 8.204634665778742786e-02 -3.653646579483493112e-02
1.476903021391008652e-01 -1.779451039686541780e-01 1.564064212363862338e-01 -4.187540044732593003e+00 6.531064367962930994e-01 3.602889509517618882e-01 4.152840757412067374e-01 -1.010002721225439909e-01 -1.738524784292057868e-01 7.128815726511131823e-01 5.872540683136320272e-01 7.592058605886595757e-01
5.447120027819624122e-01 -4.960226243348309083e-01 -1.159542567199248614e-01 -4.632017418356988436e+00 5.988849184449277496e-01 -7.643526955587272298e-02 1.351427953349431665e-01 2.231620660486891283e-01 -2.184896560352417860e-01 2.176484637428187652e-01 -2.414987827375040044e-02 7.413223505914020572e-01
8.009985334762629305e-01 -6.924784026788066704e-01 4.672192807003335835e-01 -4.306669761210467406e+00 -3.510138018975524354e-01 -1.307915955585290113e-01 -4.022921045695044828e-01 2.924037154512230674e-01 6.975635145759464528e-01 8.424115773616941416e-01 3.499518030939917645e-01 3.850496447858746119e-01
3.227154629826348708e-01 3.363272803437442615e-01 6.175948868409211201e-01 -2.330750130845050450e+00 9.009341422106890152e-01 2.249409780670048875e-01 4.219057942025374389e-03 1.644636683235215779e-01 5.694341390274687553e-01 -2.701611100077013217e-01 1.018596594850424419e-01 9.442240356724985739e-01
2.796733086698959814e-01 -4.148721259261713423e-01 1.290288146042651574e-01 -4.792700721500209760e+00 5.636901450018908521e-01 -8.838144068029701872e-02 3.991102551601987125e-01 2.565575338788661508e-01 -3.981451619060144553e-01 2.361611951996443748e-01 1.961971996845304766e-01 2.555404877265247260e-02
5.823722341086052801e-01 7.168274497007643964e-01 2.013312428916817429e-02 -2.466808601500861897e+00 8.506560694811050594e-01 2.186185721221964584e-01 3.522554264523020673e-01 3.414855866119317351e-01 5.811985214617612083e-01 -2.599242455737940105e-01 4.663851349115965550e-01 1.511915203511389194e-01
4.731291523806352428e-01 -1.991296184517815371e-01 1.469610500696231781e-01 -4.338571416431599381e+00 3.484737147909152122e-01 6.010805491545435225e-02 4.608396977934342553e-01 -2.754568971032421709e-01 5.751693125576069071e-02 2.361978487434234220e-01 3.237645811861420420e-01 7.094933871665763947e-01
6.456969423405058972e-01 -1.979170219987092527e-01 8.290609615291402723e-02 -5.143218606592275144e+00 9.105653929887544407e-02 -3.472630366711177419e-01 -5.568636449404988920e-01 -6.103181908980809256e-01 -2.373165992054247220e-01 7.532373720050053456e-02 7.529798013627422293e-01 -2.145655800603756685e-02
8.079402334660434892e-01
8.313086609753944645e-01
1.272239127457416963e+00
8.985228605913075928e-01
3.299415523602931000e-01
2.652060311299919149e-01
3.335789669811630720e-01
2.294787452375177117e-02
2.711253966229561496e-01
8.099689184591017943e-01
4.812256842774604304e-01
6.172152418640073357e-01
ReLU
0.01
12
2
1.643643060438382930e+00 9.643393544462484090e-01 1.277396871952047652e+00 1.691588543478517170e+00 8.731540397049656343e-01 1.534639543064716838e+00 1.273992334094518730e+00 3.892725545359058681e-01 1.268670999983533498e+00 4.000069777747201072e-01 7.939946532840823634e-01 1.118593080033948084e+00
1.003198285349651719e+00 8.638698322962083953e-01 9.285242482227707983e-01 6.595006745569210738e-01 1.188813498922920653e+00 1.269902413375461503e+00 8.901749057209350502e-01 1.273093407671207711e+00 3.830040680377400641e-01 1.223623667795119996e+00 1.006412685623640169e+00 8.349428642977274606e-01
1.246212926752597205e+00
4.833854909481637430e-01
Linear
0.01

ct 2024-06-03 12:20:53.268015
