noname
4
2
2
2
9.731197984715131977e-01 1.032710414590529924e+00
7.379126545480125809e-01 3.561367995371566009e-01
2.657787900926597002e-01
8.940681579451937866e-01
ReLU
0.001
2
2
8.214216181129524452e-01 1.709108330141741461e-01
5.773570009774025014e-01 2.300080685666310298e-01
1.034688198734991849e+00
5.184320519626786083e-01
ReLU
0.001
2
3
7.461613418389787533e-01 1.624858593447229549e-01
5.883876871928317431e-01 5.496640491787342375e-01
7.090009347199660583e-01 3.957923591060497071e-01
6.874782836701799349e-01
9.764061683545563475e-02
7.398375078450628584e-01
Linear
0.001

ct 2024-06-05 18:20:03.961500
