noname
4
4
4
16
-4.857987407323809403e-01 1.282394394323433273e+00 1.336226940831843235e+00 2.864775998870098817e-01
1.136842517688331000e+00 9.760124320602765469e-01 2.303105512249958298e-01 6.244428649197263370e-01
1.787621889163342637e+00 -5.441705517938182773e-02 -1.836005262526734905e+00 5.928341792232030283e-01
2.110215434134940227e-01 7.828434119037087635e-01 2.641277869636723397e-01 4.762572126994191746e-01
3.166375361841002878e-01 2.564195212370425914e-01 3.525673938287808840e-01 4.390347296499876872e-01
5.432421815958028422e-01 5.205302210524678230e-01 1.095727883458287089e+00 5.967673616927708924e-01
5.918892909663924229e-01 6.711987564442434273e-01 1.239282047106921025e+00 2.264464470227008364e-01
6.978581549520803673e-01 5.289760715993642171e-01 6.467339973987228374e-01 3.930366648252606177e-01
5.911064947838680084e-01 1.938911546198449354e-01 2.197785746203573809e-01 5.068345273690941788e-01
1.261925664812145187e-01 1.010110044733537826e+00 4.725186733174165377e-01 7.830615070337222372e-01
4.479029004665008307e-01 8.238946586516469051e-01 1.822801319794416508e-01 7.359553694851750372e-01
1.259494741166905296e+00 4.974918267013936357e-01 -6.421217552267793893e-01 5.957630458074170132e-01
6.355604531476636287e-01 8.652983607860778026e-01 2.108902365646305455e-01 6.873836082121290714e-01
4.667063383815270305e-01 8.181562078349191580e-01 1.004816840424584079e+00 6.067632684747584770e-01
3.007002624659736445e-01 2.663402982599727964e-01 1.657072405245388902e-01 1.543909959694969858e-01
1.939011863508478817e-01 9.105482615007075564e-01 9.828527248584394416e-01 8.667963810936700764e-01
-1.954533899016244192e-01
4.384056397415460049e-01
1.054647056509666891e-01
5.008626381544808437e-01
7.911555031766089874e-01
8.454304145999154141e-01
5.966855312842754833e-01
4.161111440909316395e-01
9.146973046577632216e-01
7.625023468064874299e-01
5.556570973170038563e-01
1.451339731370178965e-01
5.497002230871248507e-01
8.203893322356402562e-01
9.284848834187976740e-02
9.537426347796272852e-01
ReLU
0.01
16
16
7.990413947384603643e-01 2.540298118801693761e-01 4.128557853866717808e-01 -2.357320355264770281e-02 7.048302908987260640e-01 8.313575559305563800e-02 5.712803855335353287e-01 3.838005106340070527e-01 5.538950801814731539e-01 2.358020381001420529e-01 9.230823078731445475e-02 1.074662256384472242e-01 2.430657685128526924e-01 5.019652653532307579e-02 -2.422304398127156921e-01 3.619987885495236646e-01
-6.597315089176071512e-02 -1.613500517900960107e-01 -1.922610670191409951e-02 7.035127769906786011e-01 6.986510726628771817e-01 6.427917935453142384e-01 9.000858344829213431e-01 -6.999364163372708003e-02 2.997667617630259129e-01 7.200187959040740271e-01 4.825528363870960069e-01 -2.698859784616166602e-01 -2.045381157788470627e-01 5.433879526911815638e-01 -2.440992818764998740e-01 5.666920204186504106e-01
1.632584406824237888e-01 7.868435283310839523e-01 1.019470034224647881e+00 9.160488947359370915e-01 7.314075913316109290e-01 2.996315057073422050e-01 4.630961418937281082e-01 6.173659882191306902e-01 1.909006643208201737e-01 6.554871378003920279e-01 5.937556835369893760e-01 3.650876959660017129e-01 6.491537286408251284e-02 1.204654860307119296e-01 -5.101223864223534965e-02 4.228913316603656880e-01
2.380958158308863482e-01 5.604880730596247806e-01 7.762306250657975415e-01 7.429022694721653108e-01 7.217061042458869924e-01 8.084377886760018006e-01 -2.396958996001802011e-01 3.982421012590345866e-01 1.163015213131227965e-01 3.874663494651125160e-03 -1.044684762507218923e-01 4.200982041183634608e-01 3.552491479650706774e-01 -3.889360304123937878e-02 1.698020447185960846e-01 7.584629774222292342e-01
-5.388537129192946806e-02 4.865144766393714737e-01 7.980412477215829137e-01 8.610848769418092408e-01 4.102738645142320340e-02 7.527607190861672626e-01 8.747700001128937419e-01 4.395839801575684991e-01 1.047646604486255573e+00 7.048566251876560163e-01 6.109412689422494269e-01 9.822669829269224662e-02 1.466056859156172065e-01 4.834915079485398448e-01 -1.905797432186830398e-01 1.035906095338474664e+00
-9.937766910833457923e-02 -1.994827430042398209e-01 5.149214635048706690e-01 2.967423211059441734e-01 3.028965221482950443e-01 4.976001589473710851e-01 1.363307114945229159e-01 7.140654985337453742e-02 6.708346999044830783e-01 5.069095141203208144e-01 2.750752246642738097e-01 2.896729738922806940e-01 3.297674425057401382e-01 4.025485400633896371e-01 -4.548357235681673716e-01 6.718335091654282776e-01
6.405887303233948060e-01 -1.819977352808126725e-01 3.956379385704746343e-01 -1.390909262047285710e-01 9.170368269020404695e-01 8.154158478492938567e-02 7.785405275066183961e-01 -6.774624420391603397e-02 9.845808322923199629e-02 7.316336039582506112e-01 -8.903010890123394527e-02 8.714034988304318607e-02 6.116969786617175719e-01 5.923001984447877621e-01 2.519024790961819638e-01 7.047790441967904940e-01
3.558545286407861080e-02 6.771761619463230186e-01 1.400713281812234201e-01 2.762146935792968439e-01 2.767805807915649230e-01 4.275801006375093416e-02 7.395040520015888630e-01 2.551076274358672902e-01 9.913482534894829667e-02 4.039779226257104172e-01 3.325790772738118628e-02 1.649697078293205568e-02 7.057198278744888364e-01 2.973978249861777279e-01 -7.639248884019057828e-02 7.329218697211982159e-01
-2.350994983849183095e-01 4.272882562340642870e-02 6.752828006212022727e-01 3.111698013797021267e-01 5.197843685230042476e-01 4.822346387385844646e-01 2.242435554224571359e-01 -5.228888179991920959e-02 4.474072013525570157e-01 6.682463664693503169e-01 2.102814410508725695e-01 -1.927119792619702843e-01 -3.246627399450516260e-02 -5.705844698197132941e-02 -3.985164023918152942e-02 6.238677642783989619e-01
3.744326423357609013e-01 7.753115651066525560e-01 8.869473570343578972e-01 3.022719353348311475e-02 3.512994386076955661e-02 1.672418907538998079e-01 6.078534645195585728e-01 4.050835933261127675e-01 5.867685305058351064e-01 4.130161254127735493e-01 -7.092353324753734867e-02 -2.201199828851057305e-01 5.601276961859580350e-01 2.366973149625123951e-01 2.698825175762246120e-01 2.239035332206779638e-01
4.816278119197933694e-02 3.789697904732922118e-01 1.392884190396847244e-01 7.790348909472286643e-01 4.240472932253005478e-01 9.145267810166051170e-01 8.408337631826631187e-01 2.754940663821085489e-01 4.872518060343443147e-01 7.055734964251146879e-01 8.438503418989025118e-01 -1.878663006542761471e-01 5.734056561551968967e-01 4.479757990457143291e-01 3.798261438646393651e-01 3.339822915473794618e-01
1.800946589932216763e-02 3.323521107346226744e-01 1.430429630087501902e-01 3.441596683833620524e-02 2.404246766666867652e-01 5.797600306301790019e-01 -1.943396997676810900e-01 7.723199871567393293e-01 3.800018472573534201e-01 5.060587021949603664e-02 9.410046905362194902e-01 2.354314982437326897e-01 3.291632958308193801e-02 9.380380780028462206e-01 -2.325630154468847355e-01 8.142522379344638850e-01
7.280719927174732486e-01 8.940546098692286892e-02 3.267697796924162179e-01 1.003556358905698109e-01 6.947715624908010756e-01 4.768699002955378852e-01 7.955416283904188646e-01 -1.499437500705714799e-01 3.781595568767117665e-01 8.712380272799934433e-01 3.820240402129467805e-01 4.559740910044938755e-01 7.770762250460526710e-01 8.954435961046067760e-01 -1.087983790405242790e-01 4.843716917064657124e-01
-1.481250648615829446e-01 2.678419554866540153e-01 1.143708829874414412e-01 1.076194198276009401e-01 6.899558591130772189e-01 1.052439118370566806e+00 1.191787706643504946e-01 -1.167941621407160430e-01 7.062520041467645893e-01 8.585896677085695927e-01 6.783148097876623428e-01 5.955038792313261942e-01 1.452067823163006588e-01 -8.058827581841374738e-03 3.759867966974488329e-01 2.393614822618224669e-01
-7.047668284155948759e-02 -1.226800078169964087e-01 1.031955684584199728e+00 6.350669043700325478e-01 6.163772555829825084e-01 2.342015242168161426e-01 5.014803356720669569e-01 2.351466370681766158e-02 1.149708623380295419e-01 5.821300334418508804e-01 1.660682186307105637e-02 6.738964061249559379e-01 6.968026123083335133e-01 9.894393603369107115e-01 2.892774366121028673e-01 3.297688694191073244e-01
3.804411975224246678e-01 5.007785471858512416e-01 7.549939769190857630e-01 1.681205748877225570e-01 8.427884777121537330e-02 4.498122710773563293e-01 7.282968871570386638e-01 2.814715154402393504e-01 2.007475259344264351e-01 8.863174315662743219e-02 5.511371052307499907e-01 4.404004229576491403e-01 2.047291469034256961e-01 3.834244828314792297e-01 3.270016263174667093e-01 2.000844738746114515e-01
1.069724635220540510e+00
8.787873501656685571e-01
2.266713028267426377e-01
2.196558658146513243e-01
2.788877360709143272e-01
8.028405161866010165e-01
2.102827465262975815e-01
5.648338754573807297e-01
-1.671057869580633570e-01
9.383543295691023634e-01
2.080778664770163155e-01
9.812409006575165682e-01
2.252029894321915526e-01
9.063156050830778465e-02
1.092927694835698071e+00
1.079936660032112306e+00
ReLU
0.01
16
2
8.694238731313027602e-01 2.191302555100400062e-01 6.995453887813138927e-01 4.655061156518630061e-01 9.152237192760742657e-01 3.116156513742662226e-01 3.087150516984977222e-01 3.350249632210013373e-01 2.074330053727957424e-01 4.675207356850907825e-01 6.661155431195423526e-01 9.456139408369967914e-01 3.059021798732423636e-01 7.265427893761110534e-01 8.117714799438311424e-01 8.237299216051660045e-01
6.866208054741372857e-01 4.212003929219598208e-01 9.375245583452906928e-01 9.169321948810676970e-02 8.160598012169710813e-01 3.615336383870941805e-01 4.666952784871959969e-01 7.329906570152258105e-01 1.577138547471321484e-01 6.894872817342956317e-01 9.254398575473616884e-01 1.380803012608245728e-01 4.327085252827917450e-01 1.978702311494866806e-01 6.164164928190696280e-01 4.476608901767337167e-01
9.890386617488722276e-01
4.053866047142066220e-01
Linear
0.01

ct 2024-06-05 10:19:21.408112
