noname
4
4
4
6
-2.353107855262218662e-01 2.471373185630679092e+00 9.245103317839665991e+00 1.020716298507742925e+00
6.416624766370654598e+00 3.072716666019778220e+00 -1.668060888996579560e+00 1.986484281467571389e+00
-1.025299719898674411e+00 1.328438372341013807e+00 1.411286767124568620e+01 6.501709290197927871e-01
2.382774033839936134e+00 2.468467488395555964e+00 7.939355229495410171e+00 2.032399806637121387e+00
4.842835842941325963e-01 1.747726853535646330e-01 4.011553118812077323e-01 9.125202033227814979e-01
4.501440590539380060e-01 5.940344802761708953e-01 -4.652888926832672578e-02 3.769868772041732319e-01
-2.612277217258137441e+00
1.506379592730311412e+00
-4.038507033322114914e+00
2.482272378708607619e+00
-3.215877382003027862e-01
-1.351454660070467440e-01
ReLU
0.1
6
6
-2.786811355816239955e-01 -7.654202837584538344e-01 -1.599319607312672531e+00 -6.872342592423509311e-01 -5.079965989556536332e-01 1.743391677753988178e-01
-1.421501316595785158e-01 1.336316760773740953e+00 -1.030480445030755865e-01 -2.754377583824590303e+00 1.726819472021204893e-01 2.148324052068061596e-01
2.382855676549371360e-01 -1.033138157028491211e+00 -3.894486484050619923e-01 -3.174927497980227109e+00 9.255342709815239655e-02 -2.758772457039799786e-01
1.231885534828939699e+00 6.832775831708884917e-01 -3.502478901216576901e+00 -4.354636713276704985e-01 -4.260742395162826490e-01 2.843260380414577293e-01
6.154822184415966735e-01 -8.356032201580194663e-01 1.493324390882677655e-02 -5.856175020503402440e-01 -6.596291371662251768e-01 -5.925132144125843103e-01
1.419300037404223280e+00 8.852225691819421982e-01 8.648083098615277908e-01 5.942227873611846123e-01 -2.602337697659120597e-01 4.991213684601200629e-02
-6.058595276824527698e-01
2.127427296330976603e+00
-1.576441700470820217e+00
2.663745766123977177e+00
-4.490826989728552432e-01
1.018523707043906823e+00
ReLU
0.1
6
2
-5.104027872857657133e-01 -1.312433304029970937e+00 1.747413253759558527e-01 6.605647256552260593e-01 -2.840002309119152649e-02 6.152063604909748795e-01
5.666954850413022937e-01 -8.671508161542031967e-01 5.020753598928701100e-01 5.502286196758831016e-01 4.839571004458131376e-01 7.218900995532081533e-01
4.872991301006619480e+00
4.638827773827041590e+00
Linear
0.1

ct 2024-06-16 12:28:20.700956
