noname
4
4
4
8
1.363001720985155485e+00 7.950125788937749682e-01 -8.620314846919404639e-01 4.912187943001569690e-01
3.998570203350435559e-01 5.253170544535012976e-01 7.520933332992298936e-01 8.244292641979604763e-01
1.379979174866240887e+00 1.072943654288112114e+00 8.523367804214680987e-01 4.974117561656170583e-01
5.940982365258515863e-01 3.941075556971067595e-01 8.157353778520113341e-01 5.725363055522814104e-01
1.658199384459078995e+00 -5.623188096754839355e-02 -4.369775005340142293e+00 -1.186695643006048101e-01
1.132017730378793940e+00 9.387372068948092174e-01 8.029886237011980565e-01 8.180864241062446585e-01
1.203927810899716899e+00 3.223304275750663583e-01 -2.105831206642802267e-01 4.339989199412790932e-01
1.084964748387582167e+00 8.630964157276026505e-01 -5.121683865539469194e-01 4.377503540069851429e-01
3.900139942965554773e-01
1.016060764622414014e+00
3.619764120616799641e-01
6.211650365185946709e-01
1.326608920327258190e+00
5.060643407776636016e-01
2.529728554279625508e-01
5.851755767690351995e-01
ReLU
0.01
8
8
-2.222748222993264997e-03 7.206301200110654115e-01 3.231036146158175471e-01 2.224971433601096726e-01 -2.333607750242250659e-02 9.729149046236416076e-01 7.142245719692503769e-01 4.666623761045775032e-01
2.617252571482275303e-01 7.321102495366786922e-01 7.880744441780600518e-01 2.799466764447344769e-01 -3.922700852366963198e-01 5.234653062903165122e-01 5.422992122761609579e-01 3.637383317722681086e-01
-2.298134389202280969e-01 7.138371996554525589e-01 -1.256747091724770005e-01 1.992119332286806932e-01 1.321656261768093255e-01 -2.113455323868315971e-01 -2.934835271213605545e-01 -1.312030159038704569e-01
2.222345710878596003e-01 2.522694292947361486e-02 8.071693321377990116e-02 2.245395991009714320e-01 2.617839197424473019e-01 -1.891839990713442554e-01 -7.410725193495033836e-02 -5.475749744863218638e-01
-2.592554299302792242e-01 2.611174249158274563e-01 1.724318564434335621e-01 9.046318233049848168e-01 2.586908561505982806e-01 4.018676755779290732e-01 1.999295704867141699e-01 7.329284529747083499e-02
1.362735979153443799e-01 9.435129385541678460e-01 -4.360808743521908670e-02 6.423282357780826235e-01 1.123756309016379212e-02 1.306837556122699140e-01 1.991089569080220778e-01 3.849910578988255949e-01
-1.840537773379957720e-01 1.125949943802921238e+00 6.911490801725334032e-01 1.245386602936395581e+00 -7.135214541307901115e+00 1.314401503479264433e+00 5.448525422132727281e-01 -3.014252614295145904e-01
2.506509052451560415e-01 1.115371451539191927e+00 -2.637006385158052746e-01 8.736334037921059670e-01 5.129661791160958217e-02 8.659022469673762767e-01 4.666818099219778304e-01 1.519987651747492681e-02
5.786672674434213404e-01
8.624233653201841543e-01
1.241211877092027044e-01
7.517903682367836904e-01
-2.296753321588381469e-01
1.138241990139133852e+00
-1.586929248806360437e+00
1.403843052199355290e-01
ReLU
0.01
8
2
6.324295459530602237e-01 6.633720394006461518e-01 2.279923744686829512e-01 2.884329463860870191e-01 1.226689744757395589e-01 8.743973882581428381e-01 -2.443087030607719257e+00 5.431053606519957722e-01
6.997628028911572207e-01 2.212841193952170271e-01 2.839480599419694218e-01 1.673812402375244590e-01 5.569940758969617045e-01 3.728685265933835424e-01 -1.775910937685185598e+00 1.004504113479629313e+00
1.247496530906367251e+00
7.938186288293551662e-01
Linear
0.01

ct 2024-06-03 10:39:43.096678
