noname
4
4
4
8
-4.626373633910198513e-01 1.054835118858895138e+00 3.353276972956608648e-01 5.864484923778925385e-01
6.530797943477158196e-02 -7.454310642218749949e-01 -4.484010489791333320e+00 1.199816868332574060e+00
-8.968565192907687056e-01 9.140704570980218158e-01 2.827461998351298789e+01 1.355393577901896407e+00
-2.207964010942063127e-01 5.724208784067134070e-01 -9.788975250843671982e-02 2.120568088839574206e-01
-4.851098910766233341e-01 3.627014711434494720e-01 2.352677043973323556e+00 3.084799507874335656e-01
-5.139515505548354346e-01 1.896506155353545164e+00 7.988068916030392153e+00 1.113655306558370972e+00
-3.263945594888664203e+00 2.870744924765622041e+00 2.275539834608753420e+00 8.370622484766531146e-01
2.261173442159980951e+00 2.244088742607690090e+00 3.922697769266777268e+00 3.324594108078569477e+00
-2.578992211795541944e+00
-2.062606662253068102e-01
-5.935971486594491253e+00
-8.008342074598566729e-01
-1.003359671285794841e+00
-3.928727104832026917e+00
-1.331367254011820433e+00
2.100034976026613709e+00
ReLU
0.2
8
8
8.412550924933251961e-01 -2.785476791449871814e-01 4.235277618928366683e-02 5.632995715423871896e-01 6.548994264577170377e-01 3.025280575728662713e-01 1.057568214241953353e+00 -1.036507414323369014e+00
-5.382069315990609670e-01 -9.949654346574782204e-01 4.784795015631269910e-02 -3.458016067472113320e-01 -5.805880739828870318e-01 -1.703702908182901654e-01 -8.323197188114957179e-02 -5.525308093151060085e-01
1.911412859481124382e+00 5.161800236666357344e-01 -7.136377193539535924e+00 -3.899653059902592755e-03 -3.166266313904429475e-01 -8.944343786423307741e-01 7.604963725835355293e-01 1.788936808781963927e+00
2.620001659647214765e-01 8.101971744214200299e-01 -1.693741892845603836e+00 -9.363834736390173052e-01 -3.356479102094112044e-01 -1.147608110735837128e+00 1.118421880405680302e-02 -8.189311534126026970e-01
3.360744031439082402e-01 -4.437859942569280514e-01 -4.028524872245204058e+00 3.726577226274492283e-01 -4.047442292024212573e-01 -1.559082061553732412e+00 4.413191838230580422e-02 -8.275961349131723613e-03
-7.130512825211516859e-01 -1.059133295067380409e+00 3.683980564812639469e-01 -1.020651730238123722e+00 -1.093250805023128436e+00 -8.140176717527179973e-01 4.560034043595115327e-02 -6.955288903475986828e-01
-6.756933976293236777e-01 -1.269319214675998397e+00 1.281978218967825545e-01 -5.184518419263041134e-01 -7.171145803669640717e-01 -2.170226943172582690e+00 1.831696874569733069e+00 -6.768760796701142057e-01
-8.692604093880400562e-01 -4.003567697335583819e-01 -2.314439252297811667e+00 -4.229846533603017211e-01 -2.305223824918150866e-01 -1.693702179447777345e+00 -5.059114641615177765e-01 -1.329411715407118333e-01
-1.777442802437437797e+00
-1.754376535938079462e-01
1.999512615056602341e-02
-3.373297377048583567e-01
-3.967254264603227165e-01
-3.287866095177878756e-01
-2.414431995488269589e+00
-4.734328193232923976e-01
ReLU
0.2
8
2
4.699109519178267247e-01 4.690947001624652390e-01 1.521647252815813811e+00 1.621521191390924987e-01 -5.606071566583152588e-03 -6.975332838148781689e-02 -4.196307467492535470e-02 1.275858984215526848e-01
4.027274426248519390e-01 3.747112794536722746e-01 1.220410183998524412e+00 1.790760581221931269e-01 -5.115449287859960559e-02 1.238056072765846505e+00 1.417736140089047858e-01 1.775491635344468855e-01
5.999361083018095897e+00
4.401718293693361872e+00
Linear
0.2

ct 2024-06-12 14:22:50.497919
