noname
4
4
4
12
6.343536669442090270e-01 1.987842372379593492e-01 1.006418926676411196e-01 6.665586010390810445e-01
7.757667257337800271e-01 6.310289742055635864e-01 1.054278570357040090e-01 3.394889575119579561e-01
5.386819320325715310e-01 4.437762183784771386e-01 5.606031913780045173e-01 7.926909967728585915e-01
1.330637269637175990e-01 1.244986685700368856e-01 7.941270826286535023e-01 4.739018983075652391e-01
2.076200854918786032e-01 1.260973954993322987e-01 8.523003354289482303e-01 6.869645942581951159e-01
5.656420958823348277e-01 5.936873350140167149e-01 9.363906622146083158e-01 3.496486265134181037e-01
9.115426058298932155e-01 3.157650048682049126e-01 4.849106509545499932e-01 5.062182243137560711e-01
7.348087540529368855e-01 8.272334666971580264e-01 9.089820089020398397e-01 1.523497553927342096e-01
7.304571799756032213e-02 1.171027314390241658e-01 8.163780189403715415e-01 7.586461718284162048e-01
9.153044638616822937e-01 8.413065775726467077e-01 2.266773855668172688e-01 4.698370997373402247e-02
3.513328741229725383e-01 9.767213107127520333e-01 3.220545903567189061e-01 1.348977202639134454e-01
5.089279888033987342e-01 3.599789260502472832e-02 4.910915475276993458e-01 7.716508149525422855e-01
1.302410279527470571e-01
3.601807960244679530e-01
2.469061152254909963e-01
8.044652296240371037e-01
1.457835390657797880e-01
9.684546414430199590e-01
2.014417578155515143e-01
7.078350429151852863e-01
8.969258678469269608e-01
8.976240417270811012e-01
8.730084286636031754e-01
6.783332054593300686e-01
ReLU
0.2
12
12
4.597742204477023309e-01 5.941731290614621352e-01 2.057916142273428228e-01 4.307624687243980510e-01 5.125946278437417680e-01 6.569832195777327577e-01 2.680660315271314875e-01 1.561380334537671999e-01 2.026863166056146470e-01 4.307385741376755783e-01 8.554597373495127499e-01 2.792142531125255678e-01
2.071326485214276536e-01 6.143861665106077341e-01 5.466045093830567136e-01 3.740603095950356671e-02 1.782971798885479853e-02 2.494028533407172121e-01 3.993529208533035391e-01 6.410914477347348095e-01 8.046985241206405792e-01 5.798263407550261483e-01 5.663492139559005434e-01 1.891343705987158508e-01
6.086897164663731541e-01 6.844737478873276215e-01 8.322152745212707536e-02 1.769741609235271351e-01 2.930457833300206261e-01 5.520193507589207238e-01 8.323437157523847496e-01 3.534314879126991826e-01 8.351763637924859429e-01 9.443451974155555595e-01 5.199155014679326392e-01 3.432740268537508577e-01
2.362319381946925700e-01 2.869989434860366062e-01 8.909638266465718104e-01 1.248916578416636725e-01 9.384877842876838683e-01 3.381294312240670230e-01 3.305313922266019944e-01 5.413321818704019961e-03 5.761908184244680653e-01 9.121739016331630312e-01 2.038975517445966723e-01 8.704430891718943908e-01
9.768621608856299376e-01 9.937753710682233343e-01 8.312698083012726169e-01 8.910085980714961273e-01 9.449302174218521255e-01 2.203579221844099711e-01 5.023324541248365138e-01 1.467731744757285739e-01 6.280018496308872322e-01 3.017706263156678670e-01 8.605706097969181290e-01 3.584243755394853626e-01
4.651654133864941976e-01 3.932072713219838533e-01 7.742995581371781011e-01 8.327118051608618510e-01 1.216892392089676811e-01 7.182485259590531967e-01 4.166288430626816641e-01 3.135023463643134001e-01 4.894889621143321268e-01 9.714737451985807626e-01 9.525178982914951353e-01 8.283510401201688023e-01
8.100294889495200934e-01 3.914837794539588467e-01 5.532873573910579434e-02 8.129191898631276114e-01 4.314102249887591389e-01 4.813365206626406545e-01 7.025768138402570528e-01 9.672645305451069708e-01 3.960210051429223777e-01 2.332156557958102727e-01 6.225871603316907033e-01 3.108907522029094039e-01
5.993706009208826790e-01 2.030119445146012502e-01 9.736391327354773084e-01 1.519472906840386717e-01 7.091487863002342573e-01 7.095514307855561587e-01 6.517058062553895414e-01 8.388688436240716584e-01 3.032169171371296157e-01 7.746285578268503613e-01 2.409432347900919424e-03 6.132494871539996284e-01
9.608855681716418351e-01 1.985133457348658981e-01 3.553197948859855293e-01 3.673410496591221763e-01 4.331155996414323139e-01 7.249111772046679114e-03 5.440264901943812070e-01 4.328680101656563473e-01 4.492551623977054653e-01 7.661993011085913574e-01 4.089173104004719672e-01 9.393196872926798946e-01
8.986887371842379180e-01 5.651136463598489534e-01 3.423054970288328391e-01 5.112904392176527146e-01 9.804359218563507561e-01 8.263405574732709535e-01 5.653487490986317532e-01 3.416392546724399404e-01 1.649929823276852225e-02 2.643630862466760378e-01 3.050516083928345168e-02 2.142276509725551392e-01
8.857755829049301921e-01 3.339850087368612108e-02 9.553034622764879913e-01 5.435077485998390801e-01 6.414674101616248958e-01 6.885173639797725897e-02 7.478234053248812296e-01 2.636356621053456140e-01 3.313959132820643028e-02 7.748246684707789100e-01 4.209904257853813725e-01 4.795330286035137668e-02
4.697313060302609200e-01 2.539420066176952817e-01 6.106970055199053560e-01 2.917085915917118077e-01 8.946569323386422967e-01 6.294063870645427716e-01 8.772755142956194518e-01 7.665984772362290922e-01 2.432881989104507259e-02 8.968372989552890751e-01 8.938744843764574455e-01 9.818581251627697126e-01
6.757644279029660916e-01
8.065162301455771621e-01
3.559627475826180332e-01
8.484698637106690144e-01
8.809966948300930190e-01
8.267365570442797296e-01
5.173073721048490059e-01
7.308211426304737079e-01
9.472737456486315377e-01
3.413505861806180874e-01
5.798630740655758009e-01
5.206132360567894413e-02
ReLU
0.2
12
2
8.520387552425989774e-02 3.957110024410112059e-01 6.479181214032351255e-01 3.776956644927613738e-01 1.707355995794745951e-02 9.080711700963217670e-02 4.061201838301260469e-01 9.685746783783806269e-01 9.488091792597244112e-01 5.238475891091132208e-02 5.357396334011134131e-01 1.397271071582988355e-01
8.296606662460681569e-01 4.337481159224387817e-01 1.019848661044441274e-01 6.822942441956506565e-01 1.624868564674593063e-01 1.279174155444654515e-01 1.366478156983883530e-01 2.257429260496099932e-01 6.390521452524000612e-01 2.086966386663233752e-01 2.153672212721023937e-01 5.948644635507238654e-01
3.362462895035954746e-01
6.003511828200600586e-01
Linear
0.2

ct 2024-06-10 18:15:32.017651
