noname
4
4
4
10
3.419765607881635194e-01 1.001055112763926669e+00 1.124261700903911310e+00 7.317279147291101404e-01
2.352058216204884200e-01 9.319131798312412229e-01 9.311185130966856960e-01 2.475174502639518603e-01
-5.222861680584066635e-01 1.294371293982488513e+00 2.342250362317516821e+00 9.966031593747048944e-01
9.799910271556933061e-01 1.176974424978385558e+00 1.286949817717806921e+00 9.070872421416480424e-01
-7.440649478553830187e-01 8.524612569309677479e-01 6.860451383301655603e-01 2.452044276907350828e-01
1.258867174500528208e+00 5.720686404683954507e-01 8.679013269639883621e-01 4.119162435976577163e-01
2.581427470801023194e-01 9.981406753260709808e-01 1.147833184136649809e+00 6.773292787024441930e-01
-1.824753003091854842e+00 1.089523479619555868e+00 4.911269488242451686e+00 9.480796978205827674e-01
7.645033783352054302e-01 1.233631135239501075e+00 8.354864394212165868e-01 9.199866553653559542e-01
1.825767943483059375e+00 9.024658823409212882e-01 -3.386658989330155189e-01 8.508989674484969123e-01
7.131928661418782678e-01
2.002868907038737323e-01
-6.977647725100153409e-01
1.001130826676903229e+00
-9.588909014620827787e-02
6.019122729175675479e-01
5.842437706372313189e-01
-1.269593142845327982e+00
6.686854878733765606e-01
1.766309717350063313e-01
ReLU
0.2
10
10
4.224717181136281030e-01 5.798302702980102641e-01 4.754740541905007056e-01 4.710364469922288105e-02 -1.887041156912453999e-01 2.591504056188856375e-01 6.494021899817447041e-01 2.381203188909658264e-01 9.197895193857478016e-03 -3.249171620218718748e-01
-1.257603036408474706e+00 -9.339406730050183736e-01 -1.050001073536283691e+00 -8.953453592413859186e-01 -1.259136831046028249e+00 -9.971384590525627090e-01 -8.127576030255205808e-01 -9.016606079796056772e-01 -8.103785365124035467e-01 -1.341088936356707118e+00
-1.034597069746204800e+00 -1.177517707284154502e+00 -1.615927013937404233e+00 -1.107462997166156038e+00 -1.389325814638626699e+00 -1.221812457263038221e+00 -1.634819068640135376e+00 -5.802153779207600559e-01 -1.259596263157257034e+00 -1.114203590974481628e+00
4.251646025084150904e-01 7.153339661634452451e-01 -7.087829364830446899e-01 9.784083224075984520e-01 2.172342869228031104e-01 4.194116029339482465e-01 1.251423360890032699e-01 -8.790770298270286220e-01 5.628279487761376210e-01 2.119441040600019421e-01
6.074935756099766326e-01 1.326077169106043840e-01 -1.035317143249036675e+00 6.185893290417592283e-01 5.466176247758380846e-01 -2.217103473753539444e-01 6.297103659594730507e-01 -2.657353905075610978e+00 -1.107378107246288906e-01 -1.745399094047803967e-01
-2.150866963275643168e-02 1.761086532395764459e-01 5.740457055611540849e-01 6.323376605372117432e-01 -2.356570105101728763e-01 7.623326505886841575e-01 1.916474517725705595e-01 -6.148111951533941077e-01 4.699001099875420584e-01 4.982435816251645777e-01
-2.634860832133135156e-01 -4.065636319315094060e-02 -1.048855588544280071e+00 -9.458277128995400407e-01 -2.425594966727317170e-01 -7.390867575287277114e-02 -1.326864786776434622e-02 -7.253457497885864580e-01 -5.989526471862439694e-01 -6.422478139367471250e-01
-5.478565029941827313e-02 -1.868628913371722655e-01 -7.121850545986633252e-01 6.855395817721553209e-02 -4.160926169683869524e-01 1.450214940965012522e-01 4.276029312462822918e-01 -1.279580108622512480e+00 4.237913245336561441e-01 1.789679946798534149e-01
5.182754056910743312e-01 -1.614211488926148019e-01 -4.474915810185275955e-02 2.912796816395323285e-01 8.689164156135029127e-02 -1.750623878032492309e-01 -3.266886798769169653e-01 -7.338916156158673543e-01 5.333339979168825185e-01 2.103981118511953907e-01
6.652526432749695795e-01 -1.606385410995714580e-01 -6.421481588614130764e-01 6.844232410841316616e-01 1.065420700217246767e-02 6.712138435608330234e-01 4.614779815592973122e-01 -5.204878751625274802e-01 1.059186717534102706e-01 2.329018980490031587e-01
6.831402791152896281e-01
-6.828268434409414667e-01
-1.190589498487912401e+00
1.209171380307088484e+00
8.111737677155976822e-01
8.824316887912799778e-01
-4.306325735980375269e-01
1.348095872501142489e+00
1.240588925849791746e+00
7.661262052801084410e-01
ReLU
0.2
10
2
1.564128061590621954e-01 -4.699179941925270554e-01 -5.114631635862771919e-01 9.772945271722288663e-01 1.130301395318923374e+00 5.028030579168414338e-01 2.821873025838628202e-01 9.663818280057279164e-01 6.559412596167565335e-01 9.716465314683585541e-01
7.290133304098198597e-01 1.080016968484579287e+00 9.077261369061567775e-01 1.378858378483885483e+00 1.133216334512300083e+00 1.019097326703186868e+00 9.064300688616376833e-01 1.044812108423540886e+00 8.754183387210046075e-01 1.178845178508638680e+00
2.936046287753672601e+00
2.584668461295913211e+00
Linear
0.2

ct 2024-06-11 21:16:41.821745
