noname
4
4
4
10
-3.972982222589837242e+00 1.930555177949287549e+00 2.095957083600941928e+01 2.883167929549076192e+00
-1.620152417301573333e+00 -2.428438955853798209e+00 -6.738532181444612412e+00 -3.081154164663774675e-01
-3.067628532080257209e+00 1.902712699723277723e+00 1.719111936159895038e+01 1.400732385846357175e+00
2.697431375871857995e+00 4.901083294430497617e+00 1.065247307818770039e+01 3.811287589227394079e+00
-1.583575583912126383e+00 1.039591863388363402e+00 1.916370718252008665e+00 1.381889973190209286e-01
-7.140356992161984717e-01 7.556082857113407547e-01 1.608891512260042234e+00 2.732710022783203518e-01
-4.239375899912882772e+00 -5.127582506440032939e-02 5.609667509019018006e+00 1.128269588573170612e+00
-2.116169065283739936e+00 9.339018670302297043e-01 4.064705616135889876e+00 5.325422300062053749e-01
-2.017261130565941585e+00 1.194028238147564425e+00 3.513357366727684283e+00 7.702867761099984056e-01
-1.347237955881373184e+00 6.045415023003374300e-01 -6.958919373749625770e-01 2.226085729563263005e-01
-4.503281641096685384e+00
-3.268840156347843529e+00
-5.723776207155553131e+00
3.617153170733782730e+00
-2.380476548460855213e+00
-1.106124970952618858e+00
1.850284205554298289e+00
-2.190921160702841597e+00
-1.751511503037105344e+00
-8.177691153284357695e-01
ReLU
0.2
10
10
2.727688214978161302e-02 1.850401037687032124e+00 -1.457691840361603590e-02 -3.939188177455744011e+00 -1.767877772327927366e-01 -9.903407039237767384e-02 -1.325589394627797013e+00 3.097589279506499649e-01 -2.053805302639301056e-01 -5.978545432545095961e-01
-1.257603037889226671e+00 -9.339406745180848235e-01 -1.050001075237146919e+00 -8.953453608161182631e-01 -1.259136832404086581e+00 -9.971384606650393057e-01 -8.127576044756600337e-01 -9.016606096703853046e-01 -8.103785380764972901e-01 -1.341088937962024108e+00
-1.034597071630992016e+00 -1.177517709096328691e+00 -1.615927015730747929e+00 -1.107462999130704118e+00 -1.389325816366109967e+00 -1.221812459209352442e+00 -1.634819070474482050e+00 -5.802153795703990369e-01 -1.259596265073263499e+00 -1.114203592814153820e+00
-5.284143085713007615e+00 1.900865426412021719e-01 -2.877376575244507961e+00 1.891400036217799396e+00 1.439606559854225365e+00 -3.366560297315309147e-01 -1.482038464586523885e+00 -6.816574364291511090e-01 -1.005464593772099402e+00 -1.211984390230211794e-03
-5.339683460796795789e-01 -5.180421697411227155e-01 -4.324230714867983494e+00 -2.045306880208828948e-01 7.544631229157099384e-01 -7.366691387712501760e-01 2.557588686629174712e-01 -2.396459157428100450e+00 -8.635317470423941044e-01 -3.564888945264699238e-02
-9.946425220993151406e-01 1.200830018734293653e-01 5.665998490805040921e-02 -6.348499742359300368e-01 -1.842236831700177213e-01 6.505812095503231696e-01 -3.505646667802898575e-01 -4.714296145873822508e-01 1.742673164032262356e-01 1.398563140961487927e-01
-2.634860846705454618e-01 -4.065636463440211457e-02 -1.048855590539758298e+00 -9.458277146038940320e-01 -2.425594979446015487e-01 -7.390867737328299381e-02 -1.326864936340821192e-02 -7.253457521760990900e-01 -5.989526485742260320e-01 -6.422478154437388786e-01
-9.298925555737869164e-02 4.918354235880373904e-01 -2.059186011222658763e+00 -1.390864119439660707e+00 -4.185871630277815392e-01 1.508845705239901802e-01 5.843406442093567188e-01 -1.096842860399394715e+00 4.025366040274966917e-01 2.001808957493523278e-01
-1.866514949360051356e-02 4.861085771711619041e-01 -8.006772381034249486e-01 -1.602302144603135137e+00 1.346329352758815490e-01 -6.408474883479627904e-01 -1.982503248571626076e+00 -5.579453199018892251e-01 4.496700810285899491e-02 3.046678296169902933e-01
-2.567851207637371694e-02 -5.723894676287252237e-01 -2.178697031556214636e+00 -8.865424742173964867e-02 3.144666556099959265e-01 1.145056921325931093e-01 4.157765660661370821e-02 -3.303706678733410729e-01 -5.222601736140598527e-01 2.887934781279755114e-01
1.764235659789157307e+00
-6.828268452897193752e-01
-1.190589500741820572e+00
2.265072830021020778e+00
-9.162725512926386262e-01
3.508326509425711559e-01
-4.306325751230473675e-01
1.299677657042278556e+00
1.463527101507194006e+00
-2.705610336032112651e-01
ReLU
0.2
10
2
-1.170862221338100140e+00 -4.699179947272104640e-01 -5.114631641884180846e-01 1.316015000625614828e+00 1.744939457623913837e-01 -2.920440771777833566e-01 2.821873031248293140e-01 -3.050325854195533037e-01 -3.715171488764228425e-01 4.711477294258863829e-02
-6.391283274553443139e-01 1.080016969891153922e+00 9.077261382571217840e-01 1.565899367634555839e+00 2.023006537158950624e-01 -1.152749066270057771e-01 9.064300695703716437e-01 -7.303481039707004907e-01 -8.965250603965070342e-01 5.862138278055189361e-02
8.249116957056935817e+00
9.719034253543361146e+00
Linear
0.2

ct 2024-06-11 21:17:28.840555
