noname
4
2
2
3
1.655589989248807126e-01 9.117110348431680666e-01
7.168417758005947160e-01 5.643860840946055557e-01
-1.760617659411511243e-02 8.282182940063325116e-01
3.142620146981381368e-01
6.816233127472929310e-01
8.164882342443510188e-01
ReLU
1e-05
3
3
7.392326450236303970e-01 5.002473924243946435e-01 7.718287335327354004e-01
6.726579118933297963e-01 2.300170386676675949e-01 2.688426013873928752e-02
8.431454478607923742e-01 3.829988464163387035e-02 2.096563101251090744e-02
6.068000936553160640e-01
9.740025556538627061e-02
2.210752633597491690e-01
ReLU
1e-05
3
3
1.385253895117158351e-01 4.997781849423189593e-01 5.062412461959349130e-01
2.392639270789720940e-01 9.130353170891382097e-01 5.664906580589184060e-01
4.567234269407100533e-01 2.729069318719304360e-01 6.024580666267579376e-01
1.386860272562625840e-01
1.103411303822060124e-01
4.130477804060204150e-01
Linear
1e-05

ct 2024-06-02 00:10:11.008022
