noname
4
4
4
4
8.074784054109448439e-01 4.977437337728479738e-01 2.170446947600042087e-01 7.331863703475827165e-01
4.736278084008059830e-01 7.485328688029252442e-01 6.694464975090397285e-01 9.153457822072932348e-01
3.050087076987741952e-01 5.007269122318033228e-01 2.858599181248975274e-01 5.747510265877711078e-01
5.645497524085498764e-01 8.490238667719135490e-01 9.176870584647607298e-01 9.193617411277009710e-01
2.646149780444523314e-01
1.681163186281786626e-01
8.732309234118613706e-01
1.723315011318360401e-01
ReLU
0.1
4
3
1.691178557860537612e-01 6.640718897370497809e-01 8.243524693791316471e-01 6.079737991028745236e-01
2.868279687654261556e-01 6.985255382787525225e-01 8.382742956858603156e-01 9.989572066026934927e-01
9.392545521335692316e-01 1.401009363899977656e-01 3.319076278180942419e-01 3.739113056444250960e-01
1.350356256970416391e-01
4.047268298194544034e-01
6.383352849084321656e-01
ReLU
0.1
3
2
5.241212863986977055e-02 6.391469557571116678e-01 1.265452153007178282e-01
7.733084217884855782e-01 2.114558896054630210e-02 4.702705511683143991e-01
1.003925523573069301e-01
4.214773658624270114e-01
Linear
0.1

ct 2024-06-16 19:03:43.794758
