noname
4
4
4
11
-5.998873123221928338e-01 1.235114635568162589e+00 -1.249602436218369528e+00 1.234764882759670744e-02
1.890045509816143054e+00 -1.343766217028890653e+00 -6.734206655978260869e+01 -4.645305508271762918e+00
-1.921817851856847392e+00 5.407284671594828618e-01 7.167128226349818831e+00 2.223992998271478783e+00
1.253660777239073765e+00 -1.538827688862108856e+00 -3.208278997164007507e+01 -3.882803946446785393e+00
-1.129368622969079416e-01 6.743949389041229425e-01 -1.081665978773915349e+01 6.661385620186226486e-01
-7.586124080054554852e-01 3.301587679950623855e-01 3.807289831683744552e+01 3.536687658235962761e+00
8.830063374069492266e-01 3.319593995593715929e-01 -1.963120135733123162e+00 5.024368332510453783e-01
-2.072760807992749310e+00 1.080891645356734765e+00 -5.576354369872119854e+00 -7.857592169900702583e-02
-8.927359942416691618e-01 1.374317577050152561e-01 -2.242503105957105447e+00 2.311217900221593347e+00
3.220210894630725629e-01 8.302807621546617889e-02 2.350541147854241508e+00 4.608182165566791499e-01
1.869717838977680735e+00 1.698598926977477191e-02 7.155413953446942976e-01 9.108150753034435221e-01
-6.485789600391421494e+00
-1.486068940454968157e+01
-8.065267939125169150e+00
-6.903163105792722298e+00
-2.933809681180670648e+00
-7.236931890138526668e+00
-4.881633199369773024e+00
-5.105364534940910026e+00
-6.758120297404756727e+00
-9.372606801440667823e+00
-6.071050271052151892e-01
ReLU
0.1
11
10
-4.204603399976976075e-01 -3.017040428400833640e+00 -8.119616507041947928e-01 -3.248175121492498096e-01 -1.344314100793549738e+00 -8.268687050713211528e-01 -2.581789005695379391e+00 7.594195088401528571e-01 7.733831953414029847e-01 3.606499592529790466e-01 8.494399434164014995e-01
5.679262519008535515e-01 -1.972342540145961554e+00 3.653711666126160940e-01 -1.987454544247536425e+00 8.791215039832593614e-03 -1.753099732853325099e+00 -1.730438337713789743e+00 1.219806964702344398e+00 1.654272753960512654e+00 2.500911396914661466e+00 5.379152203448518410e-01
-3.097555508756100195e-01 -1.403023750242846646e+00 -8.815037086016063173e-01 -4.913886916620328726e+00 -8.261334312409214231e-01 -1.182571712430583732e-01 -2.603075933471684644e-01 7.594195088401528571e-01 7.733831953414029847e-01 3.606499592529790466e-01 8.494399434164014995e-01
-2.207880469223099329e+00 -5.142480141909385738e-01 -9.548431077031006575e-01 -3.463778655661614359e+00 -5.112307934936873854e-01 -2.571777509828404362e+00 5.934116168702661120e-01 7.594195088401528571e-01 7.733831953414029847e-01 3.606499592529790466e-01 8.494399434164014995e-01
1.693045728268422367e+00 -1.257269635795233098e+00 1.029663697794479083e+00 -5.387990222091801229e+00 -7.372991726423649972e-02 -2.883682390785278216e+00 -1.319119601558091714e+00 7.594195088401528571e-01 -2.299177914999913419e+00 3.606499592529790466e-01 8.494399434164014995e-01
9.061129642249730054e-01 -4.290522541041010385e+00 9.061129642249730054e-01 -7.824073130580685431e-01 4.611115105346177967e-01 -2.962742754615834695e+00 4.242917655897734952e-01 -2.520903425828951994e-01 -2.147956708249615598e+00 3.606499592529790466e-01 8.494399434164014995e-01
4.447206747575255248e-01 -7.280138878024886573e-01 4.447206747575255248e-01 -1.070421584040413876e+00 4.447206747575255248e-01 -2.061859153589316485e+00 -9.023596393528268145e-01 3.811420374466940042e-01 -1.389617741058275291e+00 3.606499592529790466e-01 8.494399434164014995e-01
5.838147520437574345e-01 -2.983523720526115586e+00 5.838147520437574345e-01 -1.287340733678760951e-01 5.838147520437574345e-01 -2.873433076071969960e+00 -1.222426596287241152e+00 -8.014058345751537971e-01 -1.801487223593926545e+00 -2.195903142913919748e+00 1.289893789333130536e-01
5.091766019995935810e-02 -2.444438749567520719e-01 5.091766019995935810e-02 -6.943131935315097758e-01 5.091766019995935810e-02 -1.190938193085286256e+00 5.091766019995935810e-02 5.091766019995935810e-02 -8.141610891764403668e-01 3.606499592529790466e-01 -4.516469778798644641e-01
8.886231513432514273e-01 -3.169000476735766014e+00 8.886231513432514273e-01 8.745940588451991404e-01 8.886231513432514273e-01 -7.661123816867101421e-01 8.886231513432514273e-01 -1.996548555437822614e-01 8.886231513432514273e-01 -4.604329841046247651e+00 -1.420696625427921189e+00
-6.318699708913130486e+00
7.604697107599085015e+00
-5.680712537194051670e+00
-6.854334093445732634e+00
-5.959753702553972410e+00
-7.968314600771801537e+00
-4.137277007370974147e+00
3.143737991676747168e+00
-1.768752497974402260e+00
3.523319230557691473e+00
ReLU
0.1
10
2
-6.310735136780161181e-01 9.957150683460549434e-01 -5.315469084382119097e-02 -2.340371009437743066e-01 -1.311184961210142053e+00 1.458760767948283243e+00 9.883154827941091902e-01 3.905279316380150800e-01 1.032088824191303322e+00 7.144321203338553916e-01
4.921687832571309151e+00 1.708123338632123511e+00 -1.053739950177283058e+00 -7.053335126837709801e-01 1.828533238531936611e+00 -1.498911400528998072e+00 7.233321297319764698e-01 -1.256165018886365559e+00 9.353894190501739203e-01 6.594486117725718577e-01
2.944673259469933413e+00
2.753660454814726766e+00
Linear
0.1

ct 2024-06-16 10:41:29.034698
