noname
4
4
4
8
-8.639854023152847562e-01 -1.357686955493828229e+00 -6.451986715878469170e+00 -1.876260308468397087e+00
-9.653106903523624993e-01 8.124985380360615350e-01 6.764029246897937941e-01 4.396018521997241413e-01
3.804694732619044562e+00 1.482052239758141932e+00 2.229347175547169990e-01 1.384767216118043764e+00
2.027310809898216437e+00 1.419046353244540981e+00 -4.904073726194571048e-01 9.841091036817043447e-01
-6.628970031127191520e-01 -3.784008899540855508e-02 -1.869607672555232192e+00 -2.696958362201686277e-01
9.259822946846067715e-03 8.011842739784713618e-02 6.842334788845318982e-01 -1.178220310559617845e-01
2.852197621399454874e-01 -1.713307477305204413e-02 1.873935718422679308e-01 -6.857020485168051349e-02
3.073297191276278095e+00 7.809037882674173536e-01 -1.018345804651166420e+00 9.860579528218705869e-01
9.690464352430049333e-01
-7.545437698359965806e-01
1.760289430958665857e+00
3.045335700425719772e-01
-1.058061206984847846e+00
-4.656580713924159398e-01
-4.564572668207649286e-01
7.515102305332929666e-02
ReLU
0.1
8
8
-5.652525517835299551e-01 -3.996612401693201977e-01 -2.076663433257372460e-02 -1.748602368631350934e-01 4.250925578121942383e-01 -5.007346668698849923e-01 -1.866049480061550692e-01 -5.163842540264766967e-01
-5.556579305639888222e-01 6.188426755732259060e-02 -2.679168624354310024e-01 -1.217795612084488360e-01 4.623517332777136724e-01 -2.251161402088200092e-01 -1.095017734364365641e-01 1.306639738755033531e-01
-1.244296432891659920e+00 5.040191134008656926e-01 3.032906469691721285e-01 -1.755979838466156795e-01 -3.154289652910118869e-01 2.758141554276978269e-01 2.688603968540178579e-01 2.056216489814987058e-01
-5.107988035476066502e-01 -2.619646675523552015e-01 2.399190481316123003e-01 -7.474288308621069854e-01 -2.494070129390911772e-01 -8.206476376241172641e-03 1.027970232963040242e-01 -8.971258236635941685e-01
-3.906740461146516741e-01 -2.797596079906705668e-01 3.900819163358491132e-02 -5.610105009181819424e-01 -2.156449433961701023e-01 1.511708011888765468e-01 -5.155162603887347705e-01 -6.381228511904128986e-01
-1.060737009511809159e+00 2.817141948357678935e-02 1.530047321409199190e+00 4.634288172727369370e-01 -2.267731658964497465e-01 5.516273392633666006e-01 8.534198975674392451e-02 4.047793624986335548e-01
-8.726200508216648555e-02 7.509128644841306377e-02 -2.870566982765541952e-02 -5.474598379444869378e-01 -3.574163501456101288e-01 1.536419837482615527e-02 2.680837568237794954e-01 1.228908457423670830e-01
-2.161046218425166643e-01 -6.756360575990898176e-02 2.353235521670233449e-02 -3.641808900121651371e-01 -3.875224289100001607e-01 -1.990472281631361084e-01 -4.775829373618482865e-02 -1.692336866225312986e-01
7.040041081672368528e-02
6.505076141501852094e-01
1.947347971187958438e+00
-7.393729553073900840e-02
3.847012219167641328e-02
2.211937874296717510e+00
-1.025866404289008972e-02
1.741731012702232018e-01
ReLU
0.1
8
2
7.109839638813458818e-02 2.186610371945194378e-02 4.804411426886474601e-01 6.454154365515822611e-02 4.169469267260809964e-02 1.241355900608868357e+00 -2.818068549031947645e-02 3.275048865602000342e-02
1.212388577436381287e-01 1.094199591027633228e-01 6.027116807820647182e-01 -7.272531810867286992e-03 -2.243142964697357467e-02 1.236584043607067418e+00 1.003484036672927515e-02 2.227338277109041503e-02
4.265331210406618112e+00
4.131217407311681633e+00
Linear
0.1

ct 2024-06-02 23:54:15.841735
