noname
4
4
4
20
-5.585578001842360862e+00 3.116415764431126334e+00 1.126447884649785003e+01 4.105482396523658650e-01
-2.885415239329019776e+00 1.495752611860776238e+00 4.781549172276698734e+00 2.191374599184280417e-02
-2.033651800885868610e+00 8.486069849950256261e-01 9.817954435524609558e-01 1.224642552781122877e-02
1.118201932752918015e+00 -1.767560970247638585e-01 -2.516248306443192106e+01 -7.380869556900668815e-01
-5.288974139020115040e+00 2.363711914226451771e+00 2.839947910073139514e+00 -7.553043799630559940e-01
-9.448774414092366847e-01 4.649756741785008862e-01 8.202647851398264800e-01 6.671168333885214574e-01
-1.362305081649972749e+01 5.940351731296659166e-01 7.694349408990396100e+00 -1.062601729060491662e+00
-1.128076988022931104e+00 4.864630396269700174e-01 5.160318511015091758e-01 1.972958520451163766e-01
8.341243083335977415e-01 -5.065438552409396999e-01 -1.119102765835952917e+00 -6.833140145309431202e-02
4.920089773032919389e+00 2.960451662149395258e+00 -5.799824608893123568e+00 2.252264476504659552e+00
-2.025747495106040574e+00 9.413559402563057565e-01 1.075135675359887993e-01 5.096454321340707777e-02
-1.707196457430583791e+00 5.875806406407340088e-01 -3.195891200322367620e+00 -5.616047405092581268e-01
-4.672354968236716921e+00 1.222704478849629961e+00 1.977217383309316734e+00 4.097328199032479641e-03
-1.638494009358750558e+00 3.730074620689032838e-01 -9.835269053287144514e-01 3.799880472823916611e-01
3.180608253394578977e-01 -5.327965180179659033e-01 -1.889343851486609216e+00 -6.332438371396234555e-02
-1.810563107686915085e+00 7.892030370411559081e-01 1.574993757551153895e+00 2.161796777022816640e-01
-4.420186076848157675e-01 2.344310756825181419e-01 6.589100232740606744e-01 7.209065384886924333e-02
-3.762664303941378297e+00 2.355038249676725481e+00 2.243584961436760494e+01 1.136708310063833771e+00
-2.895427447124102383e+00 4.001028796824532829e-01 -9.038463092474249283e-01 -7.970583959985275690e-01
-3.167610057516025979e+00 -3.561398039664945170e+00 -2.125041048207919658e+01 -4.371330578155501634e+00
-6.249840453576349653e+00
-3.191073954407924962e+00
-1.528913045700795781e+00
5.637824858653377014e+00
-9.865864959930298328e-01
-1.528756085825299538e+00
-4.363309974336567088e+00
-8.877373359795627250e-01
-1.025654235648356227e+00
8.938185445042583499e-01
-2.940583177798417491e+00
-5.908838058063446752e+00
-3.621608731146670923e+00
-3.085822056965843885e+00
-1.144088959888941881e+00
-1.393509943062244849e+00
-3.919346672839056911e-01
-6.426973289193290917e+00
-3.810664174266372051e+00
4.701092444378848434e+00
ReLU
0.2
20
20
-1.260945843163719715e+00 -4.725875963765643339e-01 2.355917974249128188e-01 -1.464080416387155026e+00 -8.282462338022090753e-01 -3.208459888685699091e-01 3.085330600023861169e-01 -2.048615038430402213e-01 -6.006299420720567772e-01 -2.962316827640283368e+00 -5.889583719183442145e-01 1.038075621016294026e+00 -1.118483104722244326e+00 2.272273167064838562e-01 3.822389486756745391e-01 1.962920647379469419e-01 -7.815476170667697009e-02 -5.916088187659756414e+00 -1.711454680763320857e+00 -1.096602736045249271e+00
-8.738072530036079533e-01 -1.138383493531341384e-01 -1.010786530257990590e+00 -5.378802264180783110e-01 -5.905380216829648754e-01 -5.673651979202450901e-01 -3.502487637410626187e-01 -6.516071603601534257e-01 -8.520911777691768663e-01 -6.758158573685217885e-01 -5.289317996174112135e-01 -9.210994180316857127e-01 -5.713635738660792773e-01 -1.031812831799836294e+00 -1.050183409361837406e+00 -3.825821078539077824e-01 -1.204906525481075130e+00 -9.935461761514553514e-01 -1.339997514545053114e+00 -1.123786305274089292e+00
-1.018855509418199051e-01 -2.256071907919382780e-01 -5.192717764352978715e-01 -1.015308391902823626e+00 -1.184466347316443624e+00 -1.222617347353012196e-01 -5.113514399384878617e-01 1.711898421184479546e-01 -1.624923935527040342e-01 -5.197203438193725988e-01 -1.912929338855951789e-01 -1.563165283711040465e-01 1.358258694436764447e-01 7.880015515717195829e-01 -2.279857961958264012e-01 1.736014158099818683e-01 -3.605348656905463800e-01 -3.835250422386812907e+00 -6.867813083224316717e-01 -1.333311323504379642e+00
-7.176323477150620134e-01 -8.037298950085861038e-02 1.266456017442486870e-01 9.567973414518803343e-01 8.159242440595400048e-01 -1.951966747990304119e-01 -3.040250486023223786e+00 -1.688177902353259763e-01 5.369888766457499296e-02 1.000217298378203834e+00 5.814909112268964453e-01 -1.418025937413628812e+00 -5.178293979992454332e-01 -1.780810354208845148e+00 -2.612903047218939623e-01 -5.122143424772399034e-02 1.304901747455400052e-01 -1.204402563153778027e+00 -2.896362801944843968e-01 -2.200142461101147973e+00
-7.684710089637999952e-02 -8.401197630334508171e-01 -5.108555540446219068e-01 1.255061464153037765e-01 -1.839224617707829301e+00 -8.033410108962387719e-01 -2.422828592841939077e+00 6.817399927050318276e-01 -6.445344540311698234e-01 3.824744013970349799e-01 -6.424145841225880060e-01 -3.163436450603713812e+00 -1.195253326675048910e+00 -7.524099652058681142e-01 4.622503662478444353e-01 1.216260546429710210e-01 1.597075965892228167e-01 -1.244537462593863708e+01 -4.704648887748104080e-01 -2.076711543237586000e+00
-7.677297253439032687e-01 -7.946561003820090674e-01 -2.675278820579638506e-01 -5.046538014184394072e-01 -1.351405882828488503e+00 -7.513228738765833636e-01 -4.165539275346805126e-01 -7.724141268815298833e-02 -9.603303368408341312e-01 -4.821080238035072019e-01 -6.724765963796432156e-02 -3.459005052230874622e-01 3.706386818576015152e-01 5.970652613127052505e-03 -1.012046175134819315e+00 2.361234963254092156e-01 -4.432692027313084870e-01 -4.884198178232273868e+00 -2.361525083865267494e+00 -1.844304857903255490e+00
-4.865314813148340356e-01 -2.137057972213539103e-01 -3.075659330900047395e-01 -7.199042076634552423e+00 -1.542776626570422138e+00 -5.223967087710410517e-01 -2.676057671166664598e+00 -4.851828364750983974e-02 -4.124046118293994700e-01 -3.722907731215608695e+00 -1.028016437713790976e-01 -5.563319332508116055e+00 1.773873363658773350e-02 -2.549328497362038370e-01 -6.846497044638549800e-01 -3.010032534023678874e-01 2.606235102354541588e-01 -3.419638972591390935e+00 2.446490882721144913e-02 -4.033638339483625934e+00
-2.562487173804026686e-01 -4.292561575278323049e-01 -4.288274834237732480e-01 -1.416215846973476689e+00 -7.579802704498267429e-02 -9.380547316932104085e-01 -1.097219155501651111e-01 -4.488137611592838416e-01 -2.269243030332503408e-01 -9.880934404642473246e-02 8.040252662813253126e-01 -7.043166913245128002e-01 -2.165733483296936046e-01 6.814871097924157795e-01 -5.332805644952185453e-01 3.941686999319588547e-01 -3.719875750421932636e-01 -5.312835794784725785e+00 -2.603724867680429433e+00 -6.758797330031834250e+00
-1.710827302662379257e+00 2.509506254170013051e-01 -3.380024079060678366e-01 -9.021338435503578612e-01 6.907970153294410443e-01 -2.860362389577432163e-01 -1.069947766421870616e+00 -4.210473071131388134e-01 1.544849761291186910e-02 -3.642161535615567325e-01 -1.308159931691307065e+00 3.822001839697148462e+00 3.955957971200989576e-01 9.026611846499705827e-01 -7.524495562139313365e-02 5.989986006549328362e-02 -2.333975310073193032e-01 -7.302471296291205505e+00 -2.308974944469265600e-01 -3.415556033241275991e+00
-9.220678577946964660e-01 -2.528380490670912306e-01 -7.465383958894310501e-01 -4.492380359073403495e-01 -3.543147874349423798e-01 -5.181535095723517337e-01 -5.760536299826597428e-01 -9.618134686962108715e-01 -1.146384349848132977e+00 -7.780562951166908325e-01 -1.158959205644527340e-01 -1.139229818074418255e+00 -9.076073362959138358e-01 -9.655765626855510320e-01 -7.379259717769296456e-01 -1.381440597854219632e-01 -7.913502846249371725e-01 -1.717985138160284864e+00 -1.506572231660562755e+00 -2.990048250050962864e-01
-4.804587192014732611e-01 -1.337282969551350231e-01 -3.123289721434820976e-01 -3.386550956060572659e+00 -7.890954224034043563e-01 -4.083342380303386365e-01 -6.526088425259209957e-01 -2.830979616860221926e-01 -8.853175716531485051e-01 -6.531981700698384907e-01 -7.522885527648026649e-01 -5.577440521742588864e+00 -5.758608228772952309e-01 -8.475401549957078950e-02 -3.996190367052355752e-01 -4.202605952825584357e-01 -4.493823862932622704e-01 -4.062947080560422641e+00 -2.189750019905833955e+00 -3.919433761142307127e+00
-9.226546044794009527e-01 6.660557706278510404e-01 -1.850468019521913365e-01 -6.142410220125199549e-01 -1.055379917469670525e+00 -1.026865354760789328e+00 -2.296576915643056549e-01 1.255892482344957671e-02 -3.063258472208028049e-01 -1.273985388097121474e+00 -6.143491482097614975e-01 -1.419422796864389102e+00 -4.256306213682801709e-01 5.606457777373772267e-01 -2.442601379121348004e-01 -1.035327841480817440e-01 -1.991313227994987722e-01 -4.113848549219154549e+00 -1.038388112315769551e-01 -2.177470334518132322e+00
-6.702220770083544554e-02 -3.017227977849487042e-01 -1.745668870068483036e-01 -8.087050861470655994e-01 -1.575884820844386178e-02 -8.763850985664841664e-01 -5.327692897605987854e-01 7.740146451204199529e-02 -1.482542094067237082e-01 -5.586830250465912862e-01 3.122695090567054188e-01 -2.065119074277310951e-01 2.359764432154940472e-01 -9.642674053584063265e-02 -4.267658327063736934e-01 -2.872405336183805336e-01 8.108659028443379602e-02 -3.746845257291578690e+00 -1.800631995594685064e-01 -2.169292732890684139e+00
2.072826577993263975e+00 9.174173278215619343e-02 -6.798120397790755609e-01 -1.370737903688435511e+00 -1.596027132500412504e+00 -4.189223189916045920e-01 -8.747977944724193433e-01 -9.752220955394763635e-01 -1.287985884842556494e+00 -1.293563986323502446e+00 -8.480542975874738598e-01 -1.152328280136316607e+00 -9.332150133065997277e-01 -6.782581197707497900e-01 -1.078602111799084939e+00 -8.556572646932539827e-01 -2.593903928677643855e-01 -1.201785941156501725e+00 -1.472478998479289203e+00 -4.167580456650963328e+00
-5.214056579467271080e-01 -4.623302774433816209e-01 4.213971037664682728e-01 -3.219268047273667221e+00 1.075688958783438842e+00 -1.924953840011355832e-01 -4.593966767874330670e-01 -2.933716083506883177e-01 -8.937565311635796705e-01 -3.391603019439988209e-01 -4.896845720058246032e-02 -8.862700759898231584e-02 -1.078096357542012163e+00 6.824546196767752315e-01 -3.768865517921550223e-01 -2.809319114290537711e-01 1.873509064929649026e-01 -4.713728024238329262e+00 -9.202818907374520352e-01 -5.955812443842148696e+00
-1.211432085298419059e+00 -1.113729751032433102e+00 -9.042276828431281555e-01 -5.524203391348246894e-01 -6.471216355554332278e-01 -1.007416559672484668e+00 -1.073976032111018331e+00 -2.911329285237597708e-01 -1.625639481932536823e+00 -4.985894839408888113e-01 -1.064615570965623981e+00 -4.396486316222616431e-01 -1.144075571880541542e+00 -1.356116456932761949e+00 -9.581292941317629541e-01 -1.091105499861433348e+00 -1.328967338972624201e+00 -1.564999962226057306e+00 -1.003598504665205171e+00 -1.486845563234175938e+00
-9.833703360744059374e-01 -6.992339311914781697e-02 -1.048168408126893159e+00 -4.391772331183934064e-01 -7.110794506830832029e-01 -5.991446510216477117e-01 -7.863243192698021744e-01 -4.917767134460298561e-01 -1.149551971161814512e+00 -4.215358452777481224e-01 -4.322410925970830986e-01 -4.699920209129429538e-01 -6.340126839455062502e-01 -8.439102115134315962e-01 -6.229219193870139115e-01 -6.947558938977955734e-01 -9.149874394023301827e-01 -1.598355148042649221e+00 -1.536201830611345631e+00 -5.654899239710062808e-01
-6.009663294293180469e-01 -5.561715435097726035e-01 -2.854912834165160285e-01 -8.868005473725977694e+00 -1.762307447268205207e+00 -9.233128724850061531e-01 -2.041994597529009248e+00 3.541817665574853446e-01 -1.154935211513463900e+00 1.079090197486258118e+00 -1.468299114122204319e-01 -5.070303298987536067e+00 -1.931587556158710361e-01 4.225720829443545545e-01 -1.297341210910138432e-01 -3.049916368586587379e-02 -4.541904052540569892e-02 -2.950538349358706736e+00 -2.085289664698756429e+00 -2.444214235711834604e+00
-2.477877212625537062e+00 -1.273489610962381891e+00 -2.260694089393956718e-01 -2.911273750040991093e+00 -1.293976082872231759e+00 2.731421892642264468e-02 2.974862826549100059e-01 5.199674202401149969e-02 1.224689669243797102e-01 3.282338872896196635e-01 7.567838941374535056e-01 -1.296982144593990804e-01 -9.352430826565122368e-01 -4.092887593873949514e-01 8.815007704427240132e-01 7.402831755652804213e-02 4.041461589520384257e-01 -3.555963715498326572e+00 9.030399106967668121e-01 -2.773930844467557222e+00
-2.866892940048751393e-01 -8.755701641948492320e-01 -6.173072097318400564e-01 -3.284225653212038853e+00 -9.519058250172743874e-01 -1.163782023790768339e+00 -4.459107453601527937e-01 -2.504197319360850771e-01 -1.957393495834219566e-01 2.665854858479979050e-01 -7.149177924189917821e-01 -3.883443249469097580e+00 -3.006321474509716929e-02 -3.718662344527879915e-01 2.036219323142041682e-01 7.269608332092544756e-02 -4.545457791965405447e-01 -4.068256331670976778e+00 -9.181487587792294680e-02 -8.196870687057741245e-01
-1.392627015399476864e-01
-7.667412472071751806e-01
-2.678535023583710761e-01
1.381646243067527990e+01
3.772026323548185012e+00
-2.792950639227686702e-02
-2.428532601013332348e-01
-2.286189908951865302e-01
-6.442559767873189125e-02
-2.943595834881064868e-02
-7.909174981761890599e-01
-2.778481374947240623e-02
-2.101793437756635519e-01
-5.817131470533618121e+00
-3.008177547847964983e-01
-1.047260983269656220e+00
-3.608382108960402901e-01
5.778896144909569266e+00
2.543780137598370850e+00
2.318938997620817233e+00
ReLU
0.2
20
2
-5.805962265261307431e-01 -2.915962403434625982e-01 -1.732436541953336906e-01 3.477146907907326501e+00 2.131166264372102714e-01 -1.288797708958798471e-01 -1.276722631417617881e+00 3.566308378942354973e-01 -4.666287196552758032e-01 -1.067745427287189047e-01 -8.820259440383011462e-01 6.841421638440407793e-02 -2.481272825515324076e-01 -1.826491585933613104e-01 -1.273938941974055439e+00 2.430486288959853025e-01 3.132006513888480059e-02 -4.236456738174927850e+00 -1.746037613360309049e+00 -1.178655727363798977e+00
-3.816553985641633617e-01 1.080340882617646603e+00 -3.503654680130103838e-01 3.558391551265306596e+00 8.044984577047392671e-01 1.796126544769162670e-01 -2.905534724959191184e+00 2.427917170912975431e-01 1.555960465307466289e-01 1.137311796436098810e+00 -5.727105915829133753e-01 2.054895572700972395e-01 -3.000795986339998556e-01 5.126855262599123719e-01 -6.894653056135968683e-01 7.816699205141800499e-01 1.043448068250714122e+00 -3.473612566518643252e+00 -1.134875854798076178e+00 -1.360030327993137833e+00
1.919063264970445104e+01
1.740857405961413207e+01
Linear
0.2

ct 2024-06-12 01:40:18.688371
