noname
4
4
4
20
3.169610475299434182e-01 6.266496758536139744e-01 1.943494663746019036e-01 5.127987252054058143e-01
2.506319580037952743e+00 1.194076527177286406e+00 9.687080348309118349e-01 9.429953270703647084e-01
1.077287977816421716e+00 3.219507841380102597e-01 3.368912963478112310e-01 2.613673069820209860e-01
-1.349201893287869547e+00 1.479905181170000583e+00 1.720720828842503636e+01 1.442909928555244692e+00
1.913392201572356344e+00 2.070744133629969230e+00 2.203109111573541501e+00 1.752933728818745429e+00
2.044259976504107179e+00 5.929473438408102703e-01 -6.536707026767176743e-01 2.049455105630559437e+00
1.260439249340874035e+00 1.979804506408860743e+00 3.302145703821179445e+00 1.896359926172591637e+00
5.720433411284902014e-01 -4.356690242614275353e-05 1.245467454353889059e+00 3.382326854953763839e-01
8.322720087910280284e-01 1.396928569447035695e+00 9.962119716623566434e-01 6.641423650478680552e-01
1.423969458458782977e+00 1.443757140615126444e-01 5.873316786394026101e-01 2.148656498207320575e-01
2.114031924052847788e+00 3.827078187864292325e-01 -1.527715824190622351e+00 2.232661667454400589e-01
9.579003303412663151e-01 9.801775258674707558e-01 1.191220570785358479e+00 4.455591589257534846e-01
3.985716792326343683e-02 8.524803520425747738e-01 4.173768828982384049e-02 6.282142388103099107e-01
7.961373624654880521e-01 -2.268838809935984635e-01 -2.581425519663113621e-01 3.927672857185375566e-02
-1.171636779820686591e+00 6.315194064172283683e-01 9.287248594576600347e-01 2.728399541839821030e-01
3.646418175916274484e-01 3.591397575878724907e-02 1.089134813504105681e+00 6.444561246346482974e-01
1.752694311497957402e+00 3.818298314450847553e-01 -5.443697226775636722e-01 4.714582018660052332e-01
1.264722529493809366e+00 4.740469316713498693e-01 1.624270320843051452e-01 2.936845083631166031e-01
2.758501198545005639e+00 1.557311610309825678e+00 1.726236830810406797e+00 6.653550104816913224e-01
6.902397075492732181e-01 7.391013579433719505e-01 1.073000592179697454e+00 4.017181995748291823e-01
-3.629737526860089547e-01
-1.617841602217490876e-02
-4.628938415853250943e-01
-3.949236154484465189e+00
1.312208247775469960e+00
2.355111451928670330e-01
1.845639696403304608e+00
-1.177868813655998270e+00
-1.252964684759165677e-02
-4.617943613683242465e-01
-3.581051993776806497e-01
-1.109957646194405650e-01
-2.719406410213458525e-01
-5.998018812843390890e-01
-4.168135296596124362e-01
-2.529942834930655859e+00
-1.112723006657431846e+00
-1.501384194450303244e+00
3.846598472846841088e-01
-1.139703600822867369e+00
ReLU
0.2
20
20
-5.364813068723187084e-02 6.194770966965962994e-02 -2.658123991641634376e-01 -4.652449878573690079e+00 1.428998353428769241e-01 2.132627500518138597e-01 2.858726662815644359e-01 -1.218550073765771513e+00 -2.926439500806194416e-01 -4.279752684091275294e-01 -7.841354918994319911e-01 -2.407271189975126457e-01 -6.282398491493683679e-01 -5.838431333515901045e-01 2.769160347659102572e-01 -6.126106410713836325e-01 -3.712806972800384853e-01 -7.906780191841780159e-01 -5.737485640412683940e-01 -2.484781260691140137e-01
-4.578469456942656918e-02 1.591605629169682012e-01 -3.929582662641720736e-01 -1.952763768747423079e+00 2.374353127111078227e-03 4.535344857194475998e-01 2.407254456092076944e-02 -1.217256558731189875e+00 8.913983310424340722e-02 -1.758881025563227007e-01 -5.336826275237976924e-01 -3.056099440076014417e-01 4.453232756762245392e-01 -6.669801660840184165e-02 -4.816389877207490344e-01 5.818066999581527066e-01 2.889749891295921580e-02 -3.576410196706079209e-02 -3.703549878668286333e-01 -3.635327519186906109e-01
-2.954912262833357950e-01 -7.155874058924679426e-01 -1.372036158758498103e-02 -1.510721517084901766e+00 -3.815428612605447078e-01 6.907896578733198067e-01 -1.425090017007228996e-02 -6.891606215504718636e-01 2.304226736050042981e-02 -2.173426977393881909e-01 -7.153108421929323946e-01 -2.408351401713182960e-01 -6.314871060009100701e-01 -3.898472012591192026e-02 -1.261916643893919721e-01 -4.278883363331517087e-01 -6.251369673311964886e-03 -1.543726186593959993e-01 -1.051311492319324525e+00 -5.103100039059166315e-01
-4.434587082447837281e-01 -1.628561194135843063e-02 -3.376124532021926306e-01 -1.240973095323521180e+00 -2.897091402107540570e-01 1.816588881810302092e-01 -5.816929311045275774e-01 -1.120141071622855478e+00 -3.229136204560204559e-01 2.097881788661133950e-01 -1.186716946307113801e-01 -2.179481238090799633e-01 4.047711914267846378e-01 -4.919726840938071222e-01 -5.421022991538008151e-01 -8.167036849486134509e-01 -5.971833433533677571e-01 -1.098292868803478539e+00 -5.470697709889773552e-01 -5.436814039511137508e-01
-5.828031337750050334e-01 -2.935288358204115600e-01 -6.806958238968512376e-01 -1.309950016175573939e+00 -5.729642901252987031e-01 8.935216634731918406e-01 -1.735869148674822060e-01 -6.622501788769307174e-01 -6.015310158080660052e-01 -2.200612361163807595e-01 1.517649470659638289e-01 -5.941258968351885716e-01 -4.653640633696522477e-01 -3.941051530852071050e-01 -1.820694834474496648e-01 -1.010114147796520756e+00 -6.237133216409835867e-01 -8.384262212278821291e-01 -2.953391228127162371e-01 -8.626524485753931382e-01
2.008261915253236884e-01 -1.502264663276678958e-01 -3.124496641099956951e-01 -4.543907311335941834e+00 -1.426657613550119941e-01 -2.553829645439484874e-01 3.966172450674296801e-01 -7.590888521810719158e-01 -5.445494807676119764e-02 -3.722745552247784251e-01 -5.354605877973102057e-01 1.679347787569161754e-01 -2.707932725787616235e-01 3.165103772161503154e-02 4.204252228083371068e-01 1.790504714455783408e-01 7.967663988985763945e-02 -2.795929788147390460e-01 -4.136829440247696832e-01 -2.737921734168983767e-01
-5.284612667482886383e-01 1.996703381435831204e-02 -4.555417970285102758e-01 -3.140521698741157941e+00 3.165040932679761831e-01 1.328373534258824096e+00 2.213499660518782053e-01 -6.478445416933817924e-01 -8.718453097892086001e-01 -5.138304120898086191e-01 -6.254573975233358452e-01 -6.126263028436818026e-01 3.689806659352500851e-01 -8.166855501890272206e-01 1.334623611195200898e-01 4.734633894419197631e-02 -2.428019515560134733e-01 -4.347254235600921946e-01 -6.670353674093605356e-01 -2.748250188141255004e-02
-1.358120649284886572e-01 -1.265950596789709726e-01 -1.908940960321625635e-01 -4.270559708976164437e+00 1.590404030856824857e-01 -1.558616421308750277e-01 5.625963270146264739e-01 -8.456279219869723418e-01 -4.914180647143245317e-01 -6.592461102193236666e-02 -1.451869510307280398e-01 -2.863675383466910973e-01 1.017343114633998541e-01 -7.032653097668224891e-03 5.958638885121274598e-01 2.684142040890223346e-01 2.788985664360794647e-01 -4.617343097754793568e-01 -5.374329638980197554e-01 -4.861788246425847726e-01
-1.538583223752135298e+00 -1.306514419474555933e+00 -1.602112645787650225e+00 -1.032609291857211842e+00 -1.177274409699751612e+00 -9.647802289084635996e-01 -1.132536318307392653e+00 -1.490453905728193140e+00 -1.485042512709514373e+00 -1.624640893299154065e+00 -8.859169274255406235e-01 -9.674378316743678097e-01 -1.187080977092314971e+00 -9.005630081312936408e-01 -8.721875413237084596e-01 -1.583163902849767934e+00 -8.829245004124806062e-01 -1.463081404909207350e+00 -7.559370297685163997e-01 -1.364117852141115472e+00
-4.812951244999220252e-02 -1.105623417443835771e-01 -1.409337607684180670e-02 -5.797137323920763530e-01 -3.963897578716857328e-01 -2.367191149145550788e-01 -1.098834415738591419e+00 -7.504496128816662281e-01 -2.879172609677585482e-01 -3.524968323555429106e-01 6.183194838818177885e-01 -6.091087961038980092e-01 -2.713187325630222468e-01 -2.372921378119772218e-01 -4.806994568422743308e-01 -7.220169439660251154e-01 -4.891417981474820986e-01 -3.966188534284948441e-01 -3.052038723713378920e-01 -7.774505495535188881e-01
-1.103882385174420167e+00 -6.858664621945308459e-01 -3.890330986764143906e-01 -1.343888741857270475e+00 -6.696678619976698110e-01 1.052291494210989331e+00 -3.874301695971136272e-01 -1.373050474780960872e+00 -1.050468771305092641e+00 -4.706478559016361030e-02 -1.651546389637833512e-01 -7.433741713849567612e-01 -2.507258366071854483e-01 -9.103225798090360810e-01 -6.771519272574344495e-01 -7.611607215284351691e-01 -1.126785956614748896e+00 -5.252434637264412620e-01 -5.772030284992913929e-01 -1.504213134232407434e+00
-1.038907307940585695e-01 -1.882260303580688965e-01 -2.247812446729844094e-01 -2.776035144556890710e+00 -1.050326199670345573e-01 -2.989978288169170897e-02 3.021896987575946047e-01 -9.142253937160861321e-01 -8.742904732739720242e-02 -1.571920404240110813e-01 1.493914295561774574e-01 3.492891982857757038e-01 3.304540269139413233e-01 -6.713516716098384407e-01 -1.434019087925318126e-01 3.976916057339837524e-02 2.270945812337786529e-01 -1.073055700467229340e-01 -4.111870429111039171e-02 6.732969561741712627e-02
1.747912435848018309e-01 -1.857221052075373399e-02 1.968759606700806464e-01 -5.642120324730232284e+00 6.583197405162194427e-01 5.677124426135725203e-03 3.805356198074731355e-01 -5.289217897494615794e-01 2.203781372080027279e-01 4.032188652659294270e-01 -4.848826469204133849e-01 -3.533539555263151555e-01 -7.356418493231815792e-02 -7.539520638722249091e-01 4.688434606934223092e-01 4.581302848494326341e-01 -2.503662313161912900e-01 -6.889540442433930156e-01 -2.500353035561019288e-01 8.989777600888351761e-02
1.552456441514685481e-01 4.811128363170467104e-01 2.011418315036693216e-01 -4.939399489629846762e+00 1.397191966535684005e+00 1.442890946768603744e+00 2.093504777457606103e+00 -3.238659605953483900e-01 6.931942618982794846e-01 -1.563489773937462232e-03 -6.882289747346996556e-02 3.599414033151443482e-01 3.754671440603085664e-01 -8.378634648299525534e-01 -1.226219700116415595e-01 3.118903286444584810e-01 4.863184989965961269e-01 -3.280957686320655209e-01 9.928519918524955079e-01 -3.449099497469254594e-01
-1.192609992237057437e+00 -1.081088388148431889e+00 -1.548601781962130497e+00 -1.442357100861951347e+00 -5.426711527988713479e-01 -9.090776485770677429e-01 -1.276860420348673752e+00 -8.702606291833960839e-01 -8.772871170354133996e-01 -1.104117838013328301e+00 -1.099917420620299069e+00 -5.585649607337019873e-01 -1.178122545624776141e+00 -1.098102277258991455e+00 -1.197982464115308066e+00 -8.575272448988532359e-01 -1.104376588188084263e+00 -6.157742205770222466e-01 -8.723418565666490876e-01 -9.268346324197117569e-01
-2.695729685539351439e-01 6.449877166622319802e-01 -1.154373220804733868e-01 -3.986423020002865858e+00 3.444444653290011371e-01 6.180636382773213588e-01 9.649295740490044793e-01 -2.039507205621924335e-01 -1.586774241183310785e-01 2.962265308108392725e-01 -2.592492578174141471e-01 3.819585196497863322e-01 1.108781293444929678e-01 -4.251471543216986948e-01 -1.991863622976640658e-01 3.841401258245391026e-01 -6.015651085636675860e-02 -4.775959879676631992e-02 3.683155993148940488e-01 -2.022244944203065442e-01
-8.515704322526552739e-01 -6.430652159277013835e-01 -9.254787849755810036e-01 -1.377320820480183228e+00 -6.788200045906915836e-01 -1.111083324662499816e+00 -1.031220642855972702e+00 -9.612886738136350306e-01 -1.585844163530973905e+00 -1.006058004553787244e+00 -8.620718476611676229e-01 -1.436989674344634205e+00 -1.161152745896977034e+00 -9.780307610646675753e-01 -1.074467309870100973e+00 -1.255407969991426231e+00 -1.434013415160099614e+00 -1.065684120279542180e+00 -8.133219878830203475e-01 -1.115016983611669676e+00
2.413419642474573523e-01 3.382869903932467781e-01 -9.890630274301669134e-02 -5.898462082725855815e+00 1.329515680443552395e+00 1.197850688240235995e+00 1.361180650251469171e+00 -3.081490995030639057e-01 1.996499105756117942e-01 3.554102348889037755e-01 -2.805241805100209141e-03 -1.008904016799685305e-01 9.634656539904640216e-02 -6.870172215598399079e-01 2.975111015299555239e-01 5.433665524921210688e-01 -3.112884651148689064e-01 -5.594296902617849065e-01 5.539578121209175476e-01 1.508929646464026719e-01
9.196869531270112849e-03 -4.975891348177400864e-01 -2.397294806396140232e-01 -8.277658609035263737e+00 5.626139428473603266e-01 5.324200247707271405e-01 6.445930214421835558e-01 -7.955463132701195983e-01 1.291031403909532749e-01 -8.480410518016110455e-01 -5.552510607952729771e-01 2.563041441048283242e-01 3.122072549795452956e-02 -7.518237731001407020e-01 -1.272938132423546143e-01 6.312315295724459929e-01 -4.449528373059220554e-01 -4.986922783405842718e-01 2.582907787507137676e-01 -2.843655176073616939e-02
2.766428802663593034e-01 -4.798622192283791832e-01 -3.500103613851687778e-01 -5.076791309943129882e+00 4.483448363312766971e-01 -4.411940159749749152e-02 7.073345673827859947e-01 -5.954894248494202458e-01 -4.657140597584000230e-01 -2.437654830025136055e-01 -1.385105288227516107e-01 2.136062231442062420e-01 2.371752442360419988e-01 -6.176046868264623013e-01 8.303944184849983146e-02 4.159944049238039065e-01 1.693818140297575769e-01 -6.516604922779071218e-01 -3.509434271646779679e-01 6.935510021990373697e-02
1.799803935166056357e-01
2.587786570320699808e-01
4.773552008383710188e-01
9.041674575507986367e-01
-2.120496370440370232e-02
1.390035818372390208e+00
1.800111251712480931e-01
7.234242926079906821e-01
-1.182796353530477296e+00
1.238539274107028687e+00
-1.540320710029434784e-02
4.004803511150566986e-01
1.881852139149346570e+00
2.855504943145786179e+00
-1.378759633517262939e+00
2.169994292754831466e+00
-1.507314426332242663e+00
2.767612764118307034e+00
1.929414518919687183e+00
9.322737372679544832e-01
ReLU
0.2
20
2
2.442665729508879113e-01 8.343117371017638728e-02 6.832572291440733303e-02 -2.168444667781289081e-01 2.434297357850051802e-01 5.154401999420514802e-01 3.573723315133227607e-01 5.214305730819732698e-01 5.913487344273569146e-01 -4.153813964931972191e-01 1.270987759565995745e-01 2.575108073627722094e-01 8.457977978925175222e-01 1.784252889083701943e+00 8.645234460559912959e-01 9.604236414023107349e-01 8.908135137296623318e-01 1.567459742369235132e+00 1.203049707159474346e+00 6.924132738885356853e-01
1.351496142863989891e-01 6.515156644115323303e-02 9.486134325449709082e-02 -3.492647290795466430e-01 2.859742716026509798e-02 2.322714701009388760e-01 -5.869484549111056437e-03 2.467345640367919202e-01 2.880161232050584275e-01 -3.317562304043751853e-01 3.754483664632139728e-02 1.159966903422051387e-01 6.384969965055640184e-01 2.017404778852294189e+00 8.351528233722271821e-01 1.019355216697662936e+00 8.833795498361786125e-01 1.520635755921962762e+00 6.728842684522476914e-01 4.147781532540555927e-01
3.605582419936047334e+00
5.168259986512030224e+00
Linear
0.2

ct 2024-06-12 15:14:44.047235
