noname
4
4
4
8
8.024795912063663605e-01 -4.151320458986295092e-01 -1.958115175328571311e+01 -1.305987405467344598e+00
6.156886806414442193e-01 -1.443797186464446936e-01 -1.532920710704646261e+01 -7.921932803248646904e-01
-6.949294960954267575e-01 8.456006603667395316e-01 3.848356629997758405e-01 3.800329539682814062e-01
-4.812744734263020852e-01 1.142649963206697206e-01 5.754411227496323278e-01 4.905183827670236280e-02
8.061683375592679224e-02 -2.476354830156387576e-01 -1.072992785084737655e+01 -6.699738399055303606e-02
7.842485177088981407e-01 -4.237388354639359811e-01 -1.464817016852392406e+01 -8.750189347310266541e-01
-2.220825340167014716e-01 7.173642497218480907e-01 3.131226069940434620e+00 9.548635066633408275e-02
-1.429031105611324737e+00 5.524755003011425636e-01 1.665011550955339592e+00 9.732197100531300160e-01
3.236773286802004268e+00
4.135085305333377370e+00
-1.171962867494023897e+00
-7.283478451918320440e-01
-3.115211768195332631e+00
-3.095118971290552690e+00
-1.466709001588052841e+00
-4.976771403399365967e-01
ReLU
0.1
8
8
7.785440668935419972e-02 -1.027434919558403992e-01 2.577171862156413598e-02 1.000000000000000021e-02 1.000000000000000021e-02 1.000000000000000021e-02 1.000000000000000021e-02 1.000000000000000021e-02
-1.633126205141037790e+00 2.060767384730039176e+00 -5.898144227537803763e-01 -3.613722094618915248e-01 -3.258312632221222138e+00 -4.628761760729772412e+00 3.158099607315165702e-01 -4.416227727162366223e-01
-2.879771947337049554e+01 1.937175790825837463e-01 -1.793942494815532196e-01 -3.686398029969977230e-01 -6.834382162777883352e-01 -4.704184265779413621e-01 1.000000000000000021e-02 1.000000000000000021e-02
-4.710168554958413245e-01 -5.414057517907291395e-01 1.000000000000000021e-02 -5.498715560891193066e-01 1.000000000000000021e-02 1.000000000000000021e-02 1.000000000000000021e-02 1.000000000000000021e-02
-4.502538970224190251e-01 -4.515151287132883606e-01 1.000000000000000021e-02 1.000000000000000021e-02 -4.571234343539374856e-01 1.000000000000000021e-02 1.000000000000000021e-02 1.000000000000000021e-02
-5.088290172578860959e-01 -4.932566836346189421e-01 1.000000000000000021e-02 1.000000000000000021e-02 1.000000000000000021e-02 -4.727875482289877751e-01 1.000000000000000021e-02 1.000000000000000021e-02
-4.553722108912939825e-01 -4.552399699987594861e-01 1.000000000000000021e-02 1.000000000000000021e-02 1.000000000000000021e-02 -6.087452309287483265e-01 -4.507232539472947330e-01 1.000000000000000021e-02
-4.579788192802067837e-01 -4.577611705304812650e-01 1.000000000000000021e-02 1.000000000000000021e-02 1.000000000000000021e-02 -6.382083690929672981e-01 -7.217634633816907286e-01 -4.510183851841210179e-01
-7.868121844785098684e-01
1.960884664934075816e-01
-5.911722169727559040e-01
-5.366676944083104139e-01
-4.516520298343205675e-01
-4.749274661172576684e-01
-4.557161020851904221e-01
-4.580365602776343970e-01
ReLU
0.1
8
2
-3.852192794717593238e-01 8.810339888593474722e-01 -2.389831875264362970e-01 -5.411938590154565798e-01 -4.407767355759998340e-01 -4.818615008146514000e-01 -4.540681043871039879e-01 -4.549897266225024772e-01
-6.353719202719475545e-01 7.533493820268415408e-01 3.124907196116498698e-01 -5.038905399794452178e-01 -4.595700289340059475e-01 -5.068734579949729646e-01 -4.585047890103176038e-01 -4.609641779248973559e-01
1.305968719235474529e+00
1.470697497323502967e+00
Linear
0.1

ct 2024-06-15 19:31:35.788779
