noname
4
4
4
8
1.032222807688899735e+00 6.408444369063045487e-01 -8.117032623385311396e+00 1.204161254404005205e-01
-1.638964839232682102e+00 -1.626427293178891675e+00 -1.654100511277541585e+01 -2.948046701859619922e+00
-1.645143325726895256e+00 1.729712476695710821e+00 4.781452982713650379e-01 -2.934678724002212635e-01
-1.199805451991134753e+00 1.283834695038141849e+00 8.157100317665019418e+00 6.710318573206078829e-01
1.293227084318187670e+00 3.945496265672801192e-03 -1.970749518610768192e+01 -3.099467682274933411e-01
-2.304808354944430704e+00 2.356837835811478321e+00 1.052070367045921273e+01 -5.402505971680240382e-01
-7.714741808648113430e-01 7.664435119649603001e-01 -7.873059117514364935e-01 3.025755608456666135e-01
1.289332817874728976e+00 4.015424212898697776e-01 1.602232684155747044e+00 2.974270334740707761e-02
-7.022893558209125642e-01
4.258244350245065313e+00
-1.070164392729295200e+00
-2.677783225433641778e+00
4.356022061658296529e+00
-3.845698530147657834e+00
-8.901045771771968207e-01
-7.889323753551469309e-01
ReLU
0.2
8
8
-3.212743483626260832e-01 -2.508615906815533592e+00 -1.067013627086210725e+00 -1.748948643125306290e+00 -1.400030751154896225e-01 -4.715331418907766081e-01 4.193158088600753564e-01 -7.269537256194498198e-01
3.393892612029048711e-02 -3.213096657446383730e+00 -7.189563234979122752e-01 -1.803170936160382487e+00 -1.716961951456826840e-01 -1.071007142466925188e+00 -2.815980541395468051e-01 -1.197479800598347521e-01
-6.378303326765667469e-01 -1.339797181318152841e+00 -1.089829868936448287e+00 -1.557553819263006067e+00 1.124552725457931723e+00 -3.569263802603785951e-01 7.000808707076815185e-02 -4.984073576692353846e-01
-6.405185490894348410e-01 -1.922821501562806068e+00 -1.264293977374827405e+00 -1.124259213221487252e+00 -4.020846853928672360e+00 -7.802199690710858171e-01 -3.034331011885172957e-01 -5.542409860697031787e-01
-1.199105386781680549e+00 -2.037713901702708608e+00 3.790955967580348362e-01 -1.623501324564018855e+00 1.432463183669560047e+00 7.857923481856390890e-02 7.714128095806699337e-02 -5.850948569644704583e-02
-8.969568619811209287e-02 -1.617594376798957567e+00 -1.094497692343857409e+00 -1.707665769848165871e+00 -3.979349781068131087e-01 -1.460080981208219386e-01 3.802021740140564265e-01 -3.327592872605074081e-01
-5.836259154226820511e-01 -9.441821103642811241e-01 -7.129991043225941683e-01 -5.450119627760263707e-01 -4.380957766901075190e-01 -6.068733661056608941e-01 -5.899604588846566466e-01 -3.608289488692516533e-01
7.189429890148505420e-01 -6.865472999633623452e+00 8.945684395347907047e-01 -1.914541211449447777e+00 -2.584984214299715366e-02 -9.561892164044872855e-01 -4.330095689175042506e-01 4.287221749613013833e-01
1.662684564826276468e+00
-3.265825860131586489e-01
1.291153569357230468e+00
2.956940131906959479e+00
6.302299484714558808e+00
-2.379242851062893932e-02
-9.584801695090629237e-02
-1.284266225259903305e+00
ReLU
0.2
8
2
-9.573661806462642199e-01 -7.497326949170384988e-03 1.696200454247374645e-01 -4.119796697108075278e+00 2.017802120196176663e+00 -1.301427905155518872e-01 9.264844272643460998e-01 2.515594611060827934e-01
7.102601653370855805e-01 3.693133661152303571e-01 6.141158974410451110e-01 -3.095878441439957385e+00 1.497188252748745674e+00 1.189098471803612667e-01 3.035501536109600496e-01 4.567528425582344509e-01
8.335574655320597159e+00
7.220334454986098827e+00
Linear
0.2

ct 2024-06-12 10:45:42.265148
