noname
4
4
4
8
8.838684635881295659e-02 1.302816509648200727e+00 -4.828245523198943623e+00 8.427668447372904659e-01
9.877596543381648164e-01 -1.080614966401881372e+00 -1.594635584133784434e+01 -1.937642872488337664e+00
7.080844165947591806e-01 1.617222170681210658e+00 1.277686864392524768e+00 4.594504350832421813e-01
-1.197280137823096391e+00 1.286829941726422843e+00 8.160631442162218363e+00 6.713036597165218389e-01
1.845498095423772300e+00 1.672365830769728667e-01 -1.326047584130678381e+01 4.168028063862320720e-01
-2.345454083238973197e+00 2.428214269060553487e+00 1.070044208515680317e+01 -5.523039731632647387e-01
-7.714741808648113430e-01 7.664435119649603001e-01 -7.873059117514364935e-01 3.025755608456666135e-01
1.443677463110878967e-02 3.643878835268753447e-01 1.715619125443323290e+00 -2.002401973689875159e-01
1.970803334902906656e-01
3.420512789954358812e+00
2.243121500453492886e-02
-2.675293740664470565e+00
2.802892730227184437e+00
-3.770517835759571224e+00
-8.901045771771968207e-01
-3.987610369683303735e-01
ReLU
0.2
8
8
-2.469954071395953632e-01 -1.980867471455013629e+00 -1.059150371862860540e+00 -1.748948643125306290e+00 2.311464937030729860e+00 -4.712559049786135823e-01 4.193158088600753564e-01 -6.801781543442565470e-01
4.405913066221765068e-02 -2.705597148558691600e+00 -7.247549028305232399e-01 -1.803170936160382487e+00 8.269424465233644606e-01 -1.071007142466925188e+00 -2.815980541395468051e-01 -1.468087692117653331e-01
-2.875957375280940309e-01 -1.459448951552799523e+00 -6.311622094546577300e-01 -1.558953098613655497e+00 1.839817951709633137e+00 -3.429327970312352480e-01 7.000808707076815185e-02 -5.038119152273506929e-01
-6.405269849125976300e-01 -1.222260224695623343e+00 -1.314838965027993023e+00 -1.124259213221487252e+00 -1.225701431553632315e+00 -8.380140350400362426e-01 -3.034331011885172957e-01 -8.002731082719316547e-01
-1.743657293474744074e-01 -1.718490100638401241e+00 9.738856380976905758e-01 -1.623134018101123344e+00 1.623870968168191542e+00 4.856845453821471287e-02 7.714128095806699337e-02 1.861955300253546330e-01
-8.969568619811209287e-02 -1.617594376798957567e+00 -1.094497692343857409e+00 -1.707665769848165871e+00 -3.979349781068131087e-01 -1.460080981208219386e-01 3.802021740140564265e-01 -3.327592872605074081e-01
-5.836259154226820511e-01 -9.441821103642811241e-01 -7.129991043225941683e-01 -5.450119627760263707e-01 -4.380957766901075190e-01 -6.068733661056608941e-01 -5.899604588846566466e-01 -3.608289488692516533e-01
6.429572160911053436e-01 -6.247118854930430842e+00 8.384115117882086077e-01 -1.914541211449447777e+00 1.407749140937945453e+00 -9.439561329584393867e-01 -4.330095689175042506e-01 7.833776039918665113e-01
1.459609537179821892e+00
-2.030314396931030274e-01
1.945200336286776688e+00
1.698498742397253292e+00
4.620342544342797453e+00
-2.379242851062766256e-02
-9.584801695090629237e-02
-3.177976549124347794e-01
ReLU
0.2
8
2
6.809239727235244510e-01 4.069839018077751613e-01 9.343595093660882478e-01 -1.646683903993399367e+00 1.529523298379691809e+00 -1.301427905155518872e-01 9.264844272643460998e-01 6.423308628337774939e-01
9.234088897744965330e-01 8.344781017193591000e-01 7.101794370830110115e-01 -6.308806977004423056e-01 1.358141687178552326e+00 1.189098471803614332e-01 3.035501536109600496e-01 1.173994469660476714e+00
7.620877653377057470e+00
7.057891637926415385e+00
Linear
0.2

ct 2024-06-12 10:45:06.998375
