noname
4
4
4
6
1.953876808856049863e+00 -4.126759027007816938e-01 -8.019034009502988170e+00 5.340335497721937497e-01
9.203694764239706672e+00 1.210644375504322134e+00 -1.722527865815241910e+01 2.033156799320571473e+00
-1.791689098906042166e-01 1.613651224344863522e+00 2.189822951338536772e+00 1.292878342808580494e-01
1.380015868646052302e-01 -1.710023145194307315e+00 -1.860543593503960835e+01 -2.273405850738955625e+00
2.209912738685499978e+00 1.935548898036488552e+00 5.839500772472691281e+00 2.670233098220618384e+00
1.004004210312415234e-02 4.178513298720060720e-01 -5.574294535537964723e-01 3.829373358869180843e-01
-2.450280380910764055e+00
2.699708934636819269e+00
-6.331338459681774555e-01
-3.519916905895892789e+00
5.960766142946463120e-01
-6.168915130612501185e-01
ReLU
0.2
6
6
-7.589798149358141233e-01 7.150284957532372365e-01 -7.038732488771469453e-02 -6.374683036653676638e-01 -3.502318814158507543e+00 4.508371522693219169e-01
-1.228105873691876848e+00 1.037887018123482497e+00 2.575980577451708609e-01 -3.334927816384407606e-01 -1.929278987434566606e+00 -3.142427484279556454e-02
-2.786268742666933029e-01 -5.048521820766448398e-01 1.457747580919391273e-01 -9.138205828323987534e-01 -7.309004863825859788e-01 -7.568309539383871395e-03
-4.633769887881317162e-01 -2.977300991783013995e-01 -1.208781999473432567e+00 -3.626843950361408053e-01 -6.206900916936476387e-01 -6.324554701386502220e-01
-7.224858681649131142e-01 -2.447124426482843174e-01 -3.085506044064396658e-01 -1.097604357631876359e+00 -1.247413686869886185e+00 2.802640021702209605e-01
-3.235278893955614077e+00 1.442770945269796101e+00 5.581285675136390401e-01 -2.905781239037737329e+00 -1.067552612051231975e+00 4.711202715096760724e-02
-7.302581983630926921e-01
4.502948923838341777e+00
-1.305787183799270341e-02
-2.601366879536551879e-01
-1.523410268594587412e-02
5.516332292617722288e+00
ReLU
0.2
6
2
-4.389067512931605353e-01 -1.549421935701891684e+00 -1.512644516364989866e-01 2.166344766216871387e-01 -1.202122160083660130e-01 1.195033321391564041e+00
1.524899922138626615e-02 -1.212253076813261554e+00 1.715869738844134906e-01 6.781856892508654200e-01 3.609985306377800351e-01 8.164732414204911581e-01
7.017745652600450690e+00
6.583530827907437377e+00
Linear
0.2

ct 2024-06-11 22:01:50.400493
