noname
4
4
4
4
6.680624463096992427e-01 7.614852212974282386e-01 -3.251031790436817559e+00 2.841641934846794171e-01
8.635857918487227503e-02 -2.053814806526886860e-01 -7.780156291254544776e+00 -5.021793260134980175e-01
4.479344205417028491e-01 7.757683846228553837e-02 -4.838151244022077968e+00 -2.197361022872946212e-01
1.072049788393523995e-01 -1.209536209541694357e-02 -5.559349179125927520e+00 -1.170659246976339246e-01
1.142772498819263793e+00
1.236689121359576315e+00
1.247784924496038172e+00
1.215925155065186836e+00
ReLU
0.01
4
4
6.918164292305255536e-01 -1.208064666248734431e+00 -4.053277349696621790e-01 1.088830267632565629e+00
2.847365268965005858e-01 -5.637850821900673992e-01 -1.582067895476546804e+00 -9.990267000696475108e+00
2.037243938124208564e-01 -1.970951112902318059e+00 1.217351030601678374e+00 1.467309948022399446e+00
6.713524960772192518e-01 -1.510212787780973009e+00 1.243358608069113913e+00 1.015267708430694027e+00
4.103520186426868888e-01
7.097717952742781389e-01
6.597833392078216175e-01
9.425567979302864607e-01
ReLU
0.01
4
2
1.112140812855717809e-02 -2.939910777231571348e+00 1.201577659666794640e+00 1.382030895386326064e+00
8.924185098947869932e-01 -2.980707195573076618e+00 8.831609336517263209e-01 8.153557289064171654e-01
1.701837491658201751e+00
2.059826361982222576e+00
Linear
0.01

ct 2024-06-02 21:22:52.470726
