noname
4
2
2
20
5.237508104224180422e-02 -3.304739081242857868e-02
6.728881217600072295e-01 1.016683940847455253e-01
7.098840916691996350e-01 2.267498217414851691e-01
-3.022007876154340564e-02 6.254894431263935406e-01
1.866744526280148253e-01 -7.084966122328166527e-02
-1.092246157294300829e-01 1.576525854913855482e-02
1.625482080919969374e-01 -1.494818563076870110e-01
3.966572137943840115e-01 5.550674091960392520e-01
4.908990720593451318e-01 3.847951060202134399e-01
2.889641712775725679e-02 2.150008643457794466e-01
-1.596798998667548208e-01 5.786188435071171199e-01
8.206766554892265531e-02 4.166426525622896615e-01
-6.081861490973020784e-02 3.175862759409848156e-03
4.495339444287627662e-01 -1.873053152184352144e-01
-2.511413534410663131e-02 2.343653381461331675e-01
6.306701706325215095e-01 -2.616922695720457770e-01
4.805018257660867986e-01 -1.092427004146075964e-01
-2.201128890459051052e-02 1.116020508271344663e-01
-5.993839392190289383e-02 2.152214759905110575e-02
4.466297009719734645e-01 1.946178861489807344e-01
1.310213818013404065e-02
6.823897924086759215e-01
1.955308637770077629e-01
4.756059086028281424e-01
4.816678594927114032e-01
4.666229889323783020e-01
2.065078269644236575e-01
-3.311844630453414373e-02
2.505113122088408750e-01
-2.007453227038430987e-01
-2.531582045086533395e-01
1.175580338048551332e-01
2.213370715390285126e-01
5.402434748071726078e-01
3.964003099199578384e-01
-7.335723391858338382e-02
5.327659792668720806e-01
5.788718226306022174e-01
3.358070917791529109e-01
-2.515653476761960383e-01
ReLU
0.0001
20
20
5.057831143302603527e-01 -3.529435442762962616e-01 8.180186854064276647e-02 -1.556555333927017171e-01 5.684342825655631648e-01 -5.887169948064091898e-03 6.837480639591069220e-01 5.774140443669797257e-02 5.613544588292579407e-01 6.643385490006703531e-01 -1.330063549800455935e-01 4.308298959379243676e-01 7.250048775776436472e-01 -2.863103441549177952e-01 -1.163614466376103468e-01 5.583594216548047884e-01 -1.776336608891682838e-03 5.482829552155313868e-01 -2.299382244880682213e-02 1.297628340922802326e-01
6.464908762167762557e-01 -3.346201769669931436e-01 -2.358095651631335610e-01 -1.885042429968505212e-02 -2.762993024827392063e-01 5.180013405580278230e-01 3.111171368935432002e-01 -3.287648791467515652e-01 3.987662184057662040e-01 -2.721477491776209678e-01 3.465885009489954038e-01 -2.928126789628754389e-01 2.096428321060597455e-01 8.725889872298671357e-02 2.230012387563831133e-01 -2.768493983941735515e-01 4.030670132054940957e-01 1.469253676754329330e-01 7.048990190200719527e-03 5.108531069561321747e-01
3.686514927106345763e-01 1.718692562165931581e-01 1.976121881244487233e-01 4.245220220281659129e-01 5.832613762960742188e-02 2.269028579821963099e-01 5.938632733450929235e-01 3.311778567845664045e-01 3.530626372780037991e-01 -1.254638400275053245e-01 -2.676506430152223448e-01 -2.024686470178787834e-01 4.173756255889716216e-01 3.199711877953759220e-01 -1.768160040730725191e-01 -2.134435513119882222e-01 -4.592844794725356450e-02 -2.551344325252485890e-01 -1.837755908829160900e-01 4.973213740978544850e-01
1.272363863024000008e-01 -3.600169364466668243e-01 5.408438412830436359e-01 2.994625275203353088e-01 6.303345856986285467e-01 5.960466224229024057e-01 3.093753889035122939e-01 -2.708768780348174698e-01 -1.013534385771826529e-01 -2.002476160538677330e-01 -9.300762941402336906e-03 1.062745349259087146e-01 2.949121159610140763e-01 -2.682862816655884330e-01 7.219129622923092793e-02 2.664867218724218945e-01 -2.216550547690141482e-01 3.340908830727172263e-01 -1.978328072970166329e-01 5.256168774857714610e-01
2.620872207376144791e-01 1.899193715052178988e-01 3.535794881774539378e-01 1.083274355080322410e-01 6.335748234080780250e-01 6.224061458827919724e-01 7.328153669976219531e-01 5.403066540646102034e-01 2.206896564068480948e-01 7.427332678687319500e-01 3.548707556267939878e-01 6.550732968843949733e-01 8.085019184401466275e-01 7.486134954862769808e-01 3.191278543840598281e-01 -2.221855410919109930e-01 -1.888551673110623261e-02 3.218171755098675479e-01 3.923919967543648690e-01 1.540326030849827332e-01
-3.792065589737238923e-02 4.713981846789955243e-01 7.488038774692247213e-01 4.433956073470682324e-01 3.041740429107546162e-01 -5.355405316031222607e-03 3.942519282441995787e-01 2.049677543678502523e-01 5.128981887623165203e-01 7.053590435463940045e-01 2.343702038568791779e-01 6.013867269225014675e-03 1.051744344312065399e-01 3.724958894684425870e-01 7.396179804866108431e-02 1.781015949705623269e-01 7.513616757255309198e-01 3.826744076293122077e-01 1.120117794322056937e-01 3.101957905372647040e-01
3.037629070659997321e-01 -2.223938246458876944e-01 -3.568035466517195387e-01 -3.375388598139922869e-01 8.760070599398166180e-02 1.278686661720690454e-02 4.605672251137502560e-01 5.150775669195756246e-01 3.877195517705059324e-01 -2.523256896744660582e-01 3.083531811748232432e-01 2.437246557503202904e-01 3.859979756925621674e-01 2.325018273793847956e-01 3.233204433691039270e-01 7.102522601213932807e-03 -3.370981540396795345e-02 2.577838420241982953e-01 -1.248578274737714294e-01 1.860542492129528547e-02
-1.600548199747385825e-01 -1.985009290603440835e-01 5.818511532013684873e-01 2.402257467300139560e-01 4.672814443662629547e-01 8.061153053381857614e-01 2.122524313698137821e-01 4.222738356239907342e-01 6.840567739860285712e-02 1.139202642212889527e-01 2.720543506261338673e-01 -1.838460863714905247e-01 -1.284808938611098003e-02 6.893917327360615799e-01 6.698595522462090779e-01 1.900470138713346857e-01 7.952566177524678093e-02 6.181827261878115598e-01 4.413773912267988236e-02 2.073761073756582307e-01
3.666066888982433825e-01 -1.762446670318550818e-02 -4.146495202984001316e-01 -3.522213791453375209e-01 2.150295777880531500e-01 6.654626822515570250e-01 -1.396611876725879497e-01 -1.604607345606348656e-01 5.238201852621221510e-01 2.604061477847084971e-01 2.320331598269781970e-01 3.946930055410651783e-01 6.210015107320733252e-01 4.840385454529374520e-01 -2.656090842862270374e-01 4.815491880154954552e-01 4.809842488333798682e-03 3.859416435679280388e-01 3.873498212167545418e-01 3.097997784237853658e-01
4.231771775330568919e-01 -2.686401812104061149e-01 -3.260760561414634551e-01 2.052287525202837470e-01 3.289386550390409614e-01 4.346033793329797668e-01 5.264088949385316019e-01 -4.828989085785312385e-02 1.428381134073259673e-01 3.472415694565714750e-01 4.257418724530848131e-02 2.352959070136725894e-01 7.700536206077098766e-01 2.691910772263156892e-01 1.506739693046388884e-01 -2.581291855421956605e-01 7.180118492668018104e-02 -1.041361583777068202e-02 1.921710541256283489e-01 -2.172796273114853405e-01
6.562584007443147405e-01 2.037759086423719113e-01 -2.051138497968932242e-03 -1.562358463920171352e-02 3.232332320056344743e-01 7.358643661108291711e-01 6.424964224619148512e-01 4.667454901291990810e-01 -3.777892221347056156e-01 5.629107469556721144e-01 6.007523636816231982e-04 2.951802681082931201e-01 7.006539315060300588e-01 6.062311485364246799e-01 -2.929946555049678381e-01 5.047476610425799537e-01 -9.196913923969439464e-02 -4.687486819101086694e-02 4.479356499329847918e-01 4.108841303717882809e-01
-7.557790751797659190e-02 5.677346181739330033e-01 -2.589530513241564136e-01 1.641897721959311926e-02 1.709329747855191373e-01 4.141179098686153526e-01 5.833699468975512836e-01 7.943874108033770198e-02 1.329084870771819193e-01 -8.997700983831379007e-02 -1.064226444471147170e-01 -2.645501842374539669e-01 3.490992976801304826e-01 -2.562902504302531637e-01 -1.285657459073018538e-01 -1.953701205445491640e-01 8.324026751143931424e-02 -1.379000255623065441e-01 8.073392531011866491e-02 -1.471257871263237371e-01
6.237300302787274209e-01 1.391708332673351201e-01 -4.019115479074660685e-02 -2.458333085532049544e-01 3.917396303603336016e-01 5.065856198646077890e-02 6.650601772130382283e-01 4.482897647976087641e-02 -3.428112274681128779e-01 -2.801644354963392369e-01 2.163698602736219799e-03 4.775286565397873079e-02 1.690585342953467296e-01 -2.088051182434189634e-01 -3.234170008617336806e-02 2.273339618174828325e-01 1.721658593117516844e-01 1.455946060806591613e-01 -1.323144318170393352e-01 3.670534073559109656e-01
6.021356764980942966e-01 -1.533021173934334958e-01 7.657286484566100393e-02 -4.791326298557239960e-02 4.774361486357324158e-01 9.606341399592127628e-02 6.126792776701604076e-02 1.273141077076982985e-01 4.460711399078054473e-01 1.041692773621920448e-01 6.427173617667205630e-01 -4.777293652036255361e-02 4.450734858885350698e-01 5.378415604751209805e-02 5.116194910200094759e-01 5.361291307385457339e-01 -3.530285269420938565e-01 6.936448371834891269e-01 6.168088776827911415e-03 -1.745089183891124496e-01
-1.402838056980205417e-01 -9.930614151447164639e-02 4.684420187202192193e-02 6.430857293628154947e-01 -1.731780928670968722e-01 5.040351850564397385e-01 7.569600978250026202e-01 6.368516001945584426e-01 -6.517236505474677255e-02 4.312891562312367033e-01 -8.937002101604386850e-02 6.214963384858022133e-01 2.408357818921735560e-01 6.343612006381986745e-01 5.558796210138826632e-01 6.594545564674334504e-01 4.023743297778598627e-01 2.153804886854336631e-01 2.711189960835922452e-01 -1.773279559915191539e-01
5.766827621415515637e-01 1.442807992792305705e-01 1.177045442578510542e-01 4.018865068502334159e-01 3.197799404626365249e-01 5.913138695347153195e-01 -9.362876754589033457e-02 5.274172260066722212e-03 4.377104457220797884e-01 6.303271648798149940e-01 3.370450113717832763e-01 2.666638741906425802e-01 4.709017354897745977e-01 -1.703587427068068705e-01 -2.451871053982415394e-01 1.285681259694584078e-01 4.647161725771697394e-01 6.612762323075098703e-01 7.185064193836321333e-01 2.257614947482795287e-01
1.144092928471576842e+00 1.332409361038334072e+00 7.768344370247776132e-01 5.615366211134646957e-01 4.207898151705409817e-01 5.774415593943198477e-01 4.358595640239146807e-01 5.900705401309755960e-01 1.224373007463480878e+00 1.143721018928903543e+00 5.755974112750332772e-01 9.354467476225792888e-01 2.372746708189338583e-01 9.597097795805201725e-01 6.867599748900774514e-01 8.680765342400131868e-01 3.821057531089958603e-01 8.808601165131235700e-01 5.805119660433348816e-01 7.395172684629320869e-01
-2.428617997187779154e-02 3.753175487999040882e-01 2.737814014800284967e-01 3.144826295248653175e-02 5.342238207774208103e-01 5.691254837470606232e-01 -1.685700760363160189e-01 5.763167934775043078e-01 -2.491137143172162671e-01 4.642788305486491018e-01 5.378047021385328613e-02 5.279194376599613547e-03 2.385787101088771844e-01 5.760152708825023726e-01 4.759251122824225688e-01 -9.227279232703558542e-02 1.825327081166815690e-01 -4.931393291674655149e-02 6.873226778954165672e-01 5.925791946363504481e-01
6.951161187166093880e-01 -9.539829680280187407e-02 9.576933364605018373e-02 -2.235944655373102996e-01 -3.845891751457407304e-02 5.634058905776048176e-01 4.922760285512824407e-01 1.728586075701885050e-01 4.931250161414928168e-02 -2.775353094905603224e-01 1.089607835018844423e-01 6.085589109670550695e-02 2.528169648051996066e-01 8.494270718658204766e-02 1.862161905259289429e-01 -4.419308947372950491e-02 -1.428527148419262982e-01 -1.508586637464510993e-01 6.313117102002097081e-01 -3.495683091135790010e-01
4.637592147213381866e-01 -1.240244499105887521e-01 -1.618708281893161405e-01 -1.871005671312924168e-01 5.120750541999746774e-01 5.554820893956478045e-01 2.374570866272442404e-01 4.198334432288364226e-01 4.605692187092287893e-01 -7.439590381160718358e-02 3.980504874883888933e-01 3.249840994760909429e-02 1.134996874445063919e-01 1.212524098012140034e-01 -3.359892864617481933e-01 3.426995232024351301e-01 -4.186178046328304925e-01 -8.170413504192963056e-03 5.626778948406683245e-01 -4.570045989962155664e-02
-3.434314534782707123e-02
2.477095978907444263e-01
1.278367205809331497e-01
-1.379502862908206229e-01
-2.673625306420100989e-01
6.634333804085869035e-01
7.477016201616137892e-02
2.450914951717730328e-01
-8.799938476850013847e-02
-2.399056593082667943e-01
1.024506886803562139e-01
1.284344482805861165e-01
-2.663446841246733809e-01
-3.677938551777420462e-01
-1.066035411012009604e-01
1.606850106707612968e-01
9.824390635762970669e-01
-4.217689934713200750e-01
2.623871468420009290e-01
-3.586162635068589344e-01
ReLU
0.0001
20
3
3.883750652672574577e-01 5.907139317973292281e-01 3.882336682683811824e-01 2.570190413207458224e-01 2.690334701298651224e-02 8.552263199922120751e-02 2.312772004448049312e-01 -2.799408041089012089e-01 3.942077444556748578e-01 2.556333016758241192e-02 1.640991342047380397e-01 -6.554548504278027987e-02 4.328341252774176029e-01 6.146947581371964286e-01 2.237610258999875867e-01 -2.146098765278729725e-01 -4.625409722927288914e-01 2.281620681706446607e-01 4.803422244381618800e-01 5.440456606203861734e-01
-2.687474408814344851e-01 5.003211057672191098e-01 4.969082842310094672e-01 4.482749736892435166e-01 1.170670996827801319e-01 -1.979738778672232302e-01 -1.449544193395933545e-01 2.167707264302597414e-01 3.304478027260756012e-01 6.243928238133341635e-01 3.864361370056442757e-01 -1.612397418305994423e-01 5.487777513682043917e-01 2.168594532459173496e-01 -1.060065140283655838e-01 3.196958564740645659e-01 -4.356206402259680255e-01 2.932759844445547159e-01 6.169376851510086635e-01 4.375610484621046403e-01
8.404109245638957670e-02 -2.428075062106209714e-01 3.425201298766817337e-01 -6.814569948465096227e-02 -3.084076397189256524e-01 -2.693077020275262967e-01 5.982559080515529315e-01 2.617576189680194676e-01 -5.435854443613721138e-02 6.633077071031096006e-01 3.730614273309440510e-01 5.539741770058548287e-01 2.408850934933148835e-02 -2.586730063362731036e-01 -2.384024876149272720e-01 2.934221632550733094e-01 -8.865775828015140525e-02 5.207066892612324110e-02 2.357163574591807920e-01 5.704859339221286518e-01
2.287629125346996861e-01
-1.036517402890086564e-01
-3.983250949437577848e-01
Linear
0.0001

ct 2024-06-01 11:55:00.611428
