noname
4
4
4
12
-1.632396136375594109e+00 -2.427161064758201370e+00 -4.478230654899777896e+00 -1.963919132803122913e+00
1.579358692178679080e+00 -1.393720635216523451e+00 -1.480770662180469799e+01 -4.179904859672501360e-01
-1.885078386975319820e+00 -2.010579642799416256e+00 -2.235049286526456669e+01 -3.259925311435984963e+00
4.224370731777529198e-01 -1.778822681148407858e-03 -2.299681488444069188e+01 -5.090807914631240161e-01
-3.828455191164136906e+00 3.106546214669146933e-01 -1.726617161432910885e+00 -2.780660603126583919e+00
7.400361572021303402e-01 5.837872761559680379e-01 -4.548321989412697164e+00 8.208748184051435359e-01
-3.661038109515871164e-01 5.574358220888171456e-01 2.534396123942986301e-01 3.475566077037571810e-01
9.537289490233055167e-01 -6.899891139528693262e-01 -5.563575367491507606e+00 -1.019190817782767433e-01
9.300925457249235861e-02 3.155780934963437478e-01 2.884066270503276908e+00 -2.455810684955488099e-02
2.427659717933949857e-01 3.109266443100042743e-01 -2.844261436548022326e-01 3.119360477157452349e-01
3.434932951003593971e+00 1.571067429553506978e+00 -1.478882304049543706e+01 2.079620762156314306e+00
7.708218659896207692e-01 -6.291242339280227469e-01 -1.836036937570195349e+01 8.351101501198011923e-02
-4.786835632987052058e-01
-4.461002776432938965e+00
6.249454935600538441e+00
5.080062077711160029e+00
-1.429952931329441457e+00
-2.367591546434850702e+00
-6.479098210294069737e-01
-1.841229172776684075e+00
-1.040966512951370548e+00
-7.052730967646329008e-01
2.252297140917924434e+00
-4.466782990957902655e+00
ReLU
0.1
12
12
-8.955667359573485919e-01 -5.133972226448117737e-02 -2.226613581649062201e+00 1.891750205063538748e-01 -8.639822387869121323e-02 -6.247049174820867856e-01 4.291025992485480445e-01 -6.242817053323385101e-01 -2.924229857623980577e-01 9.425045849037115564e-02 -7.022768046874332537e-01 -1.115394868862649824e+00
-9.205182516045453678e-01 -2.383186047501130098e-02 -2.779972007783975574e+00 3.239026077245771296e-01 -3.058350296530940038e-01 2.025222434819942130e-01 -2.151861310377764791e-01 -1.211048745638689250e-01 -7.204338720948950670e-01 -2.571088897756278625e-03 -5.026732325197456053e-01 -5.051008715433309426e-01
-1.453174448559430898e+00 6.444772987261508934e-01 -3.916774525287538999e+00 1.626715727211660786e-02 7.042497953115166576e-01 6.917669099565338930e-01 3.825613539811495989e-01 -2.041007005332068358e-01 2.960352704379827227e-01 1.234609127610690610e-01 1.200298242809036686e-01 -3.499727489642683737e-02
-2.267633577171868087e-01 -2.893167127495021029e-01 -2.407703640675602585e+01 4.509810362351363566e-01 -6.309066164440818580e-01 -5.265720759258749606e-01 1.457805734284930876e+00 1.489589336982142465e+00 -4.229713650027025658e-03 -7.893341183449608112e-01 -1.469563745086242657e+00 -1.257024519306805255e-01
-1.482006554060609993e+00 7.486735006005795778e-01 -2.427134151826361386e+00 2.503565753331782936e-03 2.720899374832201345e-01 5.523286464294625137e-02 -2.197761426334996493e-01 3.737001606626717543e-01 2.975802722777229903e-01 2.275906566256954283e-02 1.221855290356935075e+00 -2.219413200531376695e+00
-4.296700742683246532e-01 1.927514126241480497e-01 -7.173649127187599284e+00 1.454155592571857225e+00 1.368103034384718919e-01 -1.002201312223186092e+00 2.418919645389238510e-02 -7.222981083358663845e-01 -2.314397070911410337e-01 1.410074160345680394e-01 -6.033095812583302298e-01 9.768092573288321701e-01
-2.622643333681460298e+00 1.416451379340379624e-01 -1.946982816694429852e+00 -1.313418104978112622e+00 1.564368351252798106e-01 1.328426913716245661e+00 4.840067530692851450e-01 1.605545726631008308e-01 -2.077236739176493152e-01 1.799271308609309561e-01 -3.333398472660977774e+00 -3.263410483479066926e+00
2.448497175840365359e-02 -4.305342666743041669e-01 -1.369339081629758592e+00 4.735016527205836989e-01 4.771044177574984557e-01 -3.879533837951724129e-01 -3.512481445995115775e-02 -2.084548673401757923e-01 6.533202973159613069e-01 3.392427236073034535e-01 -1.206930409359916689e+00 -9.158350422775135558e-01
3.115687617565209844e-01 -1.813205779104062054e-01 -1.120549790805516421e+00 -1.179745030846719978e+01 -1.845447565371163057e+00 8.440211907019816717e-01 -2.531492915768409624e-01 -1.399736048615556061e-01 -7.414837202195602162e-01 3.122470228597246655e-01 -2.124270707521859203e-01 -1.381148308372422528e+00
-4.417483761444604973e-01 -7.208117007219863592e-02 -1.301330172311516487e+00 1.111501366478792052e-01 -4.794788016593373725e-01 -3.558216254202958284e-01 2.739575713738857596e-02 -9.323033179753393851e-01 -5.683292824493492157e-01 -6.661514849748976230e-01 -6.556534766050625684e-01 -1.445321163339348680e-01
-1.471920747603248980e+00 -8.958579599547408234e-01 -1.679094378565237911e+00 -3.664227315655734341e+00 -2.422462679593200718e+00 -3.453956473841318098e-01 -1.174863534421948935e-01 -1.491758774130290899e+00 -3.440865777030751027e-01 -2.787408713287891637e-01 -7.617416311876989532e+00 -1.133747019120394439e+00
2.860848274858298068e-01 -3.446165841566450894e+00 -2.143872224166211815e+00 9.590234026197733685e-01 6.957275812695904449e-01 3.986451050286572428e-01 7.118215920775678995e-01 8.513655923999000619e-01 3.922915581296145260e-01 3.554104499875936907e-01 1.014124915697118823e+00 -5.257832328382919584e+00
-7.861066867871518982e-01
-1.615927554586267689e+00
-1.305891682065148940e+00
-2.713713045157617021e+00
-6.941687328606185314e-01
-1.972484833190991660e+00
-1.931999519814499022e-01
-1.085720797173406860e+00
5.154344505056193348e+00
-4.581902805109645538e-01
-5.611888093822722245e-01
1.177671917601004026e+01
ReLU
0.1
12
2
3.113699938477994533e-01 6.653162372023210258e-01 3.450924177441636598e-01 6.275866524719651007e-01 7.744265622656846260e-01 5.876087862667670469e-01 -1.717222842770241398e+00 7.860139697136628301e-02 -5.116339944140909424e+00 -2.728114285184016774e-01 -2.476021735620603514e-01 2.813241997752408352e+00
-4.123175479521473674e-02 5.807656820843366541e-01 3.867938656365812466e-01 4.747396047217544018e-02 8.906743799024868791e-01 7.983454173090889228e-01 -1.708477334664785796e-01 -1.304908763367644553e-01 -3.671725306148018397e+00 -2.856576554126116774e-02 -1.286791933937229571e+00 2.576180005185636279e+00
1.374437408247387538e+01
1.144271024365241729e+01
Linear
0.1

ct 2024-06-11 11:54:50.151140
