noname
4
4
4
7
-2.163444420973348326e+00 1.356294696311445946e+00 4.811296981574290754e+00 6.133014829814841251e-01
-1.923528984707128409e+00 1.550781702017780539e+00 8.827493988329683461e+00 5.998377604065565638e-01
-1.781824015671266137e+00 1.209884479166995153e+00 5.199050981207841815e+00 6.846229015278519903e-01
-2.199936048178164905e-01 2.416764569445539745e-01 2.422571685729645596e-01 5.454164464393736200e-02
-1.907940678653587963e-01 9.541806930411135257e-01 1.354338609258673642e+01 2.264830238701652121e+00
1.816160071879426186e+00 8.135172676126638525e-01 -8.515620445227268576e+00 2.334493971822444003e+00
2.546421649282395006e+00 1.382630597699103125e+00 2.373052720300242058e+00 1.928686079861184233e+00
-2.162056566851175976e+00
-3.201223664428588300e+00
-2.026467439395387427e+00
-3.561179221968064357e-01
-2.502765841455913964e+00
9.076287564785159301e-01
1.584134872164943086e+00
ReLU
0.1
7
7
-1.592007441529257772e+00 -1.492454694445314534e+00 -1.678555855817502662e+00 2.799107180064477340e-01 -8.781265686367342171e-01 1.184106223217398446e+00 -3.380739038371939342e-01
-2.442560844886272786e+00 -1.547163212085089778e+00 -1.151256559036353266e+00 3.508987119528861887e-01 3.317018753215009164e-02 5.663143717348262385e-01 -1.676513861845726261e+00
1.620455830518647833e-01 -7.179030176424018306e-01 -5.606619003438719773e-01 3.190467001210849085e-02 -3.055833437378033590e+00 2.090611528342821046e+00 -8.955888777973317616e-01
-2.040515850978441126e+00 -2.075495541069105609e+00 -1.534247411388786952e+00 2.241268540344910076e-01 -3.076049537069538875e+00 1.868057981717755833e+00 7.290555639541488331e-01
-1.321831372178360109e+00 -1.262899166273410145e+00 -1.195389955061566312e+00 -1.112774380518020412e-01 -3.044776314411006823e-01 -5.682692789436755848e-02 -1.065031663127100070e-01
-1.151478366908471829e+00 -1.284446012350864752e+00 -1.204848634855688383e+00 6.279005970055197283e-02 2.053732003922073557e-02 1.126204636682218707e-01 -9.053931980176149752e-02
-5.839475345866003142e-01 -1.310183600385380176e+00 -6.766815367482619248e-01 -8.474343921828812742e-02 -1.551601019044955621e+00 7.589566476592550792e-01 5.019983873002263897e-01
3.623939245084859540e-01
5.625215929721256725e-01
4.531979791443574435e+00
2.723439267470779246e+00
-2.905816471445156757e-01
-2.727092042751667611e-01
1.171146965143245344e+00
ReLU
0.1
7
2
-3.238144658269623277e-01 -7.552142341849535923e-01 -1.340459239552233894e+00 1.620558977911778831e+00 -1.049930780624055461e-02 1.491450973055081022e-02 5.548872755039969684e-01
3.567488009551815220e-01 -7.446776397405366343e-02 -1.741706583572593559e+00 1.672266949158764282e+00 1.136595184026458760e-01 -3.639222893548339603e-03 5.150035819840959039e-01
6.546057693319189852e+00
6.759343112489815120e+00
Linear
0.1

ct 2024-06-16 15:52:07.411131
