noname
4
4
4
2
6.502565316654500549e-01 1.116571900815210849e+00 3.462146060928356084e-01 7.070604573203833620e-01
1.180257470781572504e+00 3.716823781565138929e-01 -2.864304020669641501e-02 2.550870608972164583e-02
4.328871449309158737e-02
-1.767842849945837902e-01
ReLU
0.2
2
2
-1.736706424666606963e-01 -1.542610590929254649e-02
2.074921299673966602e-01 -2.388595193508963321e-01
5.452419829242364235e-01
6.042050854105680546e-01
ReLU
0.2
2
2
6.361408985638975500e-01 2.015340973661437218e-01
2.387322535491092357e-01 8.262694636087675182e-01
1.091219963740989174e+00
1.213982885423553260e+00
Linear
0.2

ct 2024-06-12 14:37:38.726228
