noname
4
4
4
12
-1.912252125744926257e-01 2.488181227781188110e+00 2.948547490014818528e+00 7.851957037131186423e-01
3.893659662409191036e+00 1.373793454703384986e+00 -3.311739563357126936e+00 1.022532659667688693e+00
2.145183056736360561e-01 1.214849773423828827e+00 1.122541972041758651e+00 4.475536440676315952e-01
4.370622926445287826e-01 1.448822006104698579e+00 4.088069512350155921e-01 7.141768493216966718e-01
-4.897219474537022887e-01 1.129885210376759597e+00 1.026764432465722576e+00 4.573316989315410197e-01
1.770126190332208083e+00 1.519046422381721717e+00 4.013058703297859298e-01 8.004685398031962107e-01
-4.872958330925770271e-02 9.401067034473103989e-01 -1.650547451674290733e-01 4.871820541835303331e-01
-1.552733715971980955e+00 6.991828813160049227e-01 5.457450914419836874e-01 5.178608123659131923e-01
3.045657543490630559e+00 8.636939850805960273e-01 -2.061939839525892548e+00 8.247071241110063289e-01
1.560675256776600683e+00 -1.658217413482528269e+00 -6.849162874398722956e+00 -1.580842375082960771e+00
1.656149744413170088e+00 2.096356891968125691e+00 1.886551502647207501e+00 7.807963202926352375e-01
-9.558478988606968763e-01 8.305898109025835474e-01 8.048410586891026064e-01 4.807220769501110991e-01
2.826861114647045703e-01
1.481190433306252885e+00
-5.647773291628410686e-01
1.383155487895570690e-01
-4.969941456199797880e-01
3.391847661770202582e-01
-2.027693727469933316e-01
-7.828422240789607578e-01
7.130001867864582676e-01
1.145534560329378948e+00
6.820867536914309026e-01
-8.620128047345116951e-01
ReLU
0.1
12
12
4.455080252112084138e-01 8.047165658497051899e-01 -6.778999910034658183e-02 -3.570556243839104194e-01 -4.754016709401087670e-02 3.155325393953932189e-01 -4.643138136570540420e-01 -2.924973170338138750e-01 5.893232400104296831e-01 -1.290398063191202427e+00 4.981220218056247040e-01 -4.539708974746559100e-01
4.339632758726009176e-01 6.280882555669538014e-01 -1.214724364135679885e-01 -1.885616904577196162e-02 1.490318912083820890e-01 3.308717224671657298e-01 -2.169308136764666883e-01 -6.670322541353672363e-02 3.439466202241101556e-01 -1.244481397210770446e+00 4.566691540035447416e-01 2.890052510090523330e-01
-2.929921519402343133e-01 -2.137486480142149481e-01 -6.346708325487430136e-01 7.343195020655005067e-02 -4.217119777621848309e-01 -2.021950033740767538e-01 2.254367533064578211e-01 -3.182288455827256834e-01 -4.486686429996652320e-02 -6.012551581545050317e-01 3.458974639879181523e-01 -1.545150581939351009e-01
1.646119760072501520e-02 -7.589046929805849384e-01 -2.558526813814321899e-01 -2.015425010433775366e-01 -1.538808155101635822e-01 -2.697851250873017914e-01 -1.097384575097411358e-01 2.303032151978097186e-01 -1.110252634218520940e-01 3.585036287049864906e-02 1.497883709552020881e-01 3.174364760806175356e-01
3.025691412054536400e-01 6.036447178294264138e-01 -4.905022365216179514e-01 3.935475774207598115e-02 1.295215177729343303e-01 -1.164792274818808038e-01 -6.418849587098649119e-03 -5.186012874971806380e-02 -2.920085826317176392e-01 -7.812209185248792931e-01 1.278908400949715640e-01 -4.437972046321834729e-01
-1.517920363075692114e-01 -4.759089690798899985e-01 -6.415449104750725606e-01 2.744575369413174495e-02 2.530330712732546949e-01 -2.219199868798375497e-01 1.878259872828838828e-01 3.213868621413994153e-02 2.482901165861582382e-01 -3.744925149942470721e-01 1.444259819750093321e-01 7.032452437818001445e-02
5.306934053624432490e-01 7.779402892834883509e-01 3.833001895433699735e-01 1.070169913957943614e-01 5.220839308730854667e-01 -4.288977628386742014e-01 -4.535888736249656383e-01 6.819724861787800074e-02 4.798631577104923718e-01 -1.026446232089942123e+00 -1.920086507490045835e-01 2.073970037708658953e-01
-8.421875166728076678e-02 -8.009757939136833427e-01 -6.804353153350338745e-01 -1.430036036632221785e-01 -5.636619052658429219e-01 -1.147647740862666049e-01 5.518704004877144076e-01 2.967355949685127614e-01 -8.274757615343656392e-01 2.685493467723639172e-01 -4.633602642097906510e-01 -1.246393488311045572e-02
-3.224936474495215810e-01 1.258125847581856582e-01 -6.044292288178249040e-01 -8.790806616328750156e-01 -6.180561635301708989e-01 -2.742788827199151291e-01 1.381583218112779898e-01 -9.202764644545520234e-01 4.565861826149530955e-02 -4.383318026468324136e-01 -5.371404758490009312e-01 -7.783875611876116540e-01
-9.270547797561166092e-01 1.098512472239630222e+00 -1.754475890363193846e+00 -3.714321603535322702e-01 -5.339740890894281167e-01 -1.025643172759971744e+00 -9.154969721825585438e-01 -1.545600195615548789e-01 4.954148593916500309e-01 -4.454859311609126848e+00 -1.155911151800024461e+00 -8.598593238821663487e-01
-6.571883165791753134e-01 1.014548721930028874e+00 -8.303591516470060219e-01 -7.885541727342763041e-01 -4.059663117717912661e-01 -8.884997617079447574e-01 -5.949760384632153398e-01 -6.188886866750373805e-01 9.424169486371134496e-01 -4.885776366929578174e+00 -8.467602052346842045e-01 -1.029757351600987914e+00
1.276709410611824635e+00 1.028694065099048593e+00 5.850785267723078720e-01 7.420375817542970154e-01 3.953433262275093396e-01 7.797493131750813378e-01 6.004836431764212223e-01 3.074674159024019526e-01 5.131465010286295758e-01 -1.027989874494093403e+00 1.238878321514865322e+00 4.081599882297783921e-01
1.698662744341143505e+00
3.024249876183377150e+00
6.859989698606719921e-01
7.079158288377935815e-01
1.691003489159372819e+00
3.598561902795334166e-01
2.145364286586568081e+00
1.492462672934937951e+00
-5.351534362720771210e-01
8.753464527117493788e-01
4.817216645375867468e-01
4.008298315588362470e+00
ReLU
0.1
12
2
4.182372413926556676e-01 6.878531839074845111e-01 -7.658459907812223411e-02 -6.995760408710378908e-02 1.792434360401335691e-01 -1.693029906009565350e-02 4.814400284646216943e-01 -1.019360427622769821e-01 1.979295972772284196e-01 6.974819408354020478e-01 3.100019332612487521e-01 1.111906198045329086e+00
4.058024708541759784e-01 7.479249154365382735e-01 6.276987749993021004e-02 -3.212040083607404228e-01 2.154206049997584582e-01 -1.171768370961124017e-01 2.812607178800042296e-01 -6.388376930741601623e-01 1.613439856227968650e-01 1.811976834462557806e-01 1.157089782424355479e-01 1.449862175738382941e+00
3.868743677523553082e+00
3.840517258629993158e+00
Linear
0.1

ct 2024-06-11 13:15:08.053124
