noname
4
4
4
12
2.528890457943729908e-01 1.694761804295883634e+00 1.500845793301291975e+00 4.239235744330174804e-01
1.521029727600961001e+00 5.215186114192478239e-01 -1.186038554499000419e+00 7.442875023168911142e-01
4.927906671263534433e-01 1.045022935704267297e+00 9.777793570547166357e-01 5.327971999023471961e-01
1.035576315576839823e+00 1.018053999506613794e+00 5.630372519395217268e-02 6.933250767572346485e-01
5.800885602815186726e-01 1.310227953432413939e+00 8.958106424187193273e-01 4.311130907200400042e-01
1.865486913454969864e+00 9.647038495112804091e-01 5.920664331287275317e-01 7.645243324812462937e-01
7.089753372128201336e-01 1.085912473191292138e+00 -1.682537802223203760e-02 3.882005739905672326e-01
-1.946279687909900469e+00 1.215737562452945619e+00 9.734519724830972276e-01 1.097500931613278330e-01
1.897585402631739804e+00 3.740183705765688926e-01 -7.183837882449344292e-01 5.497415911052451198e-01
9.804833434035047368e-01 -1.301940054750692299e+00 -4.226623616019426599e+00 -1.125968240094730399e+00
1.533935406189472106e+00 1.053796299575820772e+00 8.704811805225231014e-01 4.651949457179429537e-01
-6.608663376623020724e-01 1.463827928021932845e+00 1.106594365364976129e+00 2.118188547323744120e-01
3.179104618893949241e-01
1.281956789228791527e+00
2.478271530288116697e-01
4.375686075955278476e-01
1.049972572790722064e-01
5.290605549520503992e-01
2.079955797780005944e-01
-4.080687265519764573e-01
9.476616138827215208e-01
7.159540462211902989e-01
7.538223868113095305e-01
-1.445870320508329254e-01
ReLU
0.1
12
12
5.171249325513588291e-01 8.616979177543863111e-01 1.890958685556845820e-01 -8.085414297512183435e-02 -1.588430814734077129e-02 7.131078803585229053e-01 -2.924273005933110681e-01 -7.611313785913106922e-02 8.354215377278284560e-01 -8.675437340395757424e-01 6.411519965419156808e-01 -2.301282043976345115e-01
3.459522116770691880e-01 4.878043993835914915e-01 -3.363049855877421612e-02 1.847307555658878331e-01 7.445569312006228291e-02 4.608031561719698743e-01 -8.608096207204281314e-02 9.070020199442971331e-02 4.535412886653272246e-01 -7.502949976559938339e-01 4.598067140569239153e-01 3.987017804380256214e-01
2.877177593525332977e-01 2.021369195410478437e-01 -1.947676520018360724e-01 4.306830619642171287e-01 -8.157100581973805720e-02 4.266216387627511653e-01 4.867145546837901571e-01 -1.397862540245649321e-01 3.950353651476853356e-01 -1.230812482134183483e+00 7.017273230071682244e-01 1.117377808737596290e-01
-5.363575204818422926e-02 -2.160798091840320789e-01 -2.428421882377064522e-01 -1.812850589170052762e-01 -2.052935600974762631e-01 -6.483519268533957658e-02 -2.169308006062421190e-01 2.157125256823541060e-01 3.209158511392630753e-01 -2.970915325176487487e-01 3.565754704029119315e-01 2.362701187086099774e-01
4.628922585984316940e-01 7.558956336276155819e-01 -2.591437239900470924e-01 3.522915888676971807e-01 1.517414998072640631e-01 3.803363172643139389e-01 1.265795748160944978e-01 4.990171059315150898e-02 -1.327402201949525774e-03 -1.293211417402039043e+00 3.257246547905683909e-01 -3.839417786684069522e-01
1.712950036530414000e-01 -1.981093875860380771e-01 -3.943363125848861617e-01 2.285690403986262442e-01 4.155079647054537029e-01 9.012141446531657385e-02 2.946105861246008373e-01 1.003612906118785258e-01 4.914302491064432288e-01 -7.521604865469608825e-01 4.323577109261992346e-01 1.676703065896067990e-01
5.321908370637103980e-01 9.623723026889400289e-01 4.944307251509896806e-01 4.545682995027842677e-01 4.465144818031331897e-01 -6.862006717679153267e-02 -2.848822365521656019e-01 1.562271218487744362e-01 8.514146678839448201e-01 -2.019765433458266812e-01 7.540003728098931823e-02 2.732290142336742389e-01
1.454924491512821216e-01 -1.318389069150512245e-02 -5.727883678962334413e-01 6.425014468376573362e-02 -4.949253517152746862e-01 2.907281257200751146e-01 3.775362666429976088e-01 3.069301151188366106e-01 -2.056231595710116822e-01 -2.771744885203503705e-01 6.336588275186005870e-02 -2.205097811812126510e-02
-3.224936474495215810e-01 1.258125847581856582e-01 -6.044292288178249040e-01 -8.790806616328750156e-01 -6.180561635301708989e-01 -2.742788827199151291e-01 1.381583218112779898e-01 -9.202764644545520234e-01 4.565861826149530955e-02 -4.383318026468324136e-01 -5.371404758490009312e-01 -7.783875611876116540e-01
-4.394985414068061091e-01 1.647309487248440341e-01 -9.807925891395710138e-01 -2.413682196315689588e-01 -4.618581854047155155e-01 -3.101180994706860261e-01 -2.699902787071690180e-01 1.902505052251696888e-02 -3.931204364769584625e-02 -1.952120253653454984e+00 -6.516303579220832365e-01 -7.707536818638920373e-01
-3.245747689098373301e-01 4.136084199300950615e-01 -4.825613601743657388e-01 -6.055490965634944267e-01 -3.559820752979218073e-01 -9.437663721552326523e-02 -1.374401261101109925e-02 -5.792446125149504077e-01 7.492685313509827028e-01 -1.106276903256662392e+00 -1.717031324644814338e-01 -9.868281167246892860e-01
8.630704520036900362e-01 5.834128462701784201e-01 6.372451089606662178e-01 6.914723872535517568e-01 4.495632837534822568e-01 4.861736365025128848e-01 7.400869668987740679e-01 6.458039105469594032e-01 4.284448278568448454e-01 -4.333479696475592835e-01 6.641013533316350026e-01 6.479351634821717276e-01
1.206736415795687911e+00
2.023187786612869576e+00
9.152070858678883480e-01
6.398459751170807452e-01
1.438241472936842902e+00
4.747802900182095387e-01
1.485389493374491998e+00
8.076474516287480698e-01
-5.351534362720771210e-01
8.667510442752937028e-01
2.574447152738353339e-01
2.394817079303238838e+00
ReLU
0.1
12
2
6.315575126455961197e-01 9.003233574537913286e-01 4.288065097929916192e-01 1.030285760110541682e-01 5.978457872979757726e-01 2.670993628359635275e-01 5.855229251173856841e-01 9.232375422118931085e-02 1.979295972772284196e-01 4.361280451666500468e-01 2.366085362696197791e-01 8.224301182056417137e-01
6.761262598022850234e-01 9.070278159539282292e-01 3.507937845980774738e-01 6.406412187690632698e-02 5.407378598120313740e-01 1.530976690634653359e-01 7.097286806232537826e-01 8.180057225747268401e-02 1.613439856227968650e-01 2.185189005920107896e-01 2.527053738384487103e-01 1.140720717925962635e+00
1.611492367850042795e+00
1.622679085041667024e+00
Linear
0.1

ct 2024-06-11 13:15:05.003535
