noname
4
2
2
2
5.179289539143751009e-01 1.270936213607248566e-01
-1.065667975604371737e-01 4.577641696614826450e-01
7.488843965286068327e-01
1.741308166529199342e-01
ReLU
0.001
2
2
5.140853280985049345e-01 2.822555078008743834e-01
6.306708061290687839e-01 2.463150488069335009e-01
-1.703296988740973794e-01
3.547664337499052412e-01
ReLU
0.001
2
3
1.874859209001557003e-01 5.895468160548520409e-01
5.237366818056812257e-01 3.153429707329527543e-01
6.188151916362750748e-01 2.273453095382678424e-01
3.794238182323756980e-01
1.496053829719790618e-01
3.441678663514758929e-01
Linear
0.001

ct 2024-06-06 01:36:52.281095
