noname
4
4
4
4
-1.542601567176442035e-01 -2.970686125418744994e-01 9.376742020993107385e-01 1.093148591428824368e+00
3.030332551116522444e-01 1.057563022667783015e+00 1.583455076921174820e+00 8.915516957967567491e-01
-2.212245573765091178e-01 6.683100071723341307e-01 1.373738533714935484e+00 1.345590883639311564e+00
-1.034025291302388183e+00 -5.971774493605106482e-01 1.988522867101566227e+00 6.112232567121423932e-01
-6.743999660369085491e-01
6.425565733619469366e-01
7.002129760460924501e-01
-1.027692008634921050e+00
ReLU
0.2
4
4
-5.514407382261564683e-01 -1.170278245584300408e-01 7.950229722421739420e-02 -2.399628682276539748e-01
-8.465410834137089557e-02 5.551548882245670447e-01 4.234896918334473126e-01 9.811230818801493225e-02
-2.078845894536435757e-01 7.219836363801102053e-01 7.154061890495900800e-01 -1.200972495578170429e+00
-4.907589646705931008e-01 -1.038085194628576846e-01 6.131619807556512036e-01 -6.326237721186106500e-01
5.409839503015696494e-01
1.298080424171561997e+00
1.446847729233740498e+00
1.027048299748948068e+00
ReLU
0.2
4
2
-2.018393129327574753e-01 2.639751299380319050e-01 6.279732728249791673e-01 3.112314288962902409e-01
-1.740147726459325139e-01 4.616822205837623483e-01 5.146702290803458757e-01 -2.127726220738771490e-01
2.657280903009454409e+00
2.106958266811533864e+00
Linear
0.2

ct 2024-06-12 00:01:15.895113
