noname
4
4
4
6
1.130557040703247695e+00 -1.677244660842732160e-01 -1.108424274732566950e+01 3.483589780026007388e-01
3.071489521853330906e+00 5.993124315834024163e-01 -1.069717522096993712e+01 5.915354601649831512e-01
-2.276330013187705781e+00 1.064724521038680871e+00 -6.740857634944837917e-01 5.306722817079619903e-01
-2.581942732599212587e+00 1.767701432769418490e+00 9.389433105695554005e+00 5.921839862226586648e-01
-2.794575151161637905e-01 9.608157676982990170e-01 -1.082005269770808686e+00 4.957864751305446904e-01
5.686879458751319394e-01 -2.071110634635900283e+00 -1.598168471827136372e+01 -2.351088611520838256e+00
3.293292611620938004e+00
2.799627359861990072e+00
-3.036901653343142549e-01
-3.288798895407567979e+00
-1.076440450149754036e-01
3.408515976461673258e+00
ReLU
0.2
6
6
-8.939735530979917239e-04 -3.924387508443473727e-01 1.308334604193762130e-01 -5.271959780883547220e-01 -1.155232909337898350e+00 -2.328529270420086394e+00
-1.419380580598019748e-01 -3.552849663976680450e-01 2.641814710415890666e-01 -4.974535208458660263e-01 -5.790205137398268809e-01 -1.604498896274842101e+00
-3.538853949268261356e-01 -8.912999257964616673e-01 -1.329438866638907313e-02 -7.906340052441870325e-01 -8.515056739932109764e-01 -6.365040262276234762e-01
-2.554264561185793703e+00 -1.926288074554598717e+00 -1.312615778256130405e-01 -7.554000064536415815e-01 1.026270821932660920e-01 -1.307498761690396583e+00
5.669958287324354806e-01 1.056328712334231534e+00 1.807506743078410305e-02 -1.789091743900804943e+00 1.519601163727834006e-02 -1.721860398902550715e+00
-3.654629224345657401e-01 -3.589255316943392171e-01 3.748892457054479044e-01 -2.967650240951584806e-01 -3.003251498838603317e-01 -1.257561619962143107e+00
-3.567341342779781210e-01
-3.822734576861498181e-03
1.666234488249936252e+00
2.824233491577538224e+00
5.434080307874086024e+00
-2.496930782465866805e-01
ReLU
0.2
6
2
3.231329807806701537e-01 -8.473517891378878897e-02 -6.156092882235515429e-01 -1.456627531475131798e+00 1.301630062837134671e+00 -6.658804535333678366e-03
3.829331649282680661e-01 -7.927027563394015153e-02 -3.366723023749942367e-01 -1.083801217348516754e+00 1.217135054574726594e+00 1.616876245834463766e-01
5.017927858983262546e+00
4.284118037977585836e+00
Linear
0.2

ct 2024-06-12 09:03:20.615491
