noname
4
4
4
5
-2.023519219165149929e-01 6.151888953442410934e-02 -1.722604559905540356e+01 -4.753409188742001024e-01
5.884266312494877971e-01 -3.021821322281452726e-01 -3.132324136056393726e+01 -8.284435943555031878e-01
4.414458750551247812e-01 3.408694121450503989e-01 -8.724582495695341056e-01 4.437601331348185463e-01
4.828395095184143671e+00 1.150948132519384215e+00 5.828975742545725591e-01 2.187629159324818440e-01
2.885798549867218288e+00 -1.290785208692194930e+00 -1.149196587061079278e+01 -4.889224698288983650e-01
4.007716029332820895e+00
-6.476858922457727097e+00
-1.467718944466780640e+00
6.681384054775020287e-01
-5.173957561092355384e+00
ReLU
0.1
5
5
6.333167963675153667e-01 -9.319321965062636437e+00 -5.296729084237986607e-01 4.859370757987276357e-01 -7.760525765172056056e-01
-3.905198264832028809e-01 -1.022852876804883460e+00 -9.121300041464648345e-01 4.592134762429660871e-02 7.669297073545225940e-01
-1.907354550993309861e+00 -5.399323452924519318e-01 -5.990250941860119083e-01 -9.728752045488339162e-01 -3.091819690427370926e-01
-5.239764153213545939e+00 -7.697371695499848343e-01 -3.410713171053075810e-01 1.741558333165941774e-01 -4.032663525263734949e-01
4.545225686719623348e-01 -2.611942159450006073e+00 8.633013016867308043e-01 5.088319217039304343e-01 -1.344665309545172382e+00
-4.960539811361928675e-01
-1.241974172229056705e+00
-1.859355429464794485e+00
2.632950116820283792e+00
-7.910366499128093087e-01
ReLU
0.1
5
2
1.237810053916093223e+00 -4.226443375537147773e-01 7.676756661594960063e-01 -1.588848437385130596e+00 7.444338204150157123e-01
1.376485252559013439e+00 -3.838567535164291722e-01 -1.400902423172777134e+00 -1.670548971596342858e+00 4.173737167826777616e-01
6.598164005975514002e+00
6.687584573827317413e+00
Linear
0.1

ct 2024-06-16 20:30:27.728864
