noname
4
4
4
5
6.005599314732277400e-02 3.789320341565120820e-02 -1.755370341643135035e+01 -4.114732640836997191e-01
8.714568473379981084e-01 -4.362470874761937289e-01 -2.907760589078152691e+01 -9.865986958584608280e-01
4.414458750551247812e-01 3.408694121450503989e-01 -8.724582495695341056e-01 4.437601331348185463e-01
4.899401505608996565e+00 1.299409124659554493e+00 1.244155103480950153e+00 1.984118498723594082e-01
2.885798549867218288e+00 -1.290785208692194930e+00 -1.149196587061079278e+01 -4.889224698288983650e-01
3.955732420557390050e+00
-6.173902144329990627e+00
-1.467718944466780640e+00
7.245389277238558634e-01
-5.173957561092355384e+00
ReLU
0.1
5
5
6.026217293263266273e-01 -8.023942410610983345e+00 -5.296729084237986607e-01 3.952218151277153146e-01 -7.760525765172056056e-01
-3.905198264832028809e-01 -1.022852876804883460e+00 -9.121300041464648345e-01 4.592134762429660871e-02 7.669297073545225940e-01
-1.907354550993309861e+00 -5.399323452924519318e-01 -5.990250941860119083e-01 -9.728752045488339162e-01 -3.091819690427370926e-01
-5.384790894380966364e+00 -7.697371695499848343e-01 -3.410713171053075810e-01 -3.716071477655260580e-01 -4.032663525263734949e-01
5.744063475373909489e-01 -2.287642595566226067e+00 8.633013016867308043e-01 4.236289035678417747e-01 -1.344665309545172382e+00
-4.060801893643844473e-01
-1.241974172229056705e+00
-1.859355429464794485e+00
2.346747475701715047e+00
-4.286482572806278868e-01
ReLU
0.1
5
2
1.267674588586002349e+00 -4.226443375537147773e-01 7.676756661594960063e-01 -1.881189423994394483e+00 6.707745886127670643e-01
1.444191471716377739e+00 -3.838567535164291722e-01 -1.400902423172777134e+00 -1.532003068147011149e+00 4.304705163298014337e-01
6.317296846973489366e+00
6.468171683165560459e+00
Linear
0.1

ct 2024-06-16 20:30:21.133843
