noname
4
4
4
7
9.832900412280811686e-01 4.294561338557563723e-01 -1.659109027499125477e-01 2.883910997480104155e-01
9.217329854890767837e-01 4.706914446277914443e-01 -3.865653102584763745e-02 -1.672164110801675763e-01
5.581800593397031607e-01 3.792992977596840731e-01 6.528758408231934984e-01 2.238964804991567525e-01
1.166108839115815199e+00 7.988547317964879158e-01 4.407970369143524580e-01 5.623615102543843003e-01
8.049787281542928330e-01 1.911749538594718079e-01 4.882179975229960500e-01 9.270868160420923099e-01
1.330566068443805205e+00 1.999421361950701470e-01 2.401281421447269970e-01 2.936907891934010251e-01
5.499717997783166723e-01 3.241696175240995070e-01 2.580231509545194424e-01 7.076454027418063175e-01
7.056583753782917912e-01
6.696985832512722947e-01
8.575325152517696559e-01
8.104340199414752366e-01
3.381643411558050150e-01
3.636540554394500635e-01
7.257307706017485094e-01
ReLU
0.2
7
7
-2.958839782529476548e-01 3.687840101965614292e-03 3.717524443726847871e-01 2.926945586219819595e-01 5.523564286267225176e-01 1.719871869910754580e-01 -4.695321247917175200e-02
6.151134818944867799e-01 7.957297735438485509e-01 7.411406310660393348e-01 4.025107220939583841e-01 7.373069364000355286e-01 3.429760211762123423e-01 6.710976213169448368e-01
-8.399909896595905701e-02 5.649534936663876961e-01 5.820328396018155104e-01 1.288119920317315203e-01 5.600903002215205095e-01 1.068199041086530660e-01 4.389351205462899697e-01
6.540590648325503853e-01 4.449469659127119892e-01 8.336154937885966731e-01 2.307873630510761109e-01 1.178409342977683044e-01 -9.303370237869031112e-02 8.503617184698855636e-02
7.222461367082683159e-02 1.523996196573209651e-02 1.335048444283891689e-01 7.467712666487023032e-01 6.305322204476369041e-01 5.792706768463613543e-01 1.959866856553798553e-01
6.942022051962551954e-01 3.380449424058028507e-01 7.227461511639095004e-01 2.335913260204639241e-01 6.441940633188188992e-01 2.713882194479729781e-01 4.033725993910550756e-01
3.654354565571555913e-01 2.317034860941729613e-01 7.198945050766742959e-01 7.123347169716519600e-01 8.839546112175193926e-01 1.215303308476309296e-01 4.856217740914686720e-01
-1.223095945447352922e-01
6.238599805761209094e-01
9.422924279000549630e-02
6.872420780235429794e-01
3.971442670753466131e-01
1.032018139490491038e+00
3.305106440606181417e-01
ReLU
0.2
7
2
-1.127977657312126125e-01 6.020032679613968041e-01 1.413094795869412057e-01 5.316064915895448717e-01 7.080029483339443930e-01 8.730403365191001797e-01 5.863953233501135731e-01
2.853035755713719257e-01 2.466145291415907104e-01 2.290153860398240759e-01 2.703393037359469453e-01 6.679033237025718828e-01 9.054322034259779661e-01 3.627238126875835245e-01
2.825935771631633564e-01
8.551255249068215880e-01
Linear
0.2

ct 2024-06-11 16:15:39.251338
