noname
4
4
4
4
-6.052583126832516980e-01 9.024025685094999583e-01 1.768727073089909041e+01 1.567965497181229129e+00
3.883011440080245263e-03 8.996930741603744730e-01 -3.415844209440535462e+00 9.956150406741723913e-01
7.383221827909242085e-01 1.587057502820036659e+00 2.793615757205666128e+00 1.755888177123785310e+00
-2.388964312489973429e-01 1.247308106573294939e-01 -1.382244051776385874e+00 -2.100975131623987122e-02
-3.175739155506204892e+00
-7.307827402561651864e-01
2.047379834693851652e+00
-5.779281981837970372e-01
ReLU
0.1
4
3
-2.047864768493078635e+00 -1.124906365316736753e-02 8.251629510945484025e-01 3.949423645047163700e-01
-4.370010480719057178e+00 -6.796883932552755248e-02 -5.587290311143522370e-02 -1.603370390726298611e-01
-2.518568577929845453e+00 -6.826333519329339516e-01 1.017314821728848989e-01 -1.241255261977837338e-01
9.495742544564528265e-01
-7.841491218810607349e-04
-8.395327826372270819e-01
ReLU
0.1
3
2
1.299792128453606255e+00 -1.733367010720590195e-03 -1.068542136445152363e-01
1.059412359857513586e+00 1.537091631953847563e-02 -8.209381620344739089e-03
1.254972076557374638e+00
1.406484887068477407e+00
Linear
0.1

ct 2024-06-16 15:16:56.075890
