noname
4
4
4
12
2.134580997524597734e+00 3.226891551637878219e+00 4.093281347098014500e+00 2.355421637885788400e+00
-1.456199372011159010e+00 9.102552201795539588e-01 -1.309466897378798733e-01 6.014460535102899019e-01
-1.441385583669626547e+00 1.165907450260327050e+00 1.677996817867991552e+01 1.725975110191580564e+00
-5.059549808173769980e-01 6.071046454616627619e-01 -8.526249288053076025e-01 9.317180808137396353e-01
-9.807309679626942112e-01 1.497315723250624453e+00 -9.438745933649828057e-02 8.956681321206135804e-01
-1.032298126998688614e-01 4.928583873197247556e-01 -9.521872886261966151e-01 3.406810127741118355e-01
-1.814852300349450553e+00 1.026062680925148962e+00 1.751919183669338409e+00 5.970366334654453322e-01
9.159401447414570185e-01 1.305900966482616832e-01 3.560955585641018550e-01 4.542088172379040167e-01
4.799622196860567347e-01 -1.100310909648726521e-01 4.049622910230003536e-01 3.262383739860583720e-01
-3.489014659117866679e-01 2.282719874058966703e+00 2.337219515253281810e-01 6.799987726815551747e-01
1.406502134341671706e+00 1.766091295408201978e+00 2.117693434440423850e-01 2.601649419873912628e+00
4.511399603049843776e-01 7.510282074470869818e-01 -1.014376858927105829e+00 4.610971544681256029e-01
1.968360914338924017e+00
-3.728133326322555785e-01
-3.841892108748386825e+00
-4.270900959371819461e-01
-3.598353814938995976e-01
-4.150823982008996493e-01
-7.059045073951282223e-01
-8.169025084376075885e-01
-1.794709665650410457e+00
9.284703314084452597e-02
6.824017990753016294e-01
-4.162486402221611259e-01
ReLU
0.2
12
12
8.644882628596884944e-01 3.341839823512242347e-02 -7.667722917888890599e+00 -4.753254013443981019e-01 7.921127590963580878e-02 1.106420154292388075e-01 5.557029197650767971e-01 -1.968810547880978645e-01 -8.068945146579318273e-01 -3.943485263774690885e-01 6.461905458492404053e-01 -5.841066752109562721e-01
-3.749964217517245957e-01 6.300909622498038209e-02 -3.493990623635661041e+00 -3.718187020151428879e-01 -2.664575393446293461e-01 -1.770983103922047219e-01 1.243131162778182003e-01 -5.055143861010150674e-01 -9.137111064661078697e-01 -4.317888436555464837e-01 2.675726469368135962e-01 -9.570856905622604494e-02
-4.653009361010738698e-01 -7.278324950501487978e-01 -1.237341747826699478e+00 -1.246586489324005509e+00 -9.649468760183208538e-01 -1.138188302285016995e+00 -1.221716774253680748e+00 -4.019448097313090690e-02 -1.026834161446513072e+00 -6.524460345705566100e-01 -1.351292578484398099e+00 -1.490727026553213097e+00
-8.532786799624493268e-01 -1.493881032068794301e+00 -1.061705764641322380e+00 -8.549346997319240415e-01 -5.616051637759419402e-01 -1.106598396897885639e+00 -1.240050700605463296e+00 -3.968470760724718271e-01 -6.387796832088349364e-01 -1.137214555182512354e+00 -8.797446629003795593e-01 -1.254755515038676439e+00
-3.596785747226869390e-01 -7.635788595160792891e-01 -2.376945809463998138e+00 -4.726380768418299017e-01 -1.387675684292043708e-02 5.109075515415124613e-01 2.470169167545374078e-01 3.603746286339312155e-01 -1.417361041316579140e+00 -4.030855836042248064e-01 3.639142691617064940e-01 -3.410271112570711360e-01
7.704070471128985353e-01 -1.198905766926389865e-01 -6.237534750007168505e+00 -3.690079340106456468e-02 4.731591524922213465e-01 -4.255446684227061072e-01 7.363801781993237205e-02 1.283703274270061589e-01 -1.040941159614887646e+00 -2.258314227439542909e-01 6.929458137437498610e-01 -4.455859411463698738e-02
-1.002775271531049395e+00 -7.070385206903928577e-01 3.855648896717956409e-01 -2.971316599915522771e-01 -4.792872903336006796e-01 3.459832442000217168e-02 1.688055434899087270e-01 -1.953233294014850296e-01 -1.198874740539526806e+00 -6.632022750627255547e-01 2.652120749802383548e-01 -2.532824441573010565e-01
2.000188839029534371e+00 3.875146464257282486e-01 -6.280626744179302889e+00 6.547321547747656512e-01 3.587282197579276799e-01 -2.724279697184505133e-01 2.026514323858761568e-01 1.507147294720195541e-01 -1.200790197677618520e+00 8.377196622532008252e-01 1.379592754653075515e+00 1.141418245380291657e-01
-7.180810206811856222e-01 -4.433078158018743942e-01 -5.181605188715895927e-03 -4.354488638816755852e-01 -4.301244289412662902e-01 4.030801617226852929e-01 6.244011133648175171e-01 7.049989533923480822e-01 -1.080145640491261938e+00 -6.398195195543036895e-02 -4.519367509460363308e-02 4.229940797028799437e-01
2.134681170321354737e-01 -3.331227917041013620e-01 -5.879773797834646487e+00 -5.283237411541393813e-01 -6.524708676291917087e-01 2.370508786284461211e-01 -6.688272699360909845e-01 -3.538966469534450265e-01 -1.017466826180725370e+00 -1.283213084172906360e+00 -3.637084782045528764e-01 5.642647635151609720e-02
-2.956866130393712155e-01 -9.406011700565813927e-01 -7.425077420521829508e-01 2.054530351218055439e-01 -3.832142520936547836e-01 -6.487941921131941125e-01 -8.420273658991711541e-01 -8.916533255835096261e-01 -1.189183289180141045e+00 -1.047711967439189484e+00 -8.466908217119456515e-02 -7.643381292578574904e-01
8.679244695083826455e-02 -2.493821111343993424e-01 -2.932103193654975737e+00 -3.572365106638344390e-01 -3.744450705085116682e-01 -4.538919123664293398e-01 4.433093102717452494e-01 2.166367206208282825e-01 -1.180318407125034330e+00 -5.977163389302322383e-01 -2.786964122263104193e-01 -1.459471211434983373e-01
3.272992962675874140e-01
3.232315070870784290e-01
-1.070516018105126310e+00
-1.170021653362764980e+00
-1.216782005279154893e-01
5.708869356940712292e-01
-3.815334778813292416e-02
1.771074896371894747e+00
-2.335323472709914805e-01
2.696927445509436638e-01
-7.862158832916549267e-02
-1.779187492959112549e-01
ReLU
0.2
12
2
6.897791079071625697e-01 9.078307061791936194e-02 -3.422163258935572161e-01 -5.858980413840599866e-01 2.752890747850205155e-01 8.833026717953423868e-01 -5.979058139515040088e-02 1.662273323933801894e+00 -3.632916408175439898e-02 3.543070302125498339e-01 1.248982935754421736e-01 8.949274613582287874e-02
8.287736061735994086e-01 -1.799575819808794663e-01 7.581869567133092680e-01 1.017295590096970681e+00 7.810946339513558101e-02 9.356775362798024354e-01 3.632249701317971646e-01 1.679840909571107987e+00 -1.590198143377818674e-01 -1.744001706294461829e-01 5.881376511358615833e-01 -1.089151620382490700e-02
4.245076051820761975e+00
4.736438483031498947e+00
Linear
0.2

ct 2024-06-03 20:47:24.294669
