noname
4
4
4
12
3.972196960550620215e-01 2.564035381488464216e-01 -2.914280953801797192e-01 2.878228324734258825e-01
5.558039426209270689e-02 2.704111821476722355e-01 -5.725308395167326703e-01 1.640648689109549530e-01
-6.623456286665907466e-02 8.388116172577780860e-01 -2.031832468484071619e-01 4.625947717904622114e-01
2.749708048786109194e-01 1.278313565403702175e-02 -3.675378149801037941e-01 -7.618956619289828092e-02
3.400905783948272032e-01 7.167006952611927328e-01 -5.686990449157522942e-01 4.181004495963589473e-01
7.300621659382557915e-01 5.032601422554270343e-01 -7.533911416822834939e-01 5.659269612061456067e-01
7.599013392075733009e-01 4.348140368390195909e-01 -2.457873200153634918e-01 3.511833954566333516e-01
6.013130931996339967e-01 3.295531157389733901e-01 8.551937093612507756e-02 1.796559736025978710e-02
3.853645860324521055e-01 6.233100502682814570e-01 -7.362624561221787767e-01 3.626404268791720287e-01
3.268266293602057337e-01 6.029970251974063888e-01 -3.836851578454469891e-01 3.767007630088878289e-01
7.460711210793911086e-01 1.940218107835325334e-01 -7.621457237428028719e-01 1.967590590462880151e-01
3.379787696924795859e-01 4.910569560142770684e-01 -5.906031200283223814e-01 3.395735949694808631e-01
5.587204245828490956e-01
5.838091203791306860e-01
3.443015826061126550e-01
8.191121494385952273e-01
4.119438932384668073e-01
1.018426976394269268e+00
2.160173761620733379e-01
7.132356886095841952e-01
9.489516125761828791e-01
2.923957930048567966e-01
2.858083876227413556e-01
2.196011713415265965e-01
ReLU
0.001
12
12
-1.372313397453732986e-01 4.684550271718654901e-01 -1.239761082717008300e-01 7.641322871331179822e-01 6.197286773554883110e-01 8.879637478302175868e-01 -1.766845121971865884e-01 1.920789607105191366e-01 3.644518837110035658e-01 3.581465289308799482e-01 1.985874752868736215e-01 5.298444536880607680e-01
7.264731669905051259e-01 9.505843742437693200e-02 2.796091830285125091e-01 7.681629924743543780e-01 -1.010374132767681843e-01 6.004760278358604042e-01 4.427806468333619211e-02 5.581215035477216091e-01 2.481058549260829194e-01 2.480466887863230774e-01 -5.428593886236312421e-02 -6.071217896530742286e-02
6.755888479248168821e-01 3.773013188477121194e-01 4.025410059328736745e-01 9.540391240872369005e-01 3.623332980417930393e-01 5.722386141904833856e-01 1.058419641588488266e-02 -6.282577133205963227e-02 4.738325270370000730e-01 1.025155985663657732e-01 1.253910056017379926e-01 1.197976629213220318e-01
4.836211848141339087e-01 8.941152431293077907e-01 -1.161276710877189727e-01 4.497531598002050268e-01 5.748406306267733745e-01 -9.147955593319188200e-03 -2.329310934258157495e-01 8.487487681286954855e-01 3.199310657863216334e-01 3.282006466624241836e-02 5.524297200221791604e-01 -9.552431970336824896e-02
2.351600906468010732e-01 1.112102219065990300e-01 -3.351236048572185933e-01 8.084770455824418223e-01 4.056403254607932052e-02 6.259959475893157599e-01 -1.932218967198574833e-01 8.759764793527446969e-01 6.930975491090529683e-01 6.525361435043735003e-01 2.222671726514161006e-01 4.718739144178812350e-01
8.533626771714662995e-01 6.031319642300708717e-01 -1.765702234293550499e-01 9.891726150751849467e-01 7.812915720020751076e-01 9.119286302356460761e-01 -1.775625093896844586e-01 7.483253471770118237e-01 9.632841901804370943e-01 8.407722194517117109e-02 3.175771793548620159e-01 6.432988003235386998e-01
2.642940597830104044e-01 7.437538066595532626e-01 1.285158246287446127e-02 3.517426551337649587e-01 9.937986204948928703e-02 3.757651522614916528e-01 -1.205992224146817254e-01 5.527117365373052094e-02 4.825144505261921291e-01 6.029588754623561586e-01 9.289490338807578074e-02 6.411232969240970858e-02
5.251550814045129467e-01 3.850069815251339067e-01 5.842937481761006913e-01 -6.562209191435118029e-03 3.332948952710094725e-01 3.724889684349673713e-01 6.719507041193304442e-01 4.163603335112572162e-02 6.452256358641949019e-01 6.484158625615525917e-01 2.555814378350623750e-01 4.550732297292430228e-01
2.247713624082637585e-01 5.851423042398152807e-01 -1.901815304646759797e-01 3.397293718799846429e-01 5.617393143571759451e-01 1.693956013847690845e-01 2.530815288327694160e-02 8.512402094593565227e-01 7.860917913517704303e-01 6.717175709590674781e-01 -1.752654191224355673e-01 -4.202043826515061004e-02
-3.269596083355685249e-03 1.830493626915305760e-01 2.165626069480362514e-01 5.687703654216860194e-01 -1.541382336705055811e-01 4.603165527005018687e-01 5.358421468096957740e-01 -6.855527457431587202e-02 3.691901611464256661e-01 7.048936664780476313e-01 -2.369361184889232919e-01 5.254536328851503457e-01
7.272373330704748340e-02 4.476107823018780629e-01 3.380424423318238447e-01 4.509042661949989594e-01 -2.276938280521996483e-02 2.703176577247011769e-01 2.060122881925309235e-01 6.041773581230630574e-01 3.852760868825622631e-01 7.300975589458719162e-02 9.240975429639369798e-01 4.291689525436895303e-01
1.297201244577312063e-01 8.670642223969557971e-01 3.278511922376037835e-01 5.284410841686747462e-01 5.158692198247970540e-01 4.917381688238646742e-01 4.738944160565866093e-01 4.102583647254285371e-01 4.815705085749200642e-01 6.745559107930456655e-01 5.696371154487062105e-01 -5.265160429937847802e-02
9.898062873000813555e-01
1.842938264651673708e-01
9.007661969364857413e-01
9.764444656567656811e-01
6.459982364686580603e-01
1.027185749881258880e+00
3.264010804400626076e-01
4.945863804718639289e-01
5.992358542103636276e-01
1.595697770723529807e-01
8.258619927723082066e-01
3.864006834540414242e-02
ReLU
0.001
12
2
7.015996424410909649e-01 1.493286521751998885e-01 2.087685739054491729e-01 3.808232765851642387e-01 7.305938788249877192e-01 2.089835727471789084e-01 7.176197541072998343e-01 3.320409694769068110e-01 9.546688548847040434e-02 -1.049083710275428363e-02 5.110735350716193448e-01 6.487237739125609748e-01
9.092343792610145525e-02 8.382185661412884237e-01 8.855129916884206809e-01 2.159204231035450061e-01 1.215425006430912308e-01 9.668151421888864228e-01 3.832672775038067914e-01 -2.631718215911360917e-02 6.695803686529939736e-01 1.123147626019206091e-01 1.095054280312919397e-02 1.389214633783449927e-02
8.041833444248965845e-01
4.447652825582512626e-01
Linear
0.001

ct 2024-06-02 21:37:12.908035
