noname
4
4
4
8
-3.227683468309950343e-01 6.384945926220054746e-01 1.007407060159769774e+00 5.905503439094023088e-01
8.147697911117233183e-01 8.974377927713611536e-01 1.374623776799665631e+00 -3.364538596629612632e-01
3.483118956168810842e-01 5.093418976513510721e-01 1.136257898620747220e+00 -3.551862545138639859e-02
-4.559238397990414415e-01 7.785022379216941513e-01 6.216653247784946767e-01 2.123119137081994900e-01
1.910266043424349303e-01 6.850345749342783286e-01 9.219534020931049456e-01 4.722670744313346991e-01
2.388172125512759425e-01 8.757465088649581952e-01 1.550836817671609413e+00 -1.097939519054499935e-02
2.767155973764418020e-01 1.153298784769984708e+00 5.164225673109841264e-01 -1.570322745094941963e-01
-4.439872290239126329e-01 1.085517518711984319e+00 5.145626886157688151e-01 1.788999909855185921e-01
-2.738149150830930800e-01
2.848700639343682006e-01
2.295545761019307518e-01
-4.102678328007707265e-01
5.376562967244514768e-01
4.588654830675076290e-01
-4.098253136632738491e-01
-1.859464201424559926e-01
ReLU
0.2
8
8
2.253840557478841156e-01 -2.710451238460707679e-01 -1.275906957249800244e-01 3.496691143134784963e-02 -1.139960687193655731e-01 -1.919241175142170630e-01 -3.992130570589998984e-01 3.342217509111236051e-01
4.848872206760801440e-01 6.008069273184900305e-02 -8.540755842227969186e-02 -3.590003830087197811e-01 5.508361894536982495e-02 3.615775746982564098e-01 1.866003045917245806e-01 5.631135036021819862e-03
-4.427838639271139409e-03 -2.278913241710637527e-01 5.261731406023200525e-02 5.199772287802043591e-01 -2.383736969355824686e-01 1.607166980255738675e-01 1.113788172210883332e-02 -5.218939022727801802e-02
4.931314201886781157e-01 -3.871851716688722300e-01 3.868288490369021781e-01 6.692628218642973636e-02 -2.718444774157149912e-01 -1.825357369546002917e-01 -4.646686940586707282e-01 -3.435185367177154836e-01
2.518308913866335041e-01 -4.241790381369907326e-02 1.369072125448018429e-01 3.811335513029482369e-01 -3.754338884390492348e-01 4.135841064075646001e-01 2.026163435215835862e-01 -4.003582511248795495e-01
4.968949468753721121e-01 -1.437298539910263073e-02 3.366634988647451143e-01 -2.866628397769745984e-01 3.585399479678311185e-01 3.333067931729590261e-01 -2.291644021192901226e-01 -4.495902111891847408e-02
2.366547106835482361e-01 5.388061038648566115e-01 -6.413680844153166194e-02 1.703989890309859367e-02 6.812141619451048680e-01 3.663453150588138474e-01 4.430950644118832327e-01 4.321223717978120438e-01
-2.627594138498139942e-01 3.156989658660053211e-01 1.939840456073708419e-01 -3.570865717156390118e-01 1.278635263614115725e-01 2.118450565062425517e-01 -4.627232370614060009e-01 2.432431558625778867e-01
3.292633150267282316e-01
-5.757866083218938363e-02
4.133277872334771841e-01
2.708075580265524862e-01
2.504718401233445579e-01
5.848880687615103380e-01
1.757327550195518506e-01
-4.053745401397306769e-01
ReLU
0.2
8
2
5.459277078031158359e-01 4.624220000508370565e-01 3.575691759261125369e-01 -6.096645010847072388e-02 -2.222611184344976953e-01 4.498739988740994566e-01 6.356308831032480011e-01 -2.587567694814205677e-01
9.433850600000995290e-02 4.809886684521542666e-01 1.685254535986889235e-01 -1.175346634872150575e-01 2.036203629959291994e-02 3.999526971626018446e-01 5.423584218122800005e-01 -1.208928643527177882e-01
7.657156481342382026e-01
-7.427184607897940882e-02
Linear
0.2

ct 2024-06-10 22:44:54.918431
