noname
4
4
4
4
8.855123972911144170e-01 2.241766720819740322e-01 4.844004278992932178e-01 1.232621007828949983e-01
-1.872416202254351347e+00 1.991974702416647647e+00 3.674570887173722156e+00 1.023716333752694302e-01
2.977293626798248050e-01 -9.439037089987074580e-01 -2.075534376693597238e+01 -1.948685866340384765e+00
7.086514170538741331e-01 1.722411503264237309e-01 -1.634497485598111766e+01 -3.545482369176951587e-01
-2.949638806766745613e+00
-5.593568966098019679e+00
3.605015362221175579e+00
4.367283548167471885e+00
ReLU
0.2
4
4
-2.895733479568447094e-02 -1.468086152494418206e+00 -1.114677473088954374e+00 -4.151345921302457831e-01
-1.158341974668645635e+00 -1.273816776350110702e+00 -1.075783481432985411e+00 -9.082303219902551072e-01
-8.356351150729717236e-01 -1.895294196803834152e+00 -1.590650331215474944e+00 1.730963317809809832e+00
1.204778123374724702e-01 -5.349977425073911830e-01 -2.344898217068445589e+00 -1.353138906150435083e-01
-1.889964713675856486e-02
-1.202020537213663864e+00
1.001059625622807037e+00
-1.846038121209704896e-01
ReLU
0.2
4
2
-2.453591404656382466e-02 6.417398847756156099e-01 6.258173823712206429e-01 2.440632220709285649e-01
-7.232856129408463119e-02 8.810332261833273559e-01 7.074991018039858970e-01 -1.542118169317347187e-01
2.519083041188415528e+00
2.144032744763055387e+00
Linear
0.2

ct 2024-06-12 10:34:07.122208
