noname
4
4
4
9
-5.998873123221928338e-01 1.235114635568162589e+00 -1.249602436218369528e+00 1.234764882759670744e-02
2.096533241998198793e+00 -7.038900009555069115e-01 -5.322398063828003956e+01 -5.397626247065535843e+00
-1.921817851856847392e+00 5.407284671594828618e-01 7.167128226349818831e+00 2.223992998271478783e+00
7.826186516308032415e-01 -2.079419750342619833e-01 -2.664857521700740151e+01 -3.043191903005444399e+00
-1.129368622969079416e-01 6.743949389041229425e-01 -1.081665978773915349e+01 6.661385620186226486e-01
-9.825055669042689344e-01 -7.147576807007309796e-01 3.316802137379302451e+01 4.030814000415368525e+00
-8.830030926188165985e-01 4.032278204542576461e-01 -3.167943783186780937e+00 -3.673925302939444748e-01
-6.204269552480182748e-01 4.657288225551879379e-01 -5.254219569312210680e-01 2.548384763469225267e-01
8.919199819868052215e-01 8.374537924857150539e-01 8.731578006809309622e-01 8.023736482899054279e-01
-6.485789600391421494e+00
-1.230699335389175353e+01
-8.065267939125169150e+00
-4.008812514445522446e+00
-2.933809681180670648e+00
-4.253399391435747745e+00
-3.619770413532031883e-01
-9.304618075766861729e-01
6.112604874440682456e-01
ReLU
0.1
9
8
-4.204603399976976075e-01 -3.017040428400833640e+00 -8.119616507041947928e-01 -3.248175121492498096e-01 -1.344314100793549738e+00 -8.268687050713211528e-01 -2.581789005695379391e+00 7.594195088401528571e-01 7.733831953414029847e-01
5.679262519008535515e-01 -3.009405613789271072e+00 3.653711666126160940e-01 -5.938078214370202668e-01 8.791215039832593614e-03 -1.094247542007001694e+00 2.690771313504854434e-01 2.085074938462432304e-01 5.165484463425265016e-01
-3.097555508756100195e-01 -1.403023750242846646e+00 -8.815037086016063173e-01 -4.913886916620328726e+00 -8.261334312409214231e-01 -1.182571712430583732e-01 -2.603075933471684644e-01 7.594195088401528571e-01 7.733831953414029847e-01
-2.207880469223099329e+00 -5.142480141909385738e-01 -9.548431077031006575e-01 -3.463778655661614359e+00 -5.112307934936873854e-01 -2.571777509828404362e+00 5.934116168702661120e-01 7.594195088401528571e-01 7.733831953414029847e-01
1.693045728268422367e+00 -1.257269635795233098e+00 1.029663697794479083e+00 -2.740669658348677817e+00 -7.372991726423649972e-02 -2.313468844560177817e-01 -1.319119601558091714e+00 7.594195088401528571e-01 7.733831953414029847e-01
9.061129642249730054e-01 -3.874988118032547835e+00 9.061129642249730054e-01 2.638970610379296478e+00 4.611115105346177967e-01 -2.962742754615834695e+00 7.529137577771948253e-01 -2.520903425828951994e-01 1.271624802741580185e+00
4.447206747575255248e-01 -7.280138878024886573e-01 4.447206747575255248e-01 -1.070421584040413876e+00 4.447206747575255248e-01 -1.161575852587332536e+00 -9.023596393528268145e-01 3.811420374466940042e-01 4.225082649188490747e-01
5.838147520437574345e-01 -1.731836172625472070e+00 5.838147520437574345e-01 6.986089004336346608e-01 5.838147520437574345e-01 -2.436558339374879090e+00 5.098065431509103407e-01 5.838147520437574345e-01 5.727805184782474024e-01
-6.318699708913130486e+00
6.715531012800652455e+00
-5.680712537194051670e+00
-6.854334093445732634e+00
-3.101357462607203352e+00
-3.681559605991329143e+00
-1.028925643860788997e+00
1.820157472058816284e+00
ReLU
0.1
8
2
-6.310735136780161181e-01 1.629969507911497972e+00 -5.315469084382119097e-02 -2.340371009437743066e-01 1.713070483553512435e+00 -2.605600935981666755e-01 1.925296498089133501e-01 7.187582222846570223e-01
4.921687832571309151e+00 2.161456260160182108e+00 -1.053739950177283058e+00 -7.053335126837709801e-01 -1.043387158996260888e+00 -1.561245121247540446e+00 3.240873699062580271e-01 -9.296478162063950279e-01
2.521291935065434142e+00
2.975717808550410570e+00
Linear
0.1

ct 2024-06-16 10:38:10.696586
