noname
4
4
4
4
-2.409647882750900916e+00 -1.335042854628534892e+00 1.325488746669136120e+01 -2.814884104108823504e-01
2.556476363358744841e+00 1.260217830059143784e+00 1.275053967668690502e+00 2.097531133819058091e+00
6.086763358796836582e-02 1.064291207399071570e+00 1.910179304493977526e+01 1.165440553766989185e+00
-3.149182964675829588e+00 1.377719311872961816e+00 2.508558798856117278e+01 1.987075506490691978e+00
2.420986211497185625e+00
-3.242617728227899399e+00
4.505776314289290596e+00
-5.187283245248949015e+00
ReLU
0.1
4
4
-3.929492941516308790e-01 -2.558671615706330504e-01 -1.057239967251679458e+00 1.947434839092968550e-01
-2.606916946991554962e+00 -7.808360410303369914e-01 -1.190452280375690508e+00 -9.365937407689255423e-01
-5.251737188709715287e-01 -2.762363959948245171e-02 -4.197131337530334072e+00 -1.223089306516381480e+00
-7.578091212253136311e-01 -4.802436734322638734e-01 7.513208895076122218e-01 -2.186605861606269574e+00
-3.827896731129665220e-01
7.871143629882189074e-01
-1.237064492434175184e-01
5.445869313150065727e-01
ReLU
0.1
4
2
4.347261910774965349e-02 -1.748703932394976013e+00 -4.198801220129870782e-01 5.281883872556135673e-01
-7.488435755490283063e-02 -1.691555565045185006e+00 -6.917155377222630741e-02 8.901898244138986005e-01
2.736226813076693798e+00
2.717383913031869991e+00
Linear
0.1

ct 2024-06-16 12:38:10.680613
