noname
4
4
4
16
-5.175767387134434273e-03 1.756618441266382113e+00 2.020678422498167759e+00 3.664789636239775272e-01
1.537849105377887104e+00 1.190650971278831793e+00 1.719010504704305164e+00 8.198053179307208671e-01
7.837519324977801904e-01 8.924582256076482034e-01 9.397208668044697566e-01 2.195332720247130942e-01
1.263519091736757582e+00 1.481614504411794098e+00 2.820605164334537118e+00 1.208447508618090582e+00
7.516096569719915577e-02 1.013593206959239490e+00 5.802825161802521725e-01 -1.715349765078052480e-01
-1.545152653540353915e+00 9.223493230326349490e-01 7.326957766666998495e+00 9.763532593916174340e-01
6.371630305763836821e-01 7.645792000685533996e-01 2.096467188219087063e+00 3.904960604309599681e-01
-2.202042649086936699e+00 1.321216454321773481e+00 1.278590491335491741e+01 1.579117585085077602e+00
2.510023993176492940e+00 2.829761293197954886e-01 5.943117597957647824e-01 1.776374951753252773e+00
8.478129187527815303e-01 7.171639875717427115e-01 9.943929970748175418e-01 3.850283656097980844e-01
9.281819407968354696e-01 6.940320940457368470e-01 1.214659969265956763e+00 3.526046123981020908e-01
1.234980891573556727e+00 7.656910793911948510e-01 1.558932126936166451e+00 4.225246536963285782e-01
1.700994784760575307e+00 1.123356951351066391e+00 1.671923979175043984e+00 7.927541573759452342e-01
6.359261069719658321e-01 1.281599883426480790e+00 2.389752716704496294e+00 7.956657791295346227e-01
1.036881309380145888e+00 4.747359229916624512e-01 -8.043515619460107902e-02 3.639934693349848871e-01
4.107257863243725660e-01 8.037585478914931469e-01 -1.566520109680522854e-01 4.456800258568382467e-01
-5.680936008710941731e-01
5.543288527255260112e-01
-6.273874411592740563e-02
1.259084545949588740e+00
-1.677867912466674660e+00
-1.915388439797057307e+00
4.692742203730509432e-01
-3.299127904037117975e+00
6.242288338559808247e-01
1.877342286601987598e-01
2.257994847349444334e-01
3.074342515704000522e-01
5.432672396770185097e-01
7.670579830323798198e-01
-3.587954254575547244e-03
-1.405206012400679993e+00
ReLU
0.2
16
16
-2.977575950151711281e-01 -1.910155612330423636e-01 -9.036093579250620289e-02 8.560732752763012821e-01 -1.062132126409553873e-01 -7.202855219058349467e-01 5.247385236550944354e-01 -3.499259959877594195e+00 7.616263062901593717e-01 2.452291301680059321e-01 -3.247484404154505344e-01 6.645852551506825634e-01 3.481886657418548081e-01 5.190758802562887020e-01 8.810015789968818692e-03 -6.493136091049792613e-01
1.295174201856446272e+00 7.777519341002685493e-01 7.470271411828507402e-01 1.287449130071515402e+00 2.962274424252794303e-01 -5.704900439461428885e-01 1.822917321753359798e-01 -2.242618299292318707e+00 8.890917922436887277e-01 5.076533380726270250e-01 4.392984555416582504e-01 5.501927621805180468e-02 1.969179996276935185e-01 2.063042708490384347e-01 2.251250431097650065e-02 -1.826490484422017557e-01
2.357696805653221039e-01 -4.553003791779018650e-02 2.430661530537813475e-01 9.544852951680304898e-01 4.382947786858031325e-01 -1.015898516425227438e+00 -6.642997103077291632e-02 -2.916147262948988850e+00 1.330136351771354031e+00 -3.103524799374129950e-02 4.655001995381279345e-01 9.019084206248971503e-02 -6.585845478092537675e-03 5.461556466903813023e-01 4.353498556557717780e-01 -8.029770951754184871e-01
-2.611104016508944414e-01 3.176271823959796459e-01 -3.650554536769304304e-01 1.413741881674669965e-01 -7.976099035840463758e-01 -1.105416833832274959e+00 -2.945619627465098644e-01 -4.011246432523262406e+00 9.294652664784557317e-01 1.796395760909667016e-01 8.140821843670927038e-02 -5.817459827584778864e-01 3.980238489401727864e-01 -2.715670012680980183e-01 3.009182228717433571e-01 -6.432135416354203272e-01
-2.105886744048976814e-02 2.927869131126926150e-01 4.011940111939687331e-02 2.904920393351635433e-01 -3.144109078359096365e-01 -3.627827208593061847e-01 4.874458486808647684e-01 -3.284554999125329999e+00 7.755726098880516561e-01 -4.430327193089317328e-01 2.912241778352566736e-03 5.134847449742431236e-01 9.820175662005808936e-02 6.235472703318380994e-01 -2.249763663542116710e-01 -9.223968548495454778e-01
-9.015959440566735372e-01 -2.104988449658205529e-01 -1.562237965814602947e-01 1.880267884587012439e-01 -8.175782662977628679e-01 -1.121323693618905493e+00 -2.961702733508927432e-01 -2.175269310748557672e+00 3.235955004316892203e-01 -2.139451415823371838e-01 9.924509578026352585e-02 7.073920215789637755e-02 -7.402351458226211212e-02 1.533118202282635623e-01 5.664254057742056786e-02 -7.971546722939608642e-01
-1.822888032857981955e+00 4.537844858179816004e-02 -5.320553648648977951e-01 3.951579230519570718e-01 -9.602024219455009835e-01 -7.495022923205724164e-01 6.450456773486273887e-02 -2.026874661585791326e+00 2.260812266210332211e-01 -5.474733645917685410e-01 -2.445941345930228439e-01 -3.645558761654874025e-02 -2.013069436254809608e-01 -4.551583314049258977e-01 3.817033205508357230e-01 -7.678404831324536772e-01
6.276033897140608220e-01 3.895286775707771931e-01 5.213482823636048646e-01 8.243538339102475243e-01 3.695736049087087749e-01 -9.521250988299054252e-02 4.227179891280087587e-02 -1.635388268693351188e+00 5.354653642723253837e-01 -6.206897513933956612e-01 -5.162003604163676318e-01 -1.084419475706491637e-01 7.351302544521345905e-02 3.332958097410516074e-01 -8.734226922733812071e-02 -5.159595258481799451e-01
-3.191868279010502962e-01 2.114667266834166781e-01 -8.990677452726715535e-02 2.552703231013383478e-01 1.925718682691302530e-01 -1.709760907835945920e+00 -1.262189965540164160e-01 -4.764199336737229729e+00 1.054237502945880728e-01 4.339093089578431595e-02 2.482427197832764165e-01 4.009359695691374625e-01 4.667241248370866957e-01 6.067576754692627361e-01 -2.761289024153980587e-01 -1.922419293489842640e-01
-3.951940582004068170e-01 -1.682234785323808157e-01 -3.747375758971876469e-01 -4.673454932998121619e-02 -8.659961802819741983e-02 -1.034230407843864663e+00 7.732031728455717075e-03 -2.578219525271719714e+00 8.514037283699189551e-01 -8.779544619975115927e-02 -5.653810751352763564e-01 1.327993152854381465e-01 -7.262323179905044723e-01 -4.581213480608311572e-01 -6.081755443449834431e-01 -1.126130486721471868e+00
-3.295857665009649384e-01 -1.734807277171320772e-01 -8.044873023472379758e-01 2.499244524625205133e-01 -1.198177844001663717e+00 -9.649237413408950914e-01 -7.620882806347792915e-01 -4.114024815828266624e-01 -1.859490961971294043e-01 -9.044299105156746732e-01 -6.506931123026872266e-01 -1.504138685877936532e-01 -1.826642786015507114e-01 -6.141943142112562537e-01 -5.665040250967953162e-01 -6.548508837226920676e-01
3.426995837392772803e-01 9.731774458020536755e-01 3.891707699563982242e-02 1.151651242008731701e+00 -2.304043673877436416e-01 -1.058966115620816772e+00 8.383244065388162358e-01 -2.520756219003561505e+00 1.217717844145489892e+00 7.313968525718038682e-01 3.236586386414420091e-01 1.701332916715234955e-01 1.185628304735930838e+00 6.972269937264327089e-01 3.164106671509455682e-01 -8.154104247394371452e-01
-2.387018140839108349e-01 -3.364319516275427469e-01 8.493372653737894795e-02 5.008465060165052662e-01 1.124818522414497146e-01 7.777510122459561914e-02 -7.740209704526533896e-01 -5.895065339732323828e-01 1.572587497111147536e-01 -4.932393760518324344e-01 -8.007590764254959304e-01 -3.512754346148102558e-01 -4.737190810879924885e-01 9.059732271191853203e-02 -8.305275625521161276e-01 -5.626424823519503571e-01
-2.551322332260043679e-01 -1.620142099316840556e-01 -9.240809774757179351e-01 1.184332040545294992e-02 -5.495770560459711795e-01 -2.807859301886467263e-01 -7.939981959222143504e-02 -4.038358880648120625e-02 2.321711578250940655e-01 -8.465505390465541402e-02 -2.879306871755784591e-01 1.445377339984003640e-01 -6.709225760556032370e-01 -1.863695217136315530e-01 -5.384848419555805510e-01 -7.446337016096080674e-01
1.108258359812300392e-01 -2.962867761174484138e-01 -3.752248995001093435e-01 2.338228938895857145e-01 -2.333559444678636741e-01 1.264808473722002780e-01 -8.957377248634426636e-02 -1.731863080938394805e+00 4.618487985091334069e-01 -4.272004649385663377e-01 1.184662916584500458e-01 -1.224369682535377535e-01 -4.892010892253307319e-01 -1.582359337870279381e-01 -5.834152434022441547e-01 -4.538899190580601428e-01
-1.242538018744944628e+00 -5.039323255314126504e-01 -5.905247208436508188e-01 -1.592083135059117471e-01 -2.986188695449192854e-01 -1.810560162118473870e-01 -2.599555535720124988e-01 -1.268686666000256036e+00 6.162282507035354850e-01 -7.114116898349207574e-01 -4.456508142179680942e-01 -2.822147449839082500e-01 -3.456064261883317612e-01 -3.114989264648903092e-02 2.650640580724268336e-01 -6.299571539221441308e-01
2.053821954693650920e+00
2.518279166671181457e+00
2.262307247331939219e+00
2.201407686180855805e+00
1.752545129032618165e+00
1.244992921045356749e+00
9.599440774112503183e-01
1.461643889507462379e+00
2.237523732467232573e+00
1.389175724426235048e+00
6.357922657278609613e-01
2.315287277541930866e+00
7.841803705120817813e-01
-2.231854317818475208e-01
1.129008521359587069e+00
1.511725589595338315e+00
ReLU
0.2
16
2
1.050216358646600234e+00 9.640737804745825867e-01 1.039724391419960092e+00 6.770662258745031581e-01 8.372817019145254447e-01 3.308055266804174610e-01 3.059241191401990134e-01 5.757366143683123605e-01 1.038953735110063059e+00 2.402200682275475452e-01 -4.373111067569857568e-01 1.321422076392538170e+00 1.441524595230618822e-01 -1.778489459690918428e-01 3.000224074389922779e-01 1.893452685927083379e-01
7.378574027898355814e-01 1.141986515341806729e+00 9.601145161957514995e-01 3.551641362467478635e-01 5.750335661353881411e-01 1.675996982130662782e-01 6.057736920914584544e-02 6.321777784171276338e-01 6.391651758661994753e-01 4.103074480782892969e-02 -1.222470446916966713e-01 1.353696284319024556e+00 3.582300717698898296e-02 5.979600356200630989e-02 1.702736233897906848e-01 -3.826197841319619805e-03
3.487046099998980520e+00
4.107913005032940212e+00
Linear
0.2

ct 2024-06-11 21:23:00.194251
