noname
4
4
4
16
-2.429717791947494376e+00 1.208421060902054478e+00 7.378062743623486908e-01 3.222439851016299373e-01
-9.090742890927057118e-01 1.419536244792156232e+00 2.010034057074840508e+00 1.391451779644339304e+00
-7.463115647263628416e-01 5.751106368675846792e-01 1.224386087858353012e+00 2.221323966001713390e-01
2.798386662408892889e+00 3.634196374425647136e+00 9.469996083225506567e+00 3.167629617647931717e+00
-4.123974392730622163e-01 7.798108225554640782e-01 7.003376609771574390e-01 9.287177736156526989e-03
-1.382197272056313819e+00 1.162165649366389442e+00 9.186257539234306435e+00 1.532245830620480032e-01
-6.014035421510315338e-01 8.532575036508189825e-01 1.696191596071648489e+00 3.963449449640864541e-01
-1.056430677532662621e-01 6.552942335116035411e-01 3.768004293861852005e+01 2.087856723600676645e+00
2.838546770411561670e+00 9.234002192823532740e-01 -1.635642247906313740e+00 3.213072688675602251e+00
-3.862663313015093358e-01 3.628608058493286159e-01 -2.245819650788876409e-01 2.353259040050285078e-01
-4.591447638129332098e+00 7.554267699954344550e-01 -9.116056267993890572e-01 -1.109664752200506310e+00
-6.577342819011162689e-01 5.431801658648517384e-01 1.149377011795885473e+00 3.996352792438639945e-01
-1.077003555224762721e+01 6.747980689979906632e-01 -1.309745336659344117e+00 -1.463620415566009525e+00
-5.131459772180405388e+00 1.374228210466442501e+00 1.170930492098966935e+00 5.938167230292985543e-01
-4.885861935868271999e-01 3.032155823615179657e-01 -4.664619443497052820e-01 2.090009498314783498e-01
-2.162547991915931167e+00 1.253564430512106087e+00 2.704362473817620849e+00 1.412775108980499850e+00
-1.837553340682084313e+00
-2.145295105757111020e+00
-8.927903902573707251e-01
3.048595561242513075e+00
-1.783314930639211093e+00
-3.212902195509748982e+00
-1.569561941102869618e+00
-6.887428247936116854e+00
1.197340138852208247e+00
-3.944221279709745898e-01
-3.816925671586203439e+00
-6.890634716918812019e-01
-5.243502051366717431e+00
-2.915203417324412349e+00
-2.562064919060714208e-01
-9.412579430014238469e+00
ReLU
0.2
16
16
-3.670469985082157605e-01 -1.944668627879732881e-01 -1.901315749301560609e-01 1.049150926617081897e-01 -2.560666623766331140e-01 -7.969809997281823710e-01 1.757073874930705493e-01 -9.050491911689787727e+00 -1.287882692532015538e-01 -1.935202600622295543e-01 -5.478981279281726069e-01 2.750979390036907279e-01 3.598259480669641075e-01 2.399660773613834508e-01 -1.396965669955974043e-01 -6.493136091049792613e-01
1.167197075515616245e+00 7.467177343633534248e-01 6.075981941481614079e-01 2.241245844126658615e-01 1.364234421393450414e-01 3.274197605294237312e-01 -3.447757973320560998e-01 -1.208541599332872352e+01 -5.716657010817053353e-01 4.048977399832914825e-02 7.886538973712466927e-01 -1.368231690546343471e-01 -1.233092870556864229e+00 -1.328173060184047349e+00 -2.163332287497155282e-01 -2.687746096006061070e+00
-7.029989614766103678e-02 -7.277176573573849172e-01 8.941904674066060432e-02 -1.519925147254097331e+00 2.903796764706581546e-01 -6.960994061167616875e-01 -4.663924806784355281e-01 -8.326157137440430844e+00 3.406141458593599514e-01 -3.977212893809342620e-01 -6.754163987814457148e-02 -1.914204859412592941e-01 -8.957570993824238714e-01 -2.292672794455759000e-01 2.657728658631348662e-01 -4.330733762606589821e+00
-5.312760170719584840e-01 4.445824518548248394e-02 -4.448771694666473486e-01 -3.137882590335550947e+00 -9.081198910652483747e-01 -1.377041284334947102e+00 -4.384026774009978089e-01 -5.329440973762419098e+00 6.571333782447885685e-01 1.557253265042243817e-01 -7.771987731857578352e-02 -6.903570027253695951e-01 5.268240627642584162e-02 -8.123103080339417748e-01 3.336578160633266732e-01 1.959373834672067938e-01
-3.344096273615927428e-01 1.486218591617139706e-01 6.100541709650740205e-03 -1.651353245593506491e+00 -4.548671385946062018e-01 -9.147340715038142500e-01 2.399471900310038430e-01 -6.521263426021573828e+00 9.741953587490173039e-01 -6.388150715156962756e-01 -1.726343543381176626e-01 2.371020585276970016e-01 -3.577413535270749234e-01 2.774793252174768687e-01 -3.350209065445391987e-01 -9.366112447048650091e-01
-2.478764527991626498e-01 -8.347412977358790176e-01 -3.096009936118814809e-01 -2.186908226103505104e+00 -8.260097536596470169e-01 -1.839367088756575841e+00 -7.005500341219359495e-01 -2.619022631271679558e+00 -8.740003215849720064e+00 -1.291152334275108282e-01 -3.855346525543604574e+00 4.617299244865462060e-01 -1.672652042141816064e+00 1.100005244599663534e+00 1.563226563837215588e-01 -4.349968449613113464e+00
-1.809679711405625779e+00 5.025510457579892426e-02 -5.198804232095430855e-01 -6.195056160031009451e-01 -9.614978812462943170e-01 -8.905820114947469168e-01 -4.034278675836353717e-02 -2.448439258579099054e+00 -9.094106804377415365e-01 -4.621847695725453953e-01 -1.862066586775754096e-01 2.785244836345981967e-02 -3.180564241235517842e-01 -7.335894271588778714e-01 4.150830197352028961e-01 -7.678404831324536772e-01
4.029058699498405671e-01 1.673790340799199139e-01 4.526404945627799381e-01 -1.322297204181358987e+00 2.890002774345284964e-01 1.043255980361866703e-01 -2.007547572410784131e-01 -2.718617841397483303e+00 -1.464051376095695522e-01 -8.042819418904680884e-01 -6.361429444929529442e-01 -2.734541348839860664e-01 -1.075410382370745876e-01 -1.701874284846345911e-02 -1.744530902451628673e-01 -5.216822194911396871e-01
-3.055141647286225282e-01 4.184628966877138589e-01 -1.505041276770370806e-01 -1.061563212728690253e+00 4.718114710616900208e-03 -1.782338594331101200e+00 -2.390522187002704635e-01 -2.022006782059501351e+00 -3.491548744266312898e+00 -1.089181676488006345e-01 -4.511553476421054781e-02 8.936333413057025513e-03 7.307934257638163400e-01 8.739104095268666050e-01 -2.990749170740300000e-01 -1.293747136586279045e-01
-5.208701862004290195e-01 -5.062415119041450140e-01 -2.892720740745739483e-01 -2.684509578760092108e+00 -9.757709267724679059e-02 -7.408775829214901965e-01 -3.557058173319120609e-02 -3.288101276334915113e+00 -8.724712089358575007e-01 -3.850205359342624874e-03 -6.718250246279257043e-01 2.974355601656848073e-04 -1.035193805807055778e+00 -8.087649331807583719e-01 -5.681748770102591495e-01 -1.126130486721471868e+00
1.262200645558511081e+00 -1.509688919304568167e+00 -7.784296093964566676e-01 -1.452868951687289822e+01 -1.197030255455195702e+00 -2.317799323924444987e+00 -7.677292918521903820e-02 -3.253267744262491323e+00 -8.874478285706139502e+00 -6.343356629492173937e-01 -1.293231818641533692e+00 -4.014609525655745137e-01 9.114616795339424149e-01 -1.422495740070654824e+00 -5.621004684085462166e-01 -4.396839155884444406e-01
1.082353194651423767e+00 -3.117074173164831041e-01 -3.284766972793017881e-01 2.114361813402250156e+00 -3.995150724986811785e-01 4.402525891581540174e-01 -8.524762329285615614e-01 -7.702401180992573870e+00 1.549238325131732985e+00 1.968706366763706694e-01 1.835481675943861912e+00 -3.060596348200310055e-02 -9.650470079744802310e-02 -6.870325047910617045e-01 5.286326405748753565e-02 -4.287249829777650234e+00
-2.225567360220684909e-01 -2.635495916787938264e-01 -1.139353502124638116e-02 -1.076727929254997829e+00 1.080641625760116742e-01 -5.860880756560268162e-02 -8.815789005974259407e-01 -6.354830702987938063e-01 -9.607501887838456600e-01 -5.029172535338893857e-01 -8.191341139007093375e-01 -2.751046694741837717e-01 -7.060310156489005839e-01 -3.234833896041899859e-01 -8.263390380526876022e-01 -5.626424823519503571e-01
-2.551322332260043679e-01 -1.753178522459697686e-01 -9.240809774757179351e-01 -2.321171080832183264e+00 -5.495770560459711795e-01 -3.097293576415711680e-01 -8.944662037696073098e-02 -1.127290277892636805e+00 -1.693840095089209630e+00 -8.497282910708525705e-02 -2.882291820275028060e-01 1.439190898851788192e-01 -6.836437875925097662e-01 -2.106682833789514375e-01 -5.385684732080888715e-01 -7.446337016096080674e-01
5.347801497421476175e-02 -4.881085939801581008e-01 -3.726947885694186224e-01 -2.225251994763358443e+00 -2.364886330499913203e-01 1.115427891656468190e-01 -1.180324486705958825e-01 -1.964894505913931333e+00 -5.786774259153117939e-01 -4.462102194518234310e-01 1.286230086609106427e-01 -2.390361104244311807e-01 -6.816654945047670999e-01 -4.430868048304016926e-01 -5.551772362697617869e-01 -4.538899190580601428e-01
-8.304725882822532324e-01 -5.537320491115708121e-01 -5.555794411974525060e-01 -3.996652251237263087e+00 -3.006376097440229822e-01 2.707363115199079573e-01 2.081819782125162999e-01 2.599814098228615311e+00 -2.978256469284219055e+00 -6.698992003953513352e-01 -1.935592218124876585e+00 -5.217234943123368884e-01 -3.714306825237018383e+00 1.691218907754400869e+00 2.615266946928883063e-01 -6.290564590887815832e+00
-1.269420086938404912e+00
5.434012056551471709e-02
2.188845451179486812e+00
3.737872524254999274e-01
-1.782583122526364139e-01
-3.691268566107147597e-01
-6.038733853390073486e-02
9.677751206240080284e-02
-4.101442833319175030e+00
-5.967275246371062103e-01
8.190874951530270343e-01
2.383097341088145527e+00
-1.480062731239731588e-01
-7.411713699041968528e-01
-1.478086114887944974e-02
2.824294891125766593e+00
ReLU
0.2
16
2
-5.678262771462326206e-03 5.694900986073077043e-01 -5.480306581476910299e-01 6.976114448514019184e-01 6.023779161469700050e-01 3.290654366659243379e+00 -2.010600319817525961e-01 -6.725723058245722252e-02 3.729127173383869898e-01 3.669618568354268695e-01 -1.738514134636375053e+00 2.036997703330382326e+00 -2.419129461283342497e-01 -1.080041489917296232e-01 -1.590173123242933639e-01 -1.753736919869764099e+00
2.986770556432118973e-01 3.831382468768689264e-01 -1.201600418679353854e+00 -1.322184491416541208e-01 1.750521199245280435e-01 1.921320434146634726e-01 1.427845784549806596e-01 -2.887872250514823824e-02 -3.401416737402424229e+00 7.384711724334748484e-02 -7.524985391521633593e-01 1.980651459890789390e+00 1.514863917369478619e-01 -7.306091385260868321e-02 -9.463393967010412522e-02 -2.632033570472727124e-01
1.397695870362363202e+01
1.148203861361113276e+01
Linear
0.2

ct 2024-06-11 21:25:30.738465
