noname
4
4
4
4
2.444986948099658886e-02 1.035322687605699787e-01 8.638441568111614455e-01 1.547267636576890038e-01
3.714803314786067068e-01 2.426868791908206591e-01 3.514419216062306672e-01 9.679912773348035016e-01
7.456318410923346018e-02 9.923316461236704189e-01 6.294308684941729570e-01 9.600729946840332873e-01
7.636182961895422450e-01 9.320800099697296170e-01 5.555133369553624245e-01 6.559231693398082097e-01
8.213175103506703545e-01
2.020553140523466684e-01
4.098375056819667517e-01
4.549171835971833611e-01
ReLU
0.2
4
4
2.580194961398440956e-02 4.958005615688563239e-01 1.327080509327955848e-01 9.108515807882232584e-01
1.188983151878928446e-01 9.237575542769485004e-01 5.840382277196212168e-01 5.465622331412673951e-01
6.087892489508641702e-01 2.152088674631812415e-01 7.471061632013996645e-01 1.612504254949793658e-01
3.773227427861909344e-01 2.324559564868542427e-01 8.617256083694498914e-01 1.176036157268336435e-01
8.097884872737459716e-01
7.298594116607391991e-01
2.056245262527189865e-01
8.237253618651942944e-01
ReLU
0.2
4
2
7.354801257430729766e-01 3.146518474335424642e-01 9.781015334957797736e-01 1.725476025150896042e-01
4.018332259746810742e-01 1.838777799490437515e-01 3.202216265924040517e-02 4.979762498471604903e-01
2.288894912056596009e-01
1.246793079215824385e-02
Linear
0.2

ct 2024-06-11 20:52:27.883753
