noname
4
4
4
20
-1.754214689433596097e-01 1.524361934321170897e-01 2.214269804438508960e-01 1.702904908744318491e-01
-7.328204956647182966e-01 6.312051288819191530e-01 4.767384076825845085e+00 9.447022977934325105e-01
3.545870287712093449e-01 4.730131449473802818e-01 1.542110034461205981e+00 4.856777842178975346e-01
-3.790208144899152032e-01 1.541399616419303620e-01 7.546830745012195196e-01 1.319374094178144829e-01
-7.096829344724449040e-01 4.580562976362291816e-01 2.136151298334524995e+00 4.578742362310997960e-01
-1.388723517864359547e+00 4.428036120037327494e-01 4.445505378891307480e+00 7.999858091605600574e-01
8.540124789338172651e-01 5.427009824803906701e-01 1.498712739210032563e+00 6.814754227918348173e-01
2.669134054383186516e-01 9.775160010153978174e-01 9.094213882445033592e-01 1.000656702046754054e+00
-2.133398565201557184e-01 2.042010638156009361e-01 2.275177982005979760e-01 1.853173689146104808e-01
-4.678979515507667997e-01 1.421805551737115314e+00 1.274166152289456955e+00 1.106252614500592202e+00
-6.175229545012103083e-01 3.039122867680809637e-01 3.945105686361076280e+00 6.099212922428635247e-02
-3.019915212991783893e-01 -3.296556634824950871e-01 -7.522968943100744044e-01 5.585826351637309672e-01
-5.675819661155787760e-02 6.431872875921017529e-01 1.428824024964053585e+00 5.797501845347089455e-01
-4.018565063590481268e-01 3.307632099257676872e-01 6.339973326927330177e+00 6.943532452583716097e-01
-2.277445684712040286e-01 1.303202888088167144e-01 5.011842122508807645e-02 1.536344251042237319e-01
9.519129504746800530e-01 1.134527832844493878e+00 9.943620813644302725e-01 1.157907090693091057e+00
-2.010556844354412231e-01 2.107483262970542282e-01 8.690105336291779281e+00 5.368563416434607438e-01
1.034383096185632844e+00 7.392863702946123050e-02 -2.521653163185494595e+00 8.458047655130076503e-01
-6.554656304464381300e-01 3.039343048192741370e-01 5.320551049164026214e-01 2.241150583741358393e-01
5.677782155582917767e-01 7.763388331526249742e-02 -2.562622165898295279e+00 5.623832979185169334e-01
-3.460176780038060618e-01
-1.035289880371864202e+00
3.962945744048904650e-01
-3.638869397530655192e-01
-2.727053371649064695e-01
-4.556314021346712373e-01
7.916486927828397802e-01
5.862838927369333764e-01
-3.505897635559667713e-01
-5.679782304801310744e-01
-5.025174590379147821e-01
-1.787694991278181711e-01
3.958546964717863381e-01
-1.372525250260661966e+00
-2.735747724194023123e-01
7.006952378166045881e-01
-1.911515058339501083e+00
1.126614806598867785e-01
-3.913636873578912878e-01
-4.021661822293942090e-01
ReLU
0.01
20
20
2.177140965372059422e-01 -2.938894885580244143e+00 1.159957034607863174e-01 1.134279166663378774e-01 -1.051869896061258691e+00 -1.469303530320181794e-01 1.104239845842537315e+00 1.061478507949300099e+00 3.148416534418355117e-01 7.395331293334526102e-01 1.764607973346962455e-01 -1.563504294771716485e-01 7.537373629079235915e-01 -6.373240064849101216e+00 -2.192373314734298861e-01 7.245862836915528682e-01 -1.025040804425439767e+01 -1.537635085194446471e-01 4.774136902462711718e-01 -5.026419293201650484e-01
6.388652426263562167e-02 -1.281159102652613901e+00 -4.428713244410989458e-02 8.890916875695115129e-02 2.685753173610432309e-01 -2.108184581077514885e-01 -3.893199771503205731e-02 6.516026277153924573e-01 3.327098420973977899e-01 1.055971010536863375e+00 6.695214277128425095e-01 -5.393209542673739199e-01 -7.225311788711789862e-02 -2.595821289916967700e+00 1.365224901977731831e-01 7.403733079661229954e-01 -1.042299713332072209e+01 -2.925465492856186844e-01 -1.571425915977496535e-01 -4.651791437673979956e-01
2.396550154227798379e-01 -2.265845449281903790e+00 6.519102462225517813e-01 5.685476802417967213e-02 -2.641059050259414454e-01 -2.739812788487079320e-01 5.366050359532177350e-01 1.884618289336672733e-02 -1.959924682009355490e-01 3.436441547937200691e-01 9.478022612117583678e-01 1.204321435698236797e-01 -2.566177317154662019e-01 -3.397506997930432426e+00 -2.113301965316956577e-01 8.281839724184417717e-01 -8.953131556645017142e+00 -1.560548252125533164e-01 -4.381568336424540577e-01 2.212040016031421308e-01
-3.526552608455956195e-01 -6.350342514726317056e-01 2.594603438724280009e-01 -1.263436079141494472e-01 4.722489335287026191e-01 -1.517125025359634227e+00 7.981256785477830462e-01 1.696103774294597522e-01 -3.407396873083839428e-01 6.593372716924837673e-02 -4.813722553559818262e-01 -3.840252708647916569e-01 3.225089053356515190e-01 -3.760343971388624418e+00 -2.322694173024915654e-01 4.886560887295708366e-01 -8.008482428538126641e+00 6.066617434427579170e-01 -4.493430606028466778e-01 8.248205381678805348e-02
-3.688038494066006034e-01 -5.260038994579581129e-01 6.249339974721425106e-01 -1.528442128908231168e-01 -1.059164348670099259e-01 -6.451628663272563902e-01 7.055564869077680934e-02 8.049094010814716871e-02 2.092030970808476387e-01 4.016146728630664020e-01 -9.831651870032672713e-01 -3.860758734818841020e-01 3.139213162067734930e-01 -4.472332397030829299e+00 -3.032391175509183134e-01 4.547752561266501514e-01 -8.495412470191103793e+00 -1.355584841981195832e-01 -2.302046511796747852e-01 -1.804180570970730924e-01
4.897755977606187971e-01 -2.395200504022658716e+00 2.517883695180279657e-01 2.498827884144477207e-01 -1.362186400957708043e+00 -2.391579017892701220e+00 8.359119844170855851e-01 -1.479345769241074277e-02 6.081916484765950703e-02 1.160693600984942675e+00 -1.328037596677494048e-01 -1.580824617798196163e+00 5.385864668084556356e-02 -6.783749416614059058e+00 -1.539623782694766463e-01 1.388554318664697584e-01 -5.464872956859212927e+00 -1.176696829166110625e-01 1.378165726034082383e-01 -4.407152175156022755e-01
-7.293045910338977200e-02 -9.204723240993024636e-01 1.788796261178642599e-01 -1.371389661856750875e-01 5.253143317416483771e-02 -7.952351086506542766e-01 5.835959858437234082e-01 4.253876159460573403e-01 3.709200400096128447e-02 -2.696739001036569383e-01 -1.498177511523878236e-01 -1.464510922026401041e-01 5.797743087490999647e-01 -2.600520106520791686e+00 4.194270233560519201e-01 1.202497222254333559e-01 -8.486105630440134107e+00 -6.180062753499021566e-02 3.625614718614704191e-01 4.803258884338457713e-01
6.361500709563957523e-01 -6.419818470254256004e-01 -2.494230407060629706e-01 5.760747994698960789e-02 3.867431016958046142e-01 2.624557185526512071e-01 2.106271671014782187e-01 -1.137132850629380409e-01 4.727410757734000213e-01 1.002063345663324778e+00 1.083131330122621305e+00 -8.122289895515324432e-01 4.832531533838859139e-01 -2.039737982831142382e+00 1.602875003325804903e-01 8.213740427298261704e-01 -8.953752415844309809e+00 -6.097807996402460073e-01 4.503673416296176679e-01 -3.328655123100853763e-01
-4.063051552494395535e-01 -1.125327818350480680e+00 -1.519827700662002845e-01 2.803048642149466030e-01 3.755820413910829769e-01 -1.068713425970669428e+00 7.952090078396760742e-01 4.440935123196562140e-01 -4.505382313896660884e-01 2.991771269441287351e-01 -1.114409832767033759e+00 -6.091285464435519659e-01 1.982486925463728955e-01 -4.474898307188055924e+00 -3.107037884741302713e-01 3.096249933837252888e-01 -9.157120497481578525e+00 4.605986709483553265e-01 -3.520916622644444938e-01 -1.965609131031605672e-01
3.612897915069061550e-01 1.491287429853511426e-01 4.229006466872166081e-01 -2.314238023839266800e-01 6.912901671007921911e-03 4.479606599692332880e-01 -9.976853646227910877e-02 6.546849304274270087e-02 -5.934642483115694089e-01 -4.120307789943329912e-01 -1.822707609884043345e-01 1.019883351009117645e+00 -4.118394599377281917e-01 -2.150759404942108155e+00 7.452929462132704998e-03 8.892820049087859502e-01 -8.666831021087121556e+00 6.101341716048287456e-01 6.633025550814854177e-02 -4.786850253304460179e-02
2.460979789547425578e-01 -3.715010758322612738e-01 -8.354653872142837889e-02 -2.996958807180790177e-02 6.610530764132990234e-01 3.459731718078237761e-01 -3.584446887594978648e-01 -1.157032200194389876e-01 -2.240479097363620997e-01 4.192570921185195809e-01 4.509605220765404709e-01 -5.660586629437466127e-02 4.621386647628760724e-01 1.072487880609615418e+00 3.039724935142352757e-01 -3.684417141130198470e-01 -1.069091015835047065e+00 -5.594994237062864695e-01 2.878638950320543399e-01 -2.053814084753496916e-02
1.045954698599009941e-01 -8.548034400181985237e-01 1.237468217071278076e-01 1.792981816609593715e-01 4.335065844535679336e-02 -3.787450736761797665e-01 -1.610417194544254416e-01 1.616035126971812341e-01 -9.600318190010910524e-02 1.049579246025110990e+00 8.141145291853939536e-01 2.229684110978451261e-01 4.126123268059244120e-01 -2.135739933147841718e+00 -1.611172813936876114e-01 2.755409447177441518e-01 -7.047731726771894856e+00 -2.721894478333444223e-01 -2.811117510344204873e-01 -1.593154282014934697e-01
8.309077172983068624e-03 2.628987159874850987e-01 1.755737635394959140e-02 -2.274323819815907977e-01 -8.108432196279939663e-02 -7.725963924997539811e-01 6.138366846474790917e-01 5.505583732238834571e-01 -6.850639092831701804e-01 -4.341328233698057287e-02 -4.815273670372727244e-01 3.765690672692377783e-01 2.644886464335621801e-01 -3.821901490878176322e+00 1.009488642034381267e-01 6.672149660426640594e-01 -7.642376581384035639e+00 8.637990688763106384e-01 -4.338351277437560438e-01 6.554772432557137707e-02
-2.409579286003069726e-02 -5.905073944543788311e-01 6.121745781173183465e-01 -3.567243704182155861e-01 5.821381825129609000e-01 -4.427135450974707953e-01 4.922201311588013106e-01 7.077751540250953877e-01 -1.918524693096993750e-01 -3.757696399365403894e-01 -2.672453129632093027e-01 1.221966538184821482e+00 6.424974760757600212e-01 -2.283966166993456337e+00 2.356562763540969718e-01 9.055554573147734931e-01 -7.298999134449112525e+00 3.575249875733192972e-01 -4.016808405015988015e-01 7.046313697479708038e-01
5.288419437241536070e-01 6.305635619660135971e-01 -1.583124405304753013e-01 1.696607906840316704e-01 -6.080958388446930929e-01 -4.302652136963583396e-01 -4.405932841863602345e-02 7.400449759553162643e-01 4.597961699098510047e-01 8.081355585224986315e-01 2.130090776274818243e+00 -1.568933576984919087e+00 1.669466723023883478e-02 1.750470106089708988e+00 -4.238655113115655237e-01 -1.302108650539058610e-01 -6.270245225685944668e+00 -5.997002497577391678e-01 3.185028232018570216e-01 -1.198598312245873210e+00
2.309674338981065056e-01 -4.747266339024001636e-01 7.910744359292282146e-02 -5.206759469640408478e-01 1.334858210468995443e-01 -6.392124951126730847e-01 6.386195130181768764e-01 5.660721073967717176e-01 8.879786115442810102e-02 8.071373442025808753e-02 -1.004590393410711213e+00 4.868909008225574264e-01 3.684296383575067502e-01 -3.328659038181152496e+00 2.877177456705269920e-01 1.370636295561298568e-01 -7.700204256528150104e+00 -4.292306095464195476e-02 -1.119408062645334406e-01 7.321205205529283111e-01
-2.066063889722855595e-01 -1.591692647735764909e+00 4.006069098386229044e-01 6.713608292451324344e-02 1.452512508969870386e-01 -4.676774826004848062e-01 7.660972140135165198e-02 3.372247249796809787e-01 3.631619330784747329e-02 6.610990924529779322e-01 8.940781672609596775e-01 -3.088782413007483130e-01 2.250646042542609748e-01 -3.868952139660558398e+00 -2.578118966945364132e-01 5.189714607740030239e-01 -9.603840247875883307e+00 -5.908423485537741410e-02 3.140244274884614883e-01 -3.782894252379883498e-02
-2.126539540407353934e-01 -2.297609730522082394e+00 1.086222385619264458e-01 -1.895549949395225475e-01 -5.712852958060246067e-01 -6.323647058347895422e-01 6.122919187892648107e-01 7.878130726151356678e-01 2.616747737162022913e-01 1.510449033747359282e+00 6.855837191304551270e-01 9.275108455227371040e-02 4.257055265205489381e-01 -6.668121172047987599e+00 -2.679240603983910063e-01 5.595439712734570081e-01 -9.311426564731670297e+00 4.338940966049913417e-01 2.331137556358871821e-01 -4.809804134354959959e-02
-3.695912921642509064e-01 8.025102995296345965e-02 6.444090048905845025e-01 -1.397998210505985994e-01 5.366303957086541176e-01 -2.435784792218576578e-01 -1.312532232849331626e-01 -1.245277328283890955e-01 -4.413749790008970886e-02 -4.309151948908496732e-01 -7.337460117036675999e-01 2.019671660064458613e-02 -1.954219109685116640e-01 -2.902392550209003552e+00 2.907526180121496884e-01 6.712844457673795562e-01 -7.382359944416666764e+00 7.154063228784677264e-01 3.513128286979973480e-01 9.106174410597901447e-01
7.970338626446520358e-01 -1.012547040459851555e+00 1.637773398307240669e-01 7.163346177659227765e-01 1.293693567761812491e-01 -6.277595434648678419e-01 1.791831528666524287e-01 1.654175891920834918e-01 5.775100141368020301e-01 9.839615319635881541e-01 1.038202469921407189e+00 -3.057442722854463724e-01 2.806794820326887208e-01 -2.735955388122246923e+00 2.150035997772053731e-01 3.163431541596177787e-01 -9.087353616709433979e+00 -3.147820459439698015e-01 1.810457833664897154e-01 1.244793601388300558e-01
8.201134856320644317e-01
2.810171482420059305e-02
8.391395842288630613e-02
9.282857326001653364e-01
1.439530051631676910e+00
1.825604360834970130e+00
4.100713862815213440e-01
-4.070294538821210839e-01
1.332525817099481147e+00
5.313386828761366143e-01
-1.102168876270289477e+00
-3.448008787431565414e-02
1.437407264555022435e+00
1.052088561070301909e+00
-1.176022851671443936e+00
7.201548624549993782e-01
7.554013644616011103e-01
1.082200915086614312e+00
8.927252455026154498e-01
4.043075610523586549e-01
ReLU
0.01
20
2
2.458441515920592124e+00 7.272278118034017913e-01 6.540075477863220854e-01 1.340062625268231500e+00 1.630950296562833080e+00 2.455805977785491034e+00 8.914968213473906111e-01 4.747876581892741532e-01 1.681056289111804825e+00 7.755524948040344313e-01 -2.610352902791772123e-01 3.291238543002192873e-01 1.614738504652572404e+00 1.157712496365373767e+00 -4.312885876045409184e-01 9.429652016992842167e-01 9.922513051442138909e-01 2.097584513905814241e+00 9.751456081956618727e-01 6.569906549548456542e-01
2.545616435822946499e+00 1.603819978833171733e+00 1.393870266165341487e+00 1.213977991280943858e+00 1.221027175536675946e+00 4.071494878860351663e-01 1.052029047231748171e+00 1.330786594600789741e+00 1.331966133021134313e+00 1.160187607404312704e+00 1.953657455700079371e-01 6.195483671918218249e-01 1.364575770414974354e+00 1.426797603709299533e+00 8.033909872018805132e-01 1.055672788347637114e+00 1.454769806764978801e+00 1.935826674451496920e+00 1.169343716592529114e+00 1.253387687917900895e+00
1.728236422987093457e+00
5.006679526217673315e-01
Linear
0.01

ct 2024-06-02 22:01:58.077618
