noname
4
4
4
5
3.867506913287114267e-01 5.075361970743496043e-01 2.185824688289774276e+00 3.910753991082969727e-01
1.765819484805953632e+00 3.015423875818213362e-01 -2.040638084503822114e+00 5.395510979639515092e-01
1.290636830713000727e+00 4.577993671626384015e-02 -4.845757769751831923e+00 -7.378346194193277086e-01
2.711605300777998107e+00 2.262469344695399176e-01 -2.704811993974261419e+00 5.249767606373927364e-01
7.383766916218512666e-01 3.986475847283234286e-02 -1.004324347089819991e+00 1.304928013632245809e-01
-1.354963538846635673e+00
1.548136259818800209e+00
9.224746195146231731e-01
1.248665078031637288e+00
2.338822951548334972e-01
ReLU
0.1
5
5
5.753022463304575673e-01 -9.348470484911027834e-01 -4.115405352756582036e-01 -5.764723175163546931e-02 1.442323794035678397e-01
-5.906957582247642780e-01 8.785529762831884026e-01 -1.376889783424217528e+00 9.000145491888537075e-01 2.423039283352722006e-01
-3.551198725727065519e-01 -4.469289457023997159e-01 -1.031478504246744032e+00 -4.594391783894771208e-01 3.493124099969406315e-01
-5.934160208714891471e-01 -1.282790516274069925e-01 -3.866491255025612528e-01 -7.888260435950690541e-02 7.913246432841369860e-01
7.770636100780605737e-01 3.950224143697768642e-01 -1.777877456577456328e-01 1.971682890978218028e-01 -2.987205912437619348e-01
-8.350292074168154111e-01
7.135748675297385324e-01
-8.425443111848759381e-01
-1.908515937892554526e-01
6.584646402131726362e-01
ReLU
0.1
5
2
3.129287614750522195e-01 1.209956514095822611e+00 4.982682624550404671e-01 2.107088324935169343e-01 4.306407588216935034e-01
-5.404131325342440562e-01 1.245900543390557003e+00 -5.373473804574489809e-02 1.385835226408875520e-01 4.923724825429813268e-01
2.854801429901689946e+00
2.146080950043081526e+00
Linear
0.1

ct 2024-06-16 11:32:34.144555
