noname
4
2
2
28
-9.640771041650705864e-02 3.608747746364271425e-02
-1.535990616276847742e-01 5.504669526075192110e-01
-2.082723858861988131e-01 3.626551386193231363e-01
-6.932403785287959239e-05 -3.599211208829527359e-02
4.454821695302680906e-01 6.815096678303298461e-01
6.303740811873083105e-01 4.548014043026281650e-01
4.576456766679764532e-01 1.352997119441048113e-01
5.706881487400156105e-01 6.874160097523048796e-01
5.276203448358005588e-01 -1.739168674344717391e-01
-4.223490172381764995e-02 1.668353538043569340e-01
1.170548761343352673e-01 5.829045000239545526e-01
-2.030452721848933217e-01 5.602091863035545405e-01
-3.442710658944970331e-02 1.304717660286692227e-01
8.661562740589646980e-02 -3.397544932020001712e-02
-3.803361449624002855e-02 1.434081636907199031e-01
5.110932623225942217e-01 6.307133778510978228e-01
5.772614808193838876e-01 -2.366210496036315336e-01
7.179695989692114200e-01 6.573384950895915235e-01
6.024435765609938986e-01 4.906160230150548585e-01
-4.118733429991103950e-02 3.736032218396315163e-01
2.711979382437157415e-01 4.612048214064796148e-01
1.570755031402044088e-01 -3.478204575453572311e-02
-3.742660948184219766e-02 5.930923711140154708e-01
3.098714814934937500e-01 6.753124987547648450e-01
2.159914593364627433e-01 -1.579180248087461158e-01
-1.644810165582077932e-01 2.591902412473187090e-01
4.905183208496819991e-01 1.497257028090187569e-02
2.569798027909966920e-01 5.319436546291640422e-01
2.389754772378248071e-01
-1.448022427671432077e-01
8.709223522202295606e-03
6.654998982895754533e-01
-1.616041162029883127e-01
4.438402084167394346e-01
2.218393145827164958e-01
1.694755878484324185e-01
6.704114635912163944e-01
5.725942664806066285e-01
6.352580158618904571e-01
4.960791854161206854e-02
-1.753011862312143232e-01
1.952332681144141116e-02
-2.005742279570168207e-01
-2.300969135494862761e-01
3.813538497956286411e-01
3.618925562126106832e-01
2.747630043822189561e-01
9.000774122538371391e-02
6.336309719342368973e-01
7.261782566861776367e-01
1.418580898598472417e-01
-4.380301198350313591e-02
7.152997985696413208e-01
-3.599335793006218365e-02
-2.036446025929048720e-01
1.525378373260334250e-02
ReLU
0.0001
28
28
4.325906265015793672e-01 5.172236858686937166e-01 2.918222057803809832e-01 3.535341819101409655e-01 3.840060835185784005e-01 -1.878266306765715710e-01 -5.058723960117684354e-03 5.423513157859093381e-01 6.225989633629095410e-01 4.994821668361704714e-01 1.699073426647233487e-01 4.314296073585155988e-01 8.059101026184385397e-01 4.182431638077491187e-01 4.610411938067751070e-01 3.636513459796062997e-01 2.120245713049555836e-01 2.987234431853319494e-01 6.372744495755723326e-01 9.400660288289848510e-02 -1.043498189696675932e-01 -1.553567392759244714e-01 1.109794673172981444e-01 6.245453883348300872e-01 -1.382002830005794880e-01 6.142804678465264567e-01 1.233217061897130401e-01 5.061851858590687980e-01
8.415228752074758178e-01 5.173377598923926957e-02 1.328237727761868714e-01 5.228260248841329894e-01 1.213304246301069068e-02 -2.483070573076268106e-01 1.959210025800796895e-01 5.011427842210389172e-02 -1.060388390249560053e-01 1.557950076469964695e-01 6.782015453445708886e-01 6.091199768413980697e-01 3.488072688524925802e-01 3.316802009762501169e-01 3.844992215361574539e-01 1.929668499112861257e-01 3.858081268233026218e-01 6.751864038362318521e-01 -5.438872768080234288e-02 3.720948480366416677e-01 6.872180246917144464e-01 7.087308039624092837e-01 5.637189059911312805e-01 2.242382289468856926e-01 1.336439031594527926e-01 5.773741459685356459e-01 1.325308597743576622e-01 -1.279313110109661644e-01
8.053243694704249611e-01 3.546407772184697604e-01 6.285903676306786592e-01 4.258584831745549359e-01 3.288481203318553425e-01 3.760083640195278076e-01 1.595288232820499530e-01 -2.331916169852725207e-01 5.824480059367244111e-01 3.621569763539924103e-01 5.604129726953566148e-01 2.758202191053281405e-02 4.163968839276994786e-03 1.466018109439166939e-01 8.083011665027367565e-01 1.696133287197601758e-01 7.079839539626591183e-01 4.284005807427054280e-01 -4.722205695456514751e-02 -4.301965953151494493e-02 1.756546542854824644e-01 6.718608912303615233e-01 7.336094207337648387e-02 -2.254068193474857706e-01 2.323505239212718676e-01 5.690636960714751114e-01 5.358641255372682544e-01 3.418035210092571635e-02
1.254936190411193586e-01 -2.082208753160198489e-01 -6.303051113615767975e-02 8.490871776221213807e-01 -5.384286326881056878e-02 3.429074500616853816e-01 1.685766200851483154e-01 6.791406527227815682e-01 3.127208073106985675e-01 6.832609901116466489e-01 1.272024510853831947e-01 -1.127937268762747303e-01 2.206641072108037338e-01 7.686549657829128135e-01 6.274313095010689567e-01 -8.896371002910570536e-02 3.336005133094830932e-01 1.343791470553027945e-01 -9.446354415580378305e-02 3.631513548328776375e-01 -1.515044294047815723e-02 1.620027553835474698e-01 -4.931394654703195879e-02 3.056272274521995569e-01 5.818298506717659579e-01 2.455722351168174167e-01 7.329618501228940541e-01 7.267756802937793692e-01
8.478947520368480539e-01 2.153701907492778025e-02 1.935961148613337679e-01 3.561465242791060359e-01 7.248674188478101410e-01 8.647903512823874872e-02 -4.669399440700652826e-02 1.514874431152892775e-01 8.368802079071328004e-01 6.280120692597771503e-01 3.764093603062276250e-01 3.578196622455771525e-01 4.396911262659027042e-02 4.354755648901588727e-01 1.986933821709813419e-01 8.316319438369604855e-01 3.451267630676939646e-01 -1.733118275831260421e-02 5.381597075411725939e-01 1.924015183189744793e-01 3.730405713773121690e-01 7.568665839333188483e-01 5.297855347902333811e-01 4.013631991264669102e-02 4.072755921546437619e-01 7.577032080096570699e-01 3.360314673298027410e-02 2.712972839490394028e-01
1.810887875071237052e-01 5.724089681642158256e-01 4.728052821234161041e-01 5.087435665769608484e-01 4.429425503164547417e-01 3.087400801131227612e-01 6.299557255885072093e-01 -1.276628762362050709e-02 1.960103073074368207e-01 1.654592110685104978e-01 2.880477351424213239e-01 5.385904644319960966e-01 -1.458971467255708587e-01 -1.091254991405060798e-01 3.889342777081772340e-01 -5.893432528267376902e-02 6.017078363605165015e-01 4.537497428747432893e-01 4.839312259754354612e-02 5.616238461169580365e-01 6.291725285527143274e-01 5.325919911178795818e-01 1.137144292138929647e-01 -1.131547428724755944e-01 1.684432456859924210e-01 1.412715995176846151e-01 8.341630448494524730e-02 7.496348473038224602e-01
-4.603222430783161095e-02 -2.650440295828470072e-01 6.605582272306795844e-01 5.106865306998098486e-01 6.498389477296593331e-01 6.303765461289806415e-01 3.091975905442365669e-01 -2.738479472711037865e-01 1.631425597616567302e-01 2.209021908882885799e-01 -2.105414966288438328e-01 5.300409344995558047e-01 -2.825488726244278909e-02 4.746709472440397981e-01 3.446650734675964500e-01 4.429932684120729824e-01 2.160303956950690163e-01 -3.125418886611981972e-01 -6.222376299165284508e-03 2.715389291840932806e-01 3.407892662649033011e-01 6.753403626321877740e-01 3.915490336568774876e-01 -1.347560189869370095e-01 -5.139145137971030258e-02 1.810074100759274940e-01 -6.155793989263465271e-02 5.495195990784867979e-01
-2.212705076451600486e-02 -1.582608651794376597e-01 6.081997222022547112e-01 1.492771706513362773e-01 1.017519618766797238e-02 6.785314427286991412e-01 4.413172421185949101e-01 2.993986890594810824e-01 4.895049109669982190e-01 -9.446901981423057315e-02 2.961612712289877769e-01 1.341984588475302054e-01 1.419073152545452243e-01 3.355201528200000283e-01 -9.617562249389814688e-02 -2.301726722864352037e-01 2.484872036268042927e-01 1.816312134940932521e-02 1.746569554078007125e-01 4.853654809494288291e-01 3.251973036871008138e-01 7.290111139563572040e-01 3.002015412531574001e-01 4.633594357730396740e-01 -4.674810346245984738e-02 5.779226594304385234e-01 7.011036018978076267e-01 -1.397642884917761064e-01
1.326370484815605211e-01 -1.663610768706914045e-01 6.291512133996800538e-01 9.055160701037423543e-01 1.441101547749560896e-01 4.587686781022680682e-01 4.577149878155913343e-01 4.268568433168536957e-01 4.316139603857189200e-01 3.660774315147213853e-01 6.049710325734608540e-01 9.462613916009038340e-02 7.334126634123413480e-01 8.418581067264847562e-01 1.365000913731194421e-01 4.880571528317004804e-01 5.954370162569171399e-01 2.799541568883480158e-01 5.575943321827373511e-01 5.184286357210000640e-01 1.337540765259065054e-02 7.559508677698283385e-01 2.452355499750120960e-02 7.000398762462891611e-01 4.483085661025026369e-01 1.921882017783191343e-01 -1.424772173426048366e-02 -1.783059831529039962e-01
5.833020881466403074e-01 3.304589898838287132e-01 1.371407804573527844e-01 5.083897378603209338e-01 6.134780274969052760e-01 -4.925102967318074898e-02 5.187990287137434625e-02 4.030896521075745809e-01 -6.607971204316995251e-02 1.183653712367466887e-01 5.158497244957506167e-01 7.300060679421555010e-01 5.778974019375038296e-01 2.914175394309292955e-01 2.555970636507709504e-01 -7.114516490261527971e-03 2.182156779423467807e-02 -1.720228879653671883e-01 6.202947317367460411e-02 7.919839687915717352e-01 6.652409257198247383e-01 2.583425203434850936e-01 6.061385490404300747e-01 6.887038509343705872e-01 7.796286304594157723e-01 8.204445010460623688e-01 7.646298119995649234e-01 2.175475145332365912e-01
1.558870265726099158e-01 -1.941403093408648473e-01 -1.805160551650008827e-01 2.355257006032357783e-02 -2.182291912241205237e-02 -3.128188581253625311e-01 5.916485718049984133e-01 1.391349452490291405e-01 5.869766745154660903e-01 1.343875935823388434e-01 3.607450812774685156e-01 1.337474021542372216e-01 -2.215540152293581921e-01 1.369630608213607270e-01 -2.206124394412709855e-01 1.907575704723782073e-01 3.259415893404132847e-02 5.195371640756829557e-01 -4.595522810546512349e-02 5.718043239222593277e-01 6.461610997959115199e-01 4.897765749423221848e-01 3.259093171305967318e-01 3.614522704792538788e-01 5.071210986028887868e-01 6.574487104679896943e-01 6.851563770271903442e-01 -5.232651246799218531e-02
6.327549544153445726e-01 5.454853930221651576e-02 -1.032476322069495328e-01 4.181187373589093648e-01 6.129608827682394567e-01 -2.730259423070360500e-02 6.984682241109255729e-01 3.849221722841003057e-01 -2.727959632727110575e-02 4.710329932277542708e-01 2.440664528791714784e-03 3.624823059001573006e-02 7.132573683477215765e-01 7.840662721570810234e-01 1.453254417941949803e-02 5.932191124998912324e-01 5.415095712105679748e-01 -6.140600352132053602e-02 3.565348381165569513e-01 4.173574975031731360e-01 -1.025497708513356393e-01 5.697080821223968750e-01 4.015220990336092477e-01 -7.209354766382354562e-02 3.723197012900113512e-01 2.019064651795723087e-01 -1.108793932046273252e-02 -5.633988910635977232e-02
1.990280892849868866e-02 -9.762146845572361453e-02 7.025271852243286652e-01 3.676441656520230139e-01 6.690782936055420516e-01 6.224365831414171435e-01 5.367232112943007838e-01 2.331438073328457872e-01 3.922254878617577045e-01 6.114661516980584022e-01 -4.939571843231342629e-02 -1.846415371933665117e-01 7.580795604658252529e-02 5.381457108308135978e-02 -1.145726864836843495e-01 2.456693796435725496e-01 3.896472143371994545e-01 1.704841838162192078e-02 -1.019504208360726832e-01 6.783804180722390331e-01 6.628692077666991089e-01 -2.246364447289984634e-01 -1.078741976554240950e-01 3.691462236897989635e-02 -9.769207939931218165e-02 1.767344449289121322e-01 1.118165289633554771e-01 5.655152526978134420e-01
4.426638624202037242e-01 3.942960099891935077e-01 6.620042346062727789e-01 -9.442398548257702542e-03 3.769654582264658771e-01 6.169009212314219281e-01 2.238172509721111925e-02 6.043372136083782209e-01 9.535094854225251160e-02 3.240292818882641729e-02 -9.554614281821903476e-02 6.163807622356206606e-01 5.013863612951193760e-01 4.542920202132093577e-01 -2.455557874617490116e-02 -5.142575582842481147e-02 4.291782705447119706e-01 4.657072330166461133e-02 3.403999747788048758e-02 3.368969187260002496e-01 4.381919281974051839e-02 -9.412239957475280680e-03 7.577287917411766882e-01 2.304458166489098125e-01 3.757199314067327101e-01 5.947730013527083859e-01 2.455329497497724389e-01 3.512460273487170714e-01
3.825675311339730711e-01 6.925747630265699506e-01 6.987811696566625930e-02 7.806169825824017527e-01 1.582809183450506196e-01 3.179863905760594855e-01 -1.197096502489601033e-01 5.933231148548859801e-01 4.958393177608088620e-01 -3.029869250698010580e-02 -5.713770450978278119e-03 1.285331456711043818e-01 3.409640085114352126e-01 2.908305088968514696e-01 1.182269473140828003e-01 6.905848554776662651e-02 -3.711837590870364217e-02 -9.004173265020902484e-02 -6.696288364458974351e-02 7.890400777961394108e-02 1.914708042500342169e-02 3.637961707680957835e-01 4.510822386940002877e-03 1.074697691148370632e-01 -1.051789685728167362e-01 1.586169929701909675e-01 6.736001218497174037e-01 1.458343838481679644e-01
1.510936684137336172e-01 1.777615438127412295e-01 3.749718897073352486e-01 8.144351459716232533e-01 5.502112079794199140e-01 -1.111545286191158166e-01 1.352037139490235851e-01 3.627248099581623642e-01 -1.182291078121440464e-01 5.000644623842638303e-01 4.943100821520152177e-01 6.500427960491612644e-01 5.632055976118316432e-01 7.324206590475418333e-01 4.513627673080475855e-01 -1.329074136503950732e-01 4.130644438051198630e-01 2.526486910996930679e-01 1.798642226419084889e-01 3.557633251601738933e-01 1.264710342403017052e-01 -1.245551202998907425e-01 2.904158752699315671e-01 -1.560360255084100312e-01 4.132742865793047060e-01 2.176309818685006614e-01 6.179289760851913726e-02 2.767162541432997558e-01
7.133768638125963513e-01 5.761091878689510448e-01 2.727920843771050596e-01 5.609908399963186021e-01 -7.941478318212190357e-02 -2.022698880974219127e-01 3.853009576370032552e-02 -9.656274843697282284e-02 5.932410399464486117e-01 1.072539204462027718e-01 -1.612788192143050359e-01 4.053664441608251234e-01 7.531412089764880635e-01 7.175719758360592504e-01 6.076209743720124568e-01 4.392912134351911191e-01 8.280978395341420661e-02 -1.862671939023363976e-01 -2.779587379261025948e-01 7.124168699976294317e-01 -2.902745772832670546e-01 6.701454062497212982e-01 2.157310589799814049e-01 5.272560026899284491e-01 6.046431850608543490e-01 1.263258356119132120e-01 -2.465438714534152753e-01 3.702390988165863983e-01
2.000904790740483385e-01 1.989609862490291509e-02 3.247474375112914258e-01 1.895662994457588194e-02 7.349040561282332851e-02 -5.536253032665959875e-03 3.479252911298020279e-01 2.109530979985491661e-01 7.349069396515609531e-01 5.035772475071984555e-01 -1.288571975982731321e-01 2.678071593873391776e-01 -1.670956426715544674e-01 7.195102064746358161e-01 3.221412918123372493e-01 2.065813367321320815e-01 9.840976071500795452e-02 -1.208686517512997244e-01 5.411202576452076585e-01 7.236606600088156815e-01 -3.014422361535877212e-02 1.580732921391514792e-02 -6.185782385691249857e-02 8.989662485882660148e-02 -1.827492352333467615e-02 -4.635310138069199254e-02 6.199141487881109497e-02 1.391734814558768796e-01
7.878096146715991566e-01 3.597266201917698192e-01 8.016956420918586179e-01 6.864993784806778798e-01 8.731449309359219368e-01 1.194157437300911839e+00 1.051183946957348292e+00 1.019445906888172715e+00 1.065144274331504715e+00 7.269948333396771822e-01 4.872487925972997513e-01 1.295015434136032262e+00 1.235400875793638331e+00 6.814066416733077780e-01 1.154790451869148526e+00 4.157440604383865201e-01 1.277914090166012873e+00 1.054152066128328347e+00 1.095212975036857994e+00 4.113406739702057946e-01 8.199549658711029476e-01 7.151944679850206210e-01 7.245384872549316402e-01 5.964009102415270824e-01 2.718991088634137299e-01 7.283271223852756382e-01 5.406637392118693874e-01 4.290874536516574023e-01
2.763574238581725240e-01 5.593817151265465526e-01 5.337379539782012294e-01 2.991137391804686851e-01 7.033970596770381389e-01 4.877448444405278055e-02 6.388999915463158819e-02 8.986980925654822205e-02 -2.943393152802268112e-02 5.255904664714634578e-01 6.845309027091673881e-01 5.439976297374597980e-01 6.754780607693341432e-01 -5.549091985872804667e-02 5.451476992998993687e-01 6.609292611720393174e-01 6.945585712633069175e-02 3.337453319909133246e-03 1.008800000927034951e-01 1.076158797461155836e-01 1.546255969494153004e-01 2.516882511279177614e-01 -9.695757982709070355e-02 5.834932160346536500e-01 1.794027494114917853e-01 4.333737824136582040e-01 6.843052937492328791e-01 8.839294957504194306e-02
6.393017566003356134e-01 3.059964371169646702e-01 1.300320466680746356e-01 7.416122794247108629e-01 -2.522969057754116395e-01 2.685955497116115920e-01 3.122867326638662064e-04 5.137097278670059719e-01 4.030161526998925492e-01 7.125905299718619801e-02 9.150566374213167653e-02 4.274785855601234141e-01 7.779763226801226228e-01 1.373375601722071071e-01 -1.537843196050648134e-02 5.769580206574380643e-01 3.920690648835329917e-01 6.540511734993987858e-01 -8.507179905807646381e-02 6.944413906090276534e-01 2.040189250219280326e-01 1.283660565902988715e-01 4.519895952633986025e-01 -1.832938759173529109e-01 3.434720562904174379e-01 3.754946508204187183e-01 6.129886973286655799e-02 -5.682759625662801850e-02
-4.716394249169898051e-02 3.529491613878429357e-01 -1.889958234374457605e-02 3.983171383248632624e-01 -1.934689765424911501e-01 8.191788018786262671e-02 4.609022421623671373e-01 2.895875727401246991e-01 6.362057351929242821e-02 4.672377008807978571e-01 1.540451406537236556e-01 -1.088953070800998263e-01 6.387550621226503189e-01 -1.405075928532086016e-01 -9.809473093522518006e-02 -1.052028728423947679e-01 4.953753768894340603e-01 5.574108655028332526e-01 6.454496904608995889e-02 -1.185954336576966334e-01 -1.376767853771957706e-01 6.124269574372891434e-01 5.438966139460622573e-01 6.927754260121686825e-01 5.119339012729349214e-01 -1.263591616312854382e-01 6.481353585272284779e-01 1.392258860033217249e-01
2.233837693998862173e-01 2.749716050467433323e-02 8.984684419206302730e-02 7.903335201107594132e-01 4.922455854391342700e-01 8.794557388756571448e-02 3.415007934008560397e-01 2.545778857249582361e-02 1.379023953981980133e-01 4.429838385934646294e-01 5.816874384625142502e-01 6.508424530829991506e-01 2.912678765730112862e-01 4.727408287646097662e-01 -2.452454180091158120e-01 -1.922734312914727850e-01 -1.478106646990953454e-01 5.209176353493110145e-01 3.226090824860974871e-01 4.964990867710780131e-01 -7.090339313704008273e-02 1.522069447419583700e-02 -2.310187520616636958e-01 -2.963356283508346012e-01 1.345427707121036598e-01 -1.750599707493945278e-01 -2.906411423681286021e-01 4.878213699535615677e-01
7.862132040616932604e-01 2.766974735280011699e-01 -1.803104885092702836e-01 2.486338958427750934e-01 3.112125700923255578e-01 5.603597168767259218e-01 6.310076440965239897e-01 -1.796474865382600983e-01 2.242810325765818291e-01 7.076872498116355548e-01 4.300869020759757327e-02 3.943688739156617773e-01 4.759369315800867639e-01 7.934398537606043300e-01 1.227800518065846475e-01 3.099223420783891320e-02 4.854621641163504586e-01 3.741095996722933886e-02 4.557380009860420023e-01 6.140394660993948595e-01 5.465894961347784742e-01 9.803039849712603948e-02 4.343482271220170388e-01 1.438218450892446987e-01 3.195042843741843774e-01 6.491305841692853740e-01 7.179599035871964130e-01 2.591190791095875912e-01
8.398925910651459104e-01 -1.211392521891066359e-01 1.053165728660993700e-01 7.611218231017300440e-01 -2.314421333190179453e-01 5.492451659930366881e-02 6.648450924151454444e-01 4.563350863121125034e-01 -5.869522176361706423e-02 5.251887686588115056e-02 -1.388913774312611760e-01 7.225101301589266223e-01 3.517083649999683814e-01 6.013928709110427651e-01 4.492889931102136414e-01 4.788207633161082333e-01 -2.243631448763698522e-02 3.228920848669071808e-01 2.069717627530323276e-03 3.568830496317517698e-01 7.032895604241089504e-01 7.268190807759797867e-01 6.519319854449620588e-02 2.002282297141138034e-01 -1.636444351965409549e-01 7.225287190590060638e-01 -1.708149556515633216e-01 -1.425986900663733237e-01
6.416847334992485941e-01 4.041036703258601981e-01 -1.030224495548486552e-01 1.292164026205361305e-01 6.038777600683273850e-01 1.496670734504555178e-01 -5.685038857705532883e-02 4.164062818629237772e-01 3.135818302935891588e-01 4.943576413450838647e-01 6.442555764292007270e-01 4.962613786976888264e-01 -8.159823204088445525e-02 2.900609565486937831e-03 3.429129938503482911e-01 -9.571762511759593361e-02 6.043818565959004907e-01 7.607673298357383596e-01 -9.376558561005349235e-02 4.053100136836211842e-01 7.402527406871830529e-01 6.134415411448770339e-01 1.296928403250897748e-02 4.114049644423282692e-01 5.486996210751396985e-01 4.042430506078151242e-01 3.912687251409175948e-01 2.568502491467547499e-01
5.783042937954107482e-02 5.328531375594192099e-01 4.852460728097633402e-01 7.012491489187850924e-01 5.670829891941228107e-01 -1.172140260915176674e-01 1.668698415937545365e-01 3.850171347553242862e-01 7.396987410883344438e-01 7.630231562495540798e-01 8.177091412496889644e-01 6.685659428814327843e-01 6.995440946302948770e-01 6.610062195948527286e-01 -8.456732941858094432e-02 7.092418101997961521e-01 7.858029384672331197e-02 3.462172930623820255e-01 3.003881325688865234e-01 1.531108497010462144e-01 7.110379158154466195e-01 4.191350261241129638e-01 8.456760809126107059e-01 1.837626905484244233e-01 2.891702490521529945e-01 -6.595420056915202167e-02 5.860498765583069813e-01 5.547043697289326392e-02
3.261865283798490722e-01 8.102612227020396241e-02 5.633981177065110479e-01 7.761149094513201119e-01 5.516156958278651823e-01 -4.473577600026881762e-03 -1.501932243859548377e-01 -6.307302114223665990e-02 4.359567410869836374e-02 1.380377585489981351e-01 5.524532271303075337e-01 -4.498589551975706868e-02 7.765622413567231375e-01 5.205059745926927661e-01 2.653344606806392059e-01 9.324264795966610841e-03 3.339470620380173282e-01 4.766929884823196961e-02 3.171305259396083737e-02 7.624376828915497839e-01 7.239012047528652349e-01 8.287909748511769203e-01 2.392237942695484010e-01 8.796039402759492365e-02 5.337429521473587846e-01 -5.435199337966731270e-02 -1.503010038014884753e-01 1.718286354633090096e-01
1.788955095059085454e-01
-2.661314103108060047e-01
-1.526645811396961927e-01
1.276300315248624639e-01
2.669646998663267601e-01
7.765017837268141099e-01
2.119087014646207356e-01
2.731671699705502943e-01
6.395357884138289650e-01
4.829683360406546999e-01
-4.070672795988337922e-02
5.317071020436163753e-01
-2.271183378095713856e-01
5.988162694804276542e-01
-6.023261785762694387e-02
6.516358488722056030e-01
1.269788048116015644e-01
-2.878739304119972142e-01
8.372976067305782921e-01
6.358372494820874188e-01
-2.096103696286208129e-01
5.160501188197798017e-01
2.039238097069581146e-01
3.253945226236453769e-01
3.326391676932046598e-02
2.057357275906939453e-01
4.886622888612384696e-01
4.255316368146234152e-01
ReLU
0.0001
28
3
8.476875562306960266e-01 -3.144835897235648270e-02 3.378038651358548639e-01 8.266733770355997324e-01 -4.123865045262874868e-02 -7.558635280617410912e-02 2.022529485095335422e-01 6.936967709645341928e-01 2.629515296027922222e-01 4.716823742228608007e-01 3.023349497364284377e-01 1.729393577530995152e-02 -1.085537681381657307e-02 2.271253795246929996e-01 6.312340748388378664e-02 3.766646239219541559e-01 1.819573088474142897e-01 1.554762846266962151e-01 -1.417228262633644931e-01 3.099399268249400374e-01 5.027294326250359990e-01 1.000917628089594003e-02 2.953256493784353620e-01 -6.850889056209275019e-02 4.228791217021556775e-02 9.833760838130065074e-02 6.876385673582575686e-01 5.642203505667553465e-01
2.216944061528960674e-01 5.502977874429192395e-01 1.332009851422759072e-01 6.544953461692523122e-01 -1.062120925334494731e-01 1.999461455854849024e-01 5.191418506174104719e-01 5.255828612424813251e-01 2.946730760021593239e-03 6.243531148179353590e-02 6.737552600611215192e-01 9.884963309735000925e-02 5.368921998745257440e-01 1.385602577848178696e-01 8.191323843931159754e-01 3.409482064615512731e-01 8.124654726290326812e-01 6.437392167215139072e-01 -2.166633640085115220e-01 2.109593703075950122e-01 6.256007828274977589e-01 5.039473057205720030e-01 6.263384369130485796e-01 3.831056888877794053e-01 5.301694365037072920e-01 -1.136191807253277529e-02 -1.597333444228711818e-01 2.415880056164508571e-02
-8.101224403674529839e-02 2.973921024565226445e-01 8.646054725668449181e-02 7.893070127418880810e-01 2.862225619121301357e-01 -1.196505334218900818e-01 1.599831071111575687e-01 6.273463863007916475e-02 1.277836846097338448e-02 1.540938686564344295e-01 -1.254413192266395395e-02 5.191069449397990310e-01 8.177872211697863047e-01 6.894680621167019741e-01 6.334155051360824684e-01 5.034377151339924916e-01 9.029829894052436856e-01 -2.930728043837975069e-02 -1.910408773078705880e-01 6.088899791249522409e-01 7.507021292753729425e-01 3.489709058920882900e-01 -7.586738507252470051e-03 1.706352267417319546e-01 5.280666442904031754e-01 5.259565448338979210e-02 9.975875944045053956e-02 3.169742383836112731e-01
7.241531757737651454e-01
5.461411219026557351e-01
-1.800334337406267471e-01
Linear
0.0001

ct 2024-06-01 16:07:53.451354
