noname
4
2
2
28
-1.007270299374991157e-01 2.366115609148937426e-02
-2.027146631774272567e-01 5.008695550129997898e-01
-2.758554881968481309e-01 2.917471388284108014e-01
-8.027221336050544345e-03 -3.958837717506481085e-02
3.948313227865387076e-01 6.308081592131019599e-01
5.946402517100642937e-01 4.223505000963500566e-01
4.050095845000035166e-01 9.008721098595251497e-02
5.015677864825438537e-01 6.206713315361469530e-01
4.532299011316801574e-01 -2.425376829946588597e-01
-1.182562922466921657e-01 9.031245671438434264e-02
5.506397453337060627e-02 5.224745275040555414e-01
-2.704081724686787092e-01 4.953621766404565085e-01
-9.449328342783192003e-02 6.367973352527284137e-02
4.398262793239414437e-02 -6.423782519444526384e-02
-9.689289438395462528e-02 8.070364642538861710e-02
4.648105095232460404e-01 5.835529590347731110e-01
5.183398666012414280e-01 -2.899160449625677871e-01
6.764626475607903311e-01 6.205895398155397702e-01
6.063625201629638806e-01 4.948168577256684131e-01
-1.282604057434911238e-01 2.912505703514995936e-01
2.149541434073744262e-01 4.090424139151226934e-01
8.423570049433863616e-02 -9.858386780994349285e-02
-9.545934979051737268e-02 5.359693268228687968e-01
2.548437347239654871e-01 6.211803077160568121e-01
1.692902739619983332e-01 -1.922257904546887941e-01
-2.275505877337608007e-01 1.904498277988766475e-01
4.098869539393316663e-01 -6.071289301944543526e-02
1.966131200715161009e-01 4.747282202654657945e-01
2.290992977541287390e-01
-1.922831150876968820e-01
-5.834473529304064904e-02
6.579081550656609156e-01
-2.105741559005597785e-01
4.116631204349611162e-01
1.759388263308125921e-01
1.043184604836622509e-01
6.019637128749102395e-01
4.989878844217526255e-01
5.758735609088627694e-01
-1.347671300566428976e-02
-2.368915790842273938e-01
-1.448062304313259448e-02
-2.593182464152928302e-01
-2.750370239115803583e-01
3.281073598335885189e-01
3.245908193846130940e-01
2.777322979499151079e-01
9.169362145255649868e-03
5.819041482824371947e-01
6.610678990990389581e-01
8.649205409614216244e-02
-9.653208925152374775e-02
6.772927171302272065e-01
-1.000385571531715312e-01
-2.785162095662805370e-01
-4.091645807233010301e-02
ReLU
0.0001
28
28
4.323832891260276923e-01 4.352849383912323900e-01 2.455247783528304306e-01 3.533395655831632065e-01 2.780706163743677517e-01 -2.957412045329675387e-01 -9.597242254334004130e-02 4.363148637645689054e-01 5.614208786725068956e-01 4.680560360465391700e-01 7.417626526060606962e-02 3.559464802016807927e-01 7.931148779951631145e-01 4.154525601287950565e-01 4.414562833104587192e-01 2.572601317298578993e-01 1.501136243568093609e-01 1.881725413674741609e-01 5.247003091154287535e-01 2.882629526312910015e-02 -2.019085949359274990e-01 -1.758918468724194051e-01 2.093649048489600734e-02 5.219071230524702232e-01 -1.484358684943954121e-01 5.864866389410718917e-01 4.701631732650755902e-02 4.087507613172247645e-01
8.409052025771620587e-01 6.285865733289542658e-03 1.116621433578633971e-01 5.225751489832365371e-01 -5.938384674174791711e-02 -3.233138286808555084e-01 1.328257403363178879e-01 -2.230880070506814292e-02 -1.552206185401471539e-01 1.402732163840596236e-01 6.174579414586656156e-01 5.690495529563671662e-01 3.418041735544590787e-01 3.285773573407870241e-01 3.746290745477594553e-01 1.204741814654875648e-01 3.329738065675033054e-01 5.983737224248092401e-01 -1.326104245778008117e-01 3.359303541400421311e-01 6.230989653273271145e-01 6.922258261715810157e-01 5.096059658130939196e-01 1.563316137780898507e-01 1.193784271383471624e-01 5.645926278933354192e-01 7.771664719784569797e-02 -1.916734233528794018e-01
8.046540554283809765e-01 2.820589481192620762e-01 5.879058713142641945e-01 4.256841277297350734e-01 2.340166256283878754e-01 2.795061809835510669e-01 7.938105457664129672e-02 -3.281231622392981606e-01 5.295966926961556132e-01 3.349447536127651004e-01 4.752132722936432407e-01 -3.915838753606708939e-02 -7.189912684828216397e-03 1.440911071888725803e-01 7.911234114909895254e-01 7.438225283354849005e-02 6.543650955028978977e-01 3.292228855357113293e-01 -1.481183030513177346e-01 -1.001838578929092338e-01 8.888128324445336570e-02 6.541481531197834709e-01 -6.646161979013339403e-03 -3.171579502701448172e-01 2.229682752249657895e-01 5.444107378866920310e-01 4.693715955224347924e-01 -5.258857588789908610e-02
1.237602833532893548e-01 -2.962148144238532788e-01 -1.139221395849630697e-01 8.488196783731815076e-01 -1.662022280067361191e-01 2.285160261357102873e-01 7.144470955161569270e-02 5.667709064274035757e-01 2.459365135818364634e-01 6.493797275825622384e-01 2.532909010977558648e-02 -1.939690583883445507e-01 2.061357837096806367e-01 7.651588532136008869e-01 6.055958993722282413e-01 -2.018138121509429894e-01 2.648394341528472196e-01 1.734364173380084986e-02 -2.136868212919834087e-01 2.930934914065071450e-01 -1.189643555414393178e-01 1.391550442813265509e-01 -1.455143375546462670e-01 1.965845557173744318e-01 5.677018615891588071e-01 2.139210001073232614e-01 6.512784065143656376e-01 6.230179800888290265e-01
8.459047258291298999e-01 3.056578913567151862e-02 1.892413074891132752e-01 3.562964317440447948e-01 7.580287331901555126e-01 1.252467000220193194e-01 -1.292449129127964079e-02 1.862262791663913120e-01 8.685022509261678403e-01 6.274564544262185573e-01 3.998419683744339204e-01 3.629322708498310401e-01 4.138126216300787308e-02 4.366362106446934899e-01 1.961390906389356981e-01 8.663214881191187988e-01 3.800515336131849442e-01 2.160043777900562054e-02 5.787279232263898843e-01 1.998317943805452412e-01 4.013890562461460143e-01 7.642275560410001223e-01 5.464216387829984312e-01 6.969606330259640881e-02 4.148766118738446140e-01 7.519285695576974904e-01 6.507007618696547535e-02 2.985146082014350499e-01
1.823619001016585917e-01 6.210972831426272434e-01 5.025728155061711666e-01 5.086421231095408224e-01 4.937945452695708393e-01 3.549438276985251162e-01 6.592191884213599584e-01 3.659328400676913062e-02 1.971690478494290688e-01 1.795662640726477244e-01 3.367552709760055496e-01 5.849380610073955378e-01 -1.409158148655840770e-01 -1.101939908078682917e-01 3.975701871379440089e-01 -9.394620725124569124e-03 5.990355456909715048e-01 5.041773630159944730e-01 9.875035764325897081e-02 5.947712670561879911e-01 6.739540231442139318e-01 5.311093521921518290e-01 1.631287775905829462e-01 -6.254131957106248696e-02 1.627914379029157255e-01 1.586518748669654977e-01 9.938681799558916896e-02 7.957497574880491031e-01
-4.651820069284372944e-02 -3.290636680493860267e-01 6.281204238965127917e-01 5.103959792124587169e-01 5.582422866167385811e-01 5.353876993660582340e-01 2.284653306760869029e-01 -3.660924829344902598e-01 1.029216174168765818e-01 1.979342539114504751e-01 -2.906957358598469821e-01 4.724726210718173669e-01 -3.797193277868644162e-02 4.711677660938826118e-01 3.302926589291809156e-01 3.504846554025559668e-01 1.525414021229562211e-01 -4.096329119116533524e-01 -1.052089018866284448e-01 2.205891590479020503e-01 2.573661864521676890e-01 6.548982588183553943e-01 3.182375484463302873e-01 -2.226037001654813663e-01 -6.674191319532569999e-02 1.616443631134212855e-01 -1.309205262476910159e-01 4.664475731470628106e-01
-2.259218408818107135e-02 -2.395627767362236982e-01 5.633261776637343843e-01 1.489878219226000722e-01 -9.733818405425767595e-02 5.682005468456711172e-01 3.468938367474579398e-01 1.916069498409896654e-01 4.220271204448551305e-01 -1.254745510773597195e-01 1.996652446498586864e-01 5.980229080003129222e-02 1.290707835941619364e-01 3.319524515232869510e-01 -1.156587556848955867e-01 -3.383935809561089414e-01 1.786793465420521143e-01 -9.448544715295374707e-02 5.977114914193543127e-02 4.203104084658090822e-01 2.260357898865396065e-01 7.058500068166697616e-01 2.100257136387767842e-01 3.594005648181522461e-01 -6.127633462627523481e-02 5.508003746559857472e-01 6.206561733514183166e-01 -2.386567692418392339e-01
1.323672927268344790e-01 -2.199787747295221529e-01 5.986480083672712782e-01 9.054516738887448124e-01 7.502785420222655988e-02 3.893206435028217505e-01 4.022470699945957517e-01 3.578005706572383038e-01 3.988004584748855996e-01 3.458276471602116375e-01 5.427537370821763352e-01 4.498177043214953569e-02 7.249002614976800540e-01 8.405018675666829919e-01 1.237176065950279791e-01 4.189251577578755881e-01 5.636384905534448375e-01 2.079122404036232719e-01 4.846712096686465743e-01 4.767035478967877049e-01 -4.921168949017370314e-02 7.447205315715584861e-01 -3.421741536210440998e-02 6.331449096320788117e-01 4.446690707310421709e-01 1.737922846292238865e-01 -5.892925109946989259e-02 -2.410926160089948700e-01
5.825018601982997479e-01 2.550274877895080117e-01 9.367321968283801037e-02 5.082619457471375668e-01 5.173999130279709480e-01 -1.462485205784956610e-01 -2.763618554984624207e-02 3.070996966513298565e-01 -1.157069736215803751e-01 8.989227169219339564e-02 4.288289338453682431e-01 6.601999892484340382e-01 5.659616455534830504e-01 2.892767021980298114e-01 2.375492460867670019e-01 -1.033722298207448986e-01 -2.760344306729082750e-02 -2.720033233655405613e-01 -3.953246271816755752e-02 7.328660322872618815e-01 5.773533528372430945e-01 2.418683448399503721e-01 5.238155103258376188e-01 5.955052486426101188e-01 7.723587143379546660e-01 7.939650376750591043e-01 6.995806086237618127e-01 1.295166863494043585e-01
1.560352945220682686e-01 -2.571176683645283734e-01 -2.112167863782987987e-01 2.323816509965920263e-02 -1.141893044282411285e-01 -4.091367547148591632e-01 5.090682480049019132e-01 4.595446840008081402e-02 5.236399860218685642e-01 1.118663429801333153e-01 2.803825503795462359e-01 7.748442295998490825e-02 -2.308238454760922209e-01 1.332613018042445308e-01 -2.344088709364053336e-01 9.732918568764553635e-02 -3.433274781358551520e-02 4.213043273294281299e-01 -1.461961862070435270e-01 5.213245638256440717e-01 5.620056501060098908e-01 4.682228745104939360e-01 2.529727606677745211e-01 2.730635233970657993e-01 4.908040172135229584e-01 6.395801554016665724e-01 6.134054680719909225e-01 -1.359762140809199216e-01
6.300767405831841916e-01 -3.832921611318630250e-03 -1.383595320951830077e-01 4.180043674354474437e-01 5.399758847972765397e-01 -1.001652465381669826e-01 6.404914509159242986e-01 3.122025611995998262e-01 -6.161815643296764816e-02 4.493769692349994238e-01 -6.371260764515268571e-02 -1.802742289096841491e-02 7.029370314566776301e-01 7.821466150220108826e-01 -2.884830614087978288e-04 5.202737241736959950e-01 5.066363413421700601e-01 -1.370959359693582347e-01 2.799264709162225806e-01 3.724634159814282364e-01 -1.687380114863776814e-01 5.578251515220115087e-01 3.383876902605604808e-01 -1.430340783398457716e-01 3.649664657377979515e-01 1.790249649182240055e-01 -5.705210756147312962e-02 -1.229889069612603025e-01
1.771801552104281668e-02 -1.615957386898521086e-01 6.672294343759394009e-01 3.674037988985254244e-01 5.823865351863594109e-01 5.337528971140320655e-01 4.628791188400501189e-01 1.461882737184341807e-01 3.404777425067833652e-01 5.882643833359952890e-01 -1.262867836888530715e-01 -2.429781854133771513e-01 6.513107687685076863e-02 5.068778549645472364e-02 -1.299568851490116306e-01 1.584355455992506045e-01 3.351633520137482503e-01 -7.407399121179665535e-02 -1.946146585158995135e-01 6.281755811636302589e-01 5.839846116727683834e-01 -2.422996176373437560e-01 -1.794095965460055786e-01 -4.666466820503988033e-02 -1.113565381883901972e-01 1.543423549624647340e-01 4.997328083339117044e-02 4.866144819968006296e-01
4.403038177676288356e-01 3.188663393346239383e-01 6.169770843568780361e-01 -9.587129375843776030e-03 2.829459457425793079e-01 5.225133165886093334e-01 -5.449225044905665200e-02 5.105926709541209751e-01 4.825928284911959465e-02 3.964686545740845128e-03 -1.811272910097170563e-01 5.462937355931536398e-01 4.886019225090286744e-01 4.519514446221723492e-01 -4.340034821491146888e-02 -1.455033558777711900e-01 3.816485853763887381e-01 -5.090821006651601033e-02 -6.489226087444888158e-02 2.781565391976514312e-01 -4.218935034131743311e-02 -2.531451155891343771e-02 6.761600333039783361e-01 1.390128980806575043e-01 3.669489512764964045e-01 5.661471814697904836e-01 1.834508375173178885e-01 2.648881565569873864e-01
3.813065200928403287e-01 6.276854130915870966e-01 3.636012882258371492e-02 7.803265709197461097e-01 6.617083953338311064e-02 2.227988803840984522e-01 -2.001258863072180039e-01 5.006358906534673636e-01 4.363319915003580629e-01 -5.330274362778445602e-02 -8.645674482799968474e-02 7.006391142073943590e-02 3.308287216201420411e-01 2.872498851535131292e-01 1.034871776874084076e-01 -2.388925544879632809e-02 -1.001648643073924511e-01 -1.874880471418321204e-01 -1.662137959856946068e-01 2.757452677005477887e-02 -6.461623817418966909e-02 3.436823529451848991e-01 -6.954149650782101566e-02 1.905476288435011684e-02 -1.212572139730412335e-01 1.380923700052225922e-01 6.048559205082915113e-01 6.231402653613758030e-02
1.493167658380523954e-01 9.781866981354486734e-02 3.291542664750534697e-01 8.142043437283275065e-01 4.471472471967720685e-01 -2.159879057361992483e-01 4.725105571808075472e-02 2.596318368422254053e-01 -1.775616533350747595e-01 4.698222950342272886e-01 4.012896896035487715e-01 5.764020596617804859e-01 5.500993825735716047e-01 7.293126236024257691e-01 4.317948035124253292e-01 -2.364056264887537118e-01 3.520359666251789976e-01 1.451173182020683294e-01 7.041031750147747070e-02 2.925941489738140278e-01 3.174333237635639654e-02 -1.447226024972018965e-01 2.027396647575107069e-01 -2.559312501587981958e-01 4.007690958496247791e-01 1.891089079330906531e-01 -1.152870823236588037e-02 1.819658431737884718e-01
7.113795523886763394e-01 5.159889407890875246e-01 2.348435478758881256e-01 5.608364125502652842e-01 -1.523155241471142174e-01 -2.750349786734343493e-01 -2.161233495055130474e-02 -1.693277828480843628e-01 5.544609488362416405e-01 8.106300450077912056e-02 -2.284437523158747152e-01 3.487804465149700883e-01 7.407306410047873602e-01 7.146528996647827370e-01 5.896394260325648062e-01 3.664521813760532876e-01 4.422079891065435614e-02 -2.614145506658362428e-01 -3.536322110284706444e-01 6.638534327923135692e-01 -3.574794381564214696e-01 6.535808276867164368e-01 1.512397687786180278e-01 4.560779436761178696e-01 5.956125357433351697e-01 1.010766975292166359e-01 -2.964213913725818328e-01 3.026525830348820723e-01
2.003851609763922237e-01 -3.323703731606897360e-02 3.010724614018893686e-01 1.865704928621456440e-02 -1.024618843236036782e-02 -9.366550825431281535e-02 2.726276751496203299e-01 1.261328571660025599e-01 6.753323904235188913e-01 4.854265237994361271e-01 -2.002081186948839464e-01 2.211314340388553512e-01 -1.745245593772134785e-01 7.159561323428962343e-01 3.112418557381246287e-01 1.216414176295760735e-01 3.488838633235686465e-02 -2.107723945340576888e-01 4.493924065352283281e-01 6.810142142037114432e-01 -1.057166840999212709e-01 -4.107916613109051027e-03 -1.253119961109668279e-01 1.033439221951005897e-02 -3.446538628148307359e-02 -5.973214387703218442e-02 -4.073634967156470818e-03 6.420767625800209710e-02
7.981733294851167670e-01 5.487344572016640276e-01 9.404079483578374754e-01 6.890039244986676525e-01 1.084675888205500316e+00 1.408920315424023295e+00 1.254086093508537836e+00 1.230454462707118779e+00 1.239190780547010151e+00 8.294348709285406240e-01 6.893791134278136612e-01 1.475043436742233149e+00 1.285063043237935521e+00 6.983097523857717537e-01 1.228076642991831502e+00 6.280040775204833725e-01 1.459819765866960273e+00 1.269890238632041202e+00 1.314983333711922109e+00 5.776706232917344641e-01 1.025159642979545538e+00 7.962647427426609026e-01 9.212788818991471951e-01 8.049508782876922952e-01 3.462223300084816269e-01 8.291151646478993609e-01 7.277202584024442533e-01 6.336050889111327633e-01
2.743028150060697334e-01 4.822482311480884576e-01 4.884916388947328492e-01 2.989376168654549470e-01 6.057937960992512139e-01 -4.979632666621357229e-02 -1.744335401509594305e-02 -7.591701635198023698e-03 -8.145633547810263164e-02 4.964189432974301930e-01 5.960307952018830679e-01 4.725885578491553773e-01 6.625891197289048851e-01 -5.811954839702467707e-02 5.260351310530425595e-01 5.631089893703302707e-01 1.654098198940106776e-02 -9.815435810875107470e-02 -2.262681992034067634e-03 4.715087476368597097e-02 6.516035258910508887e-02 2.340759212119174482e-01 -1.808866434305482218e-01 4.887234618145230303e-01 1.692914999942969068e-01 4.048901746552556746e-01 6.176662433618013148e-01 -1.277977123513385303e-03
6.374009753571401315e-01 2.236620477883545233e-01 8.310310950212253245e-02 7.413395682207802873e-01 -3.590152952286805865e-01 1.597334697972047357e-01 -9.189782203661983617e-02 4.068973715547642422e-01 3.390281098391045300e-01 3.999514857836070081e-02 -4.730369762537893832e-03 3.517730141234218788e-01 7.644089342460950176e-01 1.338428520241106978e-01 -3.561366564956786745e-02 4.697020632945343444e-01 3.257858682092805158e-01 5.426165742322451857e-01 -1.985790537193636851e-01 6.290667041859434594e-01 1.057124274582676438e-01 1.064272514116503671e-01 3.614593570781241549e-01 -2.866949643727932373e-01 3.290127993563760067e-01 3.462479985852848219e-01 -1.627143896788492070e-02 -1.550750031058957534e-01
-4.809673202814967324e-02 3.005393009964861251e-01 -4.492667750416733108e-02 3.980647315255506635e-01 -2.712797234290229009e-01 1.029621476858639259e-03 3.930189581246207875e-01 2.110725422584613931e-01 1.259982372248876284e-02 4.489167413169224408e-01 8.684747934343099718e-02 -1.557225365578261689e-01 6.305371410862403714e-01 -1.436542058362250407e-01 -1.098511690044458866e-01 -1.838658854572926271e-01 4.410191003867979243e-01 4.744993978603402884e-01 -1.986421677503629607e-02 -1.600687071183138355e-01 -2.078679549765450885e-01 5.951873614954946712e-01 4.830208693551349408e-01 6.184615146137356634e-01 4.977778220029376310e-01 -1.422701527412762179e-01 5.898965117435801542e-01 6.930030168366549392e-02
2.235057508265326232e-01 -3.651470560504334328e-02 5.842396040119443579e-02 7.900187037372797816e-01 3.989167636715142962e-01 -9.290113994608851025e-03 2.581418833523177470e-01 -6.866011162295633519e-02 7.420043903814070585e-02 4.200353169720912883e-01 5.003484134964321095e-01 5.935781359459363360e-01 2.818248332877586471e-01 4.690352092722450683e-01 -2.593215056065399371e-01 -2.866503606481350386e-01 -2.150624557818162086e-01 4.217421897428196842e-01 2.214090513837656260e-01 4.452128897793438678e-01 -1.559924027396267787e-01 -6.459041172829469921e-03 -3.049668099991644787e-01 -3.856983032686723267e-01 1.182427559447375709e-01 -1.933858923349915104e-01 -3.629832688391494977e-01 4.032264858176442535e-01
7.859113248841333998e-01 2.501111026832739115e-01 -1.909698087911261832e-01 2.484260644950982977e-01 2.626424305636813616e-01 5.082140940629127357e-01 5.867485931584968117e-01 -2.293077498351769050e-01 1.866943596242143788e-01 6.985919109365090751e-01 3.446188394854003429e-03 3.717040931498186707e-01 4.714771561772145847e-01 7.908585387795667998e-01 1.168967971906508807e-01 -1.859539813836025290e-02 4.443148529076006437e-01 -1.584111045378090374e-02 4.015074523778605631e-01 5.922146696533016064e-01 5.036424429599505315e-01 8.525226239918476390e-02 4.005743624108931700e-01 9.837300339892415812e-02 3.074515018970590541e-01 6.425718629505812185e-01 6.782972443601876789e-01 2.166450683838269664e-01
8.383757734306727105e-01 -1.835243025375404846e-01 7.235321237809165529e-02 7.608614870296060984e-01 -3.187828066885213252e-01 -3.503968017613114105e-02 5.893993056977764322e-01 3.685315718552727993e-01 -1.132990827755104152e-01 3.021279401414349308e-02 -2.156634775659784509e-01 6.660657748716968252e-01 3.417199534611752854e-01 5.981167766515695927e-01 4.348152334872003588e-01 3.907649924941962172e-01 -8.012564560576446171e-02 2.306294205478895132e-01 -9.184187017245097617e-02 3.077132061426152698e-01 6.239400135456879548e-01 7.083012366487966283e-01 -5.534170141341045353e-03 1.162990191630991071e-01 -1.781333436381719593e-01 7.020826845434746666e-01 -2.347530740572581487e-01 -2.218096732118401415e-01
6.413250981132595507e-01 3.837773920950462436e-01 -1.163054677185504510e-01 1.292192815293284336e-01 5.806231904631442564e-01 1.273045334857279554e-01 -7.383504267841387025e-02 3.932972791401190271e-01 3.054352119776762020e-01 4.852503555505072730e-01 6.224296479858936193e-01 4.767934908772334945e-01 -8.615411659435019687e-02 2.395225159182660501e-03 3.366132843532904095e-01 -1.187195271866091917e-01 5.976481277291814109e-01 7.371371049767400097e-01 -1.171372779522932839e-01 3.892051401331829141e-01 7.191429065184794522e-01 6.092916515105846198e-01 -8.402253166840649087e-03 3.885338402991576623e-01 5.486402215138196370e-01 3.954979579778761800e-01 3.781016661250252153e-01 2.354251311958390491e-01
5.725634068146540079e-02 4.580752164403149029e-01 4.414550904161372302e-01 7.012089117260997817e-01 4.741293042551380510e-01 -2.096964534720715534e-01 9.377075245104382617e-02 2.923825046683683482e-01 6.997029246874736375e-01 7.352600100498368763e-01 7.328423825325076635e-01 5.988638499757227285e-01 6.881682686345308442e-01 6.597616940323010049e-01 -1.019091806212338441e-01 6.165111079257045157e-01 4.083741580096455354e-02 2.501213387895673823e-01 2.031686327108182255e-01 9.536108817441353580e-02 6.265811168707935419e-01 4.063407715844577495e-01 7.647951514707630460e-01 9.338086193057443252e-02 2.865945011240705331e-01 -9.222307309987441692e-02 5.281401204557538698e-01 -2.938174006986703224e-02
3.250313560696211357e-01 -2.533775807500889769e-03 5.143057421858040490e-01 7.759945568158517215e-01 4.471141682626125213e-01 -1.095164974139070102e-01 -2.360553198579296019e-01 -1.673381132454908882e-01 -8.636739081702466889e-03 1.065058688742665793e-01 4.572084581435482686e-01 -1.226021702567721416e-01 7.632964762492627786e-01 5.183656029777279350e-01 2.452590451094617818e-01 -9.524348941684188108e-02 2.822168303374048559e-01 -6.067260474137069204e-02 -7.828979706351266166e-02 6.970801879822248193e-01 6.281380334596560200e-01 8.117345274612798312e-01 1.486584559300015151e-01 -1.362249591170907985e-02 5.265605001034006083e-01 -8.445346160439866356e-02 -2.200836582870709379e-01 7.582255745980615025e-02
5.670717096640820465e-02
-3.505364062782186374e-01
-2.630572553590697082e-01
7.960913744875175663e-04
3.149914964825029640e-01
8.427484169999435171e-01
1.056068264445871735e-01
1.504585711257972747e-01
5.559188801333182495e-01
3.709401939864140352e-01
-1.482940502857100218e-01
4.478558385225275829e-01
-3.261630210266551755e-01
4.912703603312426615e-01
-1.662319541477730311e-01
5.342265271987517439e-01
4.481049528563635365e-02
-3.870521525184273393e-01
1.055466920605094394e+00
5.242675981932920504e-01
-3.304185277039942137e-01
4.251373905472061177e-01
9.534041497633799489e-02
2.670266358094649517e-01
-6.735600629931025318e-02
1.768747357706198786e-01
3.776751913091468960e-01
3.046168654608960580e-01
ReLU
0.0001
28
3
7.834692844307642456e-01 -8.576866327542703727e-02 2.957107763566068637e-01 7.862194374085255122e-01 -1.281753097275938891e-01 -1.616826987752248701e-01 1.622605056410594271e-01 6.466511922811284396e-01 1.936103232345012248e-01 4.099011240344085372e-01 2.547445424040870043e-01 -3.710862189702572589e-02 -7.037326232922076763e-02 1.665630679191713315e-01 2.573422162359602361e-02 3.310868044010418232e-01 1.707145112124479058e-01 1.205004884394117182e-01 -2.826628742376485204e-01 2.480432125259921516e-01 4.534014646425115203e-01 -4.211164305411841530e-02 2.516908230208804720e-01 -1.314181941618264293e-01 -3.472022499306102062e-03 1.956812657342177353e-02 6.117417333545480673e-01 5.237745673163206606e-01
1.829192616866270327e-01 5.184687915312226059e-01 1.061937915152097317e-01 6.279175524371702899e-01 -1.614882365359704974e-01 1.454007822620582979e-01 4.954977760646592788e-01 4.957548276785754271e-01 -4.143351661124654306e-02 2.706650555733850980e-02 6.429705258788976918e-01 6.451430609980401965e-02 4.987659465021846428e-01 1.028929070737428925e-01 7.959336890114113716e-01 3.154710483053226877e-01 8.069880672484738282e-01 6.215337449514953816e-01 -3.204176214209472628e-01 1.747016767698333362e-01 5.958108942808866271e-01 4.698229834517255177e-01 6.011656004101170181e-01 3.430270622846853246e-01 5.031994870212757043e-01 -6.088376855606091737e-02 -2.066850320252147100e-01 1.482972494624418183e-03
-1.365338844096991855e-01 2.489857873350953821e-01 5.094084593089045349e-02 7.557983111232569051e-01 2.107797799883439072e-01 -1.954532638661905797e-01 1.248162152871494512e-01 2.306542980644128021e-02 -4.624045973997730624e-02 9.975800523185883451e-02 -5.312369009325675767e-02 4.726178801821908082e-01 7.665113750815594207e-01 6.364272470588111519e-01 6.011312494413428853e-01 4.632383015173463514e-01 8.912873212419079039e-01 -5.924219633304087657e-02 -3.155066709890434473e-01 5.546986856965883117e-01 7.079648769170199252e-01 3.044398942929535945e-01 -4.591821746358794309e-02 1.160222935071816702e-01 4.876361753541119670e-01 -1.551114207178354125e-02 3.414196485352827271e-02 2.817275095255623585e-01
5.843686936682014332e-01
4.439682273705579663e-01
-2.987600664101825454e-01
Linear
0.0001

ct 2024-06-01 16:09:28.854801
