noname
4
4
4
4
2.816305956923837339e+00 3.218624439591766251e-01 -2.562941584167568010e+00 1.130294212913875773e+00
-9.141689138150735916e-01 7.351415072736078304e-01 1.669936370401867709e+00 4.858255731462424176e-01
1.231646766873895960e+00 1.870618921517412048e+00 3.586929189396615314e+00 1.268047198025524569e+00
6.970667030342885262e-01 3.299491576164699236e-01 4.174424646666791694e-01 2.828217694242830538e-01
3.890172634287319964e-01
-1.079227810834866741e+00
1.044091312915993663e+00
3.263365477626152256e-01
ReLU
0.1
4
3
2.080654174475062013e-01 -6.953588881862778071e-02 -1.295606881466106364e+00 5.000943908746963151e-01
-1.966845655856294783e+00 -7.478478561468987484e-02 5.748763003351009537e-01 4.242788421450386926e-01
2.657347004772537269e-01 -5.683090793483417391e-01 5.953841381588862447e-01 6.725325891166605841e-01
-4.082315639119621364e-01
-1.540928710785230971e-01
9.357399044103223429e-02
ReLU
0.1
3
2
1.073343250596918777e-02 2.447944608358033070e-01 5.857318072109997109e-01
-1.610340083545953593e-01 5.306723395597076065e-01 3.467045179943721855e-01
2.437423369705167708e+00
2.747713685340943623e+00
Linear
0.1

ct 2024-06-16 17:35:02.122622
