noname
4
2
2
2
9.060914934291730560e-01 2.393609355722111365e-01
9.364965748745983642e-01 1.065042736371965670e+00
3.022069688585047875e-01
8.909297824207714767e-01
ReLU
0.001
2
2
3.351526547506532006e-01 5.747858977606640218e-01
4.298435746411332081e-01 7.559608314533857731e-01
-3.036154067756077768e-03
1.604932511555801355e-01
ReLU
0.001
2
3
4.384144822910178707e-01 5.887664381713949568e-01
4.861174895996986378e-01 6.445092938494577650e-01
5.352615863541910768e-01 5.923224887620002210e-01
5.099694086543431482e-01
-8.006281395006205337e-02
1.932042850459512462e-01
Linear
0.001

ct 2024-06-06 12:18:58.313823
