noname
4
4
4
8
5.042145462900364805e-01 7.544042339941738895e-01 3.667879392535034616e-02 7.047433370353436421e-01
1.475929682785414920e+00 9.330775159573115873e-01 2.058387423860140508e+00 6.768755099254437635e-01
1.407957108608274055e+00 7.002947948485381824e-01 4.425030422858465540e-02 1.106066309744264453e+00
1.145572399490491389e+00 1.610737577898396111e+00 2.370289327260068024e+00 1.297091999788233530e+00
-1.062330525614067600e+00 6.080635633657909267e-01 1.281744282685424619e+00 2.775717730316372700e-01
1.064675300232531763e+00 1.445115068807994785e+00 2.960777077378014877e+00 1.380310967737923722e+00
9.743610360556604899e-01 6.970892574534476305e-01 1.004652978415395692e+00 5.938905100441402851e-01
-2.545102277830811222e+00 1.284105142354872164e+00 6.948720165911429270e+00 1.452607674089494427e+00
-6.068660287860609959e-01
4.998868575687486215e-01
-1.623280625105022190e-01
1.174265496167918643e+00
-8.515558107771303842e-01
1.458586078955477872e+00
6.894108252034290840e-02
-1.662985162998088073e+00
ReLU
0.1
8
8
-1.741293313051134883e-01 2.011024004072130625e-02 -4.336547006360135792e-01 -1.806942342388214995e-01 -8.169624469396841171e-03 -5.500450076365274166e-01 -4.318155658022804211e-01 -6.678556020067010213e-01
2.980948247101744553e-01 1.703848177129257957e-01 1.238658590677027549e-01 2.408336216567681376e-01 -4.276717812356982118e-01 8.066383018067966315e-01 3.189127295645212135e-01 -1.774106823842724001e+00
1.697537110776128066e-01 -3.107852808244286891e-01 -4.069461534197742897e-02 -2.294762127380724215e-02 -7.064522999527664271e-02 -4.731617524845598000e-03 -8.336690311068080117e-01 -1.433225701627089510e+00
-3.245844909250963362e-01 -4.275423700290039708e-01 -1.572976234767705928e-01 3.890276278637168628e-01 3.459072722946834877e-02 -3.822347693081848963e-01 1.729211139689889598e-01 -6.973067926774989544e-02
-2.432717052211898490e-01 -3.975020332455133087e-01 3.134421853412407422e-01 1.383914068036453393e-01 1.316941712562856304e-01 1.066140154098332155e-01 -5.051950862786368512e-01 -2.201833446999744037e+00
-3.344189518089998869e-01 1.751983889956080231e-01 2.904430820542273570e-02 4.846146756488267648e-01 -2.485844610982201330e-01 6.100748492805552203e-01 -5.701996090436273201e-01 -1.898973467723216180e+00
1.335367209766755159e-01 3.569614152146165509e-01 1.956748970301032675e-01 6.381176074612258109e-01 1.484223831741583559e-02 6.254470197527240982e-01 1.385420740631173875e-01 -1.488636153697848963e+00
-9.096971396600540827e-02 -3.599399898059710279e-01 7.876495941321277894e-02 5.788196617932515053e-01 9.798470044060214601e-02 7.576247614955740062e-01 -4.380912760298794062e-02 -1.270552711890264197e+00
5.983788834879372187e-01
1.171665743153584849e+00
3.955749945410649837e-01
-7.346932241476972214e-02
1.199286524173924645e-01
1.573944558079721778e+00
1.742611680017176923e+00
5.553067011903114469e-01
ReLU
0.1
8
2
6.070912075529510087e-03 7.521242256567493012e-01 1.062772433192453597e-01 1.387583371200891702e-01 4.860304372509149234e-02 7.976138151816750677e-01 9.946556834266385705e-01 4.627566129434567688e-01
-3.785933546804601257e-01 8.421756797692141472e-01 -3.037852242132994818e-02 1.912016167204360628e-01 4.696943362121681897e-02 8.331734780794629591e-01 1.028432158351883619e+00 5.756051921021629880e-01
2.987557211998455475e+00
2.494764530730248175e+00
Linear
0.1

ct 2024-06-03 10:43:25.989734
