noname
4
2
2
5
6.452153624552922073e-01 3.866423082068481953e-02
1.639129431125820602e-01 3.320022745234433303e-01
3.399925527292972371e-01 4.830375176247367341e-01
6.897442218031771821e-01 2.295081670908960259e-01
2.873581957968794898e-01 2.193093058832764064e-01
1.460914616401125798e-01
5.844851552902861069e-01
6.168381400096525358e-01
5.267360755091038405e-01
1.999210491968377856e-01
ReLU
0.001
5
5
-2.830766756694956185e-02 1.387928717086799602e-01 2.918557580674824639e-02 1.168705392146533600e-01 7.180301378008553392e-01
3.310773862829370362e-01 1.892978838483478088e-01 2.204842962086880076e-01 6.689037153683625725e-01 4.642231048982016217e-01
-2.484347371025775741e-01 3.208518029570534558e-01 2.870483811151227083e-01 8.105187783980477567e-02 7.076151391798674029e-01
3.130137116789544205e-01 1.395176408222766340e-01 1.876622438417451522e-01 -1.245993190558645491e-01 1.231486316907368928e-01
4.283154832412648383e-01 2.643530048275872235e-01 1.654269700071835658e-01 5.569965961806386812e-01 -5.831575094367742046e-02
1.494324124653836627e-01
9.150661579968330517e-02
2.574014733337063876e-01
7.214579729551259812e-02
-3.303427486539907421e-02
ReLU
0.001
5
3
6.777288450230412042e-01 -1.527237807608483600e-01 2.599182500620899061e-01 6.371811563737694861e-01 3.595807774617302832e-01
4.790266972102995013e-01 4.236938001638550499e-01 3.902697611389643884e-01 -9.908092490299209854e-02 -9.294066681673901487e-02
6.327594671079511679e-02 -1.349082940866229707e-01 7.242121532431935460e-01 1.128457961781882679e-01 5.742769598329445779e-01
3.355100721961029597e-01
2.332712914741716381e-02
-1.266921733331765054e-01
Linear
0.001

ct 2024-06-02 17:30:04.746435
