noname
4
4
4
8
1.142180646579266767e+00 9.069749614655493453e-01 1.267118064891824103e+00 5.891071982421967057e-01
7.943203354478652889e-01 1.316943305569953981e+00 1.272426399413026488e+00 6.800145384241589319e-01
4.242972609806571205e-01 1.045392298059898639e+00 1.398485908143329626e+00 2.506128255101637836e-01
1.519926474155476326e+00 7.631830696836519046e-01 1.243679599248162626e+00 7.487201581419742347e-01
9.357119983024786425e-01 9.338444268861317843e-01 1.437613107083401509e+00 5.536039983481981785e-01
1.346243300524457176e+00 8.432396807856354926e-01 1.141211614554966003e+00 7.460610506286088350e-01
8.148079737137885470e-01 2.167977722877154415e-02 -2.712139418212563546e-01 3.259446139254189023e-01
6.240454848853593806e-01 9.066879051158007741e-01 4.622423748699399648e-01 5.136158863213192705e-01
6.086069214128838611e-01
3.887469531744332518e-01
9.689838140081125095e-02
9.338178451233912769e-01
5.722781977577047208e-01
8.357009044844366796e-01
-1.774368107589655130e+00
3.914752506634203710e-01
ReLU
0.2
8
8
-2.325079554214955768e-01 7.082100977544266707e-01 1.841271532736455385e-01 1.162432353181364508e+00 5.241696839887812764e-01 2.750852481735067134e-01 -1.123289391598325748e+00 -4.523769510308104508e-02
3.365528797406367456e-01 2.713045780330248236e-01 6.760695517014025935e-02 3.777708645725373904e-01 9.549986056316953076e-02 1.373830234203366474e-01 -5.054939795256968571e-01 6.194520672695005281e-01
4.631968199441734990e-01 3.516820724739446735e-01 -2.034287767412852332e-01 2.964206990293370425e-01 2.221775542905849998e-01 5.331907824585486733e-01 -9.562898877729648639e-01 5.166787925821655358e-01
3.434030420332460642e-01 -8.127724084245938063e-02 6.633937898482638040e-01 5.196456243518527973e-01 7.436553902222613477e-01 5.281080722627898849e-01 -3.777437802382976328e-01 -1.648117873433357916e-01
4.243127834144330701e-01 2.637256766637389727e-01 -3.733023609072434468e-01 9.442204810708247631e-02 -7.759775298202649385e-02 8.482265038682536284e-02 -3.558211833903282550e-01 -4.069985420549303012e-01
1.213640511707652081e-01 1.134693941416507930e-02 4.067300587253913080e-01 6.576358495766343459e-01 6.209346882991085420e-02 3.889562652843462920e-01 -1.043537106840308759e+00 1.981242014786212813e-01
5.118851244485203011e-01 -2.231185308068303896e-01 -1.563395727267443414e-01 6.384233618399269838e-01 -5.408748235819844929e-02 6.800900857252004661e-01 -9.092739313490012520e-01 -1.671912688220699994e-01
-1.195084228007455396e+00 -1.449110758930510334e+00 -8.825217990283679148e-01 -9.523129615612589971e-01 -7.246813545760814046e-01 -1.603898983924206378e+00 -1.322138383161785891e+00 -1.106521655833162088e+00
6.769292641740698446e-01
1.343978653863949768e+00
1.366319194519359570e+00
1.168708798107295666e+00
8.018478967765763077e-01
1.530253424183254163e+00
1.392379767551222614e+00
-1.459835788796752354e+00
ReLU
0.2
8
2
7.757515913163275378e-01 6.506525307185548890e-01 5.507111730309111053e-01 5.222116514270557230e-01 -2.324425389307882908e-02 5.354283714123452276e-01 8.827664248838694716e-01 4.180388989829669222e-01
1.947562024669849123e-01 5.982358442702442325e-01 6.762237536206866517e-01 7.589889294702307776e-01 5.165062136376196156e-01 6.991018236724058088e-01 2.186159370688550152e-01 8.383799122694234329e-01
1.854003279072326427e+00
2.045643963844506086e+00
Linear
0.2

ct 2024-06-12 18:09:07.977801
