noname
4
4
4
16
6.873147108145077899e-01 8.652461630057795006e-01 -1.119648146200251437e+00 5.677279940282847770e-01
5.791411761793686663e-01 3.429051375372508814e-01 -9.793508039308221891e-01 3.661867297175201985e-01
5.372303827110634922e-01 2.964056661311373908e-01 -1.156693392154990896e+00 2.300435139654474215e-01
-4.961789504935810724e-01 5.936974166309089140e-01 1.363769903656967930e+00 9.381988420004755413e-02
1.004648814526740486e+00 3.908638580548963737e-01 -1.242827873104120240e+00 3.127861453635866762e-01
7.806039999935782125e-01 5.150369694976159041e-01 -9.443511742896120165e-01 5.185248616471604954e-01
1.235964348333060903e+00 -1.933647046859851837e-01 -1.384738994049940608e+00 -1.627173586237924685e-01
1.410351406644008154e+00 1.948324357764155967e-01 -1.246444844770326466e+00 3.037480317160545784e-01
1.154699193761224763e+00 2.608102345913257403e-01 -9.100387494710092673e-01 4.855655898798276193e-01
6.656855781636826785e-01 6.861247072060860930e-01 -6.409925262055323758e-01 2.347102785288626425e-01
1.194255539080465001e+00 -4.105727416869080909e-02 -1.359086755028556803e+00 8.408252678965014160e-02
1.055335544750858334e+00 -1.854937114547318411e-01 -7.822331347393692846e-01 -8.902023610360360051e-02
1.352669494326580235e+00 7.035305847972701532e-01 -2.002188399536616537e+00 5.540942544607134757e-01
1.150183093760908548e+00 7.287792225652295341e-02 -1.692854583813240721e+00 2.920578881355686551e-01
6.078558920321587289e-01 -7.840777943492381608e-02 -1.210707187840247778e+00 3.238863073940381060e-02
1.203064114540941754e+00 2.219337928212661015e-01 -2.832355953949771687e-01 2.684556721040022853e-01
4.947655092091748918e-01
9.093263546643352013e-01
4.464204359477285111e-01
-1.240854938720300782e-01
3.868872953739906917e-01
9.282411460724436791e-01
9.642032035716349148e-01
8.025359322893398373e-01
7.497191072218419849e-01
9.516998116131591967e-01
3.926881389749138918e-01
7.059910250876447746e-01
5.479436074220762620e-01
6.258385825026983040e-01
2.878568243840450847e-01
5.864232641459501405e-01
ReLU
0.001
16
16
-1.380414806648019854e-01 6.480117264093057106e-01 5.970468332570010306e-01 6.606673621272025620e-01 1.039529347075866389e-01 2.954831666247688671e-01 6.211596731306709973e-01 9.004750367815587131e-01 4.097466547633794032e-01 4.639114564149968145e-01 1.279636730114386944e+00 5.107098091435772202e-01 1.055943808778581072e+00 5.846911622670496467e-01 2.134550561583977435e-01 4.968596859176177549e-01
-3.931665533400909296e-01 7.180968190027837705e-01 5.058996342077195507e-01 1.318044481868134943e+00 1.113330921085764341e-01 1.833279511447111487e-01 6.536528252529038019e-01 8.144681666709005508e-02 1.816698031388085111e-01 3.968776894965965751e-01 8.796026911667352843e-01 1.335016363027528574e-01 3.927490923798864220e-01 3.819210016448146838e-01 5.335059243303291732e-01 -4.082078528619003527e-02
2.589768094944389087e-01 4.545312829579670755e-01 4.968174835071805240e-01 7.061258991459201662e-01 2.561976302388579985e-01 3.879800266592837166e-01 1.324770330496745974e+00 8.170808088993646301e-01 -5.931186553989348242e-02 -5.188629665965387161e-02 4.102739836074957847e-01 8.647721133754460165e-01 3.783685982551672766e-01 2.670160705774317078e-01 7.435405499045493194e-01 -2.787446458825949547e-01
5.194632651928023787e-02 6.018223532494244576e-01 3.168352029584164953e-01 1.011633799266393963e+00 1.350923588820013288e-01 1.007018565603234606e-01 6.507556633406560431e-01 9.058173775679533302e-01 -2.246015302843032413e-01 6.260440043024874113e-01 1.241894227840579568e+00 8.415275619046771460e-01 4.452286005160515647e-01 5.571379554838330472e-01 2.914505144621373223e-01 2.457133261536372515e-01
-3.067542091508547106e-02 1.093621607237031668e-01 2.555236091770499152e-01 9.855160974481069758e-01 5.756556141003250637e-01 7.913708868496022175e-01 6.815431451460084444e-01 7.056991899485026698e-01 6.016068900909424385e-04 -1.908886292719265965e-01 1.293183221204193378e+00 1.384227997793868181e-01 9.579290347301692155e-01 2.709346103581192211e-01 6.975655895626002856e-01 -2.878908624030919183e-01
9.029634267405185488e-01 2.059108641843394316e-01 7.737948283732041244e-01 2.089652608761842778e+00 4.817581016412088579e-01 4.997049055699296360e-01 2.493982250716502980e-01 5.424457116249393751e-01 8.972489338955587090e-01 1.947722330099533605e-01 8.275039549711948883e-01 2.032992433955834177e-01 1.280577510658174267e+00 6.639338316743838009e-01 1.071651364602110190e+00 6.275281027786178134e-01
1.156111968097385256e-01 7.076532384753542182e-01 4.480297248150310052e-01 9.742589160776733426e-01 4.934023169245496110e-01 4.007769877715497420e-01 8.261926331668427714e-01 3.492652376303277961e-01 1.486569965047765118e-01 3.297206897344199805e-01 6.642502510704737517e-01 4.967644934102468657e-01 9.459332154177533258e-01 3.683999394145648365e-01 3.645621014928215886e-01 -1.003288213622881633e-02
-1.708868637438379912e-01 -3.949888264647448410e-02 3.462577204514105667e-01 8.002963294782549086e-01 8.925533103179729144e-01 -5.393266076457928215e-02 1.129354149449215861e+00 6.574746844910273058e-01 -1.994534589517365231e-01 -2.862072878466045411e-01 9.763811359183347527e-01 5.080540710907268664e-01 5.988503847654297330e-01 1.924164126277724540e-01 8.953728310807360646e-01 4.644188504383647276e-01
2.714394708014855051e-01 -5.121021810601703722e-02 3.895956185449284681e-01 7.491604751193959855e-01 2.077647180582746500e-01 3.096181595536400336e-02 8.888231149967857903e-01 3.274642078697046488e-01 5.005063122118221797e-01 4.088823891574572822e-01 7.144655029520537992e-01 3.457800186534526476e-01 4.511868706697369502e-01 7.045222911713184821e-01 7.254329086376177793e-01 -1.847115169220809039e-01
-4.825105498727867426e-01 5.666126593320187643e-01 3.443484083082483660e-01 5.420105458703811108e-01 -9.942664631746284121e-02 7.057414866535348663e-01 4.975732871894213427e-01 6.618072434958495176e-01 -2.556331685419698796e-01 8.382904495050256255e-01 4.232295641711716905e-01 3.685908309840217889e-01 -8.143973445831315106e-03 9.666966211792370478e-01 6.734835178007385625e-01 -2.782695653239277700e-01
5.207073851095868067e-01 6.781950617183228891e-01 3.171338821981078415e-01 2.235797115121962442e+00 2.233940589565363011e-01 4.512125702508625880e-01 6.298209403986769761e-01 6.740148231107326859e-01 9.895409433297696067e-01 -4.079920382813205237e-01 1.219806532565094859e+00 8.292722577799174211e-01 5.915349497577858662e-01 5.349121720690608317e-01 7.733103312657348960e-01 8.886558729394783418e-01
5.183332220117810030e-01 -1.584794639296323304e-02 4.997842013780283144e-01 1.250864629222958158e+00 7.724244495479637429e-01 8.138989425629145069e-01 5.726385429712296249e-01 7.706430952395632028e-02 7.136695061431751475e-01 3.082754297369114105e-01 7.280201352633022260e-01 2.636387521185053484e-01 2.173689102988478339e-01 8.924747767738704374e-01 1.205422090671036450e+00 2.180271407960867602e-01
-7.917600964361265481e-02 7.120646571785842482e-01 -6.241625668431902141e-02 1.378794777865869792e+00 4.006646171111928334e-01 8.655870541619556380e-02 3.773277783246802297e-01 2.147158002020672224e-02 4.878426483264004521e-01 3.312371352205789599e-01 1.067281424140709145e+00 2.589068554488907492e-02 2.447879742945532622e-01 5.490387088607500132e-01 1.373159890847308884e-01 -3.811144558564400486e-01
1.316763382704257829e-02 6.669979335535803910e-01 5.316895768260455624e-01 1.230914305069144676e+00 9.558235434334327874e-01 2.663811542919073960e-01 7.566529381593464221e-01 6.390789766305915443e-01 8.320152595856251665e-01 5.126326066246904567e-01 1.170433871751430654e+00 1.592251566219473891e-01 5.155637964270743945e-01 8.556402507656161172e-01 6.729142630530026148e-01 5.216193520660236116e-01
2.566365919853987876e-01 6.024132479369891380e-01 1.043347884933443770e-01 2.764138579349043057e-01 8.579305063557334243e-01 -8.387569899559799147e-02 5.143873513124814778e-01 6.239110180529060523e-01 4.012630054937152968e-01 2.907763937875319504e-01 1.130577851598355776e+00 4.149157602244368248e-01 8.611824625900851293e-01 7.482218539880658437e-01 4.253245480979414572e-01 2.111351573805067550e-01
-6.265623411029824785e-02 -8.764341694857685772e-02 -1.100208885079848875e-01 5.641502930569629592e-01 -2.071137070964749680e-02 3.939549853635490595e-01 1.078166540262108342e+00 5.981415086417895752e-03 -8.415582869070271921e-02 7.725555151277210264e-01 7.177679111753045849e-01 3.706310895846068876e-01 5.396788984908003073e-01 1.086954663070096860e-01 2.902043955718962634e-02 2.968628545470997082e-01
8.073466141955121245e-01
5.949127512126909378e-01
9.038423165105526902e-01
3.938946942055860934e-01
8.317266829535553407e-01
-4.898838577478676348e-01
8.080908033809923730e-01
1.297925985867969256e-01
2.375587330570787803e-01
5.689054776590707352e-01
2.988384861089936617e-01
4.797218092455154959e-01
1.010077959964095495e-01
1.548534163483077930e-01
5.215702877653184411e-01
8.675223673024989868e-01
ReLU
0.001
16
2
6.912945830388909085e-01 5.240984437738237522e-01 4.907891263132183046e-01 7.134611995018842467e-01 7.636353896062172408e-01 -1.630511415353455285e-01 7.649530562165797187e-01 4.495436947683500439e-01 5.396143787275948789e-01 6.484769863127863854e-01 6.152578350350514785e-02 5.164917068805323641e-01 5.942583237208737962e-02 1.556498954197946816e-01 8.307584500717395404e-01 7.161164491264733201e-01
6.386088757464365440e-01 4.706745015144004896e-01 8.886147838712336877e-02 2.671765045418866835e-01 3.785812100668621283e-01 7.408942764994302932e-01 7.516192940250305821e-01 3.944701333210576255e-01 5.446175110713332712e-01 6.030917039012077124e-02 9.528417346282833655e-01 1.004622609352247897e+00 1.009006110626825409e-01 2.978601771356111372e-01 3.993399358532699339e-01 -3.442301536241130101e-03
4.820579986596240096e-01
-4.491661960738969894e-02
Linear
0.001

ct 2024-06-03 18:36:14.022743
