noname
4
4
4
16
1.365992143909638079e+00 3.027484160297351234e-01 -2.949120870184969712e-01 9.351490699338954604e-01
1.769427825353105110e-01 2.014786360139206867e-01 6.822023324187205251e-01 2.981879945615455996e-01
3.806854687878715726e-01 1.204747844902808868e-01 6.635476989825657146e-01 2.859044391320895717e-01
7.161914273844774970e-01 7.089326507485536055e-01 1.272427173855757987e+00 5.953323237737110363e-01
5.864397302444360749e-01 3.367073850726300943e-01 4.639396341616092156e-01 5.661876067630574605e-01
1.301019710973453335e-02 6.280361199939755723e-01 4.389818056485028652e-01 2.563863546074359179e-01
2.122527117025338472e-01 5.631465547712776187e-01 1.283804107960643703e+00 8.208669335267272660e-02
-1.329300932266646584e-01 4.734044927161109029e-01 2.188463786838475700e-01 5.983751397255272497e-01
1.028896969409815565e+00 3.928210700000939193e-01 -3.101276504531363942e-01 7.997833357016639333e-01
3.862296948155983234e-01 8.308162326799254371e-01 8.862669813086173631e-01 8.719498038399511874e-02
9.085198752527159360e-01 4.262839741064179400e-01 1.892150668328131113e-01 6.259988545836241425e-01
4.872377002296188753e-01 7.029844714375884651e-01 3.029608682362227579e-01 5.792916486945519638e-01
8.064609909912597852e-01 2.677940992989149005e-01 6.374127371244991958e-01 6.213123415067263178e-01
1.728883757169774604e-01 9.092011858749518005e-01 3.818682139668869158e-01 7.955478104304565257e-01
1.300378082427221305e+00 4.894339062093728265e-01 -9.596249206393343834e-02 7.632931139945886567e-01
6.147167591430814371e-01 5.897981697579186555e-01 9.339885479043323890e-01 6.185588653954247063e-01
2.494917113281090171e-01
5.639700339267533780e-01
5.496917412966020322e-01
7.007817269943845684e-01
1.984354739377946764e-01
4.523350983461315589e-01
8.842736726203903608e-02
7.552916332195334093e-01
2.688692887213662841e-01
-9.105333789660623178e-02
2.763678399334121849e-01
6.296567957022206619e-01
3.856275857213542491e-01
6.248141948563872283e-01
1.373942279573327208e-01
6.988447511669707568e-01
ReLU
0.01
16
16
9.286492235405238160e-01 -6.330982677551263982e-02 6.413907948636453638e-01 9.134705429251421815e-01 2.960584357004102940e-01 6.216225549808465090e-01 9.141363792093338825e-01 3.201841173606873037e-01 4.735301824428694295e-01 1.995951268384265620e-01 -2.298190307398981919e-02 7.321943191999649159e-01 7.006947171698050258e-01 1.900965181473071933e-02 6.689405692423047167e-01 3.785791217812013443e-01
8.450908274933636166e-01 5.088119846449911110e-01 6.816281750651085325e-01 1.930479150626005780e-01 1.187139756449862027e-02 7.689913601167250867e-01 5.257760879923006198e-02 1.571197220607347678e-01 2.219021915083483620e-01 4.687647464900164818e-01 6.477292518635181517e-01 6.028881410348749803e-01 3.098747717968677873e-01 7.991880311445781482e-01 5.677107711890023722e-01 4.611277801830288570e-01
2.213119070057673332e-01 2.740797434809503219e-01 4.602495627960853652e-01 1.876129023560201003e-01 -1.438546538604971170e-01 7.224608150018343444e-01 5.407279646228994041e-01 5.070251555646431152e-01 8.857653035284565046e-01 5.445731060725830242e-01 3.648508643352428860e-01 2.355704995001237922e-01 3.849344865241898783e-01 2.132667760142910318e-01 1.571756049686508505e-01 8.301723216981227171e-01
2.183859871751118731e-01 5.866385627389707480e-01 4.294459345716165610e-01 1.114394517939118895e-01 -1.689637509908449020e-01 2.171375566096410137e-01 2.114216848465543530e-01 7.869628340709350356e-01 1.959866673658606784e-01 6.876992852861052441e-01 1.516611670998182018e-02 1.658380838458890782e-01 6.546916122703233532e-01 1.308769960610087491e-01 4.460592511868617938e-01 2.269531148946085930e-01
6.504580126476194879e-01 7.147913152427459726e-01 3.302400825508283039e-02 8.124208084387892770e-01 7.036229504333172402e-01 8.458626290440485196e-01 7.842189004492904347e-01 6.373099798273644812e-01 3.230915615080398040e-01 1.032861777298589079e+00 7.134028239430151297e-01 2.311043233639493988e-01 -7.170561082016482790e-03 5.254625871726071873e-01 3.128551680550623604e-01 4.747209470284272648e-01
7.119429032762493170e-01 1.346741526340457240e-01 5.195915676068643130e-01 6.384449646663840072e-01 5.840071773337633942e-01 1.578722362062383311e-01 7.384147342614180709e-02 3.840587542071353944e-02 8.362698338553021804e-01 3.088808791060879133e-01 1.250130257422606972e-01 1.545524961811353959e-01 -3.919616419417382841e-02 6.891352935299622784e-01 9.236810312570733483e-01 4.996778414759807108e-01
5.883530021897822593e-01 -2.246256908972928904e-03 7.368089236355659377e-01 4.463351614706417281e-01 2.220286017249391008e-01 4.076829413838082838e-01 -4.300230167172486295e-02 5.250062141600603249e-01 7.946898161312818676e-01 2.660137815696971345e-02 6.695851743782635923e-01 4.848629750659225190e-01 6.203981864136103308e-01 9.012634073077123720e-01 7.063761447099194471e-03 5.254559683712141105e-01
6.807163001754140685e-01 9.156422152625882660e-01 1.179426454643990041e-01 4.718810592717464503e-01 6.863343887757769046e-01 1.161287863450718716e-01 -5.975513246053060917e-02 1.130083145331359923e-01 7.562888299857809526e-01 -3.412588663553080270e-02 4.721100474582173856e-01 6.752279713135179717e-01 4.516518558120525828e-01 2.117125053356826436e-01 3.454334160621089223e-01 6.316126715056006313e-01
9.272277229175039936e-01 3.192695671813934322e-01 3.893610244491615413e-01 3.626881600351137269e-01 9.301216785800665854e-02 5.182423498794602734e-01 6.214827723031923767e-01 6.115496517808979293e-01 1.607925055659649161e-01 -1.896061150030945580e-02 7.975973145146892929e-01 9.038923271385448377e-01 3.018961570085050283e-01 8.645811370633761372e-01 6.871224403832846273e-01 2.577499179196517387e-01
2.783619382618815474e-02 5.380141662830473237e-01 6.206230397388772246e-01 6.418254313104138076e-01 5.436208079592728115e-01 6.012166445637631140e-01 4.737021065719175805e-01 4.394998896157030210e-01 1.196799330139287215e-01 -5.020109906420098245e-01 8.873725438040254154e-01 6.345822541130496930e-02 4.793235928436197502e-01 1.036331476634029247e+00 2.990421499852531362e-01 9.546670785800189796e-01
2.292011444773349449e-01 4.567269631440874500e-01 3.010056075603395054e-01 6.632987117592628046e-01 3.102212308537733443e-01 4.854910712858324096e-01 5.201517661198776787e-01 1.861763476640337922e-01 4.227280521242280376e-01 -1.259348086677290236e-02 5.034588145724564479e-01 2.087848632112772329e-01 6.201272351402175032e-01 9.344581611980812275e-01 5.718287053715676027e-02 9.618716031390899257e-01
-7.637235576386623703e-02 7.316349530286636593e-01 5.506522428547914183e-01 4.788773537851468975e-01 1.940563867954071264e-01 6.594041838083980478e-01 6.027265327018240804e-01 6.505689280131810026e-02 5.107091375366131780e-01 2.181634818663051312e-01 8.245705164229305550e-02 2.902801751977440170e-01 8.721797731724595382e-01 2.837502322601415106e-01 1.524341260349729998e-01 4.526579565861808541e-01
5.594218925299074829e-01 9.095904115248300004e-01 9.616304120644115772e-01 5.540085025680150377e-01 3.467618726868378770e-02 -2.372450103284694800e-01 2.379474856714675346e-01 2.441479828638739580e-01 4.003384702303367515e-01 -2.894287785130748580e-01 7.628142644010280637e-01 4.623690537410816703e-01 7.747646315640861481e-01 1.456675415937007112e-01 -1.070988485537581608e-01 2.695989989749260074e-01
5.747961032913120327e-01 2.436001428303196936e-01 3.756039541022636596e-01 1.394333636953271061e-01 6.441574388674569107e-01 2.683822956967622519e-01 6.097632632925034102e-01 8.386850609637765130e-02 2.130634468680044358e-01 3.813451038620058187e-01 4.892000333154697400e-02 2.639997752740372294e-01 6.098816445644636985e-01 2.000218914321391928e-01 5.828451753886236819e-01 4.707183239837303135e-01
7.663221427300076494e-01 3.206469045430482834e-01 8.480273470794782442e-01 4.778889106458226177e-01 1.337788822057645322e-01 6.518392407359889784e-01 -1.014964656828837158e-01 7.308923769388304681e-01 6.844564119661047941e-02 -2.821727829164023538e-01 -7.441774467886595745e-03 8.515511395166678321e-01 4.429215552386958632e-01 2.400033316641141112e-01 -6.916865730390124589e-02 6.197206875531829917e-01
7.831055960920808856e-02 1.802043535756369524e-02 4.566052494287870522e-01 7.753312843473488813e-01 -1.015484663808272209e-01 5.200108640786696990e-01 4.971739831760808165e-02 5.342826120227105458e-01 5.291590151690629407e-01 9.505729059665847525e-02 5.576528250071626225e-01 1.001166175230836126e-02 4.041588965508067788e-01 6.773510388578564134e-01 3.538032192182571367e-01 7.428336225009563032e-01
1.014192715148647839e+00
8.580713752868439625e-01
4.092378381586920799e-01
2.618174218081234517e-01
1.313915883603320178e-01
2.124969998243440017e-01
3.821185703563372282e-01
4.675271075496565953e-01
6.263985317509268569e-01
5.839626813105590619e-01
9.160263763826682615e-01
5.572231271936421981e-01
5.443426172602707780e-01
3.065907741984991164e-01
8.831291879572975567e-01
1.740823197132985167e-01
ReLU
0.01
16
2
1.635514409060949692e-01 6.539597536155007385e-01 5.396944054515069311e-01 1.460998863064314479e-01 1.680839564317803403e-01 2.663600237705871510e-01 2.957307282380020608e-01 7.749219677990678568e-01 5.164763245181760443e-01 8.578580954600671937e-01 1.006111812527920257e+00 3.614997278760949673e-01 7.625935713926638160e-01 2.140049502453882091e-01 8.250459304582010711e-01 6.124322050760208080e-01
9.164729185038947845e-01 8.282496504077644373e-01 4.003119655900202467e-01 3.782802962469822838e-01 6.180435708963125663e-01 7.020046468595546596e-01 1.046784275283266924e-01 8.461743290652005145e-01 7.471361786650224657e-01 1.024345080694731985e-01 6.671221206158487460e-01 2.863786109443194894e-01 1.288474930419460651e-01 6.203820367508154909e-01 5.465136616414660864e-01 3.965532413841270643e-01
1.018064336144746118e+00
6.181419238669134675e-01
Linear
0.01

ct 2024-06-03 18:58:17.846196
