noname
4
4
4
12
6.444488316465473154e-01 1.845127161451394215e-01 8.666971294672802806e-01 4.092114447250329023e-01
-1.997410696806661279e-01 2.146068673705031349e-01 2.505509682026262341e-01 3.881849522210701342e-01
9.650702492868690197e-01 4.842735159726739846e-01 3.764480756425322427e-01 7.991199948416563004e-01
9.343730499132746337e-01 6.953071995430334384e-01 5.615929845848508517e-01 6.853597034902557672e-01
5.913319353048589466e-01 5.527192989974802906e-01 8.460640375626130583e-01 4.199920809699815294e-01
3.681576924066793932e-01 -1.434268908386518437e-02 4.042680237084450567e-01 4.617593243970628536e-01
8.014975937391205507e-02 -2.314919751222982436e-02 5.297106562669877672e-01 8.736719309472142925e-01
-1.254698534463064563e-01 4.312639940868969735e-01 8.528755552259541517e-01 2.556316905536132333e-01
1.651564318302513601e-01 -1.154393306557820464e-01 9.902973756397607241e-01 4.479251390093345053e-01
7.425821601943174421e-01 7.537331819750578976e-01 7.731846198451683971e-01 6.221618443727865433e-01
-1.109464044564605623e-01 5.628147284487950985e-01 3.494809184777764033e-01 7.494924151478480345e-01
2.106970698495896910e-01 6.863877025532018061e-01 3.057473113936735043e-01 1.028570149933585309e+00
7.912633226119386576e-01
6.365919151780685681e-01
3.087805772643641422e-01
-8.980442112063238835e-02
3.607737242706025027e-01
4.571933581403835323e-01
4.963378322607888693e-01
6.535134717550393768e-01
5.364391425818523240e-01
5.477518652044325309e-01
3.180931211586523477e-01
1.213812544819834194e-01
ReLU
0.2
12
12
-1.782731556930494676e-02 1.319432438844752864e-01 3.539801967524691673e-01 1.739248769443423048e-01 5.095754040678039942e-01 6.170769269646744770e-02 6.630729399321139139e-01 -6.397702506985808446e-02 -7.985885020375660392e-02 2.194339681902756634e-01 2.078746603238803836e-01 -1.773332010434664485e-01
2.834848975380528380e-01 -1.136413693106841372e-02 4.931570487270359737e-01 5.257307615579586146e-01 7.507481261753315427e-02 9.169009203868380697e-02 6.070348411932939836e-01 6.053014706647897869e-01 6.855644626144288822e-02 -2.177766904375544321e-03 -5.382041731865011558e-02 -7.298110908799998464e-02
3.629153049894698890e-01 6.557116250132344337e-01 7.875700043043374343e-01 7.497739746423671692e-01 2.767247364737798754e-02 -1.236188934678668361e-01 5.697396328820623079e-01 5.922185379653862602e-01 1.012720348315039876e-01 -9.198599685318317731e-02 4.908500561601901735e-01 2.938693357558423425e-01
-1.146838098311856458e-01 3.594198733994461437e-01 5.344091545151647971e-01 3.899803603670527474e-01 4.774774386913990254e-01 6.731486266012889352e-01 3.988626108902632028e-01 5.558281587547081459e-01 4.923604959650487167e-01 -3.598802215758253875e-02 3.733904402814848256e-01 -5.534121808093239725e-02
4.500076760193798542e-01 2.007494574403557164e-01 7.922723389267718463e-01 1.446381648696777045e-01 3.760217844087432315e-01 2.596671560069344076e-01 7.126176512730251211e-01 4.497431148670629764e-01 7.381038314351877627e-01 7.733031724928171036e-01 3.376093638159535226e-01 7.856810735614175312e-02
5.491700150334418717e-01 1.677403050030459863e-02 7.829593793711091543e-01 -1.270097840907810915e-01 3.309049708014637492e-01 1.296095661789142817e-02 4.229850159625336836e-01 3.139019835579512363e-01 2.905632076447129952e-01 4.375640674071541447e-01 1.725594604853450398e-01 1.317277552409808483e-01
9.165010699922726545e-02 5.843267938401114359e-01 2.933388435113194470e-01 5.810203905913916556e-01 -1.052544960323625323e-01 7.753062315530101500e-01 5.782358366239634950e-01 2.312133193558493782e-02 2.179617143371018195e-02 2.026233627464148201e-01 7.701329690582388032e-01 -1.940538333925533043e-01
4.279287968354164029e-01 1.108864211367900643e-01 1.680420071195014020e-01 2.031447950928670365e-01 -9.939865711719630958e-02 2.644253112216633506e-01 2.360316535362699253e-01 1.267499014772391075e-01 3.157075417438183207e-01 2.999650652380180249e-01 1.413655006132140679e-01 4.048652531390485865e-01
6.204349679951874919e-01 8.706356836224987683e-02 -4.921188563650538694e-02 2.433188694133574803e-01 2.023335754088522453e-01 -1.301460481946684067e-01 4.533015122353981630e-01 6.722066443699977745e-01 4.822837352314344184e-01 9.334105440793480368e-02 3.213001716693351661e-01 1.868849884743424561e-01
5.915619790399245792e-01 5.324098908058031432e-01 1.541710774644163284e-01 2.477526703280852338e-02 5.427716022096069626e-01 5.385605403536382063e-01 -1.657928982362320280e-01 3.165066859302942404e-01 4.323641665990890504e-01 4.073480771558374292e-01 1.977856819117863041e-01 1.334165752840496544e-02
1.030455095853494707e-01 7.597547384096847711e-02 -9.878790147256694132e-02 2.453793584559595398e-01 4.437263421984045664e-01 4.764930552701218680e-01 6.403862041274730466e-01 7.031573997241635787e-02 7.875042702512965453e-01 6.499267456716302238e-01 6.685929776439479832e-01 4.292413372056069765e-01
7.297913868529970483e-01 1.672097272149434544e-01 2.738400779107889593e-01 4.843514914085803591e-01 3.333858342226322380e-01 6.085516218053308446e-01 -1.627856435281115621e-01 6.393515834550488330e-01 3.721862358751532596e-01 7.668798337959152889e-01 2.263422045209967370e-01 6.716191747707953574e-01
4.528528867657688473e-01
6.552049118642759851e-01
2.575103608861873949e-01
2.981316527262725669e-01
5.322923509651265039e-01
6.426031519972701389e-01
7.753121280150410133e-01
-1.169901413175340743e-01
3.875319974816440194e-01
-1.073288526969807810e-01
2.560111227429286429e-01
1.790478360822931325e-01
ReLU
0.2
12
2
4.451538587480854958e-02 -8.506695817304005258e-02 5.309182100819298533e-01 5.069421150202794157e-01 3.020260465081896495e-01 3.143199954248651062e-01 3.876898369677760359e-01 7.019430330208734081e-02 3.403670252265795781e-01 -1.956921880404910441e-01 2.675343091932459449e-01 2.270420293315736915e-01
-7.961548199820495109e-02 -4.434858321628143418e-02 5.127423360203768876e-01 2.499484328215129114e-01 2.914402361078640702e-01 8.125702329608297525e-03 5.701500055991985949e-01 4.518469164618478251e-01 5.329572886398855625e-01 5.349011280064530638e-02 1.132372871125648384e-01 4.987873409625880328e-01
7.795423049498539925e-01
-1.711417705536512623e-01
Linear
0.2

ct 2024-06-11 13:34:22.740740
