noname
4
4
4
14
7.746190273928293957e-01 7.337742125464563614e-01 3.390454792604022383e-02 5.091479076962005523e-01
2.736927492581957000e-01 9.534742299222883632e-01 8.053771825179647514e-01 4.057890115356370675e-01
6.286395102008912605e-01 1.185030094956256580e-01 1.781497729445381095e+00 4.474707315019265108e-01
1.850704093192261368e-01 1.065926071348225479e+00 1.156386713733123406e+00 3.109715359275940227e-01
1.003026236734792631e+00 7.474507106889454189e-01 1.620503392311143154e+00 4.932547503895259311e-01
1.167939046851648177e+00 4.625032615838248207e-01 3.315444857841198245e-01 5.248545470317445005e-01
1.054863770149987445e+00 3.791520380865354700e-01 1.519650885789502470e-01 2.414338937881989888e-01
1.579202333498422428e+00 -6.106444497284600065e-02 9.790946493032950393e-01 4.903859219811050330e-01
1.172215420104008254e+00 7.571495876217109178e-01 3.166470437588453368e-01 5.014393607266224295e-01
1.010879945308504446e+00 9.355049664421190014e-01 1.362636336496676037e+00 9.099712881580739321e-01
8.454640270998321494e-01 7.921012202660092649e-01 -2.763830715794299286e-02 5.052201599581430669e-01
3.496994677820445818e-01 9.483231645048928460e-01 1.458001778490216893e-01 5.651988728691257347e-01
1.125800535098673061e+00 2.860018201117116021e-01 -4.902677066657614713e-01 8.844994402922291832e-02
1.459568724563319320e+00 5.597027166021513178e-01 -4.190369794723728947e-01 7.766433310754135011e-01
1.169850453340956914e-01
-2.222710004648160986e-01
7.248043468407824319e-01
-1.253795383673359798e-01
5.157246109699699099e-01
1.908286004903230748e-01
-1.479488153439578561e-02
4.765121252399315832e-01
1.073514332548352289e-02
8.743332140353609061e-01
-4.823276872810736138e-01
2.951277113911098260e-01
-6.878995179765532431e-01
1.880093558546148680e-01
ReLU
0.2
14
14
5.303464346043992306e-01 -3.878627490344904172e-01 7.984577247868802630e-01 -2.388244423400053551e-01 3.853446929290992307e-01 8.339219691890374653e-02 -2.648655124371311342e-01 4.887652517194066015e-01 -1.327289292020875644e-01 2.106611256130626608e-01 -5.096502056270448000e-02 3.605662473800125833e-01 -3.738272960310500270e-01 -2.031628940102329084e-01
-1.530485768454977746e-01 2.414212442450044405e-01 3.239077398857974632e-01 4.693771191111413277e-01 -1.161154589187886610e-01 2.812565852321298743e-01 8.656669910366732168e-02 5.873977572946535997e-01 -4.677650129816143809e-02 8.338228994501185598e-01 -3.186002904752665010e-01 -1.354084478792294821e-01 4.438297779438063473e-01 1.587863835549502001e-01
-5.356369744363774776e-01 -1.574732729477998083e-01 9.479656500682269726e-01 2.430536065684301972e-01 9.823890723080342946e-01 -2.718609427544546597e-01 -1.983769067545514131e-02 -2.574161705190281327e-02 -3.318855955689540838e-01 3.797927763414860602e-01 -4.768267209126593187e-01 5.403211942938818124e-01 -5.222455613772715791e-03 -6.127013328097378336e-02
-1.249410762786999640e-03 5.830849170721957853e-01 8.680190757934390655e-01 1.411654209892702072e-01 1.200399408990106553e-01 -8.510687543120130927e-02 1.384484764865714923e-01 4.230358783833331748e-01 5.525274079598326837e-01 1.063106102010981768e+00 -4.122569787375996442e-01 1.921411908520023193e-01 -2.166563479343019960e-01 4.375587953938844255e-01
7.019969721699244325e-02 4.933974772013419163e-01 3.198734685588208171e-01 5.553720116016082065e-01 7.970940624430480348e-01 1.272796770110390940e-01 1.118679348656587691e-01 8.114415399130597839e-01 -4.194900310942236143e-01 1.067264776971842632e+00 -3.450614653995021097e-01 1.740447150123894393e-01 -3.436199062471070320e-01 2.082688898039993797e-01
-6.728004928746506019e-01 -1.476556680122510956e+00 -8.666789683738539418e-01 -1.249078034539532034e+00 -9.677126881857337493e-01 -1.147673978156656949e+00 -1.464398362260398212e+00 -1.512054771917279217e+00 -7.510440187012716873e-01 -1.584771570723067846e+00 -1.461040207687835268e+00 -1.576553752081853110e+00 -9.286145292628669168e-01 -9.698075621009457636e-01
-6.580717751760829515e-01 -1.207124656723103540e+00 -1.423887608826743534e-01 -6.180610452701716939e-01 -8.938026173826821852e-01 -2.327216556254225743e-01 -2.700629085583139410e-01 -3.412494508553103323e-01 -8.473617331201854785e-01 -8.054349341053660405e-01 -1.221035910210698017e+00 -2.980185589654950062e-01 -1.596984531961236131e+00 -1.063792021775686214e+00
-1.248628984886994003e-01 -2.212631074509041618e-02 6.235993789180904745e-01 1.246123632346628901e-01 4.751447619827988689e-01 1.010970703097334583e-01 -3.357628211840562038e-01 6.026283504387630607e-01 3.118493254826701921e-01 3.201203246535603286e-01 -4.312293766975344722e-01 2.910676586789839870e-01 2.101105474477871216e-02 6.596590360909165840e-01
2.153271622502492266e-01 -2.146778003716571515e-01 1.232761778347041814e-01 4.986056113554400149e-01 5.479543654378693507e-01 3.631446244353815911e-01 -6.753745576638615633e-01 1.271768543498857651e-01 -3.586379979998555179e-01 4.082173591550999348e-01 -1.239075513560029984e+00 -2.261528466025530815e-01 -7.319020333307314496e-01 -2.687412716798539755e-02
-2.414914670308674627e-01 -3.625427149862513465e-01 8.450730478924950440e-01 -2.962777277402984799e-01 4.229795078500255268e-01 3.372394951157566267e-01 -1.799743618637550668e-01 5.201290883786965358e-01 -3.151602833555761096e-02 7.575212406670979171e-01 -4.954052030577577037e-01 -1.441719248741078208e-01 -2.636652884934397312e-01 8.827610426625343010e-02
-2.596327018576576329e-01 4.054223079621668280e-01 3.194620330012919868e-02 -3.323560022946842052e-01 -1.620997916865606625e-01 -9.613068551969329578e-02 -3.848051790549639889e-02 6.394521999235904808e-01 1.092057634057195109e-01 4.985463168441693349e-01 -2.162579410539470781e-01 2.357875450479889612e-01 4.565408811583895193e-02 2.343616670845449224e-01
1.001818334977552932e-01 -1.596917613459325758e-01 3.221132480617387439e-01 5.685792761003239520e-02 4.691229907985338676e-01 1.212032339287599098e-01 7.503013387987160498e-02 5.933115536399585777e-02 -6.017679945511719142e-01 3.493335641597885011e-01 -8.068947837775077847e-01 2.583751883758704238e-01 -1.014777880577608205e+00 4.569334856401569556e-01
-1.568215580898814077e+00 -1.807849403443783309e+00 -6.582032615655104557e-01 -8.171204974328748483e-01 -1.386229384188365055e+00 -1.091161826207322827e+00 -1.227814086948681549e+00 -1.414075287682817095e+00 -1.390817295776934248e+00 -1.363091953513836385e+00 -1.584368656949190823e+00 -7.917763932120774895e-01 -9.501121432031488512e-01 -1.636924617554728512e+00
4.625607564608945066e-01 -2.278164695387315530e-01 1.081574803110868954e+00 3.694584946608489573e-01 4.773134796907620436e-01 4.245311340694088997e-01 5.152956411843527817e-01 5.544694105934981909e-01 3.984868018396605649e-01 6.931507878082682206e-01 -2.347637747791106733e-01 3.865507265934751274e-02 -4.146240823493833189e-02 6.929207213857880854e-01
5.810238146296673456e-01
1.353189343961756608e+00
1.224283388969073183e+00
1.627772048249937598e+00
1.022280486608034389e+00
-7.557030963718242011e-01
4.086146153385302598e-02
8.121414762253077457e-01
1.053406261033509539e+00
1.256601957153751670e+00
9.058986693466741791e-01
1.231523624762559610e+00
-2.264220888276642918e-01
1.203152433678725153e+00
ReLU
0.2
14
2
1.169841473897652362e+00 1.252007540702675836e+00 7.956438162026897576e-01 1.521597537774259212e+00 1.176841370602626613e+00 -1.593894281025003135e-01 5.900905904192870199e-01 1.149427006646325911e+00 6.499643358338659249e-01 1.322763785095040889e+00 9.409180140837982709e-01 8.677362502262915278e-01 -3.246338738938691626e-01 1.371146614269911801e+00
9.486604198673411759e-01 1.123147543213978583e+00 1.106995669742487864e+00 1.652447627908894878e+00 1.376298760816477618e+00 1.132664990986411713e+00 7.747385978735854550e-01 1.027752743074130670e+00 8.941638464973242773e-01 1.266004608993827940e+00 1.122802968368123988e+00 1.152208915120492616e+00 1.011052816756943917e+00 1.496983111484030626e+00
1.914088186652539658e+00
1.288298611994227905e+00
Linear
0.2

ct 2024-06-12 17:24:01.253591
