noname
4
4
4
14
5.333865824739898454e-01 5.703886664511830240e-01 4.205002217136613041e-01 7.183713106038474017e-01
-2.197928301382875982e-02 9.539532097449109349e-01 9.940829666062800385e-01 4.803891872146571207e-01
4.586435601559574193e-01 1.113781707713275282e-01 8.187928677816239675e-01 1.056592814536369551e-02
2.884226579203275076e-01 1.061150318631238987e+00 8.255776670046724997e-01 2.720046523292933838e-01
9.187862670789175290e-01 7.267430290773202461e-01 7.386573479051103952e-01 1.291425663227228626e-01
6.439277470531118430e-01 3.439815564026438288e-01 5.970538829257707736e-01 5.972460776521453241e-01
6.629086070120245866e-01 1.789841080859829181e-01 5.002092538393786425e-01 4.679620233066946744e-01
9.850075080022298035e-01 1.365260418458484337e-01 7.356443838626876008e-01 9.008741479749751702e-02
6.946513155879553425e-01 5.294633219779470990e-01 7.342991620274884612e-01 7.667674143760921934e-01
1.001880562296355359e+00 9.345421358245803445e-01 2.526524545181086379e-01 4.282859698431825679e-01
3.763376642423267582e-02 7.805314989492051492e-01 7.252577531752781859e-01 6.497111796124102057e-01
2.283129662613136157e-01 9.373939256279381071e-01 4.116015582064239120e-02 5.030969094921992069e-01
1.109180613146613092e-01 -3.726873385851300902e-03 5.221214376873676288e-01 5.187271628653414846e-01
1.677770278338507337e-01 6.674412478602339549e-01 2.607323384286370782e-01 6.876504445493780704e-01
6.513487877958836769e-01
3.204646722602997322e-01
8.819617633111372923e-01
3.734028794804132301e-01
7.604973673904317222e-01
3.404943679726715189e-01
3.867077651031881613e-01
6.144310314846149756e-01
4.080959520007509389e-01
9.197107834834212792e-01
1.646942265675976902e-01
6.602218351508941652e-01
-1.132240662673353326e-02
5.223044676846941847e-01
ReLU
0.2
14
14
7.543877706279901174e-01 1.639331897441130281e-01 9.309337827966194245e-01 1.311502790508776439e-01 5.981267928241218446e-01 5.475771769319203175e-01 6.510881639948279398e-02 7.535398113221087879e-01 2.780802287189909627e-01 2.980585007785386820e-01 4.928726359468025287e-01 6.297651358102402952e-01 6.312962627120094483e-02 6.215352979983643222e-03
3.546098280886331167e-02 7.354770931898826358e-01 4.485034461429682207e-01 7.835253466773525188e-01 8.684064578211338203e-02 7.167938495979462310e-01 3.749263143911026330e-01 8.337861955877212683e-01 3.253220531537910909e-01 9.130994031865546923e-01 1.600821384188937380e-01 1.011387727706858641e-01 7.901256111898526946e-01 3.289281385579103101e-01
3.629505996019244396e-04 1.710211602199102343e-01 1.101239218031156097e+00 7.114267564182579218e-01 1.276724065456051660e+00 1.323491800624597425e-01 5.648492655195561651e-01 1.122786156121431955e-01 9.988629734656925829e-02 4.104701615991822594e-01 5.588162154926501479e-01 9.560268918241402458e-01 8.461792531662255534e-01 3.638355005679873022e-01
3.008838541788210613e-02 7.878115519842040504e-01 6.302490190127922887e-01 2.892562052836111786e-01 1.849613734958372932e-02 8.709981695451704531e-02 3.070312856001761737e-01 2.864735265197768110e-01 6.755339312107535577e-01 7.482147921720919692e-01 2.382030895235833501e-01 1.976929459163674352e-01 3.524930554801802840e-01 4.726866336984005268e-01
2.785303376639086670e-01 8.229660982551982862e-01 2.577124618925318855e-01 8.206154231055809989e-01 8.528731219742000658e-01 4.567736983726739530e-01 4.368603594596652817e-01 8.460218800166791064e-01 -1.342855819946918716e-01 9.157887115527342248e-01 4.543911079014353316e-01 3.411902378019271986e-01 3.053644062247918289e-01 4.006409276927115348e-01
8.883546721504749222e-01 2.487233370631636575e-01 7.536622479244406980e-01 2.922935067980674262e-01 6.523956985664753905e-01 3.954345187534918926e-01 9.041694230722416292e-02 1.438887811628596913e-01 7.915518972702746403e-01 4.340038343441277036e-02 1.401210234892513451e-01 3.206811815632498730e-02 5.168310632566393004e-01 6.508204659304868134e-01
2.392952416142070104e-01 1.070844179539382768e-01 6.486855447871615610e-01 3.926337347979570458e-01 -1.077013157014719696e-01 7.308455296236917587e-01 6.976976907064462718e-01 5.745745297019060338e-01 7.938056128504433762e-02 -4.069617330024304092e-02 1.637080021449241474e-01 6.120381935248642158e-01 -2.613291855924047002e-01 -1.033298953421455946e-01
1.301286190433274814e-01 5.308272351937336486e-01 8.150982286154696554e-01 5.108021426495102935e-01 7.427301519723988887e-01 5.891664139069454631e-01 8.889652499512824824e-03 9.126326151588391999e-01 7.439186461450978394e-01 4.653675154323632102e-01 1.099114850524043618e-01 5.952751289815445546e-01 4.068079182455057730e-01 8.823199814143990460e-01
9.123520768819290971e-01 2.208072738663431345e-01 3.703008528438375135e-01 1.052289752523920985e+00 9.043847498683215136e-01 9.194145076527460159e-01 1.373034606294359916e-02 3.866878226986563694e-01 2.424942253069102549e-01 5.104206170086794669e-01 2.941524624562444346e-02 2.657069531568067022e-01 1.520218226783570659e-01 4.538342195744310414e-01
-6.091085400074097711e-02 6.863697600017798495e-02 8.741081992651209553e-01 -2.298785916857063599e-02 5.523664337879058417e-01 7.390028377612828381e-01 1.251810944654617452e-01 6.705453537514771689e-01 3.017127620019602330e-01 7.235349385431359970e-01 1.319601234461712513e-01 5.717273501888982257e-02 2.708085495968658440e-01 2.818548800182230640e-01
2.874372447474180664e-02 8.089709196253364043e-01 4.037302701835308871e-02 -1.651039850947444432e-03 -5.914316974491710260e-02 3.095248042948249845e-01 3.561953270509298775e-01 7.513997156433374069e-01 4.743712766919971346e-01 4.097496180145204225e-01 6.743902119638874870e-01 4.638062256229044666e-01 7.564352419120150550e-01 5.045116897914659893e-01
5.198911582860260561e-01 1.810208108547928241e-01 3.924080879004901434e-01 4.345315633888511275e-01 6.560726314634223177e-01 5.389818353294720810e-01 5.610050197425503482e-01 1.813297524148350659e-01 -2.044689049299355521e-01 3.013305933711830087e-01 2.135182118445856925e-01 5.654502985953020477e-01 -2.529056909787182894e-01 7.915640034616869825e-01
-4.007298081263018785e-01 -4.139708994405062459e-01 5.384990382915717522e-01 5.210303504439549593e-01 -1.958409048263144714e-01 -7.472489096772058637e-02 -1.601415586856476114e-01 -1.518130230187983154e-01 -3.428652586148160930e-01 -1.770456028932386738e-01 -4.203930276912913877e-01 4.880067333852130540e-01 5.067943252357604011e-02 -4.197150502066447353e-01
5.434398314021000598e-01 4.481026049416666351e-02 9.119355477062510706e-01 5.482581979397125327e-01 4.240949304891439287e-01 6.675379490397770343e-01 7.201934810092261996e-01 4.981567488907647223e-01 5.916754392669454354e-01 4.432534242081568321e-01 4.367497192760052549e-01 8.857793259853972978e-02 5.131099551196610653e-01 7.617125882009844196e-01
1.977344379761163395e-01
9.716180471508043537e-01
9.331129625442893261e-01
8.627996225971388267e-01
4.102914464623831914e-01
8.072354097302114617e-01
5.705124378485062486e-01
4.958033693527355013e-01
8.115932761296905662e-01
7.459113919650829372e-01
3.593215514383636400e-01
7.580266802599847642e-01
7.578011968272396759e-01
4.968326282768230628e-01
ReLU
0.2
14
2
5.508112702013496786e-01 5.253528891100289755e-01 9.551884263095864469e-01 1.268390684635983146e+00 9.995762771191358809e-01 3.354779641700062487e-01 4.516433759023038008e-01 4.791888542566871689e-01 6.943559852559285650e-01 7.735901491097330052e-01 9.329849518089635696e-01 8.945713713992206051e-01 4.784512621563592472e-01 1.060306025264050822e+00
8.774847574934261374e-01 9.081665119309682010e-01 8.748886065328334571e-02 9.218697108070696977e-01 7.215895384200049500e-01 7.483705896801631785e-02 4.305437837702276171e-01 8.542230046694345713e-01 2.164170181161099160e-01 8.503680650590373924e-01 6.838110188589918703e-01 4.219429260266663873e-01 1.991674821701351350e-01 9.248737628520606879e-01
8.595718159558741744e-01
3.039125700553810261e-01
Linear
0.2

ct 2024-06-12 17:23:59.813896
