noname
4
4
4
8
9.126610861809768271e-02 2.254473355205789953e-01 2.969819389331599946e-01 6.876727447391273174e-01
3.735879607853384576e-01 3.416480414360554274e-01 7.634740652788023496e-01 6.333739354749446937e-01
8.964323072915277857e-01 6.600627344616726289e-01 1.933267257376753701e-01 8.501572536866498497e-01
9.655790864162543397e-01 3.151335464815273046e-01 5.241168746698291470e-01 9.396649004593139731e-02
1.477364058982875428e-01 1.095823524883613009e+00 7.663705745024134153e-01 6.643496854014244724e-01
5.416259265731997452e-01 4.409316770373145622e-01 4.799313289526719317e-01 6.077754704477004166e-01
4.064974399370040459e-01 6.400129421520267536e-01 5.695647330922977147e-01 3.599850080957987808e-02
3.652874388885172796e-01 2.877926831139594466e-01 1.700831935178048759e-01 1.818053138717124484e-01
7.008380832491920565e-01
9.500794818815738729e-01
5.578435659874358965e-01
7.609066315866510610e-01
6.054708360285644408e-01
9.162475011157701354e-01
8.085461034888963283e-01
7.641663806562553063e-01
ReLU
0.1
8
8
6.592112687857290543e-02 7.304949884516055425e-01 7.362960173135352226e-01 5.059870955630668687e-01 7.934898762762857549e-01 8.088056649591810476e-01 9.071341757651286697e-01 8.840727527679423936e-01
9.251327003822908956e-01 9.854568284989383420e-01 9.078566566427590523e-01 6.435290305265379818e-01 3.301888563565613111e-01 4.947096760535816817e-01 6.068436806346424461e-01 5.885561392763450916e-01
7.693997454448996409e-01 4.174056025768593248e-01 -1.415527399900537164e-01 7.843566778058528310e-01 8.441551148728998477e-01 8.198764754730658577e-01 3.764389943053587095e-01 2.870035112377240516e-01
3.864419632467759880e-01 1.820257057449075344e-01 3.738887371815938221e-01 6.456787777913886028e-01 5.990274068154782805e-02 1.696734185709207754e-01 6.777685882965704955e-01 3.563611680809253834e-01
3.068478411735830469e-01 5.536803206384620646e-01 8.390634350760936000e-01 7.830954121404377632e-01 5.764457640917486358e-01 3.862262864473592905e-01 6.006658361525792911e-01 9.924939953391185288e-01
1.581444691312692830e-01 1.021173163944830042e+00 5.183164794098208406e-01 1.210837495826157517e-01 1.828312961777308621e-01 5.809266212365362669e-01 1.026008129865071172e+00 8.554682390349697130e-01
6.940860722817736583e-01 1.584518437865008178e-01 8.203178274106988077e-01 2.488322832471740464e-01 2.566405670135369355e-01 6.261296255198778304e-01 4.904116481253443238e-01 5.552993062905277055e-01
7.407926892227628679e-01 8.722711481205139838e-01 3.641199640920844693e-01 8.973468830475687108e-01 6.913626155179076749e-01 7.640074780386229003e-01 5.540282917019700992e-01 8.804999570788778207e-02
2.950508812705280315e-01
4.203034245459464913e-01
1.046048896942074480e+00
3.145629189792529812e-01
6.946666970934954888e-01
1.135020082266686048e+00
1.096440855476026544e+00
6.012338310945537501e-01
ReLU
0.1
8
2
8.068664292514164948e-01 7.732249562078921112e-01 6.215045894867660126e-01 8.138861499945594380e-01 6.640463110749043052e-01 4.533160308287755846e-01 7.363340321561060442e-01 5.373417199657352095e-01
2.720600330253825083e-01 4.476509850546151470e-01 2.022562129459178903e-01 2.415381150215813733e-01 5.162614367065814225e-01 2.042666455812493786e-01 9.206524047799793387e-01 3.600191019151739447e-01
4.748995669565515138e-02
7.352969284402109951e-01
Linear
0.1

ct 2024-06-03 10:52:57.121822
