noname
4
4
4
3
3.525897862017738360e-01 -1.455200496288544310e+00 -5.742299388719945163e+00 -1.123921544454536070e+00
-1.779858530444305087e+00 6.116655983914637273e-01 2.607918513853462628e+01 1.287416726679352585e+00
2.015484877269925867e+00 3.473557618461061480e+00 1.840711589801882431e+00 1.341044836913573457e+00
1.667480170651245708e-01
-4.926226353954960224e+00
-1.410772175817405882e+00
ReLU
0.1
3
3
-8.480353523142455940e-02 -7.579399929140042680e-01 -2.434200720024142506e-01
-2.374338843587066317e-01 -6.429932299318791289e-01 7.761427159868539150e-02
-7.951033952386664660e-01 -1.091080739956812540e+00 2.928166094351557572e-02
-5.971444617003803315e-03
1.479665589049371288e+00
-1.256459197030456720e-01
ReLU
0.1
3
2
1.493707930729197830e-01 1.743245918369931591e+00 1.494634111637732077e-01
1.716396639523822543e-01 1.178082182429108338e+00 4.073417735244218019e-01
1.267346956690311943e+00
1.443428516246432425e+00
Linear
0.1

ct 2024-06-16 21:58:34.738533
