noname
4
4
4
4
-2.512539491152363968e+00 6.925246083949235798e-01 2.993628248260474134e+00 3.282549102091348869e-01
8.005709656249309081e-01 -1.237352117688219622e+00 -3.891663496980960701e+00 -1.301507610480063137e+00
2.395079235359450553e+00 4.856005986360770188e-01 -1.096909837643273100e+00 7.376813130903848714e-01
3.198093064701752752e-02 2.072001478324283941e+00 2.322822572222245974e+00 3.543279155107955103e-01
-1.997261153103461750e-01
9.500143290790515893e-01
6.741529821028595382e-02
-3.474148359196147645e-02
ReLU
0.2
4
4
-7.725926118708579260e-01 -5.756257082682795234e-01 -8.326559544910920943e-03 -3.849134130552589461e-01
-1.110232680067577971e-01 -8.334829995898976884e-01 -4.994497004834187459e-01 -4.338328288647232966e-01
-2.744998841751711272e-01 -5.333690285492576066e-01 2.984470825496909341e-01 5.107829771291193532e-01
-9.762863924044828945e-01 -1.520383819303664508e+00 1.119126118717709006e-01 -1.125905477441311975e+00
-1.279552825696927687e-01
-6.568494168310011760e-01
1.020859027479478209e+00
6.968785126630409055e-01
ReLU
0.2
4
2
-1.876563136683719601e-01 -3.244405905582717353e-01 5.221754033204679679e-01 5.004339368603798466e-01
-5.292802465979807858e-01 -7.444853506187193437e-01 7.399558377635068185e-01 3.491886999233333455e-01
2.381680097199967427e+00
3.085706931393917163e+00
Linear
0.2

ct 2024-06-12 00:08:45.878900
