noname
4
2
2
5
4.630679417087948946e-01 4.044957685752540999e-01
5.592121695467596743e-01 4.022972587568610647e-01
1.191789218693339730e-01 2.402657356660267141e-01
8.923614099639803898e-01 3.726150454747707008e-01
3.324578627417345555e-01 4.768963248802401966e-01
2.642329384436029605e-01
3.731861503823599158e-01
8.791809082373391870e-02
4.002848659625463101e-01
4.540706044835868260e-01
ReLU
5e-05
5
5
7.761292160710142607e-01 5.581144678069845932e-01 5.874198142696295255e-01 1.601700815611110940e-01 6.932384685391164147e-01
1.566201664938188520e-01 8.574862551522187681e-01 3.954304988117924857e-01 3.916895976583663619e-01 1.247002120995066438e-01
1.320383544918589946e-01 4.976031673948386191e-01 9.747238449124832060e-01 8.032399652634881759e-01 8.679545815865791214e-01
2.675215071108031362e-01 1.814801663577950974e-01 1.654452398611741537e-01 9.568464656012011238e-01 3.432850810044787426e-01
6.799240854327984196e-02 1.418324588941092812e-01 6.230168402481862239e-02 8.811238118033568600e-01 7.883721587472387604e-01
2.455647574984576309e-01
1.938763847464625156e-01
2.032280116837687778e-01
7.487185068498172780e-02
3.288168639734274923e-02
ReLU
5e-05
5
3
9.305994268743698061e-01 2.934944165906997471e-01 1.569567520283835227e-01 5.271060930667071931e-01 7.951870798783403638e-01
3.597644296888384274e-01 5.326723003445827942e-01 5.732230239696625151e-01 4.069477056782628832e-01 7.730854954920333144e-01
1.246802691272546476e-01 3.172610315802939507e-01 5.668423823776577164e-01 4.097432340977301690e-01 4.611871295980494723e-01
1.495654607878942333e-01
8.394995102521515262e-01
7.097318794530582675e-01
Linear
5e-05

ct 2024-06-01 20:22:21.744040
