noname
4
4
4
3
9.695657375173062364e-01 -3.546404853914195826e-04 -4.213815939998196924e+00 -1.421627102633573059e-01
2.089569361531657510e+00 -7.707336856098507827e-01 -1.478034027675736262e+01 -1.533734744112231319e+00
1.482573473940649311e+00 -2.764947622545917416e-01 -1.093073486755418244e+01 -5.270574345140164318e-01
1.219431759636563806e+00
2.854523728184817699e+00
3.144407992549269615e+00
ReLU
0.1
3
3
-9.817939012912699215e-02 -3.234943526973524719e+00 6.728605837867543960e-01
-2.009181999549061182e-01 1.972099886238160571e-01 -7.816735298413115540e-01
3.020884325230892009e-01 -1.591564043840198339e+00 2.029815656606333008e+00
3.243342025706918118e-03
-2.640347888411446187e-01
3.806694189297239045e-02
ReLU
0.1
3
2
-5.451148278318493356e-02 3.659015352496104018e-02 9.289606882934134946e-01
6.132017750315997828e-01 1.916050994509418404e-01 7.210627722990083921e-01
2.474180954944161126e+00
2.077820211484364243e+00
Linear
0.1

ct 2024-06-16 13:57:22.344148
