noname
4
2
2
4
6.748348894578866108e-01 1.871560689761334884e-01
5.011778318606510130e-01 6.650141048061291027e-01
-2.936354913257297611e-02 -2.165449770194784185e-02
2.139493381709074438e-01 6.537317741588727360e-01
7.093267683689862269e-01
3.696720736911391914e-01
5.641665785574032643e-01
2.612663843047781653e-01
ReLU
0.0001
4
4
6.296227447545461597e-01 -2.382040754304838304e-01 7.805466472968051184e-01 1.301864861082199787e-01
2.938787128112576030e-01 4.280979688055734922e-01 1.816187222383849886e-01 7.762900507266526362e-02
7.010357172436014750e-01 5.110410818618711382e-01 -4.745665125346847785e-02 7.049570262960523914e-01
6.790431798136949970e-01 8.607056775468027721e-02 3.428838111207473394e-01 3.554274811144584878e-01
-1.391512571071599202e-01
7.179390360581781039e-01
4.239510052446053556e-02
4.153850212149816645e-01
ReLU
0.0001
4
3
7.307904949995981392e-01 6.399832459033670817e-01 1.986604033667514202e-01 7.576515961367550345e-01
7.215245246664803158e-01 1.951997041501442598e-01 5.780088610367303259e-01 4.594766251814206837e-01
3.798167130700857430e-01 6.184594345218796807e-01 1.743609178680100846e-01 9.561468143221800720e-01
6.866734144032873299e-01
6.877608313634618886e-01
6.110899746336715399e-01
Linear
0.0001

ct 2024-06-02 00:42:17.878353
