noname
4
4
4
4
1.093085642256532264e+00 5.422367445755580384e-01 -3.370678848503230185e+00 9.636332984088245013e-01
-4.894781567151448853e-01 6.879087498928343480e-01 1.000708813828572047e-01 2.810056553955275760e-01
-8.991292548210111368e-01 8.759322732624039709e-01 3.818668255051995253e+00 3.052017875482279097e-01
1.747520451762351490e+00 1.951821680958865546e+00 3.238506586519383390e+00 1.882096253326868140e+00
-6.146639259714649084e-01
-8.751285958229937378e-01
-1.529128156480642486e+00
2.033951100542512602e+00
ReLU
0.2
4
4
-7.106733915247621658e-01 -5.284716504174031826e-01 -8.003515420076702247e-01 -5.930092105245756695e-01
-9.355072332732068327e-03 -1.012583594643777118e+00 -1.411130387997117763e+00 5.963444056234639135e-01
-4.623892929262700124e-01 -5.674236709401832002e-01 1.042832144728648297e-01 -5.091132275320712358e-02
1.928524079355937223e-03 -2.095274158731540853e-02 -1.510830035229626223e+00 -1.981200042911314754e-02
-6.349442545391412729e-01
4.624111266312048996e-02
-8.656184518235233993e-02
-1.677283370740250898e-02
ReLU
0.2
4
2
-2.675443653992795046e-01 6.463212235906948822e-01 -2.006511241742699528e-02 6.198966378223256732e-03
-8.438033022409745509e-01 7.266324332710054623e-01 2.748960636973280525e-01 4.744496909479230598e-03
2.622471413776205296e+00
2.509908008549075031e+00
Linear
0.2

ct 2024-06-11 17:40:04.803201
