noname
4
2
2
3
1.969283863523238476e-01 6.978349894462201330e-01
1.370015338626902335e-01 3.329478153656977024e-02
4.737950743942763165e-01 1.094838519430241935e-01
-1.307323659348814948e-01
-1.364404421199536532e-01
5.980896879850839953e-01
ReLU
0.001
3
2
5.865671883441671008e-01 2.153661287572324334e-01 4.508383163121897907e-01
-4.539165511470866915e-02 8.121840414180104828e-01 5.939729268699234233e-01
1.086082490313891938e-02
-4.889545881902922914e-02
ReLU
0.001
2
3
3.433589763801058736e-01 5.734185015782028438e-01
3.272204906064666852e-01 5.747550490114207156e-01
3.646937352404288069e-01 5.446442890656539859e-01
1.134839325052498793e-01
-6.082090069663388665e-02
-3.282961352197178578e-02
Linear
0.001

ct 2024-06-06 12:21:11.732153
