noname
4
4
4
20
2.835235802367842561e-01 9.643097019763514632e-01 1.130701012620654033e+00 3.387489179082813773e-01
6.922298414370230413e-01 1.443637048594278299e-02 7.023635188477065361e-01 1.201615005993502960e-01
4.640946497854423480e-01 1.078107337402599342e+00 8.023389755008324131e-02 7.132847775988483408e-01
8.565292022241717262e-01 9.610372905261620469e-01 8.534517296681898291e-02 9.209652211876834249e-01
4.766387690907251673e-01 1.673278510291764110e-01 -3.371889270482412715e-01 6.431330072192522618e-01
8.843580041598948505e-01 5.384441346861629230e-01 -4.034645770316738073e-02 6.343072261420013014e-01
2.150206292345305248e-01 3.034474873404082729e-01 1.408899515157681914e-01 6.076249771645179099e-01
5.783065601926220545e-01 8.116088394360759795e-01 6.617232358254226954e-01 3.375753248195779155e-01
-3.845517859581193409e-02 4.245493826253993186e-01 3.903050653465829356e-01 6.709713863739320550e-01
5.335932979680045873e-01 6.670726773009795219e-01 6.470816186887586863e-01 5.700982687289802842e-01
6.747198193440949732e-01 3.863399605024936956e-01 -1.721321458569560203e-01 5.118290229669295588e-01
8.014519065429452915e-01 7.750070375865921735e-01 7.472297820283508862e-01 4.997596099151403459e-01
-1.870253326474068944e-01 6.733516673106003658e-01 5.375212199521064438e-01 2.360936091968591499e-01
3.580484605703081469e-01 9.732420503386944588e-02 3.624177594846806350e-01 2.528920176849385748e-01
7.831296652215080645e-01 5.906629166797887631e-01 4.787217332433985062e-01 5.946009436924294400e-01
4.473831790704592137e-01 6.924670381300609412e-01 4.683857530376462353e-01 5.691838228506690411e-01
5.251355402530537564e-01 2.581454651668847466e-01 3.106328488116834041e-01 7.815092907329443950e-01
8.100019121329241623e-01 6.242620687226558829e-01 6.093537877089281185e-01 5.693335030130518559e-01
5.661977124625922064e-01 7.604183659871647238e-01 4.282968230474422655e-01 3.312501209948605640e-01
-1.863654372791348768e-01 3.600980581515013101e-01 7.460127483630677458e-01 4.737235591747435137e-02
-1.292352197246546264e-01
2.995708246908370675e-01
3.298763579616081909e-01
6.677215153102477041e-01
5.625979642876028919e-01
4.139284512056699561e-01
9.262026648590030442e-01
4.756534473025778587e-01
9.626234537299735994e-01
4.716999706480459742e-01
3.839132678250454234e-01
4.655711935532595436e-01
4.212660291946286883e-01
7.775401129371403153e-01
6.191331843084093567e-01
4.249969895952929178e-01
8.429389769366884000e-01
6.979791226764808787e-01
4.800796657114618782e-01
-6.664781017820847753e-02
ReLU
0.001
20
20
2.908181931438011403e-01 9.349137590246554552e-01 7.671874768326808480e-01 6.631006258222262861e-01 7.968636753181086441e-01 3.352081619715630567e-01 6.288280183121441880e-01 4.968262824172995362e-01 3.045329854340287357e-01 6.611118424316219100e-01 9.914047329464401037e-02 6.289094175280055543e-01 3.315912914030062497e-01 9.762469004776704873e-01 2.444056604077609607e-01 3.835501770365034591e-01 1.781375752194631623e-01 3.203231611800850809e-01 1.151577831860046836e-01 1.666484715103145609e-01
6.566987004312632159e-01 9.618473278438632867e-01 7.245764901181568352e-01 1.259007590567195467e-01 5.302825468277174714e-01 1.040242950958228108e-01 3.877787110690359418e-01 1.557601394808846296e-01 2.917126884569242740e-01 1.475784588425896882e-01 6.487045139878606648e-01 8.021786950651225157e-01 2.927862881847498877e-01 5.078969579693087821e-01 8.300420700183339662e-01 5.790811061814719191e-02 2.766166738868098829e-01 4.561786403120503541e-01 2.017739562131124487e-01 7.910513384766031109e-02
1.014088406712252866e+00 8.684872723703103148e-01 7.426306105611475694e-02 8.897767732035279098e-02 -9.289173615110573115e-03 3.108489303185740238e-01 5.732207076492551456e-01 2.547216305599042663e-01 4.018683986549472786e-01 5.142483966701464349e-01 2.036786400589956914e-01 6.276156682885065674e-01 3.132151002978472154e-01 4.064244643385048900e-02 2.640116619017183336e-02 6.481612306737944973e-01 6.325942189504737412e-01 5.157567367674201764e-01 2.446584971696057296e-03 4.893692356611471506e-01
4.554012432867731164e-01 5.519606857259999888e-01 -1.261584542788615759e-01 7.384658090257379959e-01 7.660107698067785131e-01 4.623222061294555707e-01 8.698882987476034279e-01 5.486401338851905063e-01 4.286758235304656273e-01 7.732066247923910507e-02 8.219197514536348281e-01 1.203040197802057593e-01 7.521430371693262895e-01 4.327397197651109972e-01 2.053804868847457499e-01 6.711230362327704757e-01 3.196415805888415118e-01 2.507955118169858943e-01 -1.176242551877572096e-01 7.072178094063152898e-01
4.603800146238457569e-01 4.098047545187339935e-01 1.603644354840768893e-01 -1.062887799701834127e-02 9.634348626912428437e-02 2.227934880404956186e-01 6.150632718633585183e-01 4.185730307356307356e-01 2.950272126065692779e-01 7.475356109661243087e-01 6.605568967665644831e-01 1.654357442770227338e-01 7.006033843722341281e-01 5.556870917332936699e-01 1.188353756306613218e-01 5.034014985824567523e-01 6.500402415242198528e-02 4.080574708723054833e-01 2.963703636964790666e-01 5.906337208524031768e-01
1.070408586117757022e+00 2.995704746216416026e-01 7.161801554743187914e-01 8.994369030265710885e-01 8.893686910224636311e-01 3.821496421277387895e-02 2.942208266591826993e-01 4.082794181868070749e-01 8.976272149261861344e-01 2.570484499831350231e-02 1.851270142291705778e-01 1.696689650940800542e-01 2.711160789460883569e-01 -1.288890377412127810e-03 4.430117388292791891e-01 6.988423237249500319e-01 8.676169541179592493e-01 6.901103003594415419e-01 6.625141989348243277e-01 6.587085722049095260e-01
1.605704987078449830e-01 3.985401176054877426e-01 5.175210062310520165e-01 2.556861867887949002e-01 1.491898572849638394e-01 1.016159871817970406e-01 8.057786752214739501e-01 -1.559357419496834596e-02 3.319738157317408261e-02 8.197847558401053503e-01 6.269000523005183734e-01 9.005966345782163984e-02 2.193039067381799545e-01 2.526402027552309207e-02 7.193645467626238466e-01 8.220419270384352606e-01 -2.856275638111013815e-02 3.702136548509493696e-01 -1.522923500276358311e-01 4.331999816072462650e-01
2.392938237246962918e-01 9.019637251613678020e-01 -5.248660608157757618e-02 7.655628638056087842e-01 9.040174041725851373e-01 2.306281312374908465e-01 7.981397390507823930e-01 4.973065904576090546e-01 8.858217833278937414e-01 1.787503129517718781e-01 8.847186998032822158e-01 5.512458543921975318e-01 -3.627456680211860879e-02 3.992086278749963357e-01 6.452768947751786888e-01 4.367246731296861584e-01 9.574251634716995918e-02 1.027590583186205192e-01 6.255201155088792042e-01 8.557671534736438490e-01
6.559191644603317162e-01 7.844240599596679075e-01 6.294724693665282311e-02 -1.479667416161015506e-02 9.045847971465347248e-01 3.181640328034709420e-01 2.959083294133694197e-01 -6.416157184701783145e-02 6.412717874277069630e-01 7.497315350175821624e-01 6.955220242076448622e-01 3.679570055002595041e-01 5.799781622859354613e-01 3.228182766124609304e-01 1.289811541089738445e-01 4.794124484025957811e-01 4.812698067032596394e-01 6.138708707181395052e-01 2.454379138036595909e-01 5.280143587179093601e-01
5.780111646154906246e-01 7.603867912929815898e-01 5.237988265834057910e-02 7.869667820993035967e-01 1.794393841851811278e-01 5.587300267117242814e-02 6.967588895791900772e-01 2.905173021516215259e-01 5.838156117300427050e-01 -4.942258183199221139e-02 4.115608374280572690e-01 6.070092507284703398e-01 4.541793015599046024e-01 7.617613519113345388e-01 4.641772383323567452e-01 4.590643498458863991e-01 7.260097506507892096e-01 8.385994229440969505e-01 1.029949049734843886e-01 5.030556046426817307e-01
1.016951318813431177e-02 7.696683796552265810e-02 7.948334583999989711e-01 2.502902798807903340e-01 4.167219735745221754e-01 2.166735600877687518e-01 3.743478025787439489e-01 4.678395068766854487e-02 6.764816421054966611e-01 1.099976941005547798e-01 8.620150768176148004e-01 7.751813099388188411e-02 3.922685267143494192e-01 1.006842221824919781e+00 4.410237294561273336e-01 7.087043204036749255e-01 1.906376732052949829e-01 1.001313476091319071e-01 5.232236390752803556e-01 6.936957243041572685e-01
9.682219318240619099e-01 7.805867076491356249e-01 8.724412249087624138e-01 5.022915420105065198e-01 3.724216585581607286e-01 4.908959361208251604e-01 8.815544633496133486e-02 2.826921042672385642e-01 4.239827063934670931e-02 8.086784944164236710e-02 8.091769011872218531e-01 1.039164110541123121e-01 8.553601961458319192e-01 4.128882230508372220e-01 4.288834676317397898e-01 9.742899457968756671e-02 1.688867496650474920e-01 6.507644888579016129e-01 4.299338652978778458e-02 7.288580401569738632e-01
4.426584543079700174e-01 7.810922218109696002e-01 -1.372495452588759768e-01 9.241417032955103750e-01 5.004572029715639303e-01 3.098725966824402156e-01 1.253236330927033904e-01 1.594174267412888923e-01 5.688774097124874585e-01 1.207358643925642988e-01 8.809359948355099945e-01 5.265293915475621755e-01 5.510936566217343735e-01 9.311535544436589928e-01 6.689096655630188959e-01 2.645099708591175935e-01 4.147432297463524153e-01 8.689946904883766310e-01 3.008445969995171554e-01 7.022023585273693413e-01
1.225333407267164665e+00 8.878914483683958414e-01 7.471066172398557192e-01 8.113748295423255374e-01 4.693202914781385293e-01 4.176634882112399971e-01 1.315907940432875858e-02 3.655155216704799592e-01 3.127437389557910508e-01 8.318124886559423725e-01 2.611837915692062917e-01 1.969153674045663882e-01 8.766448432752674824e-01 1.242820511255115640e-01 6.700370597973411835e-01 3.188125401153090177e-01 2.944930264943467213e-01 8.909577897927454249e-01 1.894651534046682961e-01 1.125886999217808215e+00
7.630708011022381276e-01 8.779569516408446406e-01 1.092131992045149991e-01 8.291118846732875580e-01 4.638039751922660159e-01 8.868889628247328405e-01 8.772806688039629375e-01 8.705168101099542977e-01 5.918391140616680035e-01 -2.464659398992313788e-02 9.149204642571949764e-01 5.855531510775865423e-01 1.861677689521351944e-02 5.664287303163291210e-01 -4.353247451283094593e-02 7.507731405587362294e-01 4.993091978676509890e-01 1.589549219046289819e-01 1.019549311754567797e-02 8.376341025409561603e-01
3.372421099313752113e-01 4.634143845995593591e-01 4.298396599152796149e-01 7.671126317661824956e-01 3.177472492962136741e-01 7.356801345408746640e-01 3.972023280990072958e-01 4.221464085964483082e-01 1.240679216306161264e-01 1.369275596604846088e-02 3.056731533519569388e-01 1.969978629129778003e-01 -1.041229959603190286e-01 5.966790109132034114e-01 3.792639122022201104e-01 6.192110790409974808e-01 -1.123090607703897299e-02 7.013353592161666317e-01 1.211193315274791162e-02 1.067332083201940840e+00
1.635273266802323988e-01 2.469966136247821187e-01 6.771275328699875029e-01 1.584632773364193503e-01 8.814908679791982893e-02 7.623522546042472703e-01 9.614647540983655150e-01 4.867599328883306375e-01 1.981538383563752892e-01 5.876687811629136560e-01 1.521257584692243814e-01 3.657418675921723650e-01 5.156523380801171230e-01 6.223178108837021938e-01 -1.910839719411679474e-02 7.879444994974789118e-01 6.365597786556819182e-01 5.231873901826057383e-01 -1.458725734144790120e-01 5.989956985227594677e-01
6.937302510854267412e-01 1.955716047725428453e-01 4.846952150276867544e-01 1.579638092441720820e-01 7.700785335046523850e-01 1.980710211707588375e-01 7.155038384406587904e-01 7.452343293986943840e-01 3.719884003946390405e-01 8.026930582335198849e-01 5.813960427393253250e-01 3.875996979438183776e-01 5.515565777371121969e-01 3.793750155505030697e-01 7.477026602551908319e-01 1.546708989527673939e-01 5.358220510493272304e-01 7.607186631527379506e-01 5.116276401747135161e-01 7.281329615585323545e-01
6.073361322159241960e-01 4.517584708252736503e-01 -4.379608655033248588e-02 3.200764301646831789e-01 4.763860365140795139e-01 6.601099040175567589e-01 4.668367608841105243e-01 1.365117077345986696e-01 1.067959266561937653e-01 5.889314975084979781e-02 7.508545778214218425e-01 3.824918980754737352e-01 4.501742018285812552e-01 7.355207968936703367e-01 2.372403592772260594e-01 7.026661649818840560e-01 6.342385560074730311e-01 8.174479332039460422e-01 2.345795283795110986e-01 5.634686764674049497e-01
4.401776759395686356e-01 6.604715839667296695e-01 3.297573960342686239e-01 8.770015517461017263e-01 6.902629542683892394e-01 3.936796369709479881e-01 3.671120188961108366e-01 2.755458262832051197e-01 7.934657602033406976e-01 3.003348614349360957e-01 1.296208488239621037e-01 2.683831787340434927e-01 6.993063971012506430e-01 4.846016003101946690e-01 7.805316076684640780e-01 6.647427452012667493e-01 5.464839816019276819e-01 2.140268300988892314e-01 4.796717038862414739e-01 5.642230980913567340e-01
9.177603691536447839e-01
2.838487862451581911e-01
2.255496608525624780e-01
9.074940529400306044e-01
5.889498158693258212e-01
2.229556466580066842e-02
9.103165692821535426e-01
6.498730563854485665e-01
7.379775079903556634e-01
8.367832223095195143e-01
5.600371007975303295e-01
1.584340778697306551e-01
-7.635709006899907801e-03
2.355274570223977737e-01
4.985200486872481962e-01
1.340396190925770004e-01
8.319105642754328622e-01
1.584469062223191338e-01
2.499862682994929974e-01
6.996131197659438694e-01
ReLU
0.001
20
2
8.451925394632114896e-01 9.570226970197539540e-01 3.440960468493948210e-01 4.518744368025627289e-01 1.419062928515943400e-01 5.193068055373245562e-01 9.430531649570323971e-01 7.485739996484426229e-01 3.690113684994782983e-01 7.672897531126460224e-01 3.476125725298337965e-01 8.342994832237564731e-03 6.051727512121589658e-01 1.179522793164453492e-01 8.349089047367430627e-01 8.926833505227207421e-01 1.005850944163415805e+00 8.901479145144219896e-01 1.938816594891952794e-01 6.556989154204164727e-01
3.614173094955136500e-01 1.500323282365533528e-01 8.457979483063919890e-01 6.879484979358235774e-01 7.609226624388264471e-01 7.908509718852085868e-01 7.379660936359688783e-01 1.873825262596478169e-03 4.941973943282798043e-01 5.682333479456740388e-01 1.378031985880623644e-01 6.284795158857930941e-01 8.667985154880956111e-01 6.734680056750297350e-01 8.230391653825382958e-01 8.386324186710907291e-01 6.760362308856878721e-01 6.697630364313086337e-01 5.365659100910210588e-01 7.940619146326705069e-02
6.768921694740481776e-01
2.586772508177072674e-02
Linear
0.001

ct 2024-06-02 21:54:24.788409
