noname
4
4
4
20
8.844673869516300746e-01 9.121528187297875956e-01 6.817474704811066211e-01 3.238518142895095986e-01
7.208724352079171060e-01 1.457250485743007487e-02 8.474935360748945268e-01 1.830811436870966313e-01
2.890959563662206522e-01 9.942564677736729362e-01 4.652791078709307415e-01 8.935602171719077003e-01
8.784279935569176967e-01 9.691331509200278305e-01 2.378095619683355255e-01 9.780968717922562394e-01
6.576547494721061982e-02 1.145049031234193423e-02 2.213812705519300483e-01 9.062338421397212462e-01
7.070419970538128762e-01 4.896378465681425762e-01 3.038689472993956198e-01 7.698549892370912806e-01
2.894788093225398318e-01 3.367973027980439849e-01 2.598530827232377605e-01 6.414617801284283605e-01
7.476623428617069633e-01 9.160820882211975213e-01 6.166050489949657099e-01 2.589298962429161799e-01
8.768783623592785528e-03 4.172608841780974243e-01 5.477984398119927212e-01 7.481243968494715180e-01
5.492561740107411161e-01 6.734297802180301273e-01 8.283244628303325641e-01 6.427748387697542753e-01
5.550468060833566586e-01 3.584448936314670320e-01 1.045673141486774121e-01 6.157461354641078355e-01
8.378551700285170600e-01 8.128499477288142483e-01 8.621112096433357630e-01 5.152733885698598248e-01
4.997076739379856941e-02 8.320646889296207105e-01 3.663258807493236513e-01 8.137467436638515239e-02
4.752102689400392599e-01 2.058966889973389836e-01 4.251431745782724425e-01 2.107848013447342073e-01
8.735206044923413682e-01 6.882415391250054082e-01 5.657896384307735671e-01 5.672682580039831723e-01
4.367313227566747003e-01 6.904227862929460668e-01 6.884350345772802804e-01 6.603577194302912012e-01
2.231148600374058821e-01 1.380255372744972620e-01 7.090094051267087361e-01 9.681222703691761966e-01
8.945982948055061224e-01 7.001244569773334980e-01 6.543672729258286358e-01 5.381666055355833755e-01
8.020694941627937169e-01 9.635461298091713145e-01 3.079298413739292584e-01 1.617089351602915837e-01
1.065438844075260044e-01 1.847200436381637167e-01 6.063940875580144940e-01 1.979582828795011240e-01
2.821801225511511024e-02
2.332352934683606105e-01
1.108910422800925971e-01
6.086093860765970920e-01
2.347673258465569068e-01
2.914497406838693072e-01
8.692626194331055656e-01
5.020746104517047614e-01
8.789506184454540794e-01
3.812722509742247357e-01
3.013106706127722245e-01
4.606029626492536000e-01
4.737799491402731600e-01
7.698950245648303881e-01
5.947985049328314844e-01
3.018646925790628432e-01
6.785023533646229454e-01
7.192250762149220433e-01
4.745906348872241387e-01
-3.255016562918182886e-03
ReLU
0.001
20
20
3.664613186202512196e-01 9.468844092753381236e-01 9.618232403288519139e-01 6.914475138783023889e-01 8.887191480126296339e-01 4.012667267004506599e-01 5.844193477055360519e-01 6.137565411742721411e-01 2.704707519119723402e-01 7.189216861147030846e-01 1.274909137966412920e-01 7.158898467839642787e-01 4.492849845848355117e-01 9.320709947270492401e-01 2.650998880778882016e-01 4.599790416757637002e-01 2.096244191891814268e-01 3.383214651714105958e-01 2.566535659058910568e-01 1.321262788440320524e-01
8.594806471088964894e-01 9.491909904234551165e-01 9.166232804405233248e-01 1.369574943149554636e-01 6.171852574997739316e-01 1.603452002123566256e-01 3.145614941110263518e-01 2.603580575218087945e-01 2.310544911356145759e-01 1.916552603273368460e-01 6.608969305937943961e-01 8.753761491278392315e-01 3.956943075555138245e-01 4.284455999079002098e-01 8.301738909007506662e-01 1.220664184219164561e-01 2.901950792818117630e-01 4.507477919039578618e-01 3.303428736696519263e-01 1.568058709916991533e-01
7.511136732335916832e-01 9.345908327731858867e-01 1.834596305968277941e-01 1.424613095070802748e-01 5.356186354777875414e-02 3.662819630902510171e-01 6.229557727244481313e-01 3.579702775669009185e-01 4.513710332474606957e-01 5.738879151554738822e-01 2.562695636487101747e-01 7.000992712150702069e-01 4.263754457306886958e-01 1.082708287713731454e-01 8.437218344960703553e-02 7.141341400276546292e-01 6.951722443030182719e-01 5.814691869106078936e-01 1.272848719411864005e-01 1.859533521638368769e-01
2.598547941958448404e-01 6.100321333929958900e-01 1.075137182256628333e-02 7.910292654425099546e-01 8.411190575674915015e-01 5.253314693035062710e-01 9.002909819111174494e-01 6.635007758799922328e-01 4.614065630905141435e-01 1.419454892648761846e-01 8.732113044713708527e-01 2.029224946802432039e-01 8.758932162508238362e-01 4.779936006405348659e-01 2.599780093689885718e-01 7.452604879083666312e-01 3.794904744001819652e-01 3.108404240526501661e-01 2.099168760178474896e-02 4.515267171944811753e-01
1.311582568349310141e-01 4.832406202101753312e-01 2.342032014373252868e-01 4.260460072073989080e-02 1.429867664600602550e-01 2.683294216168502500e-01 6.860334377408985329e-01 5.026190287494143316e-01 3.629512278450832685e-01 8.000214891774487525e-01 7.135391110115998359e-01 2.238064045992412543e-01 7.945003374891949077e-01 6.465787936722829921e-01 1.788902028012231693e-01 5.583367492141715349e-01 1.292321977728771165e-01 4.779206558809497851e-01 3.975671053995052384e-01 2.471136674811479084e-01
8.845006044448651128e-01 3.552681589518849603e-01 8.566188835235225563e-01 9.504305141752722452e-01 9.651204354432659782e-01 1.009435724578894161e-01 3.204150607588970301e-01 5.252982491707740564e-01 9.264800622593964974e-01 8.972007976718084088e-02 2.347938979719721708e-01 2.529459954542947475e-01 3.971910140009785040e-01 3.971827488732442707e-02 4.958202198172068642e-01 7.729499923230838121e-01 9.255050205729912216e-01 7.482193424739719267e-01 8.039597865756631379e-01 4.097436658219333894e-01
1.106990376349831218e-01 4.325117024225055284e-01 6.953568306991713133e-01 2.971421111329392573e-01 2.378464475378812004e-01 1.699056045448516516e-01 7.930057622994137745e-01 1.067747147574088784e-01 2.758286930572065657e-02 8.841716745655872067e-01 6.673721541121014900e-01 1.808034602861195439e-01 3.462488434837639462e-01 1.975348412958066041e-02 7.574632289984953859e-01 9.017548965944355288e-01 1.726033146586052058e-02 4.091316693448933117e-01 -4.998799907448917175e-03 2.910144344693963436e-01
5.079170530052492527e-01 8.782643097854248015e-01 1.325347064606203495e-01 7.692952220456199530e-01 9.873303564918840536e-01 2.816905375004575274e-01 7.134779969136854083e-01 5.945272025323823373e-01 8.144747039936411914e-01 2.161019655706961640e-01 8.896575805026422090e-01 6.177078275127094731e-01 5.797403695901130055e-02 3.053187433545142548e-01 6.371589642739604598e-01 4.940786267429502221e-01 1.010397222122212252e-01 8.766155938501640765e-02 7.453562873697612279e-01 9.939955088340060030e-01
4.879426772594878670e-01 8.396655073845450401e-01 2.098228725828677477e-01 3.758039612950565822e-02 9.840277624285390656e-01 3.839104830180831707e-01 3.195871253216140961e-01 5.536145026959864157e-02 6.681618976912072627e-01 8.162808566581513103e-01 7.463817884263456159e-01 4.545412725992399872e-01 7.079375073916116534e-01 3.603486389911284560e-01 1.825845121611794908e-01 5.566083720233113707e-01 5.399844496791331716e-01 6.721210685409749752e-01 3.893707897357683856e-01 2.935497096822312635e-01
5.380321389486204531e-01 7.936342437914934989e-01 2.325622247251543928e-01 8.285349262616178434e-01 2.692707080959325650e-01 1.250299592991636344e-01 6.824349282068773448e-01 4.135122784552112685e-01 5.769003763000140061e-01 1.558869968450416615e-02 4.520924736864472826e-01 6.987176622698236805e-01 5.814070652851791587e-01 7.542001279231808075e-01 5.021045447156963215e-01 5.396457762652996371e-01 7.716899330473474539e-01 8.770428006788855146e-01 2.508443693570396871e-01 3.690424497549248950e-01
8.532985378649668440e-02 9.580709025250847000e-02 9.923720053871333269e-01 2.857123068353159545e-01 5.125711034009164946e-01 2.880840266610480427e-01 3.376819720120989299e-01 1.698044164480533302e-01 6.498723391428441465e-01 1.742454200403316389e-01 8.965194858267137024e-01 1.714199374845337687e-01 5.160548998943794707e-01 9.711229815656980957e-01 4.695285599315341396e-01 7.911176010709708439e-01 2.279944299446340084e-01 1.260236066613542594e-01 6.704659068166861635e-01 6.587554167991084286e-01
6.044013508096102161e-01 8.571166336819838749e-01 9.249967023333800498e-01 5.542122729804866976e-01 4.086078644657641368e-01 5.294900299780994635e-01 1.702839093562129313e-01 3.565471685981302929e-01 1.197692171801383737e-01 1.280727598048978233e-01 8.611147175435767132e-01 1.535529024522369335e-01 9.395612273254444480e-01 5.166330726946332108e-01 4.892121454577397222e-01 1.449045557281493368e-01 2.323771065186584495e-01 7.222414820886183806e-01 1.318343214227701565e-01 3.670982221198519357e-01
2.635802898246459303e-01 8.357962561869819451e-01 5.429656990871729871e-03 9.748924968738378327e-01 5.772196246945894282e-01 3.732569800907883373e-01 1.495216022709609238e-01 2.764274313302694241e-01 5.960171494023274175e-01 1.850526697451278790e-01 9.304125881768314787e-01 6.103382158972785465e-01 6.768244228487733105e-01 9.695863640042391429e-01 7.211162147637047992e-01 3.391909012788904554e-01 4.723520360533637885e-01 9.261811186009767383e-01 4.422152022410913985e-01 4.580880462842936707e-01
9.015503083347898849e-01 9.608278849986603420e-01 8.254651893648866645e-01 8.646134910764294856e-01 5.178342886966500469e-01 4.640163434663669428e-01 8.202949395650452336e-02 4.542609942257034294e-01 3.787531878000018337e-01 8.850645378001049668e-01 3.139266690557697692e-01 2.574575195586980558e-01 9.760127297966233462e-01 2.136956853791635857e-01 7.302130489498636079e-01 3.750258283516127444e-01 3.582864023741638149e-01 9.610294622532847830e-01 2.967578563992901430e-01 7.848928282044235205e-01
6.633309410533433370e-01 9.202758568139137729e-01 2.757341077787108796e-01 8.747645925738234407e-01 5.490380148151260409e-01 9.542090395520648194e-01 8.783279441108529095e-01 9.929294989054315845e-01 5.985060308303096210e-01 4.061871288581633821e-02 9.593470202944190950e-01 6.750982445921293040e-01 1.474014542491187407e-01 5.776198422786196218e-01 6.374304324245752334e-04 8.296342753962404615e-01 5.500918556463683107e-01 2.055442981188416174e-01 1.576586601795268439e-01 6.546069810446274451e-01
2.510166777757653067e-01 5.030755354764085974e-01 5.995650153447568131e-01 8.111946575593396158e-01 4.036500620011396201e-01 8.028917451495061197e-01 3.939446330217170611e-01 5.448688309954383691e-01 1.268505606711386458e-01 7.837471707072614369e-02 3.485725758411720165e-01 2.867418540289659590e-01 2.457653630778524126e-02 6.029165292821526689e-01 4.213865825187459446e-01 6.980253861226249912e-01 3.771096576290772912e-02 7.454987073636488715e-01 1.599822752673374648e-01 8.952188553270536975e-01
1.486957548957608399e-01 2.747093680033614871e-01 8.613059872135933048e-01 1.963324103931264886e-01 1.783012551537498103e-01 8.304674507880948076e-01 9.391057105864561994e-01 6.081516845345310562e-01 1.839473862650132796e-01 6.505944992110775926e-01 1.892698201305638428e-01 4.561930279049548065e-01 6.404128467984131490e-01 6.052250026552441486e-01 1.411567495848794519e-02 8.673012528618679884e-01 6.783819754000314228e-01 5.561886835368392568e-01 3.416967536679798613e-04 4.862572615762697503e-01
6.584100761595237383e-01 2.266624905174066673e-01 6.651843055871667909e-01 1.975467891552695199e-01 8.590303322424033272e-01 2.658658630503892839e-01 6.984109658409438648e-01 8.677650104503200623e-01 3.624342889266059520e-01 8.661387801245562512e-01 6.200506473414929554e-01 4.781369346361591388e-01 6.782848307508763108e-01 3.689498447719630203e-01 7.834719171073072363e-01 2.339500696074260089e-01 5.794888003659356412e-01 7.969814514416861950e-01 6.592022274773274848e-01 5.980910369568499529e-01
3.322639533568797487e-01 5.209488634745998992e-01 5.977022667967336195e-02 3.752443779836269200e-01 5.374987217939215522e-01 7.150915429855377869e-01 5.225324547754930382e-01 2.377329161036209337e-01 1.616556958777840836e-01 1.187983538390353228e-01 8.050816052264455625e-01 4.539257837199193180e-01 5.613639348775417703e-01 8.096982069289000439e-01 2.974850911069299442e-01 7.680964542769025405e-01 6.986690918542924900e-01 8.858671003479962058e-01 3.566171978232913209e-01 2.540370866224461177e-01
6.540750350110174915e-01 6.478652440121573930e-01 5.226533716155280507e-01 8.887823746385521417e-01 7.781019322587090503e-01 4.509557655599788495e-01 2.937672920585153724e-01 3.805431332076987250e-01 7.328217474361101713e-01 3.453158598786877365e-01 1.424210890592962075e-01 3.425494319776045682e-01 8.023921199901183909e-01 4.045372094567708521e-01 7.812710768242503434e-01 7.298241204609302590e-01 5.604332464732382224e-01 2.089213763669748591e-01 6.084431884582398586e-01 6.521040779507258911e-01
8.308665020321394090e-01
1.461555962920676466e-01
3.130507696528240236e-01
9.569139332776461782e-01
7.166989920883530818e-01
6.601887763107489038e-02
8.810551390067232758e-01
4.898343104391841285e-01
7.742861499652088364e-01
8.037229914053888313e-01
4.815673075577821538e-01
3.100069234143295049e-01
3.167982037023502756e-02
3.611449147258050107e-01
4.949501275757987040e-01
1.232817484248612122e-01
7.853654035404041833e-01
1.223836090965275264e-01
3.473619663503682564e-01
5.597177292176889196e-01
ReLU
0.001
20
2
8.382262107267115514e-01 9.687112464833974590e-01 3.366298325130198665e-01 4.313438569720347004e-01 1.174411424750492206e-01 5.357524034178834382e-01 9.240577103883617083e-01 7.388795118025884845e-01 3.622922482800582933e-01 7.405789976881718140e-01 3.385878338934352749e-01 2.422101839142681151e-02 5.995766736837293553e-01 1.370398087566252199e-01 8.254053923825417360e-01 8.985279507658708864e-01 9.912073806437020629e-01 9.023367368522630105e-01 1.876486908954973221e-01 6.546249607197657250e-01
4.292500958648242659e-01 2.051639999673244563e-01 9.017401798006596803e-01 7.550965713973522009e-01 8.335355250988603082e-01 8.412791034786296640e-01 8.072995283886620355e-01 6.217317817163822008e-02 5.564945662705927942e-01 6.372559074390549139e-01 2.062820943204670132e-01 6.808193082798841278e-01 9.261600119777535500e-01 7.213440862488054162e-01 8.815297568638325032e-01 8.924893358593763981e-01 7.457138291744290770e-01 7.249294738745183375e-01 5.973910391119607866e-01 1.398485858963102457e-01
5.084120012663194688e-01
1.791024070749301922e-01
Linear
0.001

ct 2024-06-02 21:54:14.446053
