noname
4
2
2
4
2.377980691004628333e-01 -8.199120431849615809e-02
2.075257596371280211e-01 3.500973773603254791e-01
3.264981969215057789e-01 1.561091237038555318e-02
1.857411205603146098e-01 8.105257099112629648e-02
2.193396338000991042e-01
1.582301934770219409e-01
7.164004030465062067e-01
4.349381481283636219e-01
ReLU
0.0001
4
4
2.901588053926320576e-01 2.497724346580268984e-01 4.237223963307901187e-01 6.142486822022023008e-01
2.530361053180540248e-02 1.251631766404685299e-02 3.087559185694555008e-01 9.099785852863942481e-02
6.650193697520451197e-01 -8.801407362628183018e-02 7.961057660042913930e-01 4.691104287976974319e-01
4.212175132960048751e-01 4.033475859243507156e-01 8.045288542296734624e-01 5.968517992461548349e-01
7.349236650032744400e-01
6.219583305735296858e-02
7.353359676687395430e-01
5.344959238375504018e-01
ReLU
0.0001
4
3
7.748491004779207714e-01 1.101746378520213065e-01 8.026475383939325470e-01 3.809957767015296759e-01
5.064212316666615310e-01 7.095750887862289913e-01 4.218525292472550259e-01 7.125709898186231017e-01
7.035524828822488086e-01 4.723061165313254262e-01 1.146440204991390766e-01 8.154088574111859611e-01
3.957169953386495409e-02
1.245664742522545505e-02
-8.387192186132591543e-02
Linear
0.0001

ct 2024-06-02 11:48:38.399568
