noname
4
4
4
4
-3.488809574822666071e-01 7.531990122050399306e-01 1.197905632358896355e+01 4.228955225508982951e-01
-5.212853454041345147e-01 7.649092995530542005e-01 -6.774135639620078309e-02 3.932721516700400377e-01
7.861147742537473171e+00 3.070083269497511758e+00 -2.060466127055630370e+00 2.661037707137383634e+00
-2.315392511558019173e+00 1.965553424978836450e+00 2.905829557552299658e+00 1.172409534798286579e+00
-3.232299454848307718e+00
-9.947209533259193659e-01
1.499584676488777912e+00
-2.390209331028685824e+00
ReLU
0.1
4
4
-6.068610947001236156e+00 -2.681729653296360261e-01 6.974564437650462301e-01 7.983351623669288077e-01
-7.062880618579995273e-01 1.662802352267425121e-01 -7.267974383802025540e-02 2.682437431327275856e-01
-2.076655356387830054e+00 -6.556236324870169663e-02 -7.673837561793425688e-02 1.059393942938344491e-01
-2.443378029051872957e+00 -2.827747943540500075e-01 -4.928774105427485841e-02 1.248957485832644237e-01
-2.882316066507785088e-02
-4.976453859360756293e-02
-1.332690822734076408e-01
-2.587204369081679278e-01
ReLU
0.1
4
2
7.123760227348756580e-01 -4.152062979015891386e-02 1.090286720870306952e-01 1.351491611632402445e-01
6.919874462967737783e-01 -4.015482169564949660e-02 5.719200108608174515e-02 1.505529065009163503e-01
4.455053619670954035e+00
3.819780307362969030e+00
Linear
0.1

ct 2024-06-15 14:31:55.943655
