noname
4
2
2
3
-5.347614285028331332e-03 -4.288274821886856603e-01
-3.993965157848083369e-01 4.128350506132591469e-02
3.999038741314925871e-01 3.933050443363992343e-01
5.585366111649386900e-01
1.050327520365107681e+00
3.582937356123309658e-01
ReLU
0.001
3
2
1.246431800024792480e+00 1.818342080936916849e+00 4.740882680498184065e-01
2.035410102975391822e-01 -1.821429318731529468e-01 5.704731504459586988e-01
1.920001535529557657e+00
-1.294547705409352101e-01
ReLU
0.001
2
3
-1.265940715669990668e+00 4.735245183315822670e-01
-1.304646481527230284e+00 -5.326388124631517007e-01
-1.324569283108304685e+00 3.287625382319175893e-01
-1.357853911223106502e+00
-1.184414001625351931e+00
-1.058604580380748228e+00
Linear
0.001

ct 2024-06-10 23:21:02.625549
