noname
4
4
4
13
-4.079126386948881411e+00 8.039758759478322636e-01 2.651704786661707516e-03 1.613672868490173551e+00
1.086587042277845860e+00 1.502658964874724390e+00 -3.946871791228015347e+00 6.251446228148037632e-01
1.648426037384608467e+00 -4.449806138581978709e-01 -4.181304298639728501e+01 -3.906602666238907506e+00
7.741850609370133363e-01 7.141355235461541162e-02 -1.222909267015276846e+01 -1.424595902722960439e+00
1.498430842180815903e+00 -4.526666356171991090e-01 -6.749829169203455770e+00 -1.361381400247084317e+00
1.121075548942985112e+00 -1.068401404747224559e+00 -5.313937448625634552e+00 -1.898758852714814427e-01
4.373327679222464570e-01 1.010738976757683399e-01 -1.275924408138262356e+00 -4.997535869821439491e-01
5.576329489065829925e+00 1.455067181927962805e+00 -3.846341607481318370e+00 -8.934814472998156010e-01
3.524718766373435841e-01 -1.936868337929820161e-01 -1.244201719756372199e-01 3.319694307079107398e-01
2.696539851641076013e-01 -1.333848109114511848e-02 2.028633592292418408e-01 -2.060045730258555641e-02
-2.199802518733131151e+00 -7.445889320953516521e-02 -3.917536064219083958e+00 -2.533012390020322746e-01
-1.486333734611223756e+00 1.187554353759576742e+00 3.706082038965213599e+00 -1.421860759149026487e-01
-2.583963815383734097e-01 6.092036934426078298e-01 1.286268623917073972e+00 3.342582043281704940e-01
-1.119705295017752888e+01
-1.116961901339809415e+01
-7.490197624071528892e+00
3.941141824165253382e+00
-7.607075289930037343e+00
-2.798040636165242567e+00
-1.111152323869371905e+01
-1.227948940556474611e+01
-2.036534679305165962e+00
-8.746709573822384343e-01
-6.633901537737931342e+00
-3.073021817613918127e+00
-1.020888897057204758e+00
ReLU
0.1
13
13
5.753022463304575673e-01 -2.999941183817644408e+00 -4.116324205420759386e-01 -2.122749225493216318e+00 1.441553220243838307e-01 -1.118824310523078625e+00 8.391531427202429949e-01 3.725428199863739520e-01 1.646122780735801427e-01 8.723806057689484916e-01 6.792480026227483147e-01 3.360381455348238067e-02 6.681285247227122248e-01
-5.670180868949508124e-01 -3.659976413420386709e+00 -2.748762737039041504e+00 1.147684799347062024e+00 2.590621779395026469e-01 3.013667490696711138e+00 3.349574399854651774e-01 -2.917191140136238037e+00 3.457739417380095714e-01 2.941367139075005133e-01 1.561015220435580941e+00 -2.704751988398332863e-01 -3.757311590835038517e-02
-3.551198725727065519e-01 -2.510585797716452738e+00 -1.031559079737919049e+00 -2.523049778303914970e+00 3.492359521400629774e-01 -1.117404996930894789e+00 8.391531427202429949e-01 3.725428199863739520e-01 1.646122780735801427e-01 8.723806057689484916e-01 6.792480026227483147e-01 3.360381455348238067e-02 6.681285247227122248e-01
-5.934160208714891471e-01 -9.747452210820986007e-01 2.138737111980786587e-01 -3.592248638230974844e+00 7.913246432841369860e-01 1.106010370897290290e-01 8.391531427202429949e-01 3.725428199863739520e-01 1.646122780735801427e-01 8.723806057689484916e-01 -2.161386664481099729e+00 3.360381455348238067e-02 6.681285247227122248e-01
1.448505485394609105e+00 -7.890848502350088500e-01 -2.278772100009184065e+00 -2.593836677938924140e+00 -3.673629223483989126e+00 -2.580940320824832490e+00 4.460578960795916204e-02 2.799942974683167662e+00 -5.698027417555813212e-01 1.204364299084140222e-01 3.369794378970957016e+00 3.810592936194170943e-01 5.996559787506262618e-01
7.394845848509952191e-01 -7.376669357833703922e-01 -8.370411119535103861e-01 -1.252830304632134517e+00 1.394739292290600452e-01 -5.231797832896223355e-01 8.391531427202429949e-01 3.725428199863739520e-01 1.646122780735801427e-01 8.140550060687937739e-01 1.445440607946255340e-01 3.360381455348238067e-02 6.681285247227122248e-01
1.124215695940214088e+00 -5.675516654780653480e-01 -3.239577120379055319e+00 -3.955826489138236202e+00 9.354207995159399269e-01 -2.651984510992744237e+00 -8.749062722861904451e-01 4.316898963776322873e+00 -5.868121910141275155e-01 -9.028440479036919930e-01 -1.508185770535095616e+00 8.712008467154233049e-01 1.100724874495857764e+00
-2.504338104113806640e+00 -1.778344180354227477e+00 -3.282434807160700352e+00 3.023064869288716872e-01 5.405105332322586165e-01 5.405105332322586165e-01 1.753611786767188957e-02 -1.056929864712626177e+00 -4.752996464171914126e-01 2.224823294288640618e-01 -3.454888116624674765e-01 -2.669144947314379124e-01 6.758510082345126069e-02
2.902591654380610731e+00 -1.648869597654076369e+00 -3.827990754810730145e+00 -2.085637395645835834e+00 2.788639531227461443e-01 2.788639531227461443e-01 6.126994841793427682e+00 2.788639531227461443e-01 -3.533327720755964352e-01 8.723806057689484916e-01 6.792480026227483147e-01 3.360381455348238067e-02 6.681285247227122248e-01
3.016434354872793433e-01 -5.722145747492778378e-01 -6.071747614508681279e-01 -1.522575732271644444e+00 3.016434354872793433e-01 3.016434354872793433e-01 3.016434354872793433e-01 3.016434354872793433e-01 3.016434354872793433e-01 5.371100934209640521e-01 3.812228866399801630e-01 3.360381455348238067e-02 2.287924816670596218e-01
9.302403846879809812e-01 -1.186551131204946818e+00 -1.327404251303510863e-01 -1.985849186861548210e+00 9.302403846879809812e-01 9.302403846879809812e-01 9.302403846879809812e-01 -1.507151909144037460e-01 9.302403846879809812e-01 9.302403846879809812e-01 4.377023632458486024e-01 -7.432708558005432509e-02 2.230779808982174227e-03
7.200538473105795312e-01 -2.124263637064973675e+00 -9.384437615172398495e-01 1.912893537190550608e-01 7.200538473105795312e-01 7.200538473105795312e-01 7.200538473105795312e-01 7.200538473105795312e-01 7.200538473105795312e-01 7.200538473105795312e-01 -2.910473537880944317e+00 2.312508285846370359e+00 -3.610115379381336198e-01
9.553652040332749618e-01 9.553652040332749618e-01 -5.354710757236554874e-01 -8.202091179738434101e-03 9.553652040332749618e-01 9.553652040332749618e-01 9.553652040332749618e-01 -1.977895152464979711e+00 9.553652040332749618e-01 9.553652040332749618e-01 2.737023513328953883e-01 9.553652040332749618e-01 6.488718414597528794e-02
-2.900154841723654897e+00
5.709959046177799813e+00
-2.906254656213210996e+00
-3.877810458097737722e+00
5.150316615154336475e+00
-1.245029286772474597e+00
2.573164640066915254e+00
3.112089373763475386e+00
-3.854165897555861253e+00
-8.460422093542243616e-01
-9.401945929939964364e-01
-7.414363850671844558e-01
-3.830870484547176796e-02
ReLU
0.1
13
2
-1.751759804525963471e+00 1.870662547309556611e+00 -1.564908832397064575e+00 2.272424715829773234e+00 -2.816727290303706166e+00 -6.493187146309961078e-01 1.705748917178623758e+00 -1.342432825740103475e+00 2.325857034743391338e+00 3.053529308282088017e-01 4.192910080381475474e-02 -1.639831253612389350e-01 1.561022032110764290e-01
1.524236955226193846e+00 1.044576367998662381e+00 2.009543582639881087e+00 -2.342595332477489301e+00 -1.082275771427078981e+00 2.918652664173632671e-01 -2.410328797905547660e+00 7.628417140302621302e-01 2.372225547989298633e+00 1.875331778858969345e-01 -8.368794175404512536e-01 1.246335182579292183e-01 1.126161491040128804e-01
5.343263454163089676e+00
5.630114381525994638e+00
Linear
0.1

ct 2024-06-16 11:38:26.626444
