noname
4
4
4
12
3.110721923953475021e-01 4.651852691529497763e-01 5.580373017120865420e-01 4.980314957403429998e-01
8.441549340341498731e-01 5.122164024302782170e-01 -2.714768884440234009e-01 -1.201407336435190848e-01
6.554730088193320148e-01 5.834124099208118919e-01 6.008536175902675636e-01 6.236202350427795249e-01
3.496618554095992093e-01 4.620435204151847330e-02 9.650919530411813940e-02 -4.510617427212554320e-02
5.331224511684465872e-01 6.987872482436910948e-01 1.241559420535909952e+00 2.924135356394113594e-01
2.062622022046760872e-01 4.903773570118408753e-01 3.275146966841503415e-01 5.330991818192718501e-01
6.385046804215701588e-01 2.765631267351427724e-01 -1.050408447151118391e-01 3.423757393958464790e-01
5.290270346873379159e-01 8.009520675413486224e-01 2.663541001346518208e-02 4.400969331963024422e-01
4.598420116232027066e-01 8.651348381981447400e-01 1.186873761402701177e+00 3.966491220437272647e-01
8.509261725970962420e-01 4.445236463485592870e-01 7.677231105752142515e-01 4.240038966085483141e-01
6.439635008419680728e-01 5.028247394089689903e-01 2.986185071934298052e-01 3.205681549770528216e-01
4.483966547413587023e-01 7.490306118376027777e-01 5.279485832762444986e-01 4.298291260655743296e-01
8.103671197373012447e-01
-7.883233906837098237e-01
9.204518073677939727e-01
1.633227159379273957e-02
5.882329976290421314e-01
7.469979337124905694e-01
1.893148327612947102e-01
-5.325489200404562307e-02
5.589109542278425380e-01
6.530537556610618299e-01
1.371840144085114954e-01
6.910794860478978174e-01
ReLU
0.1
12
12
3.343937217365568482e-01 -4.996804388920060569e-02 2.144313625053276273e-01 1.646292951258237769e-01 6.420856379065804920e-02 7.367104500212858786e-01 6.350316089325115376e-01 -2.476176625763825204e-02 6.874921468696384430e-01 7.223643039664733034e-02 -2.128592202776845299e-02 3.612007034604202693e-01
-1.832613215316262756e-01 -7.633577224045270393e-01 5.800330265924733553e-01 7.484701182282672838e-02 3.793860427022816006e-01 4.696377707668646928e-01 4.025814140470319602e-01 -5.635625403352276797e-01 2.628342336103430266e-01 2.308861656447830368e-01 -2.276893406871056680e-01 3.995454012770690011e-01
3.219835514872496640e-01 -1.265124561631492117e-01 2.275196836070401407e-01 1.997974330557111128e-02 2.561882790993876835e-01 2.762358788876200233e-01 3.645245031303693262e-01 4.307484660794973497e-01 6.242032023271947283e-01 4.307022756710611189e-01 -2.232480110592677258e-02 6.380378395548862436e-01
2.518809148971700718e-01 -1.932848361603295428e-01 2.840432887122458783e-01 -1.289137250450608785e-01 3.585478229300992914e-01 4.942748013539494667e-01 1.973735386138716352e-01 -3.998542230053193647e-01 1.428159200975877008e-01 -1.669084221553988612e-01 -4.609376146473109226e-01 -1.338769794414287617e-01
1.646680994876559834e-01 -8.740724118203935245e-02 -1.608359889997693637e-01 -4.538783008890013848e-01 -1.929375609383134349e-01 3.016868267888875854e-01 -6.600282966686575603e-02 -1.675404802407653992e-01 4.791941792718885096e-01 -1.161347855710318788e-01 -9.006674321714631948e-02 -1.476649728043572529e-01
8.740531525478731911e-01 1.298838978906209640e-02 2.587619594556574976e-01 1.754298894625974103e-01 3.643582974714937306e-01 3.586551991957082075e-01 6.429214910486603651e-01 -1.337163712156961559e-01 6.955333375057617395e-01 4.487082166667958893e-01 -3.999138194400222307e-02 8.490545572561014609e-01
4.796646991837679175e-01 6.830006834729754894e-01 3.568228723887932885e-01 -1.248195065159562883e-01 8.365398484575567450e-02 2.252028185100962698e-01 3.353221169881202557e-01 2.426667811861031310e-01 -2.573102258452866775e-01 7.020320936797823652e-01 1.786817866230195895e-01 7.021999688421949604e-02
4.352368590950336097e-02 4.922515854272579983e-02 3.700980643626360367e-01 -6.398407943876847082e-01 -4.235075747121135326e-01 4.767014905891630017e-01 1.334870564786310998e-01 1.775695057890235573e-01 -8.727382265659604232e-02 2.900410161276416043e-01 -3.063996645836838950e-01 1.055241593461439809e-01
7.653605406793111410e-01 -4.883455548285313697e-01 4.586547059872793097e-01 -3.934426865328911616e-01 1.888665290452744283e-01 3.480199299582350039e-03 -1.419084949444670285e-01 -8.115233335731630859e-02 5.221384649270104372e-01 1.134379955866825773e-01 4.021242096015973932e-01 -1.232358622698475625e-01
1.529370422552793485e-01 -5.772551120698437011e-01 7.920645949628580818e-01 -1.954253862232028238e-01 3.067661017667187157e-02 7.860855397493382579e-02 1.346755456479515646e-02 1.381493800387528503e-01 7.827362205701475784e-01 6.562714936453709624e-01 1.283614996793704666e-01 -1.786421671211051859e-02
2.985762842303991138e-01 -7.630223070733821444e-01 9.995489020285532877e-01 -2.511247359094322951e-01 6.409441402302713531e-01 4.666293061801756181e-01 3.312889353834566619e-01 -2.056578608200880232e-01 7.205156524088195402e-01 2.021807283007377998e-01 3.360799464419737537e-01 8.667349957620805734e-01
5.247510267600129508e-01 6.098200272319863613e-01 5.856729367047430052e-02 2.415072512207979138e-01 7.028224729789461778e-01 5.284563351231844619e-01 -1.707591002099895505e-01 -1.959681585615509480e-01 7.956447031460592983e-03 8.700167340787473558e-01 3.668066276677940940e-01 8.546519015607690894e-01
5.451981638022658228e-01
8.534342996355521738e-01
2.272773268109861966e-01
7.773455083139642063e-01
2.157122477740855970e-01
1.196603575050339652e+00
4.512918555723618441e-01
7.345616182847236608e-01
1.110240144584847766e+00
8.666903695747475433e-01
9.099451543443523027e-01
4.115223981423369870e-01
ReLU
0.1
12
2
7.299501755467805442e-01 4.453419196659425539e-01 3.907188917531860262e-01 4.532020903914265042e-01 1.805294136429591578e-01 9.213801712236142638e-01 3.718225497015445469e-01 4.268891036478162371e-01 6.299496366442302042e-01 7.349409065831680188e-01 7.685430615304692514e-01 6.337053901253365540e-01
6.714137699861735253e-01 6.037526125326708737e-01 6.637073858653849134e-01 5.167725853130681335e-01 2.836735377247511236e-01 1.068586797804383259e+00 3.688718176066447807e-01 5.139126486320192422e-01 7.970081716047026088e-01 1.074232373054498257e+00 8.292839370367299789e-01 4.824532507847824614e-01
1.054196499325561254e+00
6.180435457591730852e-01
Linear
0.1

ct 2024-06-10 19:05:06.911258
