noname
4
2
2
12
1.120808180646465646e-01 2.493212056881444899e-02
1.990964479643232143e-01 -6.604490005610946790e-02
6.034231069722992835e-01 -4.558723167514134450e-02
6.245741327443323776e-01 2.684874638319076912e-01
1.211661183467576813e-01 4.735787607894813012e-01
8.165722741778808080e-01 2.378575513902304872e-01
-4.183956484119902286e-02 6.551478336426291849e-01
1.344818569690648113e-01 4.949858153294031116e-01
8.240198859406778764e-01 6.903977726222451095e-01
8.718420587085675688e-01 2.575198645402133613e-01
7.651308200720542407e-01 1.165230403758689554e-01
1.405520279780326509e-01 3.835899249145591217e-01
2.044139959581763866e-01
3.175680985234571613e-03
3.146697441752482893e-01
3.656958392417257175e-01
3.180451516631438991e-01
5.208211315871254243e-02
7.448853644926047846e-01
6.213642731922749407e-01
8.398641317629467196e-01
1.642766757693537027e-01
8.866253528380074744e-02
3.369597101860433708e-01
ReLU
0.0001
12
12
7.435072614287987491e-01 -8.422164091182313128e-02 5.079952281893017618e-01 7.498024168789579891e-01 7.261101955603461722e-01 -9.010678810067380973e-02 3.269686583535904578e-01 -8.526585862893834578e-02 2.133059658894770061e-01 3.912405488260942144e-01 8.178818077687821653e-01 5.556979278914878639e-01
6.194993546718023936e-01 8.587001395315321250e-01 4.532206953254565018e-01 6.427648070210936759e-02 2.885696441097697629e-01 4.207267023684848062e-01 4.369609311182002243e-01 5.647703855153414221e-01 5.905328477949662869e-01 3.454175624054576232e-01 4.864802974828395521e-01 1.300410791814619604e-01
2.715614523544365166e-01 7.572540784950005932e-01 4.050137003380961387e-01 8.173477185542901147e-01 3.225448858226704907e-01 4.407803140627298832e-01 5.862497170777611899e-01 4.810000525639240299e-01 3.683324809941655453e-01 5.708682876793055305e-01 1.849270419523386388e-01 7.580605924900357673e-01
9.037862463677512337e-02 6.629018397628563264e-01 4.684900890255055406e-01 7.659797436855844688e-02 -1.538543060408300786e-02 2.849802599370823697e-01 1.012684471985165896e-01 2.680589002898312589e-01 3.297255104018315358e-04 5.067474790539865104e-02 3.183988294668513852e-01 8.618713919782664545e-01
3.537787651147940027e-01 3.981539185540606818e-01 9.128806541935386987e-01 2.569253725242228725e-01 -4.309770664291965453e-02 5.674544396994833928e-01 6.517433476486357291e-01 1.998046766672834651e-01 6.322870276820522495e-01 8.655234830980745864e-01 4.427844714515723201e-02 7.368289092678468322e-01
7.446515719326066707e-01 5.844681512959000180e-01 5.488747995922832468e-01 8.830184852436500087e-01 4.607112196998784936e-01 6.456382288254913782e-01 8.684425415779298829e-01 3.772113862989456834e-01 3.868637865695789269e-01 4.555385634355892943e-01 -3.399484343561449268e-02 -1.046269367819187106e-02
1.100360881103602979e-02 2.123440055183156150e-01 4.396353091242526934e-01 3.209132833577703070e-01 3.055079157998299988e-01 9.496798093575621602e-02 1.293381181638599831e-01 5.475007729918673904e-01 8.374014605891495489e-01 1.065769733499069560e-01 7.052994319367306142e-02 6.543959705430613116e-01
8.978882747617965565e-01 -1.851296141305654869e-02 1.539509716657840588e-01 1.250715848563577204e-01 3.557500799284796233e-01 3.420080713734147126e-01 7.398357417574918937e-02 8.127905448797844157e-01 7.379512687795573012e-01 5.993437492413744572e-01 6.314835567939621752e-01 7.410320594825556828e-01
3.855921374995038287e-01 7.084450944271921680e-01 4.538961080096407669e-02 6.978476629438215006e-01 7.494505827831086098e-01 4.227630979967507696e-01 1.636276846263359785e-01 2.141519982362491414e-01 2.532230103212720351e-01 -1.898483021128809581e-02 6.466606760625479011e-02 -3.078294811436323164e-02
-4.182259647856935436e-02 8.164436349272313764e-01 4.115217190042703699e-01 2.815803419205997193e-01 1.991323654244365471e-01 4.446789067677675011e-01 7.954974293598687796e-01 6.106573524716778500e-01 5.302450079233151925e-01 6.729351849860075729e-01 6.795276535633599790e-01 6.977105760208988927e-02
6.261564124913774343e-01 6.388221701338758773e-02 5.862709427504081416e-01 7.510004259289061457e-01 8.685332468601372202e-01 8.753854789567068195e-01 -1.139681733432076904e-02 6.949317706504127834e-01 2.030158875992043865e-01 8.102344622820316644e-01 6.185875353986504122e-01 6.834238929250263661e-01
5.526233460018274979e-01 8.331715715663207122e-02 7.922429551875813658e-01 5.032446463486870414e-01 7.378131589950466251e-01 5.380765896816789434e-02 4.265272425756966301e-01 4.457671276051807796e-01 7.349498184126221356e-02 -1.865169643373444305e-02 -8.534590913601070028e-02 3.455571154542551593e-01
2.651104678160228767e-01
3.371054020799987838e-01
7.243485009454578849e-01
8.834724423080552169e-01
7.193756451720773049e-01
6.203028608339947736e-01
-9.826230837425735387e-02
5.848802560218723245e-01
7.079566966088735036e-01
7.093842229168807467e-01
1.361833422498383017e-01
4.018251016852997758e-03
ReLU
0.0001
12
3
2.936185362861754022e-01 8.407169348504927031e-01 2.642474998718883361e-01 8.702834536392770048e-02 7.608718709350192899e-01 3.323533184537373897e-01 3.810078386718456223e-01 3.373091569188133021e-01 9.259293818082168226e-01 1.655635846286710178e-01 3.939035252580364577e-01 7.975145909232680408e-01
1.546043697079899915e-01 9.941314769380965588e-02 2.247450356079201406e-01 6.551356296211287011e-01 8.476760277256401022e-02 4.492036089034733837e-01 3.784752669885085852e-01 9.539812635100937133e-01 4.016247313055171797e-01 6.251647216269410334e-01 9.483186719848828439e-01 2.090657802665649156e-01
8.658940089852146249e-01 3.877745399195555165e-01 -3.418113004626471135e-02 2.771384682013674494e-01 8.489811336736270697e-02 2.194773523069188104e-01 4.889161605097692709e-01 5.939680444563621986e-01 3.166014275915415843e-01 8.094324516689388460e-01 7.327489570014656950e-01 6.058123715658185748e-01
1.747800949838845541e-01
2.194165513469667483e-01
1.334240297887579474e-01
Linear
0.0001

ct 2024-06-01 18:03:12.672595
