noname
4
4
4
6
1.661405123652193616e+00 -8.042994929417665029e-01 -3.881033038077283948e+00 5.295449346036360527e-01
-9.628009263496265513e-01 2.537238501178481265e+00 1.574982949062099102e+01 1.637379597113298724e+00
3.309053161800622700e+00 -1.290640589433130980e+00 -1.424275609369268736e+01 2.213395461954923427e-01
-5.654147456523547222e-01 8.083864680726839946e-01 -1.134143445980483556e+00 8.495503882403196982e-01
1.015986919717156489e+00 2.949076138486860454e+00 7.718954093641537284e+00 2.910164696638804838e+00
-1.893950608294300286e+00 1.930995650040495670e+00 7.449220901875170497e+00 1.091022271751548978e+00
-2.481452640996019365e+00
-5.641517839469205597e+00
-4.222423598755922214e+00
-1.184788961253144590e+00
3.606959354629451830e+00
-3.205733006590279377e+00
ReLU
0.2
6
6
-2.489494234937264863e-02 -5.915163033011708871e-01 8.808178110911306369e-02 -8.493015916046837699e-01 -5.006382984015760734e-02 -1.554483727615600275e+00
-7.461600855115291253e-01 -7.646155316751918063e-01 -3.962368212228691844e-01 -1.492700467557888100e-01 2.858598569976420964e-02 -1.532349285685946916e-01
-2.783341291020048347e-01 -4.359985556285676522e-01 1.568735862804853776e+00 -4.528191479315696322e-01 -2.463488181038793634e+00 -1.201729851564791840e+00
-1.007308651886782425e+00 -1.226211655136693501e+00 -3.604101774812142889e-01 6.960614526129123292e-02 -1.142532152183057814e+00 -3.185990546514669841e-01
-2.944440358348544007e-01 -8.657317418833002653e-01 -9.553805186763513202e-01 -3.298660833811590809e-01 -5.739959685248960941e-01 -8.650996303456228720e-01
-2.146747375112900702e-01 -3.317628933130099433e+00 -1.347912792158600492e+00 3.885744953800790435e-01 7.316933448549902685e-01 -2.761517864068702366e+00
-2.330301882256213819e-01
-4.092839413254993342e-01
2.135596934445558315e+00
-9.189678240289211875e-01
-9.161023043109674246e-02
-7.326239369870467533e-01
ReLU
0.2
6
2
1.143167444323521381e-01 2.066002578184564786e-01 -9.962018636852998377e-01 -2.831734988941523867e-01 -7.055513171296078252e-03 4.547500691279790508e-01
-6.166111703473845310e-03 2.392231037453389220e-01 -1.573035084435462139e+00 7.230454888436935734e-01 -1.171615903473182708e-02 9.529069486445544968e-01
6.622969605571899621e+00
7.047380761489590917e+00
Linear
0.2

ct 2024-06-11 22:11:11.764430
