noname
4
4
4
4
1.741063357523980670e+00 -3.136423423245076614e-01 -2.586371965362474601e+00 1.066192018742789127e+00
-9.328495969842419064e-03 1.110504615017545715e+00 2.580722368979162518e-01 9.307321429097981103e-01
1.339030049869271988e+00 1.607205571940505173e+00 4.198047282442036732e+00 1.574577070668111922e+00
-5.658358237010596703e-01 6.440789723871299666e-01 2.072640891071896974e+01 1.475558187224355278e+00
3.277601455454574597e-01
-2.795869331472777386e+00
1.422452289256141755e+00
-3.568040660324857782e+00
ReLU
0.1
4
4
6.954634675205082495e-01 2.120496915000458671e+00 8.830310946583838083e-01 -2.522008080817915499e+00
-1.498905098175624451e+00 4.293714035646207378e-02 -3.703386154127185748e+00 -2.692622010147069478e+00
2.963516105951741197e-01 -2.025421453593095222e+00 1.697901599832760400e-01 -2.994985401534543623e+00
1.117061417906375143e+00 -1.120759227148450776e+00 -1.613375935474269607e+00 -7.547636607012928600e-01
1.806586893252265069e+00
9.204393590314010609e-01
1.379675624041023285e+00
-8.566519556114805534e-01
ReLU
0.1
4
2
1.186464764790024828e+00 -1.079115541231001174e+00 -2.202361856327704481e-01 3.957122127526846445e-01
1.401430514830906970e+00 -3.183052492015274182e-01 -9.722846490507528472e-01 3.881014137465640945e-01
1.730305534233687270e+00
1.676004878711528256e+00
Linear
0.1

ct 2024-06-16 12:45:26.336399
