noname
4
4
4
14
-1.342653526175241696e+00 2.145062921369425890e+00 -2.745892279444285891e-02 9.014867794383978339e-01
-2.287980587227155915e+00 1.332165136812353712e+00 3.930474417547855381e+01 2.101837334185832518e+00
-1.194340048486484562e+00 1.163010888410850319e+00 1.499219151731431943e+00 5.551501908865084101e-01
6.877388031293973913e-01 7.157612987966488483e-01 4.803109779850593952e-01 5.104409866508745619e-01
3.211239331969803601e+00 3.990033849722999904e+00 1.550791859223558333e+00 2.358631062341128626e+00
-4.428304907069021690e-01 5.156814940465352937e-01 4.303402710124001884e-01 3.496941472813916429e-01
-6.028358758402443396e-01 1.633734102907653529e+00 5.189625946448495064e+00 7.022525689425004325e-01
-1.614332364546078535e+00 1.365248687810833861e+00 3.518062701123045866e-01 6.071302533135276569e-01
-1.273589479960050230e+00 9.764927138426381381e-01 -4.823795255805863325e-01 8.173959251023138473e-01
-6.790463171124457853e-01 1.060186784770067447e+00 2.363103632459458314e+00 6.199586020739397130e-01
1.629652304842584609e+00 4.148622148348545480e+00 1.057493618991376394e+01 1.882753187020206997e+00
-6.210208866647208836e-01 1.594743024967585798e+00 4.852046698559644433e+00 6.474584209724063566e-01
-2.252581440875917398e-02 2.322552761063722215e+00 9.292610667469858754e+00 6.749715218742344813e-01
2.135266377646873881e+00 3.115537539946255929e+00 2.673908162682686829e+00 4.317855266722608221e+00
-2.618296505196656909e+00
-8.391536799247584000e+00
-1.283706925698879786e+00
-1.457042631380977671e+00
-2.066993449123589066e+00
-6.409598114410970382e-01
-2.492289995553933935e+00
-1.539803440571294146e+00
-1.026302172223537923e+00
-1.448704409431251561e+00
6.088329636417948443e-01
-2.446211472819579846e+00
-3.932617809731102199e+00
2.231393675069559546e+00
ReLU
0.2
14
14
-6.701448996195413788e-01 -7.490480079210024567e-01 -6.426576687877432192e-01 -6.839452205123470740e-01 -4.198918978536360092e-01 -4.281013959905120569e-01 -1.387909931187488066e+00 -4.838444514249677919e-01 -7.771583530112137206e-01 -1.182280622863696840e+00 -8.696452078750904757e-01 -6.472001671796312472e-01 -6.236062789797413020e-01 -2.698265993135629537e-01
-1.049724021391595929e+00 -1.192336533813915800e+00 -1.247299777578416480e+00 -9.482017988438492528e-01 -1.120750925995854796e+00 -1.491250186446765325e+00 -1.387731406754296071e+00 -1.467094187373308545e+00 -1.538682474651972720e+00 -1.190421323052137215e+00 -1.498087350809918172e+00 -8.760548842966342509e-01 -1.271660156719817358e+00 -1.437993955078912700e+00
-3.829862173530815261e-01 -1.717173743465191249e+00 -3.363213300463224753e-01 -6.935144277485466580e-01 -4.020549602746116835e-01 2.230689846305482504e-01 -1.453011409521405284e+00 -6.129655055578712153e-01 -1.765560107460572015e-01 -1.286044994546150955e+00 -6.798546818374973100e-01 -1.361675489435079545e+00 -3.740377917388782336e+00 -2.022914132811311494e-01
-4.135722724001469341e-01 -5.076044925511057571e+00 2.830996635225312974e-01 -1.988926720001791049e+00 8.499526246229470727e-01 -2.766701950804499321e-01 -9.616213969678204521e-01 -7.716534864262833415e-02 9.759297711381750839e-02 -1.121308502120589079e+00 -3.647252950250036707e-01 -7.552088347699630333e-01 -1.144986030553494016e+00 -9.433794972338005458e-01
-4.329003104417887271e-01 -1.011143178933380904e+00 -5.332977424346840856e-01 -1.533216610720741446e+00 -6.644358823184731699e-01 -6.985495348808493654e-01 -3.774367562655794872e-01 3.087892445930023877e-01 -3.409051285981463952e-02 -5.738360577488558212e-01 -9.813303574341961877e+00 -8.579077360184043100e-01 -9.947922062327630988e-01 -1.134359323096315819e+01
1.171374376163167419e+00 -4.572620412969721215e-01 1.148869720549772433e+00 -7.549214566462988940e-02 9.366936004507098179e-01 1.410658934907045858e-01 -4.762000132631354909e-01 1.152904518734632511e+00 -2.610205871002372335e-01 -3.148764160683522606e-01 -4.090118922335917451e-01 -6.622712758583980674e-01 -2.896563067254951829e+00 -3.341997326094352960e+00
-5.953828308131962205e-02 -1.793435226309394004e+00 4.563321778910541249e-01 4.552927882125865633e-01 1.426925657862598840e-01 2.135127466379931060e-01 -6.843269069158000040e-01 3.410052291262113400e-01 -1.446375495859313909e-01 -8.187430787417631084e-01 -1.635116644688532350e+00 -5.021765208040831485e-01 -9.267589155254997157e-01 -3.002610710828572671e-01
-8.994566885015995439e-01 -8.271289215188373234e-01 -4.030112348062941940e-01 -3.544646809518486874e-01 -1.182714273401253013e+00 1.267712380556900442e-01 -1.277181823354792467e+00 -5.997346407045618388e-01 -3.494709020039445391e-01 -8.504562206599706187e-01 -2.144504694065208827e+00 -3.824856594097885698e-01 -1.743610920516505791e+00 -6.966427111683552997e-01
-1.223389093132028593e+00 -1.493389961207756134e+00 -1.303563658160299399e+00 -1.815508646881019317e+00 -1.029538051331118087e+00 -1.448953264040589550e+00 -1.210286277142814892e+00 -1.351977934670316683e+00 -9.429721730276634517e-01 -1.005579843371390059e+00 -1.292305415238786281e+00 -1.081104060120287702e+00 -1.310935170503213065e+00 -1.326296298433177423e+00
-9.588875616347578013e-02 -5.012270619814030992e-01 -1.790918716860661897e-01 -6.891697256552535844e-01 -3.506337738644613733e-01 -7.125611766049451123e-01 -2.017935844578097604e-01 -3.202629966425166730e-01 -1.125058895733721670e-01 -8.759349429604337267e-01 -6.432661657441089975e-01 -2.585672003271589636e-01 -9.329612222573608893e-01 -6.443705654157386720e-01
3.397879414941870624e-02 -5.315386772317246544e-01 -9.119987425219133748e-02 -4.173898160467731655e-01 4.338904008676736090e-01 1.923036319193156263e-01 -1.392607972190876398e+00 9.406652143461129156e-02 1.939338005449914304e-01 -8.719029048127292514e-01 -6.296787591850557808e-01 -1.358943251084322901e+00 -7.630900433887131129e-01 -4.918680527850964879e-01
-1.904952382059043881e-01 -1.084537157793762141e+01 -1.297318221781709469e-01 1.243813632580751172e+00 8.310562351186057128e-01 -2.905306553894526633e-01 -6.736831005740951950e-01 8.061259445718099714e-01 6.760517917932498677e-02 -8.147107553150252368e-01 4.213290698576348525e-01 -4.172672664456858471e-01 8.913602696536480907e-02 2.134044527198703634e+00
3.000451713406511178e+00 -7.084830069335782632e+00 -2.318323324782609607e-01 1.983551269903646441e-01 8.463939326620610881e-01 -3.263482463610449247e-01 -7.451634069071022548e-01 1.091358161516431169e+00 2.672242033433454012e-01 -3.804324022652035842e-01 -4.133132317112483967e-01 -5.760317710078740605e-01 -1.906277744144826425e+00 -1.302700198370491336e+00
1.601544314116971068e-01 -9.677389435819867547e-01 3.414226426285340565e-01 9.313088135621896274e-03 -1.001802742457170048e+00 -4.319438403316093744e-01 -1.602107231283482758e+00 6.076608565712423582e-01 -3.958968520951360731e-02 -9.814926492675264402e-01 1.214072087822046342e+00 -4.597530782285025874e-01 -1.486047132209073363e+00 -2.697771257604692163e+00
-4.934979738823868506e-02
-9.953901362763722949e-01
-1.977023616511802348e-02
2.738608629138991279e+00
1.421864762867260712e+00
8.134508092001502266e-01
6.530088709267406477e-01
1.855716703001931700e-01
-1.310610297360489618e+00
-5.169442877766822209e-01
2.216371094710655465e-01
8.174250173492213223e-02
7.657140555317143438e+00
1.257117255599020433e+00
ReLU
0.2
14
2
3.405330565047309799e-02 5.702011211160279425e-01 7.188333089182928626e-02 -8.469888827907290363e-01 -1.098947007475230553e+00 -8.233151152406590345e-01 4.979583762426612742e-02 -4.701823834479776365e-02 7.493172450048024569e-01 -4.282061477428945606e-01 -7.997364946129090213e-02 2.176532662722970635e+00 -4.801526755317012674e-01 -1.893733449285847081e-01
-7.896237654686166785e-02 8.384462546299661367e-01 -2.127430284039077690e-01 5.434956224934074376e-01 -1.352361741670225159e+00 4.658468553992989314e-01 -3.615917143929719413e-01 -1.274122984804892666e-01 6.716159738220892628e-01 -1.458714574884347193e-01 -9.013321181899397461e-02 1.614444899295296887e+00 -1.725968216593888993e+00 9.658753995787109359e-01
1.814203857784195861e+01
1.918247408577968116e+01
Linear
0.2

ct 2024-06-12 17:25:48.631899
