noname
4
4
4
3
1.210948726284517329e+00 2.441124371558166750e+00 -2.171297820168033521e+00 2.601520480149650982e+00
1.300887921852027507e-01 8.335241169693402563e-01 1.257222411027818509e+01 1.098288320608398427e+00
-2.236775432207971370e+00 1.189803507342498179e+00 2.657313749105310308e+01 1.772153761335601763e+00
2.783617515456415781e-01
3.512461329184071612e+00
-5.288695131523721393e+00
ReLU
0.1
3
3
3.754675262925850077e-01 2.628330035547631338e-01 -1.979459003758462732e+00
-9.125665588816732621e-01 -1.431976224337772274e+00 -9.491099499014599150e-01
1.674208671361847658e-02 -3.400323142466027404e-02 -9.846774689225483712e-01
4.473200308284992488e-01
1.541696358226872121e+00
-2.652392754794323237e-01
ReLU
0.1
3
2
7.819138746918223859e-01 -4.851046367790897706e-01 5.473262332212825571e-02
4.436756333567803967e-01 -1.092007006387669676e+00 -2.577739812800536670e-02
1.471397423398068005e+00
2.405476728583255230e+00
Linear
0.1

ct 2024-06-16 18:43:35.810170
