noname
4
4
4
12
-1.782740459371056518e+00 1.144563717731875929e+00 6.627687377139786229e-02 7.445219496321382469e-01
-2.144746877117908179e-01 -1.713581450457228206e+00 -1.655755173461124841e+01 -2.235031000516075839e+00
2.677039822163160276e-01 -5.249227949723737213e-02 -1.116175969644556254e+01 -7.567163869420582278e-01
-5.744260144900851239e-01 6.141750125889959833e-01 7.348611491589109035e-02 5.142525277806965223e-01
2.795003030464669802e+00 -3.750630230872594728e-01 -1.727504195383384911e+01 -6.385972306197947382e-03
-7.171448739062019628e-01 1.065578903799923927e+00 -4.631397599795280540e-01 5.177318582566856620e-01
-2.411228841551334989e-01 5.078396069924272505e-01 1.366006231651716751e+00 2.714075288793527663e-01
-7.497439591588623831e-01 1.425438624917198638e+00 1.977898616327783410e+00 7.334251337222646994e-01
-2.500393151220871024e-01 3.740311909343559948e-01 9.252178671730976189e-01 2.113133299442117863e-01
4.226496459124098770e+00 1.693165592781174844e+00 -8.020162003647550719e+00 1.239863117525719094e+00
-7.816968073632264868e+00 1.932629906604941050e+00 1.171681601859686950e+01 -2.377615297594238564e-01
-1.510072125458518988e+00 1.537256411483104879e+00 5.760513385918633489e+00 7.042838793999375291e-01
-1.310980694364570542e+00
4.204108679037951823e+00
-2.085025261578263400e+00
-6.684436834408856720e-01
3.847567566416321583e+00
-2.711869493636636097e+00
-1.086958549260859996e+00
-1.403854354955313299e+00
-5.598780610879621200e-01
9.821612659431188108e-01
-4.185314106389924405e+00
-2.624904241096728263e+00
ReLU
0.2
12
12
-7.325136995572018028e-01 -7.002953945434418070e-01 -5.404180584863577108e-01 -9.321196518741380332e-01 -6.469557341425209440e-01 -6.973709953925032456e-01 -4.068750631283599151e-01 -7.221309436089559108e-01 -1.275694250720843081e+00 -5.442769179859091588e-01 -1.021380246679782777e+00 -1.373852814490906349e+00
-5.718771982799369935e-01 -6.842224389606737844e+00 -1.873053397179740842e-01 2.486325525138243994e-02 -6.796366216081151101e+00 -7.809477012910445715e-02 -9.434806301319019484e-02 8.799689906621596669e-03 -4.156081091457735632e-01 -2.087444912676234665e+00 2.352377668721781667e+00 9.801589166042562473e-01
7.673837357616471178e-02 -4.453590571511319984e-01 -2.940801999834889435e-01 -4.912255060598357814e-01 -7.951170118484162108e-01 -1.324698505322178255e+00 -1.333640631876894966e+00 -5.216346880090678706e-01 -1.284132979049522616e+00 -5.072618897584449948e-01 -8.733970452785377869e-01 -8.660230806625127675e-01
-4.166743660778969849e-01 -1.470227855387508331e+00 -8.147293023971572401e-01 9.046290242069780774e-02 -7.287555565583252459e-01 -2.844509658679863495e-01 -2.999157254147110097e-01 -1.012484333964159156e+00 -4.457543329022878309e-01 -1.100049165117115813e+00 -1.559584304293469836e+00 -3.903263243968677632e+00
-3.099686073639375539e-01 -1.023369992552113139e+00 -8.813227883715385458e-01 2.502329586318378651e-01 -1.094869167655549008e-01 3.198643900554240527e-01 4.512341968235600853e-01 4.314668150457254270e-01 -3.063060454470882821e-01 1.291486188952490455e+00 -1.321824185287833631e+00 -1.790960264579735561e+00
-2.592389324161940498e-02 -4.846164829304477339e-01 -7.623839125701012964e-01 -5.044813603406922420e-02 -2.447753803982105403e+00 8.025075636335978757e-01 2.864181853360922569e-01 -1.904500197515396065e-01 -3.175342760502103401e-02 -4.715694046317045474e-01 -9.251836428795913170e-01 -2.134633421851071522e-01
-1.608428954854788651e-01 -6.559580839154754983e+00 -7.505424005679412792e-03 -1.860890526760400898e-01 -3.282511840612917231e-01 -7.529925657912746040e-01 -4.501909126587797516e-01 -8.998121375109781050e-01 -1.059396300653654865e+00 -1.077087889222976935e+00 -7.364196404339676816e-01 -2.010308919038596986e+00
-4.427345027658900478e-01 -1.604934518033152901e+00 -2.750876268651573309e+00 3.013568648559108443e-01 9.083075683206645046e-01 -4.389214355955802782e-01 5.739306471686754785e-01 -9.012617932400551757e-02 -2.628542485546653817e-01 9.519495331613759825e-01 -1.458444453368607618e+00 -1.505333260236294990e+00
3.644208021680904741e-01 -5.385667194549363934e+00 2.712629565308227048e-02 -5.117797770721442818e-01 -5.803390565199824103e+00 -1.001262009654646512e+00 -3.167693718805565384e-01 7.548374659187799818e-01 -9.532066526758490310e-01 -1.156662909480100053e-02 2.215148860124021846e-01 -1.560694838537704632e+00
1.777215726270765794e-01 -3.054194342536913798e+00 8.587637155234505437e-01 -4.539256751360360442e-01 7.430112764091590938e-01 -5.609242164767975353e-02 5.229311570894270567e-01 3.628439608431524577e-01 -1.182766082660142437e-01 -1.310728834444093993e-01 -1.066093125723754031e+00 -2.828066417761254225e+00
-1.681532186322252376e-01 -4.189471404860863335e-01 2.433971966812686905e-01 5.404382447268548662e-01 -5.351868621514633828e-01 -1.734008674947452866e-01 -1.301146101556092782e+00 -7.199958087953538532e-01 -5.316360345570030344e-01 -3.766394093157759970e-01 -1.083524007193760630e+00 -2.034001069256616279e-01
-6.034716268886785029e-01 -2.488498637762309063e+00 7.537876424292383470e-01 -4.052785523834406822e-01 2.157499188388613653e+00 -8.237692010407553500e-01 -4.863688584034087103e-01 -1.173992728342508673e+00 -1.578003472373990523e-01 -4.360042680519731761e-01 -1.643213603215916141e+00 -1.453185476195572479e+00
-5.393316118172313683e-02
2.706100901618373911e+00
-2.465762109095138432e-01
2.590862735643723602e-01
4.645662161477039476e+00
2.332469718642306233e+00
-1.240080478216681215e+00
8.166832978392964293e+00
3.276348017003021695e+00
8.043794855578898506e-01
-9.130408420905911093e-01
2.965231263509179094e+00
ReLU
0.2
12
2
3.697548574730437354e-02 -1.929689804600512648e+00 3.296288930944669127e-01 -4.971503554719734486e-01 8.229969667856696924e-01 -1.593299574214661618e+00 3.866644497607662490e-01 2.640309206329927161e+00 -2.381299623463086768e+00 4.388078312912822576e-01 -3.835049094121536356e-02 1.413525898519238266e+00
6.947699278175041293e-01 -2.646244319159652414e-01 6.362241493045148362e-03 8.134314274614135032e-02 9.278290102104075343e-01 -4.874353026400035649e-01 6.806409462938635135e-01 1.961127701458034611e+00 -1.168834307345936852e+00 7.995244035320964171e-01 6.468720283306192420e-02 1.062123320568841844e+00
1.276260531652786412e+01
1.031484758403284197e+01
Linear
0.2

ct 2024-06-11 16:00:31.326120
