noname
4
4
4
12
-5.003153518018731205e+00 1.417626776841667491e+00 3.738533561850727605e+00 5.550167343795583408e-01
-4.625475724907514241e+00 -2.205424622757656383e+00 -2.494991221611940801e+01 -4.444227383379559804e+00
-2.536428892121467271e-01 -6.154262889772494916e-01 -1.132042469724085620e+01 -5.298247214559691498e-01
-6.840440682331276889e-01 5.910018017030570503e-01 -3.471465925363727972e-02 4.437301247543332106e-01
8.159189646101797644e-01 -4.429175840751184978e-01 -3.598720991524611179e+01 -1.151604666375629638e+00
-7.171448739062019628e-01 1.065578903799923927e+00 -4.631397599795280540e-01 5.177318582566856620e-01
-2.411228841551334989e-01 5.078396069924272505e-01 1.366006231651716751e+00 2.714075288793527663e-01
-1.110350321112791194e+00 1.189105408164838007e+00 1.769319294866473102e+00 7.373092727722571071e-01
-2.500393151220871024e-01 3.740311909343559948e-01 9.252178671730976189e-01 2.113133299442117863e-01
1.286964701462457672e+00 1.352706863655258163e+00 -2.357024836789965327e+00 8.877838336913982387e-01
-4.173127338764188288e+00 2.382905705332801993e+00 9.467941699795412447e+00 -1.779272098993791129e+00
-1.510072125458518988e+00 1.537256411483104879e+00 5.760513385918633489e+00 7.042838793999375291e-01
-5.867543862596006576e+00
6.051109197781173954e+00
-2.867268505006498547e+00
-6.998961485378579761e-01
8.109890466610851334e+00
-2.711869493636636097e+00
-1.086958549260859996e+00
-1.506053278297680098e+00
-5.598780610879621200e-01
-2.535372907049123103e+00
-9.340979313866665024e+00
-2.624904241096728263e+00
ReLU
0.2
12
12
-7.325136995572018028e-01 -7.002953945434418070e-01 -5.404180584863577108e-01 -9.321196518741380332e-01 -6.469557341425209440e-01 -6.973709953925032456e-01 -4.068750631283599151e-01 -7.221309436089559108e-01 -1.275694250720843081e+00 -5.442769179859091588e-01 -1.021380246679782777e+00 -1.373852814490906349e+00
-5.718771982799369935e-01 -8.315224822589120990e+00 -1.873053397179740842e-01 2.486325525138243994e-02 -7.071671596154992301e+00 -7.809477012910445715e-02 -9.434806301319019484e-02 8.799685948074745245e-03 -4.156081091457735632e-01 -4.278874845857272291e+00 5.599521712404346152e-01 9.801589166042562473e-01
-9.380603331943461187e-01 -4.453590571511319984e-01 -2.940801999834889435e-01 -4.912255060598357814e-01 -8.174764552095522552e-01 -1.324698505322178255e+00 -1.333640631876894966e+00 -5.216346880090678706e-01 -1.284132979049522616e+00 -5.072618897584449948e-01 -8.733970452785377869e-01 -8.660230806625127675e-01
-4.166743660778969849e-01 -1.462279311109337732e+00 -8.147293023971572401e-01 9.046290242069780774e-02 -7.573338041314237046e-01 -2.844509658679863495e-01 -2.999157254147110097e-01 -1.012484333964159156e+00 -4.457543329022878309e-01 -1.135382832430738675e+00 -1.559794765949486628e+00 -3.903263243968677632e+00
2.660930338683505259e+00 -1.533219182418078086e+00 -8.231541271470180776e-01 2.494499804645373964e-01 -2.264820418313373995e+00 3.198643900554240527e-01 4.512341968235600853e-01 4.579932964847487353e-01 -3.063060454470882821e-01 6.265882814291927616e-01 -4.360943066599208606e+00 -1.790960264579735561e+00
2.328291458372709677e+00 -4.532016225946196464e+00 -7.623839125701012964e-01 -5.038138837665204900e-02 -5.938178585413470323e+00 8.025075636335978757e-01 2.864181853360922569e-01 -2.354613645305411729e-01 -3.175342760502103401e-02 -1.184209974285050482e+00 -5.718985232150993525e+00 -2.134633421851071522e-01
-1.608428954854788651e-01 -6.559580839154754983e+00 -7.505424005679412792e-03 -1.860890526760400898e-01 -3.282511840612917231e-01 -7.529925657912746040e-01 -4.501909126587797516e-01 -8.998121375109781050e-01 -1.059396300653654865e+00 -1.077087889222976935e+00 -7.364196404339676816e-01 -2.010308919038596986e+00
3.666365946609124293e+00 -1.551715665906309605e+00 -2.467497328971089754e+00 3.008397738047333125e-01 7.835337968290877475e-01 -4.389214355955802782e-01 5.739306471686754785e-01 -1.371677771227294493e-02 -2.628542485546653817e-01 2.541218843698543894e-01 2.222570078976150221e+00 -1.505333260236294990e+00
3.644091076129352680e-01 -6.164276423354054124e+00 2.712629565308227048e-02 -5.117797770721442818e-01 -5.623713889143637346e+00 -1.001262009654646512e+00 -3.167693718805565384e-01 7.548378992125258646e-01 -9.532066526758490310e-01 -1.044949985201880649e+00 -4.777076816012561622e+00 -1.560694838537704632e+00
1.777278989683489241e-01 -4.996275853081142415e+00 8.587637155234505437e-01 -4.543935759140623754e-01 -5.201683629096314210e-01 -5.609242164767975353e-02 5.229311570894270567e-01 3.697708333881616904e-01 -1.182766082660142437e-01 6.615396494127565585e-01 -1.065794782738447966e+00 -2.828066417761254225e+00
-1.681532186322252376e-01 -4.189471404860863335e-01 2.433971966812686905e-01 5.404382447268548662e-01 -5.351868621514633828e-01 -1.734008674947452866e-01 -1.301146101556092782e+00 -7.199958087953538532e-01 -5.316360345570030344e-01 -3.766394093157759970e-01 -1.083524007193760630e+00 -2.034001069256616279e-01
4.338945314690445976e+00 -4.091443202820567393e+00 6.168449967094041808e-01 -4.052785523834406822e-01 9.035587732615162071e-02 -8.237692010407553500e-01 -4.863688584034087103e-01 -1.117883373811378256e+00 -1.578003472373990523e-01 -3.225502335936280551e-01 -4.183373459128704397e+00 -1.453185476195572479e+00
-5.393316118172313683e-02
-1.853290936369789366e+00
-3.906658320142105678e-01
-3.330972662507261650e-02
4.299723944953872667e+00
3.119420724363254127e+00
-1.240080478216681215e+00
8.373186901525144776e+00
-2.640969028669911012e+00
-1.086800384025553345e+00
-9.130408420905911093e-01
2.557324209842530394e+00
ReLU
0.2
12
2
3.697548574730437354e-02 8.459772687249170753e-01 3.179632717580681556e-01 -4.934647170803926897e-01 -3.650796688500582032e+00 -4.036411714989282196e+00 3.866644497607662490e-01 2.972320336052729939e+00 -2.841644507567849670e-02 -2.093242640801966370e-01 -3.835049094121536356e-02 -1.257181043823837996e+00
6.947699278175041293e-01 -2.813151584652314185e-01 2.129573971090092110e-01 7.110597174877839044e-02 -1.522456671859029775e+00 -4.882782462509118737e+00 6.806409462938635135e-01 2.597992377913536988e+00 1.079775100010116340e+00 3.428129186712391974e-01 6.468720283306192420e-02 4.200004267400602731e-01
1.512027114709428766e+01
1.064665449122040819e+01
Linear
0.2

ct 2024-06-11 16:01:48.876929
