noname
4
4
4
12
7.744237703027573305e-01 6.090309620007314795e-01 1.109131656695861778e+00 9.219128402729408478e-01
3.529404991219012300e-01 2.059690706078556033e-01 4.320049860210821713e-01 6.143456235453832459e-01
1.448096168917440751e+00 1.278023216492370495e-01 2.570115943348976195e-01 1.087645994239688996e+00
1.204900273926258869e+00 6.357050440108822364e-01 7.307945250600181852e-01 6.408481606890181759e-01
8.597272214461715301e-01 1.484313746427438352e-01 1.126195476295623665e+00 7.249885211010570485e-01
8.071238783333042344e-01 7.241306934296691811e-01 1.325833906925867611e-02 1.001879547638136359e+00
1.099511800113572857e+00 4.245985627636169601e-01 1.403412918093614570e+00 2.885366493523471854e-01
4.422910221282450594e-01 8.031095983616555189e-01 8.655179868713686053e-01 7.105375875210808712e-01
3.986346056844322083e-01 1.849765484725411357e-01 7.468129017882186860e-01 2.591060307702773846e-01
1.075554684878062384e+00 7.733727302086569333e-01 1.205909847568260140e+00 9.053492556583275785e-01
1.011240218623315368e+00 5.439503837175737599e-01 1.570032739524606535e+00 2.541125775957071009e-01
-2.088551369858476114e+00 3.600338261896730563e-01 3.233951745046033110e+00 1.096358434335109822e+00
6.943359279910712445e-01
2.085152811726352917e-01
4.181260658601320679e-01
3.160550498957485632e-01
9.298585279146742710e-01
-1.483708533099504345e+00
3.503717482105012104e-01
6.525875549470526726e-01
6.100126335189753890e-01
9.694738445925579207e-01
6.885563116475413858e-01
-1.489419592394535918e+00
ReLU
0.2
12
12
-7.163896428195858368e-01 -6.835224635360064305e-01 -5.246756834085869459e-01 -9.133979832225157525e-01 -6.267260817522583016e-01 -6.827921507900547304e-01 -3.848189497690489569e-01 -6.978694996043998122e-01 -1.249886291766334701e+00 -5.264254355091415594e-01 -9.973411630525047533e-01 -1.355405130184266227e+00
-1.980582744966711828e-01 -4.635850236569656335e-01 2.221142631903886833e-01 -3.105329575505945058e-02 3.344196905893010441e-01 -4.877680300956929171e-01 -1.740821482594806860e-02 5.309373773973214972e-01 6.183075111091396181e-04 2.817260020670950271e-01 -5.590469549272013561e-01 5.485422957666866717e-01
1.046321623565710235e-01 -3.518220910871213136e-01 -2.555218970578282955e-01 -4.656203213366342242e-01 9.773552405243034202e-02 -1.307657327863171792e+00 -1.305027647065933660e+00 -4.929762090105595518e-01 -1.238462412999843609e+00 -4.278732919253924738e-01 -8.388588389607103402e-01 -8.506002868340457601e-01
1.456952871797354276e-01 -6.803805790304873202e-02 5.630358281764269446e-02 3.386700492910842408e-01 5.809108147504258302e-01 -7.713648698819878247e-01 -7.189146187376223296e-02 -4.541280162636718298e-02 4.087791081895176398e-02 5.239516782706389320e-01 6.783541402520673058e-01 -1.821988363133175248e+00
4.874855943806211123e-01 -7.381653741343962086e-03 4.265655464307144262e-01 5.834944038860200299e-01 2.859867928880994725e-01 -3.356362209335277957e-01 3.413888981639793818e-01 6.995069055138425362e-01 2.561589986846297684e-01 7.435491656000838834e-01 4.732774776802724515e-01 -1.210752180476920348e+00
2.982211990256380396e-01 8.745674173638003090e-02 2.199921111323343836e-01 1.899273043831906094e-01 3.947729680438245015e-01 3.360921935152045847e-01 3.254651407817088504e-01 2.384912657678101011e-01 4.808033657917517023e-01 6.274463694820684445e-01 5.349250823246519682e-01 2.101654894477382185e-01
4.209197326530351169e-01 6.249783412559846429e-02 9.226688644892367952e-01 1.481275956713435371e-01 5.103113894155916208e-01 -1.178750295690980998e+00 -2.660056035566795152e-01 4.125299017784295197e-02 -5.581770316177162572e-01 3.497982081380970887e-01 -1.827944854768577265e-01 -1.723543509316202149e+00
5.715778856252530238e-01 3.482965111286788762e-01 8.425682266177848545e-01 4.983714334092202436e-01 6.814277934966929129e-01 -9.886209630324341857e-01 2.366929832998083405e-01 1.284869939157715912e-01 2.450876272514473098e-01 3.558856528898816651e-01 7.593930252573372064e-01 -1.491407186755324910e+00
3.984927904846686797e-01 3.422818215794869445e-01 7.782810765037233569e-01 -4.223051407147320191e-01 3.259634684405131044e-01 -1.453325138734064437e+00 -1.883469254122886738e-01 3.488536549397379116e-01 -5.626820102617551278e-01 3.199143333742969220e-01 -2.113279303491364669e-01 -1.326171652534589240e+00
3.317065186201739180e-01 -1.710306635157501365e-01 4.888414120685840580e-01 -2.610633596031473047e-01 9.140859826048483017e-01 -6.681737402167452489e-01 1.023079574092819799e+00 8.786251023197331200e-01 4.615032634185923244e-01 6.924741599583007501e-01 2.601222564819801186e-01 -1.993893131959915577e+00
2.599444895217346563e-01 9.384276888360876256e-01 5.445658480127789636e-01 7.741496902061468788e-01 -6.042684241885828977e-02 -3.270947845404241772e-01 -1.001567398908466799e+00 -2.553354172510269304e-01 -2.459979666616083915e-01 3.281502531072686413e-01 -7.178292413311617715e-01 -5.623234019409327766e-01
4.899220126926929209e-01 7.749429855857506433e-02 7.326342311143255737e-01 -1.344260564996305196e-01 6.751789949543989255e-01 -1.382169011759213584e+00 -2.372124350308052465e-01 6.624541541048409865e-01 4.087642202609061415e-01 6.845689836266193318e-01 -2.279217669812994562e-01 -1.257350247776472418e+00
1.452344982104055160e-01
8.089550927213341458e-01
4.269020144604193656e-01
1.236713408896722211e+00
1.563387991371767649e+00
1.359865562679468010e+00
7.064025001452036712e-01
1.694930763876649316e+00
8.013559742967968358e-01
1.118111898883519473e+00
-2.734829151041627826e-01
1.303703432129776241e+00
ReLU
0.2
12
2
4.375125969285750815e-02 3.463575036582821065e-01 3.825784204642060371e-01 1.074670468054424122e+00 1.039062456626373088e+00 9.764695639751433953e-01 7.077337642466547951e-01 1.106073584841172686e+00 6.434622414243882371e-01 1.118133754375308708e+00 3.125334015764733020e-01 9.516967162802512092e-01
6.827017712204023203e-01 3.793790735459723340e-01 4.724702610437117589e-02 7.824909355705976788e-01 7.767927853249799730e-01 7.136469270275871413e-01 6.632126340053158264e-01 1.041588358695428429e+00 6.076647788495905811e-01 7.691574858419256699e-01 3.838741970806994752e-01 8.449848035826961201e-01
2.219087345753720797e+00
1.330547807641815128e+00
Linear
0.2

ct 2024-06-11 15:59:50.941527
