noname
4
2
2
20
2.515132235232303559e-01 1.847578357567090379e-01
-3.147136476296610863e-02 2.831117420412882502e-01
-7.669578240511658318e-02 3.324622432634283253e-02
2.288199418085151149e-01 -2.191754597492832912e-01
-1.320111396894594058e-01 3.222715977306196411e-01
-1.315796053001977613e-02 6.699002593813889739e-01
4.557260597500215615e-01 1.947588378701425593e-01
3.085357513749256153e-01 -1.662831589336543070e-01
5.032784016561091534e-01 -1.312882170317024588e-01
2.170842266171646995e-01 -6.472524656623131201e-02
2.449423500189941982e-01 -2.137263853899418753e-01
8.935115424451862964e-02 -6.553900262591232095e-02
-3.989990083071055099e-02 1.991915947379554741e-01
2.219953297190244423e-01 4.163370980838181912e-01
6.123619481166464595e-01 7.059999899353690545e-01
5.626783591856230476e-02 -7.479269083862431777e-02
2.378999769679404630e-01 -7.531107907208368923e-02
3.343865958806316874e-01 6.993995695436121540e-01
5.557356747621613469e-01 6.336197387843066631e-01
4.334182254222642694e-01 1.298543789713003660e-01
7.842174142766868972e-01
6.088222532515121799e-01
1.054422892859941396e-01
1.316774287554186851e-01
-5.445257905152198902e-02
4.070619357866122057e-01
-1.540494858290333835e-01
4.952194166038196288e-01
1.131954470028395943e-01
-1.884397041792558736e-01
1.374206851907372740e-01
-2.794118732238323743e-01
2.872487489158045276e-02
6.941983252584414954e-01
1.821007734131759870e-01
6.063381894587070997e-01
-2.153213687808913090e-01
6.328087740906994663e-01
1.394942838552104825e-01
4.945415451410421492e-01
ReLU
0.0001
20
20
-1.391965163558526175e-01 2.336947106453552414e-01 4.550006384594494357e-01 3.661838319376747308e-01 -8.807994861432437428e-02 7.131839553016748878e-01 1.893284094385748739e-01 -1.337656625007629940e-01 -1.452355975235102847e-01 4.990482296645247784e-01 2.667453006728727205e-01 3.761169554559061212e-01 1.155281492421565692e-01 1.648373522946843805e-01 -1.452039398398774772e-01 3.789575500039612521e-01 4.742809779636910639e-01 3.028084937222291773e-01 1.235322056285538539e-01 -1.814173604711321330e-01
-3.933029853048075619e-01 4.088386971590800001e-01 2.608061391287475050e-01 6.593822789539925955e-01 -1.497016323656181168e-02 -1.676535652622896180e-02 -2.830751037929597758e-02 3.465447709914716845e-01 -5.823826596863581478e-02 -1.999967797748266607e-01 2.618892408307208486e-01 3.788380255613536529e-01 4.101784082815096433e-02 -1.211741025254994969e-01 -3.435654517172221922e-01 -6.812143281248467241e-02 7.818334962472235639e-02 1.064066888245787795e-01 1.692639769153059526e-01 5.375421316211126399e-01
-2.474033336141539530e-01 5.451495341333241207e-01 8.915455879672298245e-01 5.578957626566500780e-03 -4.818567168105172133e-02 -2.315324068665070845e-01 5.385751305323439597e-01 4.412918922711198122e-01 -9.986319171940441497e-02 -2.615560901416347783e-01 9.367385556409865005e-03 -9.973387127906227501e-03 2.135651891187900775e-01 -1.302409402202234223e-01 -2.523081154526963243e-01 -4.842514056119044674e-02 5.544630533958757601e-01 2.573034084771174679e-01 -3.079061882623383983e-01 3.599595811769289444e-01
-2.154758333489544334e-02 -2.950061441536098727e-01 3.506247734016048612e-01 -3.827695553418456343e-03 1.053365571732506334e-01 2.305709004517847716e-01 -3.936924073668078838e-01 1.198916766867292455e-02 5.874936222112468742e-02 2.719197493799834289e-02 7.960050538653125340e-02 4.781197885862253916e-01 -2.717774521014834632e-01 -1.681672568587427863e-02 1.920356230695760280e-01 -1.481091032632074755e-01 6.810714381573441667e-01 -4.121289900192072753e-01 1.513300884788329193e-01 2.325437644411329496e-01
-7.162512048017503907e-02 3.403387501095438972e-01 7.319561952840953900e-01 6.574402788944705422e-01 2.414000993003571072e-01 -1.862396534102937762e-01 -3.187050409929448325e-01 2.835775321350222367e-01 5.703941637879729465e-02 4.865875858369343998e-01 7.535249662022551753e-01 4.081170679567007742e-01 2.741770120763564744e-01 -2.675268300012191292e-01 4.450150967666685609e-02 3.508707076300610073e-01 3.280013179501438114e-01 -2.173143254634907900e-02 -3.868504428539360634e-02 4.509205041237833722e-01
-2.978119681784422990e-01 5.813834363955735496e-01 5.929679147941630500e-03 5.859593352120118226e-01 2.358938309049467275e-01 -2.045812651045754993e-01 -1.613114536083870842e-01 5.163279848474819911e-01 4.506439098704275170e-01 -2.482067505194917589e-01 6.971553612662453325e-01 2.522906339605553994e-01 5.817809251760532735e-02 1.125594131490983557e-01 2.559253507001263417e-01 3.612275409942536930e-01 -5.807004796134417057e-02 -3.429890018086664827e-01 -7.483179041007792520e-02 3.737945401224058162e-01
-9.132133205900049011e-02 -3.291587602700284942e-01 7.767721748260462966e-02 5.177591618122636685e-01 -4.902864803301550112e-03 -5.132842110583338974e-02 5.204887289212696277e-01 4.452590718398775904e-02 1.169291224038055826e-01 -2.569169832931731956e-01 3.472028763672455609e-01 5.979134953991507295e-01 6.398615824505815564e-01 3.686216358319779896e-01 -3.989677278554262796e-01 5.764439005581603048e-01 6.684701230420324602e-01 1.841869581636462472e-01 -1.905998200948390842e-01 -6.321790853437425639e-02
-1.265131790608433615e-01 -3.597444571293990229e-02 -1.598625058647244745e-02 7.922396786366965316e-01 -6.788265606527801865e-02 5.007817836559353974e-01 5.612105271455258837e-01 -7.484058995244922963e-03 2.807574783367559612e-01 2.304229364700144667e-01 7.514830156644726200e-01 1.652294011166988430e-01 2.712131350338342281e-02 3.133478065298359039e-01 2.980702750184233696e-01 4.674803058244990095e-01 -8.814450395739907573e-02 -2.424769494299465755e-01 4.341293654567759397e-01 -3.465972798160561474e-01
-1.839246811846831711e-02 3.912478437686522925e-01 5.309050311552441226e-01 8.233734527023564009e-01 3.886155991804098320e-01 -6.444617692281687411e-03 -8.935407088945296339e-02 2.812267252478247714e-01 -6.842637316388119895e-02 -2.276676355269135754e-01 4.037558258546825596e-01 7.058487632992812566e-01 -1.891987983973903147e-03 -2.956991369110955475e-02 -1.796514287739612442e-02 7.300105679360895383e-01 4.748853592979918603e-01 6.568911863832795905e-01 2.502831228769931138e-01 -8.416544978503470720e-02
6.844356003755195372e-01 7.471209862155736570e-01 1.298238272818146299e-01 5.751155845167941205e-01 3.557651830365967105e-01 6.078804727183374501e-01 1.503483555714702213e-01 2.230488941246129009e-01 1.969464733955885727e-01 2.105374706825331177e-01 7.818476682158715940e-01 1.503323111665082756e-01 6.067893347435946438e-01 1.172772981807043147e-01 2.814838183266738514e-01 7.971526725365201127e-01 3.697740649622706655e-01 -1.887614848618164032e-01 6.725636592808891256e-01 -9.273205498864586782e-02
9.651110737112887639e-02 5.448888285565695044e-01 7.912586713785256798e-01 4.607861888223683255e-01 -2.375857579236641814e-01 1.015209216155962130e-01 4.746486710939222253e-01 5.349734043914736725e-01 -2.732319907812276738e-01 1.345211564592614373e-01 3.793276509972349775e-01 -2.138801650168457025e-01 4.738334581182025440e-01 6.535653347209965380e-01 -3.314693569296708331e-01 6.744629742346645029e-01 2.250122155899912102e-01 -1.170009092556603542e-01 4.421224136501540891e-01 -7.089232314430279902e-02
3.476082082844219046e-01 7.948651938971644515e-02 -3.186074200366944414e-02 3.926801473370994944e-01 2.899655834687770439e-01 5.558499212529856015e-01 6.094114764473631540e-01 -8.458838047378787472e-02 2.186110098633113064e-01 5.498297704960010135e-01 3.014424809885692946e-01 5.307715626872010484e-01 -7.257140550599161521e-02 -3.429215786518460124e-02 -5.514672659393339560e-02 -7.771589235643917848e-02 -1.571177336346927245e-01 -1.464238468557381261e-02 -2.670951703815470091e-01 2.701863941229516453e-01
-3.433594201238121535e-01 1.002608433890289225e-01 -3.442280707793390210e-02 5.571171108923995696e-01 -1.711014819055300951e-01 5.339451392485238257e-01 -1.487796023265640089e-01 1.869154755225526654e-01 1.903487481864337139e-01 4.982467469312257813e-01 1.724785985955101519e-01 2.722868644859481879e-01 5.105204572339639979e-01 -4.066821213874128871e-01 5.262041039164728762e-01 9.963323802412443753e-02 -1.141015959470036978e-01 -1.447530723688829346e-01 4.630249684352564232e-01 -1.846218574996036921e-01
2.377523898700722726e-01 -2.887076545025761276e-01 5.672584693629512120e-01 3.593870222970911854e-01 6.392316691689609032e-02 -2.311627386523868455e-01 4.091770937674059638e-01 6.924987401442536106e-01 -2.799201296685766352e-02 6.379722627379219579e-01 5.534256089211752050e-01 5.177399293072179054e-01 4.623333381000570563e-01 3.920923658209335416e-02 -1.091929541390991160e-01 -3.122960435728029671e-02 -1.876308641719601211e-01 -2.372143571331717660e-01 1.698326814001242802e-01 4.368339399713024318e-01
3.080585589880526221e-01 -1.215539536258046366e-01 9.155243349233893602e-01 8.586077934360005770e-01 3.429177411326955194e-01 6.710203881972182094e-02 -1.476891469965038728e-01 -7.495076192217973998e-02 9.774217383631896017e-02 2.976110648293565641e-01 7.305093709234065091e-01 7.403219816900649120e-01 5.343961462126419759e-01 6.258844469944750966e-01 1.541862744938561902e-01 4.470941305619865469e-01 8.467478977926788664e-02 -2.073844763125651802e-01 2.114132119877132621e-01 6.178881064134631451e-01
-3.159935955661113405e-01 3.822414591625472591e-01 4.069724069652851384e-01 3.899553417782675169e-01 -2.537072971197022464e-01 1.884739534661262206e-01 3.126917105937806474e-01 4.036068080850053752e-01 5.746319211556424333e-01 4.440422545416371491e-01 3.520073410976874984e-01 9.628757520648849322e-02 3.149622080008840919e-01 -1.801186565072695200e-01 3.857446404102093246e-02 1.129933741800765723e-01 8.220162380501527810e-02 4.345107544826963819e-01 9.452190338002233738e-02 -1.943453832831316952e-01
7.107941212578079426e-01 5.947461710579252797e-02 -3.851232412580690018e-02 1.166835392902768331e-01 5.662129927929566708e-01 2.167439168357712387e-01 7.244227881437860228e-01 4.487087227239059395e-01 4.104943583144659014e-01 8.852801366647128356e-01 2.341752731949763369e-02 7.995955800318796935e-01 8.940880522869746327e-01 1.823088689638949489e-01 4.681513931093504999e-01 8.015865848473676669e-01 6.351572546488387649e-01 1.104842657502703274e+00 4.062223899234488345e-01 6.307639926994177415e-01
5.116238699169105286e-02 5.485283632268337373e-01 5.657507126581756696e-01 4.092332210467119480e-01 6.701251879274023882e-01 5.841401632906417785e-01 3.179645033932812503e-01 3.943087690828323555e-01 4.838075587979485948e-02 5.232335639246254999e-01 6.546033240646442763e-01 4.865881109093765367e-01 1.925872777448650042e-01 1.127709640431570348e-01 1.302185120404976693e-01 2.605906284634870729e-02 5.833467717343654435e-01 5.932168060495018880e-01 4.772078805223915476e-01 -1.929261888603962458e-02
6.147475547552736508e-01 3.383478655305615646e-01 2.820012819574789775e-01 1.125495764760240935e-01 -8.510904826523768563e-02 3.957043643355386275e-01 -1.224784536488837255e-01 3.876874475552659072e-01 2.123009995441241804e-01 5.876482600981506321e-01 5.566831442525069784e-01 1.451636487809725984e-01 4.633039287429220887e-01 6.219185729932505957e-01 2.428077703610861671e-01 5.456647885377988866e-02 6.955704427170303905e-01 6.372182376709311091e-01 2.702059102985550076e-01 2.593397411584547618e-01
5.443824338863558765e-01 1.590790362352188236e-01 -5.440088693809008030e-02 5.683480397808493567e-01 5.870469971023236644e-01 5.117185672944868369e-01 -1.604553092286859217e-01 -9.182114278708261579e-02 -2.130021251466193144e-01 -1.422854996710158360e-01 7.721394806709510616e-01 1.069158820608051147e-01 5.823257262323433547e-01 3.001520592415067856e-01 5.463493489247314705e-02 6.467378055833883366e-01 -5.231365192769738687e-02 -5.590844179486714749e-02 4.329333024926351053e-02 5.699581548350381999e-01
6.814419958461482851e-01
-1.028447578054980105e-01
-1.806541216835177710e-01
-4.578494081401973115e-01
-3.722747015829432349e-01
7.800142588046835024e-02
3.036070315946565734e-01
4.885320567579377882e-02
5.434982428104586649e-01
6.198920720632308257e-01
6.017499984211185371e-01
-2.593013472850886833e-02
1.201989456302632597e-01
-3.657215402635131674e-01
-1.205424875626211062e-01
-1.680235202655351034e-01
8.966094914728599541e-01
5.263309746876746464e-01
4.122345037330429895e-01
2.824666360523705455e-01
ReLU
0.0001
20
3
3.962056541147364053e-01 4.506244624116579889e-01 1.212772228721225171e-01 1.460060250816659633e-02 6.614084953339195438e-01 2.586374654029469644e-01 3.809368377936492300e-01 6.562977992362187263e-02 1.033738443142032254e-01 -3.501779664096245359e-02 4.434007738722857417e-03 -2.002925554176534229e-01 4.199655662656880395e-01 -4.793438068885914199e-02 -8.168713442889798115e-02 -9.238451099135305822e-02 -3.449877305970205366e-01 4.742776687522309298e-01 -1.375320641650724651e-01 -2.863943797270226271e-02
-2.845406922657297555e-01 4.452520644857858589e-01 1.962843100167715321e-02 4.096900005187845695e-01 -1.256875174415728602e-01 4.444095163580317198e-01 3.128986546429101123e-01 2.344491254910816280e-01 -8.127092081361521336e-02 -1.140162598611283024e-01 -1.258197918767633983e-01 2.632857416535034911e-01 5.309133131467519418e-01 1.944086636306250893e-01 2.060081307251251104e-01 2.338504100762494875e-01 -1.530936307659159779e-01 -3.438795205998163573e-01 5.896815220331325103e-02 3.440837748314293232e-01
-7.381436546396429044e-02 2.942681989342710858e-01 7.023876432444645657e-01 6.222056147313985708e-01 2.219828506884673758e-01 2.930065045014612624e-01 -1.122008581816256317e-01 5.505999684882881828e-01 9.726262174657585025e-02 9.824332063487584144e-02 7.076598876515268755e-01 6.739469866036507106e-01 -1.421350612977007044e-01 6.766459530277314505e-01 1.088157934073520280e-02 7.536351304699936970e-02 -2.093641857184378730e-01 -2.960998757944595661e-01 -1.682274000069729214e-01 -2.671832737646211431e-01
-1.783412035918237604e-01
3.669608516146654065e-01
-1.842434181142192373e-01
Linear
0.0001

ct 2024-06-01 11:22:22.178363
