noname
4
2
2
3
2.240560390253868439e-01 8.024688467350941101e-01
-8.839619486945654581e-02 5.844360811077339291e-01
7.652341887229044959e-01 9.011230814669968225e-01
3.028799354320199644e-01
6.121549471850014079e-01
5.470832027815138998e-01
ReLU
5e-05
3
3
5.228431022503161607e-01 8.056834037240786506e-01 6.682718473636284351e-01
7.733492943995322610e-01 1.186762925328409685e-01 4.019960053205182682e-01
-5.575928106564432586e-03 3.211488959541511923e-01 5.120115912769725997e-01
8.030067272282430668e-01
7.907865870857818669e-01
9.461679968494361714e-02
ReLU
5e-05
3
3
4.620019580494084677e-01 6.599938210669986649e-01 8.074121862421246298e-01
4.891561743415150931e-01 6.519561233062057815e-01 8.066393295231759630e-01
7.727897548943717387e-01 8.704487234178516220e-01 6.328947546069098318e-02
1.124569169100003568e-01
-3.231854505826740193e-02
-2.470227077792834861e-02
Linear
5e-05

ct 2024-06-01 23:53:07.774469
