noname
4
4
4
10
-3.032144202334366767e+00 5.464740930252528495e-01 5.478080888152938588e-01 -6.703358246717632252e-01
-5.307391737166637036e+00 -3.219521212944692845e+00 -2.124846609024009325e+01 -7.880149225021417791e+00
-2.529929943461257658e+00 -1.002120679961472582e+00 -1.137506719465600113e+01 -1.762532801025924467e+00
-1.039475197533281658e+00 1.340710852459850555e+00 -6.569757420124478386e+00 -3.270949014826430190e+00
-1.421874582221934080e+00 -1.288514875349117572e+00 -6.506988638035062777e+00 -2.326442173492745624e+00
-1.550907423898461923e+00 9.412637715020030216e-01 -2.624588681323539952e+00 -7.253741516874577799e-01
-6.719571153752502968e-02 2.835707540889031986e-01 -1.127136526937367655e+01 -5.651688334892732701e-01
1.878271186770143819e+00 -8.714042061090773728e-02 -2.730989784415745802e+01 -7.178837768424858323e-01
-5.366292886514353100e+00 1.407717839910008539e+00 8.570501541183805472e+00 -9.284368692854533256e-02
-1.401377743611940785e+00 -2.733437025241349350e+00 -2.704557551693001116e+01 -4.315694278889973035e+00
-2.114047836698465410e+00
-1.380528908133030264e+01
-5.289755804789333382e+00
-1.374700411142048928e+01
-1.176758142194158729e+01
-2.971162919753019604e+00
-1.271318814068069569e+00
6.621646540922167645e+00
-4.884905983122036055e+00
5.667290083270521528e+00
ReLU
0.2
10
10
-9.631492119041176192e-01 -4.170097458409344759e-01 -3.506666440570120336e-01 -2.266532938886394732e-01 -1.346636566118256884e+00 -2.324291621732194613e-01 -1.077074926909412200e+00 -1.814437472775785043e-01 -6.711839439826069453e-01 -9.445306903436478940e-01
3.392794218378916593e+00 1.336288866234782158e-01 -5.733822805890460561e-01 -5.987947999348800510e-01 -4.636201312210396885e+00 -2.067011981276220656e+00 -1.320583445855747273e+00 -5.511289456495981343e-01 1.557802606647482324e-01 -2.054654610502359979e+00
-3.374980368531870223e-01 -1.698994768710382908e-01 -3.363474583475208335e-01 1.109579289563489141e-01 -3.735632362241132487e-01 -3.135941734570352191e-02 -3.780032392840791955e-01 -1.299600080516483347e+00 -1.099587905182017433e+00 -8.694640400704913841e-01
-6.618730413199027662e-01 -5.352545571115672196e-01 1.095845914826346079e-01 -1.012860398147931301e-01 -5.262552536137208303e-01 1.383055971770977277e-01 -4.664462706245625645e-01 -1.013250546606794922e+00 -3.399243712528893790e-01 -4.649376991114284596e-01
-9.865620400411321267e-01 4.564687873429973841e+00 -3.338571316463833094e-01 -3.775088143914460570e+00 -5.299222004161244781e-01 -2.600425294487611616e+00 -5.641552333590929003e+00 -2.591284957635578756e+00 -1.653988711796868571e+00 -5.308814420123110445e+00
-2.402240348647644852e-01 -3.717833322252305783e-01 -1.339761510508123143e-01 -5.330022013396227276e-01 2.649123856527005882e-01 2.902020094961023366e-02 -2.781977523433832103e-02 -2.186818969691894932e-01 -1.919235293844657297e+00 -2.513227410318432109e-01
6.779506094832717100e-02 -9.776995683090303202e-02 2.739648909029792634e-01 -1.600557749989291734e-01 3.724248677458292356e+00 3.811416563426048842e-01 -1.368087061811088523e-01 -6.502243661070846725e-01 -2.682686358363515655e+00 -2.450181802756336680e+00
-1.687829546063789321e-01 -7.667771581776036349e+00 4.175186045334132068e+00 2.075489415004663218e+00 -4.574536421599750824e+00 -1.273865109638760540e+00 -4.777099015897581791e-01 1.931060986612233688e+00 -2.285506460864033418e+00 -2.346621983825799340e+00
-4.613593193041017337e-01 -5.073204852592189118e-01 -2.560425003765779972e-01 -8.010466317877594777e-01 4.750714156833337753e+00 -1.049804027794043471e-01 -7.198674016569340806e-01 -5.386719619711942686e-01 -3.724943965525890466e+00 -2.270750293998736069e+00
-4.346628126187482288e-01 -7.097641078137154058e-02 -4.012446708095541159e-01 -8.812411085875040961e-02 -2.793878065044194114e-01 -3.934797677709460095e-01 -4.725594428134432534e-01 -4.798660274444678797e-01 -8.715903386532815045e-01 -4.618428098668606596e-01
-7.893493984740270752e-01
2.970767437490502427e+00
-1.679999870132361961e+00
-6.650259435346915771e-01
3.994059516985949188e+00
-1.889394488762231594e-01
-1.467007005433285660e-01
6.456187419044484344e+00
-2.504380197511357764e-01
-6.119609501857473655e-01
ReLU
0.2
10
2
-3.681322446836301499e-01 -1.733950368046489832e+00 1.152704666069601869e+00 1.106479289056001347e+00 -2.465818927995020449e+00 1.073879890737428205e-01 3.834751126881897898e-01 1.305463118839784054e+00 3.269279808598238857e-01 8.226583772716915544e-01
1.151460923814789927e+00 7.709070334316647788e-01 8.448860593930079821e-01 4.645609752173573415e-01 -3.681205360059544685e+00 -3.220042774011207948e-02 3.263666764349124061e-01 1.199164010406309933e+00 3.235788402026162913e-01 8.907556536269551906e-01
1.157342168441048713e+01
8.805157945813164133e+00
Linear
0.2

ct 2024-06-12 01:58:14.955812
