noname
4
4
4
4
-1.791812265940883941e+00 1.010060344942235178e+00 3.785050608529961558e+00 -1.864208537231970206e-02
4.936425918633634780e+00 2.136882289727348727e+00 3.723726092805848875e+00 1.299805822356113749e+00
2.013846988486774903e-01 -1.201004654289458129e+00 -1.174974808483039368e+01 4.082136573911078203e-01
3.914134647632425246e+00 -1.484464673405033519e+00 -9.924572025808499731e+00 -1.627860458245716124e+00
-3.030150176725366906e-01
6.522273106722420444e-01
-3.429558549289157821e+00
-2.189226976942465264e+00
ReLU
0.2
4
4
3.981557663954731208e-01 6.061129740003425859e-01 -2.473277062215802236e+00 -7.888602456913847982e-01
-3.871871770786997069e-01 3.417677572827803462e-02 -7.596700923563244334e-01 -6.143377416157974613e-01
-3.163220222249007452e-01 4.466155373063698114e-02 -9.091906134146015006e-01 -3.634808239339477054e-01
-8.426137258754190507e-01 -1.563543799094899711e-01 -2.680275841501105205e-01 -1.311238591771459516e+00
8.787076448953917707e-01
-5.725510001442839503e-01
-2.937891965285867601e-01
-4.287432613889259891e-01
ReLU
0.2
4
2
6.220993421271715507e-01 -2.575699424923146852e-01 -2.686234699412394789e-01 7.608867959963370176e-01
8.848360668495667269e-01 -4.029857301966364158e-01 6.437606862665670726e-02 4.374977223825380901e-01
1.995882933115939561e+00
2.009426312268747239e+00
Linear
0.2

ct 2024-06-11 15:43:36.945409
