noname
4
4
4
12
3.102157938473278920e-01 5.274157345240075845e-01 3.303368000544448790e-01 9.061542119454693012e-01
8.833728713695091495e-01 6.393943987431567333e-01 7.480573604677653865e-02 2.525896960845611661e-01
1.555664519601440698e-01 9.537979841080290733e-02 9.071525203998721532e-01 8.410072419039328340e-01
1.490609029569336386e-01 5.026964165675706919e-01 7.985132092506743717e-01 3.000976349676037769e-01
2.251837381683019501e-01 1.114781790744501233e-02 1.349561310814185733e-01 9.417971100994620981e-01
5.438933586083682936e-01 2.351822640679848142e-01 9.789572331747983247e-01 7.227278494211402116e-01
2.428438299098446551e-01 8.606512192724764532e-01 4.343259366639252717e-01 8.024839213827261730e-02
7.755607287563840435e-01 2.962415696117146613e-01 3.616697490404530146e-01 3.168946130880769818e-01
2.696101625258447987e-01 3.461756567478877500e-01 2.006682892890012671e-01 4.239371934539705178e-01
1.715212531928893558e-01 3.814407974535621859e-01 5.310298876698541504e-01 5.757142453107583213e-01
1.936440001726206228e-01 5.826199225233819057e-01 6.157250713825755950e-01 6.960558557818211645e-01
9.158279843896161010e-01 5.392594994014896503e-01 3.760651831221892838e-01 5.593972441531839257e-01
4.352867665233007832e-01
9.725992714951681162e-02
7.197310226867207339e-01
5.738730712021127278e-01
2.694357912382717712e-01
6.303155471291311818e-01
7.157706966897131595e-01
1.965738539805862439e-01
5.938850941200237710e-01
1.889761031829964022e-01
8.692723587825559317e-01
9.778277193669209222e-01
ReLU
0.1
12
12
8.228513554716885281e-01 4.434542582266013389e-01 9.005695576203754937e-01 8.306891007129697524e-01 5.001305808195426472e-01 9.592417853135677408e-01 7.626793797692558163e-01 7.035839400355601292e-01 7.883077705577188343e-01 2.733123960069738789e-02 1.596241790093471113e-01 6.019430801454200841e-01
9.856028083154297903e-01 1.714144362903083918e-01 2.080342144691889050e-01 7.713012043311489041e-01 9.315149812611778213e-02 9.296541488988051549e-01 1.441154739964487508e-01 5.929780133464717107e-01 8.164197986351637848e-01 8.179884542558391036e-02 2.013303634453146307e-01 2.388644143070512982e-01
6.113916379520145661e-02 6.022809164908913271e-01 8.930159826476573581e-01 2.950155902039472977e-01 7.172686573672042432e-01 6.429596055702844204e-01 6.997411699659045192e-01 4.586698842007369548e-01 2.276816229132346825e-01 4.807703180326331482e-01 6.443989740085640516e-01 3.909624632161067259e-01
1.134184618953584245e-01 2.035496226261491737e-01 6.491531983460518962e-01 3.909505081624211620e-01 5.148129380970412061e-01 3.874955182900982065e-01 1.206547313154293644e-02 8.300435558303298489e-01 5.112536205549935708e-01 9.979148194859445153e-01 6.747646099784010421e-02 9.555369370033803822e-01
1.284380629480453839e-01 7.352925906607072903e-01 6.054148857630686775e-01 2.546181626415994215e-01 1.664515466099372176e-01 7.408063718880903981e-01 9.807229479567480812e-01 6.577955662796443059e-01 1.490589481664811311e-01 7.247250579890551769e-01 4.594876144501629511e-01 8.064183098036733499e-01
1.891877588369200724e-01 5.810254119221301972e-01 4.300855363906884721e-01 4.602351221318093932e-01 1.257690597103022778e-02 9.566584329871665737e-01 7.079817254197220411e-01 7.958467257271295558e-01 9.978615176939920062e-01 9.510696644635774355e-03 6.825091856934152323e-01 9.625335551337296236e-01
7.256350538855926846e-01 9.785345796176816435e-01 4.285344600841746177e-01 7.832491465180977386e-01 5.232941722452280064e-01 7.735293629237425250e-01 5.156074331215221296e-02 4.094348065036818030e-01 3.782044005595389669e-01 4.504807101403777159e-01 6.292411594317623980e-01 4.381767181491684759e-01
6.066030118765026735e-01 8.785665086645525479e-01 7.507921205925180974e-01 6.236775863701671252e-01 5.178263160421573419e-01 8.636744828843467836e-01 3.194855062605905793e-01 8.201788981767250686e-01 4.055388395789613076e-01 2.880717309181813901e-01 4.690262091894600305e-01 9.580366378734568311e-01
8.955724335748176390e-01 2.138959155441443327e-01 2.943734246469239535e-01 8.673320425116463062e-01 9.358078380732437473e-03 4.212710046883040294e-01 7.190060501533723780e-02 9.554075638393991765e-01 9.233002880558538461e-01 4.372036049618311937e-01 5.901715287495820084e-01 2.432866097691993579e-01
5.912472758285447494e-02 9.404790067318946623e-02 5.105114963796368865e-01 1.472104095460242679e-01 7.081778513703257394e-01 4.146384547467387716e-01 6.893863945400957594e-02 1.490634606338375745e-01 9.263569940565836713e-01 9.042455097202104497e-01 9.983163911501777843e-01 4.665485447635064897e-02
6.403473563785303524e-01 5.783896474251639663e-01 1.512686769180848767e-02 2.629855269349645752e-02 3.855238626902735000e-02 4.590485391057874676e-02 5.846287495381229382e-01 6.056311601408261858e-01 4.724192058149261353e-01 3.026789463837727956e-01 9.462957031175742717e-01 6.206106575777968759e-01
2.617045125973727071e-01 7.089791248899548481e-01 4.831340328829724085e-01 2.478885189681550028e-01 6.827911083221519517e-01 4.740292765349529702e-01 7.001195448636665652e-01 2.444895579787708106e-01 6.476181545685352203e-01 9.087880670575074760e-01 6.452578526582930518e-01 9.300382749076246958e-01
2.038178565065850156e-01
4.819449882337413227e-01
4.427155757820421256e-01
1.611529425100941548e-01
3.878383646213071634e-01
6.428622221155978478e-01
3.592826497076810899e-01
8.148469201454973110e-01
7.672523700413077519e-01
3.480209390737402098e-01
3.038496105820436277e-01
1.504954914912282060e-01
ReLU
0.1
12
2
2.258219119889849358e-01 5.264917077646465993e-01 3.552017139680988533e-01 9.845409955357516951e-01 3.098020851897227423e-01 1.797365083683212239e-01 8.309046915107609621e-02 2.661476664228991096e-01 2.887484088594963749e-01 6.153654032341541180e-01 8.933033869216421285e-01 4.727376828882035031e-02
8.971055132786147635e-01 6.100168981181712802e-01 4.920063730427632898e-01 3.812919683942963545e-01 5.359454206013637423e-01 1.238581718410195487e-01 4.613079231970051985e-02 7.490570362984125818e-01 6.070025214744378950e-02 3.900735124383321040e-01 5.614813571808185966e-01 1.204689723212404306e-01
1.435376249085270617e-01
4.433691466249061186e-01
Linear
0.1

ct 2024-06-06 13:44:58.510744
