noname
4
4
4
12
4.961350066404869863e-01 5.737728009975531229e-01 3.149706550836690044e-01 9.925834429777598000e-01
8.239672601268471785e-01 1.895290543644755354e-01 5.615331569806800149e-02 4.680644212794494163e-01
-3.634464168744879764e-01 7.836541476887051716e-02 8.423279945995846285e-01 -1.778754408154367972e-01
8.597606088371749777e-01 7.645439891396401677e-01 9.091384961876104454e-01 8.972271105443331285e-01
9.453748951204390405e-01 6.671296542352690429e-01 3.473750149885709848e-01 9.907908764181950767e-01
1.218401791627053310e+00 8.895440414615651825e-01 1.209413560416296773e+00 6.001372007486258653e-01
-3.142577796624754227e-02 4.662172512730307639e-01 -3.569489174907435752e-02 6.095702711477105629e-01
6.025502930870129115e-01 5.876817832935699037e-01 1.845904233144114726e-01 9.494623421903791716e-01
8.159279057384689615e-01 6.594155155478279573e-01 2.651537815053657821e-01 6.036040786622335341e-01
1.047121212089821007e-01 -5.532092903954546198e-02 8.757005259609609293e-01 5.499638480900052029e-01
7.123381288309817982e-01 1.092335065598236232e+00 1.358121814868590516e+00 7.565836873892699543e-01
7.294329583810957862e-01 5.146434645103381555e-01 6.120733342926798493e-01 2.204956744993236684e-01
5.380966026492689513e-01
1.087421297070008258e-01
-4.775855646240837471e-01
8.984097304562744801e-01
8.908677068293672230e-01
8.432641934551073915e-01
6.724180685462667617e-02
2.274688393058218461e-01
2.471207976010212359e-01
-6.692771521748174246e-01
7.190283086298623338e-01
-2.031742241467008880e-01
ReLU
0.1
12
12
1.099855987482099701e-01 4.590403233686921047e-01 -3.707188709174902286e-01 8.145533373629674223e-01 -5.997066033676279329e-02 -1.828339921770507637e-01 -7.944318741263914352e-02 6.227056202832822462e-01 4.959297983619728734e-02 -1.343614253853557816e-01 5.723810126822744815e-01 -1.983842723262283780e-01
5.352268509390435414e-01 3.166086055884899109e-01 -4.565394609518411695e-01 3.848619531435840124e-01 8.851012832827618304e-01 1.604842053363624843e-01 8.554951929870220351e-01 2.980950370971819918e-01 1.967245357095208091e-01 -5.901078484284740799e-01 1.242590423198826205e-01 6.488103411203022253e-01
7.310506933624824066e-01 3.459173019255344650e-02 -5.695746605414049313e-01 3.414734256636289822e-01 1.520091519289512028e-01 8.311366989675553762e-01 -1.568098629328764926e-01 -5.056000443541640299e-02 1.567916310445208738e-01 -1.696878866034113587e-01 4.545095870865905052e-01 7.850411332794850205e-02
3.681371605887548970e-01 6.230517254830245655e-01 -1.816168628567069177e-01 6.539650128824958664e-02 3.884685003685801608e-01 5.244203318904410160e-01 -1.969063256543948093e-01 2.637833144125987239e-01 3.013933786508119494e-01 -3.447927530417414788e-02 9.432000559481300561e-01 6.679663610851886979e-01
7.130168109226249495e-02 5.838452324851342023e-01 -1.882022245050865850e-01 6.592974312935135917e-01 5.358644044015528074e-01 2.095756527101990951e-01 -1.433111987384778907e-03 7.899048172654068445e-01 3.244614914682866225e-01 -2.209036863146272567e-01 4.208155247422031286e-01 -2.923791637599420373e-02
-4.657102008767378259e-02 -1.047370737038449545e-01 -1.199899413546650917e-01 1.015401808602211936e-01 2.213138045329787751e-01 -3.551853618416602604e-02 5.283409505766027969e-01 2.404209250333659564e-01 5.168542538500975336e-01 -7.023505253238239154e-01 1.317556380600436172e-01 2.692436333460538345e-01
-2.341411180663720559e-01 -2.664593486587157889e-01 1.040080853936125281e-02 5.695522563876128652e-01 1.045613209684988637e-01 4.116165489643306974e-01 -3.423099387537316129e-01 -8.326771852029217491e-02 -1.954763623707794773e-01 -5.993368252717137246e-01 8.870224955059662075e-02 1.041978313389596567e-01
2.070026757363183090e-01 3.737216390458070747e-01 -2.921734753278347196e-01 2.121111361922993765e-01 9.599746783267435468e-01 6.377394992620204484e-01 2.045910311727565378e-03 5.716320286538205675e-01 -9.803203643369144682e-02 -3.803048343623454675e-01 8.013928574725194265e-01 2.478990686109737440e-01
4.764194673411865644e-01 -1.112385160130683476e-01 -3.236467434265512533e-01 8.762277364299435323e-02 3.374721750917566987e-01 1.709393175560675396e-02 5.752896160869930275e-01 4.126410692576250594e-01 1.121588528072196417e-01 -5.929494439760709668e-01 6.776566089502805701e-01 -1.726656777009708543e-01
4.048386054255462968e-02 -2.926008337449790275e-01 -6.270427356881904668e-01 3.961305419825632557e-01 4.690100716882089626e-01 -1.813303152927316364e-01 -2.623537218685668693e-01 4.902354531976881313e-01 1.789311106885651537e-01 -3.756898492502285247e-01 5.313042308551521042e-01 -2.558685126501838991e-01
4.337815422391397835e-01 -5.385237982057883288e-02 1.632426023268606641e-01 6.718277934979567378e-01 8.199251955713585671e-01 9.563399514442907368e-01 -1.767092234319216915e-01 5.052554460937385139e-01 1.670479334653758932e-02 2.740085492987208715e-01 7.954423455147867639e-01 4.259980063696567482e-02
6.386003352703554237e-01 -8.167716992080202576e-02 -5.578576671079392701e-01 1.346387566881493414e-01 1.556773513606245565e-02 5.296195546527144860e-01 2.014249619296697991e-01 5.993136682301902773e-01 2.393686200601291558e-01 2.005326767518524345e-01 4.037292247408269530e-01 6.759769596909366296e-01
6.967231715439358153e-01
1.035697515055551854e+00
9.081411863575743482e-01
8.852695745884252565e-01
1.004140591277971062e+00
5.072859884985109202e-01
7.848807478140107374e-01
1.036311165011071234e+00
2.795649459342903209e-01
2.425059869061175488e-01
7.639782055327120069e-01
8.698352592725535626e-01
ReLU
0.1
12
2
4.765976417965447909e-01 4.579206107225059497e-01 2.359721972663839373e-01 6.349397400818440618e-01 9.522533841000819788e-01 5.859342514406061797e-01 1.812949784400399444e-01 9.562649451793054922e-01 8.649969896299961603e-01 1.489190842473619159e-01 1.040132980702438203e+00 7.171267702482253537e-01
2.534718374310332978e-01 9.562133211236553132e-01 5.840398371129208455e-01 6.325019993624004799e-01 9.141422695567675838e-01 2.787597913288460960e-01 2.175103895052613867e-01 5.040041785172639788e-01 6.832804260288775078e-01 2.916146773135724346e-01 9.975958236802232593e-01 3.618088264809235510e-01
1.264665655684572565e+00
6.043496074453805766e-01
Linear
0.1

ct 2024-06-10 20:27:33.252581
