noname
4
4
4
12
1.848245576645287658e+00 1.901087774873000624e+00 1.198754066463060486e+00 8.272151546267705324e-01
-1.311415678721900457e+00 2.264243023962594137e+00 1.088932075642559782e+00 1.312172526476571566e-01
-1.897784285987207387e+00 9.226664636437268419e-01 1.258547075311810870e+00 -1.146566588105121243e-01
8.671926279615850275e-01 7.679099232928087160e-01 -1.815051470254281707e+00 6.327038895476172486e-01
7.437891784369082826e-01 4.195303900890202664e-01 -1.704408354537704184e+01 4.286213990869409129e-01
3.717386370912866000e-02 2.578420332278639204e-01 8.037312408275678610e-01 1.995631217070759356e-01
-1.484597207230983207e+00 -3.339126283856483912e+00 -6.802635329027649114e+00 -5.063485637299662834e-01
-2.912186191309652727e+00 1.216334241555327322e+00 3.833308277701866551e+00 -1.347848847866186528e-01
1.194863844879935355e+00 -1.206517367949202280e+00 -8.218634477745254685e+00 -1.086542040362643569e-01
8.916828991706472474e-01 1.596279028674133738e+00 -2.479413157688965974e+00 7.418990403893644947e-01
4.025915388898444469e-01 -3.540829513144910790e-01 -1.734275075171845515e+01 -7.714297780012537853e-01
-4.624946981845159399e+00 5.406762422518377464e-01 1.587152377590915986e+00 -1.985960680315858318e-01
-2.813456618779802465e+00
3.098693040039162683e-01
-1.762571226266322233e+00
-1.323209347856503904e+00
3.414493422075846052e+00
-6.130894814740686094e-01
4.196900889128063916e+00
-2.628116938215162790e+00
-2.946732079655267622e+00
3.869791289661083655e-01
3.369065498795284608e+00
-1.353085190003786131e+00
ReLU
0.1
12
12
1.579749339728248492e+00 -2.587136482550550287e+00 -1.261993780688547007e-01 5.976539674711386363e-01 1.040840644286437966e+00 -2.603313609840774909e-02 -1.220700053942705754e+00 4.518468357644369049e-01 -4.905382493031293367e-01 -2.268695749926654959e-01 3.413642572877012560e-01 -1.036401987613771336e+00
-1.271796296227400536e+00 -9.406056340066754062e-01 -1.829550940348151356e-01 -2.591814498586897941e-01 -9.215989125470139820e-01 -6.306439019477741992e-01 -7.624495180098979752e+00 3.423384911494545269e-01 2.010367502872144607e-01 -3.967890706997551087e-01 -8.389750827412331136e-01 -6.171784470576747728e-01
-5.927326686200764527e-01 -1.068412055994913956e+00 -2.336003000123407503e-01 -2.721931650470755248e-01 -8.337878425094352730e-01 8.677261969565541744e-02 -1.855143241187149572e+00 -1.817753647438765940e-01 4.929858581297255626e-02 4.320517405254589022e-02 5.852267604111092147e-01 -9.398128600382338327e-01
2.350569351786630234e-01 6.296338867255424354e-01 7.313996942975591053e-02 2.725767775359698719e-01 -8.299395837924984365e-01 -2.232035941560994441e-01 -1.170590140770896515e+00 3.559676403225926489e-01 -2.799925778278415933e-01 6.342422552981856754e-01 -6.158953888509465235e-01 3.217264085883932978e-01
-7.017744462866122301e-01 -4.370852767435995934e-01 -5.088503311892067504e-02 1.772208214503484536e-01 -5.560782154832866198e-01 -3.620397146925339316e-01 -2.194695667569105169e+00 -3.302386259290389647e-01 3.768551199344739033e-01 -2.556689873440871064e-01 -4.349551251181743572e-01 -7.195787435557680911e-02
-1.596591608511669647e-01 -1.460571226730223326e+00 8.572052163053348051e-02 1.612933326606155626e+00 -2.595880364324425926e+00 -5.988238938414564005e-01 -5.013976203243354135e+00 -6.959075357968367292e-01 -3.382034698273041207e-02 -1.697202747324454863e+00 -1.072977077343509222e+01 -1.835800701485491127e+00
4.110391387171760669e-01 -6.083868145296195129e-01 -4.251621292666635243e-01 2.445295124972209355e-01 2.816252343401553393e+00 2.474289381932513188e-01 -8.826188407478707809e-01 -1.323577243903610867e+00 -9.239809324577421545e-01 -7.111120631459791896e-01 -1.969490696260035367e+00 -7.647716974627889464e-01
-1.289929004661179102e+00 -3.418323146967354176e-01 -4.760883692294596847e-01 -3.084105936832886585e-01 -1.938905121399978615e+00 -3.773633150370800382e-01 -3.923160000059194186e+00 -8.359549249959015438e-02 -2.684265313224077354e-01 -2.003056661807942618e-01 -1.170615854036143100e+00 8.304741701456572200e-02
-3.756753699375505184e-01 6.256149534224292319e-02 2.480137511675039874e-01 -6.427768551202660552e-01 -8.181069096641054861e-01 1.055032531394878292e-01 -7.610018044299302620e-01 3.269785588498888007e-01 1.499682103155487167e-01 5.668163404495467628e-01 3.394321342275383180e-02 5.974685821713432432e-01
4.351164658095905136e-01 -7.009528545186077819e-01 2.036921236569645688e-01 -1.874637763174587246e-01 3.381000117482197531e+00 -9.079440586458933926e-02 -6.766893025956298713e-01 -5.549185670979078083e-02 -1.319021492553003938e+00 -5.470842677999753212e-01 -3.299447054960400028e+00 -3.291599469814163736e-01
6.586305176575678599e-01 1.567226913479705441e+00 1.033490043492492905e-01 -5.708983580842474925e-01 3.045049853149810026e+00 -2.220553343867634477e-01 -2.028077760132414864e-01 8.609412502446729676e-02 -1.554561516725690096e+00 9.134296522439684374e-01 -3.606646993869947693e+00 -4.066220392811445983e-01
-1.444398675589314007e-01 -2.568970600944299812e-02 -3.343221309930493046e-01 2.988648663714903175e-02 -6.055533546744706896e-01 -2.830979500986788855e-01 -5.993758824384278622e-02 -6.404761775531906398e-01 1.054256664279423911e-01 -6.762643290214449543e-01 1.369027189676793044e-01 -6.677917768863149695e-01
2.544121044439175972e+00
-4.256897348388271607e-01
7.512565116409585242e-01
2.108962444989350982e-01
-5.470383657387839493e-02
4.344009943752234371e+00
5.443335228131386039e+00
8.137250041393914168e-01
2.369274360071227825e+00
4.193134317613161244e+00
6.430893618214008178e+00
-3.817639705251697491e-01
ReLU
0.1
12
2
-2.416170646887531304e-01 5.725903710270318497e-02 1.890719100064530353e-02 4.179992721277713819e-01 1.385913893513954394e-02 -4.243480039863437803e+00 1.486548254916850942e+00 8.585014497440364156e-01 -1.185542364891025713e-01 2.250648492101130493e+00 2.418533281051888029e+00 1.772355792800837937e-01
2.345605407505739204e-01 3.765700457215973573e-01 2.715445830927434856e-01 -1.108832297398839040e-01 2.248738940203044157e-01 -2.699939057461853142e+00 1.098854965159561381e-01 4.478308909100298107e-01 -2.849337019808083626e-01 6.767799906452488523e-01 2.476310405112590818e+00 2.151208752261156709e-01
8.411033143021516167e+00
9.746551206002246559e+00
Linear
0.1

ct 2024-06-11 13:27:44.874091
