noname
4
4
4
3
-8.482848011381216580e-01 8.641593825227475989e-01 1.860171952761570546e+00 3.292748641682377575e-01
3.935752601919534577e+00 2.975974731223479441e+00 -4.825840981505168159e+00 1.954625523237675244e+00
-2.739646762764456511e+00 1.652989040521004371e+00 7.367581678546751611e+00 7.852594278896826152e-01
-1.269018221425820769e+00
2.020263502836105118e+00
-3.313994303985988932e+00
ReLU
0.1
3
3
-2.213473191724253386e-01 -1.400715174671472163e-01 2.787287683210135092e-02
-4.131012165661708813e-01 4.174447055142662677e-01 -1.546109176689514531e+00
-4.392506521468239056e-01 -1.092082329822385178e+00 -1.811174263857813771e-01
-1.435096698531199422e-01
4.016140981585613647e-03
-8.045676538007026091e-01
ReLU
0.1
3
2
1.986878116800902538e-01 7.302747112407532715e-01 1.977535903041165444e-01
1.212924324006663390e-01 3.788579234242008820e-01 5.037674236360746294e-01
3.307857728727417790e+00
2.661461012735754306e+00
Linear
0.1

ct 2024-06-16 13:45:04.404801
