noname
4
4
4
3
5.075766204376611634e-01 5.093558512492191159e-01 4.212894531693683886e-01 5.568626218765201363e-01
9.502612797620613172e-02 5.491819355281769566e-01 4.890212216908377263e-01 6.230611333046098821e-01
1.942306339402605220e-01 7.598585399491404324e-01 7.143251095290574781e-01 4.462369933945923295e-01
8.859662077800106728e-01
8.543336988664231857e-01
1.309467032341998793e-01
ReLU
0.1
3
3
1.577458804933069558e-01 7.972886371591053623e-01 7.501577706613128393e-01
5.455741398785634022e-01 7.935923487696553424e-01 3.822958751335208127e-01
6.330113087681432660e-01 2.830193028671479372e-02 5.895947010827893298e-01
5.054004337230821875e-02
7.563284308321377436e-01
1.053842545905927519e-01
ReLU
0.1
3
2
5.695265144842439620e-01 5.534919878128691240e-01 1.325038566009809626e-01
3.945467525734114300e-02 1.695788172487591172e-01 2.697104835607722073e-02
8.072505716220548244e-01
2.285319090532446085e-01
Linear
0.1

ct 2024-06-16 13:44:41.907550
