noname
4
4
4
6
5.937980922067066514e-01 4.641150857231423066e-01 2.841066782710723326e-01 3.747643184507693515e-01
8.615591119924452812e-01 4.002021917538852724e-01 -2.447218868241501574e-02 3.303468334207369517e-01
4.819076925786476284e-01 3.368876377775505415e-01 4.783987019567328414e-01 1.678101689273125696e-01
1.012347074677985180e-03 6.555245767457439305e-04 8.276369100033571487e-04 7.480318114972777082e-04
1.170083664519476702e-03 8.635139193261963299e-04 7.330789861302737563e-04 7.127453806570821157e-04
1.126111895913022107e-03 9.304410908804460227e-04 8.192578098509604827e-04 7.699912527792437521e-04
7.093191655616934987e-01
3.481737537208136612e-01
2.239383730174215603e-01
1.465209333912071256e-03
1.260501569282570546e-03
1.196850607039470511e-03
ReLU
0.1
6
5
4.540040581258650287e-01 2.129454053701257676e-01 9.153678978204772554e-03 5.456151744136274748e-04 4.998555130038375479e-04 6.190967585531431195e-04
3.926979049976717095e-01 3.234056471581301939e-01 4.087415762099825822e-01 6.524622117399985020e-04 7.189804944099552819e-04 8.201398097002538965e-04
-1.478670755365337763e-01 8.266538428366517754e-01 1.402090671752120703e-02 8.365690640795091747e-04 8.787576017763037853e-04 9.280334301340033764e-04
4.867961662862025328e-04 6.465399458243027871e-04 8.133698119423703101e-04 9.993498640409232987e-04 9.993522861759204269e-04 9.995462078286156734e-04
7.352610137914927617e-04 8.514335980395501373e-04 8.890763666765205643e-04 9.996033002220711117e-04 9.995858183682812276e-04 9.995625655353887647e-04
1.291639625419454207e+00
4.058489561098617693e-01
2.453024410662824339e-01
1.367445306209396716e-03
1.109680782575146437e-03
ReLU
0.1
5
2
1.246248815953042044e+00 4.697807217499210819e-01 1.701080616260981782e-01 1.366018292329475390e-03 1.195314076044220238e-03
1.090246825805587960e+00 4.286473045660367243e-01 2.208044834917484711e-01 1.079473498262299323e-03 9.937138553094400448e-04
1.037613026878517530e+00
1.094968507068099894e+00
Linear
0.1

ct 2024-06-15 21:23:05.083902
