noname
4
4
4
3
1.931460254218503592e-01 1.665160654796455697e+00 3.234861222812051018e+00 1.340490343977839505e+00
-7.936058270254564562e-01 8.423381124543257714e-01 1.213226057960944004e+01 4.160913986064382897e-01
-1.686904741880035807e+00 9.606758023826915682e-01 1.727902873287532870e+01 1.069354603582395313e+00
1.386063974876123206e+00
-3.445582326968398945e+00
-3.547499417434390345e+00
ReLU
0.1
3
3
4.916781090668534970e-01 -3.952213336294020607e+00 -1.987576095820355659e+00
-2.457932680435863937e-01 -1.055309779289087979e+00 2.786371112511306855e-02
-1.912555441221393954e-02 -1.167158442366453164e+00 -3.681407575585399772e-01
7.592896475862659367e-01
-4.926301571074416519e-02
-9.300800100836939532e-02
ReLU
0.1
3
2
1.312202714177898910e+00 3.263338676258030480e-02 1.823244260620130938e-02
1.024805981890810402e+00 1.106687256341649245e-01 -9.299850478512321911e-03
1.632341756722223369e+00
1.808586983931475878e+00
Linear
0.1

ct 2024-06-16 21:47:10.384022
