noname
4
4
4
3
4.200991799852682451e-01 4.752440369861689051e-01 9.910141424999100446e-01 4.830786411885882314e-01
-3.086873726506228488e-01 4.061516152581650663e-01 6.899675310148403184e-01 8.428937132764949824e-01
5.342518903843361811e-01 1.288915689967386202e-01 8.393231904992047854e-01 2.847140930153675975e-01
6.087930945527836313e-01
-3.696664556064824941e-02
4.304383211981305246e-01
ReLU
0.1
3
3
6.474859575151855617e-01 -4.553917647407769165e-01 6.618325688397438400e-01
1.238636068497234594e-01 -3.578382380160250453e-01 6.046510805590648019e-01
4.628812979897675151e-01 -9.838830422761329908e-02 9.872065682428996305e-03
8.868872981259368071e-01
2.238699410064698414e-01
3.710765770245135764e-01
ReLU
0.1
3
2
1.043301241110184074e+00 3.691827845147495069e-01 6.505100349840148288e-01
9.703841494163270021e-01 4.990593595777138569e-01 7.022560246371941650e-01
9.535508234301189878e-01
7.020773123839195717e-01
Linear
0.1

ct 2024-06-16 21:46:48.877080
