noname
4
4
4
20
-3.566101406882173364e-01 1.361976007577882619e+00 -8.440517066028346838e-02 7.311922517613895778e-01
2.237163583280959767e+00 1.222027459530398374e+00 -2.637282619546889695e+00 1.052371743298136986e+00
1.105098264168221434e+00 9.007472259344728727e-01 -2.126819812594233916e+00 9.221784215131497708e-01
-3.020825754314275358e+00 1.541177291830909901e+00 6.994439075762342028e+00 5.794917233170399085e-02
-9.505573123171521255e-01 6.968790697460495176e-01 -9.141252530541196242e-01 5.189745079404479711e-01
-5.319232375623403897e-01 4.706963471288704293e-01 -3.262561448630940664e+00 5.952284801431475536e-01
-2.297462292963293184e-01 5.412391114208879861e-01 5.056669391380665957e-01 2.376981252574036640e-01
2.000383821388393546e+00 1.796585077738694025e+00 -6.782248317915857694e-01 1.237178154809399411e+00
3.695294535703018912e+00 8.923888460247024756e-01 -4.337978773123666087e+00 7.113055085258596089e-01
-7.584984424008232029e-01 8.394795022507619553e-01 7.644973176725032571e-02 7.835216807402668460e-01
-1.126377854536717793e+00 2.058675122021675463e+00 1.415552345643671606e+00 4.273841925170426825e-01
-1.675851360079015917e+00 9.143199942354323095e-01 -9.935136386307265310e-02 4.524856943202939519e-01
1.607141317807638803e+00 1.725234110711257207e+00 -9.599843986186364919e-01 1.161678028328972045e+00
-2.543523423586015575e+00 1.606483103395476508e+00 4.362147418684362066e+00 7.109145760546485837e-01
1.777947453850863566e-03 9.813129975877439293e-01 1.707398245140221427e-01 4.000337247758402603e-01
1.997359104595131385e-01 4.168396623970443970e-01 -1.301959796858152885e+00 4.341736331843953911e-01
-1.092120123252253272e+00 8.818683977937326057e-01 2.439233216632476609e+00 2.715696397520865335e-01
1.724003016170032820e+00 -1.398656987862918699e+00 -1.110189177398646443e+01 -1.779857616446200330e+00
2.025165123914574483e+00 9.297270340136635225e-01 -1.665703542907845947e+00 7.926191144415901668e-01
3.376343331503122602e+00 5.415792165461275065e-01 -4.620091742656824430e+00 1.392600211517847963e+00
1.646569299797855379e-01
9.388975441802452915e-01
-4.809687890870965876e-02
-2.089178639419544847e+00
-4.971963158350717338e-01
-4.031881084972750995e-01
-1.162720445274452397e+00
4.991145283241168462e-01
2.026272316352829339e+00
-1.202378856645802241e+00
4.346308717777651667e-03
-7.202808398426713277e-01
7.976370857681751581e-01
-2.214638996352602085e+00
-1.884898430532104374e+00
-7.038522369189326167e-01
-1.036022702505182469e+00
2.382770523659891282e+00
6.120181869062366609e-01
4.573014174666326093e-01
ReLU
0.2
20
20
-3.855664620869313497e-01 -5.667357246567047285e-02 3.645310133634033223e-01 2.246176593990273085e-01 2.421522575289156848e-02 3.163960274282942575e-01 -6.734395520635491073e-01 -1.101609800990154958e-01 -3.939198338834373203e-01 2.618432676605129614e-02 2.395421997425817018e-01 2.032127113490865555e-01 3.752809874416402902e-01 -1.118408411420924509e+00 8.815027016042350505e-01 4.013311012104720521e-01 1.119763320556409758e-01 -1.880474950026223446e+00 -3.542575426697018859e-01 -8.613542842059951354e-02
-1.722399211239632466e-01 1.106650141845340191e-01 5.769945956386977048e-01 -5.614680659149614561e-01 9.048080675433574360e-02 1.934441158068484212e-01 -8.848561257573319683e-01 -1.607107826397994044e-01 6.343029815635301549e-01 3.845653096005985372e-01 -8.180404740010666087e-01 -2.874277014421026677e-01 3.172486150260221960e-01 -1.529641689666538573e+00 5.906324110631551161e-01 2.156771869864401725e-01 5.381785436829985558e-01 -1.943039168493206459e+00 5.876339340031855318e-01 1.013889393617709578e+00
-1.661738698717590557e-01 -3.249542190656802276e-01 -1.862419063653351636e-01 6.698083453036725032e-01 -6.171018250912131409e-01 -8.841310156429647849e-02 -4.448374631242739130e-01 -1.993006700270505138e-01 -1.010828506991169773e+00 -2.890051955133510764e-01 3.195193515367685810e-01 2.275391511318417270e-01 3.761075570202329077e-01 1.257103855071841636e-01 1.460880264098773640e-01 -3.151421394996944958e-01 2.549182814201284009e-01 -9.345848791363493557e-01 -1.118853827254321365e-01 -4.954785197648207684e-01
1.884115113532611185e-01 6.491330436109291613e-01 2.800239653882616864e-01 -1.662170437052889138e+00 2.970442514840453407e-01 -5.893691468249644821e-02 -1.001870121641865063e+00 7.702246835011795634e-01 1.301390202546431674e+00 -3.668126761493933907e-01 4.755943031759887196e-01 -5.660505734713225934e-01 8.222587789593673868e-01 -1.427328050415728411e+00 5.427272892676631155e-01 -5.184271851581516710e-01 -3.239045114507826950e-01 -1.500217856128803762e+00 5.319709963427744492e-01 4.968976775841307258e-01
-3.902480235149603516e-01 -4.812314988300857577e-01 2.915962910006912254e-02 -2.253875764556556582e-01 -5.537536980147295118e-01 -3.538833055565236974e-01 -4.111031636032683179e-01 -6.829761546956567564e-01 -1.722064673716199867e-01 -1.093789742504396756e+00 -6.192934990378934357e-01 4.043797570301174704e-01 -5.099844276037894808e-01 -1.780510272681877115e+00 2.377394918611681340e-01 -6.125546976433799973e-01 -1.765991347847746529e-01 -2.539141384489562281e+00 -1.671458483661815431e-01 5.802988581297356951e-01
-1.971513541221193988e-02 -6.445652732204112390e-01 -1.547215415039478736e-01 -4.120279494210657978e-01 1.252567215606051887e-01 -8.241910284760932681e-01 -5.123172963101968458e-01 -4.453508484403688183e-01 -1.984269371326712050e-01 -1.407485246608730867e+00 -1.261347690050646231e-01 -4.159702149911205238e-01 -3.895498650206941638e-01 -5.669334875766854909e-01 -2.327422086178132510e+00 -1.204800108799785496e+00 -5.978012735924862486e-01 -5.505171176099166175e-01 -4.164884149200593910e-01 -8.711333484352979939e-01
-1.399207581111733267e+00 -1.415239083706617329e+00 -1.522026608352024413e+00 -9.833021160853783194e-01 -1.520512683564292811e+00 -7.393412944462798286e-01 -1.226797507355086969e+00 -7.852770300850065999e-01 -1.012219843030023547e+00 -1.135335327843626230e+00 -1.490299422022845155e+00 -1.169709015586352763e+00 -5.468298209744348881e-01 -1.040397582149244382e+00 -1.114424550705530370e+00 -1.525964687562120892e+00 -1.505543322583081878e+00 -6.897050602724836832e-01 -1.283695832185341112e+00 -1.337048534661686494e+00
6.360072014429906107e-01 3.233995903326811194e-01 6.674893780097790330e-02 -6.178913525993841027e-01 -3.152568354809960893e-01 -1.944351432866802537e-02 -8.009984849117606220e-01 5.030324517057667144e-01 9.332297526380153307e-01 -9.025061930291876366e-02 8.352620579745613227e-01 -1.053038507969531329e-01 3.430995487508701758e-01 -1.391340689064855196e+00 5.569071370322561942e-02 -1.394840486049844230e-01 -1.927917251756157760e-02 -9.934096648098166282e-01 7.109281872949475556e-01 2.954714093389489982e-01
-2.092545117174782476e-01 7.660390708374614777e-01 -3.698018904499294351e-02 -2.068910486845751961e+00 3.660118267727299757e-02 -3.374505528681028266e-01 -1.016497988325166801e+00 2.963400960544871898e-01 1.701699750523232968e+00 -1.285156403057330810e+00 4.053616203491787195e-01 -9.407876627680707982e-01 3.843158520051062066e-01 -2.385816792931092944e+00 6.689758788333008965e-01 -6.504960302562283747e-01 3.633059565250176259e-01 -2.038804074916615416e+00 1.127757964972386784e-01 4.940985176338772988e-01
-6.758540862591340126e-01 -8.389597639007304042e-02 -8.572240791301578566e-01 -2.560941997337330411e-01 2.751608362326171120e-01 -2.622362824693953431e-01 -8.998294654401425285e-01 -1.381126889595743479e-01 -4.278571323392198478e-01 -1.289351928590880103e+00 -5.960797895224719811e-01 -1.298543784121240496e-01 -8.341881000630831933e-01 -5.240738076465748518e-01 -1.628189160192491158e+00 -8.304771664130313757e-01 -3.865970273473578467e-01 -7.816189666503281508e-01 -6.374870128002887437e-01 -1.150972261081101955e+00
-8.819596785609075118e-01 -1.278063805086668170e+00 -1.014479696305951917e+00 -1.071510134688914873e+00 -1.423070721928129556e+00 -1.306799767050079053e+00 -1.316552877304089986e+00 -1.413625524604802841e+00 -1.130034261162626397e+00 -1.160210465293320503e+00 -1.085887868176271143e+00 -1.085426223024466674e+00 -1.528707620477279594e+00 -1.584253203857761916e+00 -1.620968396095708641e+00 -1.483971921620144796e+00 -8.965514082129680817e-01 -8.731651452939033220e-01 -1.333599575820284988e+00 -1.709313917806900118e+00
-9.215206344418575002e-01 -3.118040255534400562e-01 2.053960871616247567e-03 -6.215249333998259518e-01 -9.341640722294537458e-01 6.396667655760314430e-02 -8.951013601986862467e-01 5.559585662739709166e-02 -6.227827186060351516e-02 -1.676057876604961860e+00 -4.684813890109413292e-01 -7.946664905232870835e-01 -8.806623582723195343e-01 -2.221768635768497813e+00 5.831275035955968411e-01 -8.093977868926247599e-01 -5.068818599122270063e-01 -3.312342421482998400e+00 -1.178905443347288418e-01 3.515403365455098406e-02
-6.745184443596240198e-02 1.829295801463911020e-01 2.922807417707680711e-01 -1.308734835575574018e-01 1.925929989585592472e-01 3.156194736507493825e-01 -8.146965458953202566e-01 4.948732151370544008e-01 8.577744009144856463e-01 9.721026673073825952e-01 4.570653116849448527e-01 3.444424413204332236e-01 1.432550386599465986e-01 -1.221635342208241770e+00 1.144581681232947235e+00 1.934194760639226518e-01 4.315031727685452179e-01 -1.595637306825870905e+00 -3.933237273924596045e-02 -1.307050024785166575e-01
-9.885175920013633544e-01 -4.421464437672053063e-03 -3.424667178926672495e-01 -4.352543217039778201e-02 1.760128986054898259e-01 3.308772227064057381e-01 -3.947908714220607074e-01 -6.763434907680037078e-01 -2.880917946716969880e-01 2.810684199204818157e-01 -2.873390472918241345e-02 6.855695070598446551e-03 -7.367370183197563538e-01 -9.072766078244772769e-01 5.944244734960740795e-02 -4.870421117894198071e-01 -2.816445311186535627e-01 -2.087557326383983280e+00 -7.733150368786595452e-01 1.083624319222338400e-01
4.660015084088686005e-02 3.606710402737705046e-01 -1.718795048534944858e-01 -1.063202695959853283e+00 -4.021210144983918822e-01 2.921594326203459380e-01 -9.413116234255929360e-01 -3.227058652864425170e-01 8.156448876054883668e-01 -4.071646594331651547e-01 4.194540330798801064e-01 -4.822469769968929509e-01 4.368276755505482445e-01 -1.047871315699366646e+00 8.983686270035623478e-01 3.403077898780165755e-02 3.024301506292884634e-01 -1.249564936777418200e+00 -3.024405073976071390e-01 8.963186802322949120e-02
-2.474184067186714353e-01 6.059591376260733409e-01 2.074213654715780508e-01 3.237005398692023306e-01 -4.925795403562521768e-02 -5.237917464628275011e-02 -7.447942079719016562e-01 4.384667479829081338e-01 2.922124969782960990e-01 6.549368894835239617e-03 -8.755367130501763573e-02 3.204661979434521024e-01 -3.124741881612774219e-01 -1.615267073468319214e+00 1.140159128011876355e+00 -3.262893644605396326e-01 -1.780165214677330854e-01 -4.575719900865768963e+00 -1.331943400525467947e-01 7.432090803208356300e-02
-1.086880393897047936e+00 -6.693660473744460493e-01 -2.705079619369304966e-01 -2.079573693705671911e-01 -1.545425537894008425e-02 2.613554222351649470e-01 -3.874100071717492821e-01 -5.980323370767914870e-01 2.082856602827419523e-01 3.432084795321390658e-01 6.387595826372446939e-02 -1.744069130577295956e-01 -1.079103099419573386e+00 -9.459239405493747865e-01 9.403018610419986434e-01 5.602535212455006519e-01 -3.064698931803448365e-02 -9.166295961635769762e-01 -4.325122354462930252e-01 5.750695454768263160e-01
-5.911677248480309288e-01 -2.461939891135059011e-01 -5.309706803087222982e-01 -1.466397499372474655e+00 -7.752460614837441977e-01 -9.290415445057272903e-01 -1.144739202093949304e+00 -4.076561079205723859e-01 -8.031189458839262940e-01 -1.082812506378091122e+00 -5.424120658006899021e-01 -6.675291351709231602e-01 -5.339087961027902951e-01 -5.584674603178094721e-01 -2.395221278954405619e+00 -8.153581702610102067e-01 -1.133194153880877408e+00 -8.746870969177641397e-01 -5.953686838250104030e-01 -6.003561359919665774e-01
-1.291695215715885914e-01 -8.238621197137694849e-03 3.780078457234598011e-01 -6.333859838082299687e-01 -3.985087250574173567e-01 -2.856308327693094298e-02 -9.271035470666819656e-01 -1.704992109554381297e-01 -1.029146400903177438e+00 -6.152272162560734614e-01 -3.516020442815054325e-01 -3.189132259612575265e-03 -8.710447534766073696e-01 -8.538517183052882764e-01 5.920598333456741358e-01 -2.005745577640835886e-01 -1.338233891507944473e-01 -4.019526135580032133e-01 -4.897905953380093935e-01 -2.410509189425225629e-01
-2.189385376460485991e-02 -2.735920316358214643e-01 -1.811983585211196512e-01 7.365408988386652478e-01 9.328210688091109759e-02 1.087573485547541768e-02 -2.601990218025033164e-01 -2.300022011284173495e-01 -5.419591909757843773e-01 -8.009669876799334620e-01 -2.981704610533574273e-01 2.157034623248068606e-01 1.184613842372834874e-01 -3.913697612014776506e-01 -2.429316161878263824e-01 9.019244878994847614e-02 -5.694962858485338453e-01 -5.729816339055245900e-01 -2.642268098178184865e-01 -6.212707479265155985e-01
7.980610144063858824e-01
3.625002549200469826e+00
5.042017647456434881e-01
6.355623501855953705e+00
2.151524512325356131e+00
1.272745345209705503e+00
-1.195199511761017463e+00
5.760947059242418788e+00
6.084647954610993281e+00
1.875294792261515964e+00
-1.626292651184484628e+00
3.117399487723606644e+00
3.408038949068059154e+00
1.599199769881193500e+00
5.428336798510204453e+00
2.312413026452923681e+00
2.266550070559381069e+00
-7.581759382308335404e-02
1.471527930164095777e+00
1.080078580401870880e+00
ReLU
0.2
20
2
-2.407435945495911556e-02 6.882658328957262928e-01 -1.102716984202079115e-01 1.695788713689212912e+00 3.134938880936459227e-01 -2.033584063885398308e-01 1.035117278278355535e+00 1.579430755946336085e+00 1.811053939091800791e+00 -5.122880841937601515e-01 4.798160539152011017e-01 4.527068341961776876e-01 6.205921558177631692e-01 2.431706365628635014e-01 1.192638360282547882e+00 2.277694564362034158e-01 3.360303567918677681e-01 2.073827327180826352e-01 -3.034383505499712030e-01 -2.070745396571739005e-01
6.262409169936934694e-02 8.331695841544111136e-01 -8.158159714314947020e-02 1.466846080069375002e+00 4.483172065940015383e-01 -3.137481984355340314e-01 7.235589180451754698e-01 1.476635096535657388e+00 1.373764082209580684e+00 -6.946687181731972527e-02 4.926148116599861071e-01 5.242383770353340466e-01 6.753093080856878982e-01 1.885171528970941979e-01 1.005468655367758757e+00 8.755173059016002624e-01 1.945086993044274348e-01 3.640523615954111558e-01 -2.459490844693827394e-01 -1.198488939238122192e-01
8.537913560379200462e+00
5.971105866211089186e+00
Linear
0.2

ct 2024-06-12 15:14:49.526162
