noname
4
4
4
6
-3.087379433157666941e+00 2.266841291847415452e+00 1.165038319249578613e+01 7.736403995831802050e-01
-5.133830050846519555e-01 3.833138517998934680e-01 1.976374872942581851e+00 9.503506311841539156e-02
-1.199860566507778392e+00 1.063082602441506541e+00 6.711297288203419420e+00 6.217897153179883230e-01
7.428183043565320887e+00 4.781736601167330569e+00 5.798825635850239912e+00 3.280046214364204626e+00
-3.547323147191977499e-01 1.907015378278963391e-01 7.441012581918137192e-01 5.975906317524724842e-02
-1.199601302335927544e+00 4.451963674707824503e-01 -5.568362344142877562e-01 3.165825566789182699e-01
-4.008505919590848343e+00
-7.794774674389789437e-01
-2.381165488338439218e+00
2.198082692862449949e+00
-3.234811455938367830e-01
-8.634215185167266604e-01
ReLU
0.2
6
6
-1.978929762786526103e+00 -2.831692833858184266e-01 -9.060380283170779148e-01 -7.416049305894911042e-03 -3.505269808254258268e-01 3.043754731914710132e-01
-3.296901099165239768e-01 -3.811904454930114400e-02 -3.869768592973157340e-01 -5.581243995801330772e-03 2.824490987156582089e-01 -4.888951414676351998e-02
-4.717571673585563286e-02 -3.727852881378133643e-01 -1.349136898769566439e+00 -2.168450847550078109e+00 -2.380153658278370832e-01 -4.610742583562854047e-01
-2.941865238801514293e-01 2.075720805125767232e-01 -6.195249677734572247e-01 -3.287106980868418314e-03 -1.508257584451047628e-01 -2.120868317928722435e-01
-1.746919183162014277e-01 7.103565653677902658e-02 -1.771090338384726515e+00 -7.011555016670506166e-03 -5.519448771712590629e-01 -2.775807370929520013e-01
-2.252645002886466852e+00 -4.902669038233462007e-02 -1.130706367587572370e+00 1.023033141403171697e+00 9.824770375183146387e-02 -4.639909294074029966e-01
-7.342958958503396916e-02
-3.491516464316288260e-02
2.349166152802881324e+00
-3.576727760119925020e-02
-4.094957583872645829e-02
-1.120808845716300128e+00
ReLU
0.2
6
2
2.602574793318404925e-02 4.952498060220110465e-02 -1.444181297942258135e+00 1.332876710828671948e-03 -2.316313410136053991e-03 1.055961888908201640e+00
-4.772395602260916074e-03 -2.530052711582570640e-02 -1.278539666081714987e+00 4.064469800290614618e-04 -6.735598134183431486e-03 9.107687259533261415e-01
8.324218519685986806e+00
7.960983704679682305e+00
Linear
0.2

ct 2024-06-12 16:54:23.598718
