noname
4
4
4
22
6.692043135937653098e-02 7.903734290057262690e-02 3.229148638942567207e-01 9.681314731131028806e-01
5.053276601415975788e-01 6.878543944651334119e-01 6.358833557364058642e-01 2.557683816721399994e-01
6.057989532706786751e-02 7.579460059867682009e-02 2.379675822932941776e-01 6.875800979570598770e-01
8.178075474380869236e-01 6.766643550204257673e-01 6.862961018579378791e-01 8.706638116738036892e-01
9.010466054551279358e-01 8.703647409817688585e-01 4.103810314445186513e-01 8.316151683757422308e-02
4.112927041939038464e-01 1.547573385968341597e-01 7.058738090473186677e-01 4.712929780158211512e-01
9.396032924774211370e-01 5.903865117229983861e-01 1.043921856009397686e-01 3.253713361328715026e-01
4.207759652996859723e-01 4.724710725887941720e-01 9.186018743439046119e-01 7.277277409605877878e-01
9.899589836751968575e-01 4.959859072677664793e-01 4.168030631831110000e-01 1.514581155464611584e-02
4.691542928038497928e-01 3.750013833046520473e-01 3.927134773496956388e-01 5.358578546653980368e-01
4.331209527511077351e-01 5.719744897660287153e-01 2.256838001155159201e-02 9.390707399238485964e-01
3.526550404687898155e-01 8.014084337672181535e-01 9.262075451979386864e-01 3.448809661665578341e-01
5.596724448788230610e-01 4.642459488776118359e-01 6.413694694694622722e-01 5.200660959132945571e-01
5.344592373153312925e-01 1.643358975388974352e-01 7.828532007550784710e-01 5.497868801530758631e-02
9.186712211229404179e-01 6.550672319370345331e-01 6.785064798728214219e-01 9.664093152096463468e-01
5.639430757021570706e-01 1.703177403731636064e-01 7.889635172647087025e-01 9.529388224018238152e-01
6.354679561345495387e-01 7.933462994773714527e-01 2.807555880250216518e-01 6.136289815761365452e-01
7.330267790137494632e-01 9.301813806031459242e-01 2.696639199446118074e-01 1.592870761051942141e-01
8.648044063352823274e-01 3.754956200620427342e-01 2.866391136538148920e-01 9.861420792353257081e-01
9.912802794953837759e-01 7.170194139051482285e-01 6.888758881644635457e-01 3.784763503165342602e-01
8.779373230126207295e-01 9.763785567178031588e-01 7.716984482391460176e-01 9.404542712594162746e-01
5.798708946553676746e-02 2.049237454250075752e-01 6.668410552412441517e-01 9.352541107177239077e-01
4.689322413056630223e-01
9.073510874656256497e-01
3.585032763691121671e-01
6.958579248220239100e-01
5.711129255802350757e-01
1.194662810025947097e-01
8.660746402920277420e-01
9.023304932186237970e-02
6.505879707618799079e-01
6.794126460394800393e-01
8.557001955469641929e-01
3.287593651960412089e-01
9.818900123642739786e-01
1.673686330912871334e-02
7.657026995434615957e-01
5.576150679897643458e-01
5.210028478708006450e-02
8.100550002959759910e-01
9.913245582395395772e-01
7.091845245276107157e-02
8.378354397471173831e-01
2.095040925110561725e-01
ReLU
0.2
22
22
1.330254880827294039e-01 9.912862111984865887e-02 4.918685705536601782e-01 8.751374058882326334e-01 1.636474117727382271e-02 4.270453490514019013e-01 5.963844407573613005e-01 7.142402073827129882e-01 9.766883200105949125e-01 5.966354426382217691e-01 9.769625008864127880e-01 3.259025690835295475e-01 6.207414024709072553e-01 3.309764839076942966e-01 7.346711860145977990e-01 3.485237877312982180e-01 8.081448278682596964e-01 8.973560568939709103e-02 3.237935852801133718e-01 5.274966702807881713e-01 4.831127707257008019e-01 9.112886037818536122e-01
1.279717858618318882e-01 8.103396030692073815e-01 3.690550416602373929e-01 2.367188085145075505e-01 7.095058323162688474e-01 3.297043804969755909e-01 6.989685640376028797e-01 3.696775791111308607e-01 6.220807294425999556e-01 1.442304720747581426e-01 7.053631283938286423e-01 6.898490047186667251e-01 6.260223498445370849e-01 3.778549428700466173e-01 1.210562195839274269e-01 2.180085940517020315e-01 2.695612534964435536e-01 5.889090901287560298e-01 3.669087610296584145e-01 3.974530870602470678e-01 1.942472912837955867e-02 7.653486010316818966e-01
5.652504218102529787e-01 2.969461046526303827e-01 3.903385344301620874e-01 2.129665745011077860e-02 3.715999344052699493e-01 4.074415053676894161e-02 7.105395351703627238e-01 3.620455670951890914e-01 3.027659781374673065e-01 9.586215503669367477e-01 3.901442577766860431e-01 6.510104204713318410e-03 6.617411344283229413e-01 7.754510901477571494e-01 9.127272280209415278e-01 7.622150892426481361e-01 8.783299269104013485e-01 4.806997377749752109e-01 5.931121452651000325e-01 9.299636200530289054e-01 9.402329500446573451e-01 9.641546086094715529e-01
2.963525420024970547e-01 8.543922829282247777e-01 7.542777053111504593e-02 9.469283051414320029e-01 5.944633174481039894e-01 8.462861110789109409e-01 6.764947461534931428e-01 7.849282881448895743e-01 4.564459933170947892e-01 2.211750457504522149e-01 7.903041673106411258e-01 6.855871142538527696e-02 8.055527354486591296e-02 7.025064949326107477e-01 9.044146511819490808e-01 7.236549563285596953e-01 8.964016325518886497e-02 2.772687211083239012e-01 8.404487287668898077e-01 6.147138993918335181e-01 1.409544922914314213e-01 3.082330780721823649e-01
2.166419728779610532e-01 7.730502137275712116e-01 9.341788683575175112e-01 4.161071765343149487e-01 3.709294415676306356e-01 1.741750543374718241e-01 5.673432642403120063e-01 8.783787148983348558e-01 1.899386809015592981e-01 2.141189307194133473e-01 9.827726073958829023e-01 5.875572965869614306e-01 2.596341656550719135e-01 5.938332710163009009e-01 2.834900275307998818e-01 5.907779051430755990e-01 7.960452795678840676e-01 4.841748277040055504e-01 5.684319809132022394e-01 2.145568253086657107e-01 4.110496666752595507e-01 7.669326690794842083e-02
4.373057651634835175e-01 9.686556719254313386e-01 5.605201075567703972e-01 2.112751021691372522e-01 6.882583953815475386e-01 6.920320563651752854e-01 5.055580558639316546e-02 9.127965093289475140e-01 4.376214927959538592e-01 8.533736340870201609e-02 2.436348017666244425e-01 1.429170600824752890e-01 5.338470440511720039e-01 2.186812865316597465e-01 8.080045801221690249e-01 2.878295860009429941e-01 1.680827383670140396e-01 2.028204330576565129e-01 3.519627280235493316e-01 8.885887057980470516e-01 2.249674471278861887e-01 2.709372265369416333e-01
8.540284707103051876e-01 5.059304785267251248e-01 2.217028732478421027e-03 8.492233787267834400e-01 5.349876472406642769e-01 7.808182781908453718e-01 4.539819725053511057e-01 4.084222376956384570e-01 6.016215340888751983e-01 8.200300950976924241e-02 2.889608323989502070e-01 1.993610546588464594e-02 1.549865489391036855e-01 9.479917529469307214e-01 8.302145318762180759e-01 6.258658750622879685e-01 4.006966531188159708e-01 8.111960023264347397e-01 4.786863665284475378e-01 9.152369139764431338e-01 4.257066414142796074e-02 6.793827109703769462e-01
1.033568738429736511e-01 7.116043104818268183e-01 1.657367052741840485e-01 6.765800651300207802e-01 6.028830117176788850e-01 4.047341549544842820e-01 8.208055419000875874e-01 1.239565375360475175e-01 5.572708094564856607e-01 5.393880868360168002e-02 8.872839877290190636e-01 3.945886468374204537e-01 7.985996641600546786e-01 1.999547044396349227e-01 8.048343308564084309e-01 2.792998693491813844e-01 7.974565698791197255e-01 4.248538990361957479e-01 3.004882200869644082e-01 8.396807595657994616e-01 8.310648881269411259e-02 4.588869297317552665e-01
3.131720720543439418e-01 5.059332688604304407e-01 3.876522899946058809e-01 1.307331124636169628e-01 4.788615507515573411e-01 1.076515875412373813e-01 9.134267986676359863e-01 4.081736840112074605e-01 6.868576540601600833e-01 6.545870097481769623e-01 9.523904937812639471e-01 8.446609050384673578e-01 3.251733296104297732e-01 7.131619066847405541e-02 6.118920544431502018e-01 8.024505325397444100e-01 6.234390190479947025e-01 3.695510732908503515e-01 7.610800211303856422e-01 6.532210448048437756e-01 6.461863597474848397e-02 6.780481460589743437e-01
4.129737905584940361e-02 5.742469139829506908e-01 1.775235840088363881e-01 1.481193550988540997e-01 6.664631726452974192e-01 1.860166444133666275e-01 2.012758531779060833e-01 1.104981271434011258e-01 3.270603209675262413e-01 9.913049929505353131e-01 9.401444564366001622e-02 6.966281383008471328e-01 2.724517075634977914e-01 3.804035706084785140e-03 5.417308300463696824e-01 7.943347332362820090e-01 1.622915141984009324e-01 5.876445998741546273e-01 1.729144405590569145e-01 9.669310333389218304e-01 9.149905770389127335e-01 7.627874949724635645e-01
6.052475102449372812e-02 4.308785130113600426e-01 3.690632648954270678e-01 7.649248744985811532e-01 1.659387164484795729e-01 3.644966185054643315e-01 8.530342427117625359e-01 7.565891931471885323e-01 1.020020783779163054e-01 9.361440719063044424e-01 8.409582381130197293e-01 5.276404492805464308e-01 6.055488458117941342e-02 1.248124353763047090e-02 6.376939208361327438e-01 1.158914196769961213e-01 7.184113722883195274e-01 6.035526130113330057e-01 3.331807173512416620e-01 7.043401154461124136e-01 1.766466736877180255e-01 4.262775222562611432e-01
4.393729906358531112e-01 4.643330691572505886e-01 5.090633232821863974e-01 7.753357640658453676e-01 3.324960057449983797e-01 8.231200403602098037e-01 9.924645828957074922e-01 6.293108523181590863e-01 9.854420673501322891e-01 2.132144084590736899e-02 8.212573515791476986e-02 7.920100321542699051e-01 7.165963493830571629e-01 6.482353093260073695e-01 1.703686017560595012e-01 8.713565323692501474e-01 7.680356484420323149e-01 2.339662191695343063e-01 3.509793169488426567e-01 4.503208429431863058e-01 5.014886142830795590e-01 3.437222464738576289e-02
5.613397449109154280e-01 5.386874741316935999e-01 5.013000281613118059e-01 6.670307165721480747e-01 9.729076453708014327e-01 3.778854794582375831e-01 1.825782584916569862e-01 8.262679848583979192e-01 8.536335776227872429e-01 1.702646607867716044e-01 5.752877673289655824e-01 8.218107554152909167e-01 5.116209216354974387e-01 3.449259640608203226e-01 8.243701832248355732e-01 7.216093331414134004e-01 2.954749478661293782e-01 7.492580831973522093e-01 1.928696443621233936e-01 3.345336205166176136e-01 4.943302927603056007e-01 4.486098502106729002e-01
7.160575415929990584e-01 6.710240232342009614e-01 6.173549149641953671e-01 2.964016887250919829e-01 8.980822675208284256e-01 6.382070093279019751e-01 3.998694233893762551e-01 8.360585322617073434e-01 8.457144202216873019e-01 1.052960208634398098e-01 9.206944056336594517e-01 8.047444486846704326e-01 9.294850160124171756e-01 7.800242775456334154e-02 1.196619342564233524e-01 3.113612400374126121e-01 3.110909798719452279e-02 4.815635692446313953e-01 1.748449665820802634e-01 9.278387592371953874e-01 2.524830421634547406e-01 3.585338530952096869e-01
4.440124206632155568e-01 8.859665666296034914e-03 1.891172283727187153e-01 9.971282480655380143e-01 1.697757220578208770e-01 6.549833900013916077e-01 5.351867299101504827e-01 8.210803640083662591e-01 3.633856421834239514e-01 6.048233776622568003e-01 7.668361064591850962e-01 2.219314958992119058e-01 1.308261216235989677e-01 9.942478737074529338e-01 9.644526985996777491e-01 6.888681264961870054e-01 8.015036798658603523e-01 8.189091384035234178e-01 4.717824207409804238e-01 6.361808510605249101e-01 4.163440922701677760e-02 3.877643806263542103e-02
2.396109926052090167e-01 9.143948104914145780e-03 6.843579384094169438e-01 3.798797509194813404e-01 8.602961272389096914e-01 7.488453570232707079e-01 1.710478241248331033e-01 3.626246784265629852e-01 5.913908802147851418e-01 8.496330939392748860e-02 9.317935052014004738e-01 1.722389916999138570e-01 3.356439237968246170e-01 8.983742993373646790e-01 3.951406401557725490e-01 7.090979497859007941e-01 3.705854290093659742e-01 6.066511886543418663e-01 9.313463323413173622e-02 5.018981803327681179e-01 2.338773173072414835e-01 9.204120210739563657e-02
4.791195264419436661e-01 2.441922203426308835e-01 4.556495785725053205e-01 6.019775078522803247e-01 5.278623746500425984e-01 9.982398949865634030e-01 8.085285656155805079e-01 6.001721936111481526e-03 4.645913954804522517e-01 9.883390457277618779e-02 5.598990172125417608e-01 8.382095082355677240e-01 3.372797546822015047e-01 7.599469179571141098e-01 4.415928040833476675e-01 4.386532071591024984e-01 1.110993946169577251e-01 3.073568065577516606e-01 6.815192248400026021e-01 4.249283429461734318e-01 9.223647731070956368e-01 3.222650990628314061e-01
2.719098342869852303e-01 4.051132545201044932e-01 9.942656417476047892e-01 9.929611245156549915e-01 2.524948690299191334e-01 5.355972111491398291e-01 9.961440445116124254e-01 1.386808183071229772e-01 9.910195390044513886e-01 5.323028528305550067e-01 8.524200560193868625e-01 6.189459731989153113e-01 7.421077308394175009e-02 6.338808171410414971e-01 6.816912788830624681e-01 4.681791018631450418e-01 3.285533784685131797e-01 6.592387604247358368e-01 5.215195968816435101e-01 2.365123583897696946e-01 2.616729931691900157e-01 7.021140148609752440e-01
4.626256566267604731e-01 7.370638273450133005e-01 1.438670193877455983e-01 9.393672456199531062e-01 3.180754729281579651e-01 8.308746040572242419e-01 1.761486105931864277e-01 8.325239713661587437e-01 7.315185719385698393e-01 2.712352295069001551e-01 9.723084278541582748e-02 3.694394669709684109e-01 1.587762240621635179e-01 2.626623616126944061e-01 2.125535600767328726e-01 8.248198342015466977e-01 5.531225060808441230e-01 2.873505083832716966e-02 2.506457665580614780e-01 6.309114930262134102e-01 3.120795919356211812e-03 3.574214627968475000e-03
8.560893766288231177e-01 5.331083091943722430e-02 1.263191845082040077e-01 1.142266788779577880e-01 6.304540901962263355e-01 5.091634987864464001e-01 4.488276213741791976e-01 3.463854178977416876e-01 7.740175785201098835e-01 5.158846191144084159e-01 6.595674876567473310e-01 5.743114691979167574e-01 5.201665587042169081e-01 4.702422293198603720e-01 1.262032077657082585e-02 4.509328791728761665e-01 6.533361993012176683e-01 1.180594717128478077e-01 7.523526125165346246e-01 5.994156847684495304e-01 8.620126247741406456e-01 3.231229905458432583e-01
8.142660801706703699e-01 8.531808101362696739e-01 2.815167574762086344e-01 4.969986767926193316e-01 4.879191597800773827e-01 1.188760700858845221e-01 2.665965699414338808e-01 4.791358451949091490e-01 6.937854489934770497e-01 3.947721639915480196e-02 6.928131149920536691e-01 3.338988654035717207e-01 7.909064992607334199e-01 6.088076386425538278e-01 1.467592863011457638e-04 5.828157407425988978e-01 3.951093985663410857e-01 8.459674777397021561e-01 2.374160699204210800e-01 3.233553941819284905e-01 1.786986811651980478e-02 8.880163588482773429e-01
4.603611456706722116e-01 5.593599376862898875e-01 9.588097931018215725e-01 8.665118377752277778e-01 6.404267042309472746e-01 1.796090343679311863e-01 2.946755466051143024e-02 9.133947421983682480e-01 8.209277835095685205e-02 5.644858895285411737e-01 5.779082460771388652e-01 4.968990221601120583e-01 2.640645103048642195e-01 1.050241511589630194e-01 1.572977060091647061e-01 8.867679252069050611e-01 7.119601618524517006e-01 4.004921019753505673e-01 3.541974117434889546e-01 7.111082359178861889e-01 7.289521418270699105e-01 1.795427681608713355e-01
9.904408144825215254e-01
9.451814255254542552e-03
9.764886346222459990e-01
1.950976980978917918e-01
1.397280043370208169e-02
4.251293547349110913e-01
6.132808889688091680e-01
2.702679051666837529e-01
9.446589413728232465e-01
5.942141570957701902e-01
7.456192003038808469e-02
6.264377399655477463e-01
1.093316534707493570e-01
5.026642675108261571e-01
5.516354852311537993e-01
9.299229286106680537e-02
8.082878005198351756e-01
9.636182072831661616e-01
1.086379309791847270e-01
6.558882931374162562e-01
6.284067823389830609e-01
9.927802226661546214e-01
ReLU
0.2
22
2
9.047904902999058807e-01 7.309529519607920189e-01 7.269082610224225638e-01 1.483433144854966468e-01 6.978221881762443068e-01 9.047058128517713183e-01 1.021581988971609345e-01 4.432817457270255002e-02 5.068030579538654878e-01 6.350674632875129566e-01 7.736262563929532377e-01 7.288507108550685842e-01 6.918650160072569166e-01 2.701995309933252765e-01 3.829770262347783616e-01 3.339729356568980068e-01 2.666319188025180198e-01 1.799050915635861392e-01 1.087537900266121182e-01 2.677025381933519910e-01 9.819243906939011390e-01 8.503876941532836353e-01
8.818444694696236930e-01 6.251912539502165744e-01 6.301457654774424988e-01 7.090408608194920248e-02 5.310687079640881159e-01 1.267576121595549443e-01 6.791106312476137274e-01 5.814649732835386331e-01 8.443829719912057108e-01 9.897565229132180287e-01 2.829403512302700596e-01 4.678721489403143696e-01 2.859795959735339510e-01 4.609979886481199163e-01 9.120847695762367424e-01 5.428267434081758269e-01 9.767568851415413533e-01 1.670616004510070418e-01 6.527490282602740335e-01 5.069557664122914531e-01 3.269315396965741805e-01 3.442569867432884179e-01
3.645101876963893206e-01
4.827118477320246903e-02
Linear
0.2

ct 2024-06-12 02:13:47.153253
