noname
4
4
4
3
-1.001742868185925062e+00 1.903177170350471847e-01 2.600511889253393605e+00 1.493632525135375477e-01
1.402854394889040845e+00 1.571269691526434586e+00 3.123763648267343651e+00 1.560418471567603937e+00
-2.444414815764358373e+00 9.666459723185151232e-01 1.435536781064469736e+01 1.253749400244605017e+00
-1.355652321849338537e-01
1.690177357894952825e+00
-3.322127780945125952e+00
ReLU
0.1
3
3
1.032666202078467294e-01 -3.251117170741287671e-02 -1.513996189283644878e+00
-3.248800192911469598e-01 7.375362473008820752e-01 -3.074705517782623243e+00
3.893523315689468856e-01 -4.957045527424532722e-02 -1.067075552233391011e+00
-4.958282707305507880e-02
-3.018232140792593415e-02
-1.595943396212016752e-01
ReLU
0.1
3
2
2.615939973667769092e-02 6.324814198676038668e-01 4.918786486146835280e-02
2.989306939291381041e-02 9.125328435008321915e-01 1.224020955420451334e-01
1.923673848681359599e+00
2.817942209176765189e+00
Linear
0.1

ct 2024-06-16 15:23:09.210623
