noname
4
4
4
5
1.952806301286742707e+00 1.350923322117500436e-02 -2.462117424345198202e+00 9.058569970180038178e-01
9.948396320264729642e-03 3.540351568401357563e-01 4.652465556588953333e-01 2.376494049005846987e-01
6.657638670204681919e-01 6.248388250466434535e-01 8.428112103897011931e-01 2.210773448473179470e-01
1.817694659384618272e-01 9.162003122247016629e-01 2.834470422803898604e+00 6.159563654829267598e-01
8.426865545424868653e-01 8.426865501184825913e-01 8.426865723536398622e-01 8.426865634870339683e-01
3.898993746290209672e-01
4.132197072356428302e-01
3.801222507667756378e-01
1.154423845537160931e+00
1.042686545063571835e+00
ReLU
0.1
5
5
-1.449217911984586604e-01 -2.914207394823496444e-01 -8.149632936586256871e-02 1.682025642965248313e-01 6.205846683311576628e-01
4.431759492364412134e-01 -3.581885924891810014e-01 -1.933352264784435337e-02 5.867758049898699757e-02 6.205846691693154282e-01
1.274274772646226683e-01 3.091954739361016391e-01 7.515815977981106233e-01 -2.688458354927082405e-01 6.205846388486395693e-01
7.084549826750156098e-01 5.959605552608326917e-01 2.836656653492559688e-01 9.562050088832823036e-01 6.205846772584771021e-01
8.061915310767959753e-01 8.061915247105225779e-01 8.061914758544850290e-01 8.061915455430171962e-01 8.061915441477380817e-01
9.057147283961418660e-01
9.414417110641070119e-01
4.455966145503560405e-01
1.196090477736583724e+00
8.061915482224097929e-01
ReLU
0.1
5
2
3.750171387509914633e-01 3.962751577362925159e-01 1.789230537728827564e-01 1.212814272200366528e+00 5.502838300941281791e-01
4.887650586629648797e-01 6.054889480543149682e-01 2.724693588905312269e-02 1.338253341940542240e+00 5.502837015821719913e-01
2.309433697428311838e+00
2.689335636203185054e+00
Linear
0.1

ct 2024-06-16 12:17:48.103093
