noname
4
4
4
3
2.210761163321299239e-01 1.474608441558682703e-01 6.978931986341256888e-01 5.069561823730122097e-01
6.400220228821884128e+00 1.395502922414485446e-02 4.560329069310231284e-03 6.446308185377154221e-01
-1.374018856324084492e+00 3.430512664568261538e-01 1.196350426925187005e+00 4.635729458227376143e-01
1.102514948958698282e+00
2.398750284700598978e-01
1.030916014237479361e+00
ReLU
0.1
3
3
9.131248818927429900e-01 7.413656248510546165e-01 9.008929286164326644e-01
-5.378963629270436364e+00 -5.863565235111612317e+00 9.069230270215861145e-01
5.913408543075154844e-01 -1.904241593065110830e-02 2.411516702993496408e-01
9.971883899467035572e-01
-6.202954871298476530e-02
8.578278976218097762e-01
ReLU
0.1
3
2
5.955200743104259731e-01 -9.742633309899613838e-05 1.008349954134039050e+00
6.720123487654432459e-01 4.843383783372544049e-01 7.955836353746839062e-01
1.415836788753623399e+00
1.554085665453871945e+00
Linear
0.1

ct 2024-06-15 22:11:12.383444
