noname
4
4
4
4
1.099941705699600369e+00 1.145581647454600116e+00 9.298370967125002551e-01 8.109649700548723361e-01
8.210278369380868968e-01 9.497398311760057998e-01 9.947575491854018237e-01 6.167344771699069250e-01
7.603231839579005502e-01 8.413060292256996364e-01 6.914648083732063411e-01 5.660802754721738772e-01
1.243062095792957011e+00 1.350273050582550649e+00 5.150483172366888684e-01 1.064362457038411591e+00
8.352748425879700234e-01
5.349104127996952007e-01
4.445378463041939621e-01
1.116476037003785393e+00
ReLU
0.1
4
4
7.654512283401199157e-01 2.827065274254629904e-02 -2.735617462290135943e-02 8.328243875368969151e-01
3.590672116025132171e-02 5.210162860656823991e-01 -8.121087078936325976e-02 6.706565056574753658e-02
-4.329830792257872984e-02 8.772047518839656832e-02 5.126166976623404148e-01 7.422664453679248542e-01
-2.898200724789172233e-01 -6.981127729438528495e-02 2.893128255072404120e-01 1.185455151119478717e-01
8.492784350582740505e-01
6.956179248443088436e-01
6.791712934486255904e-01
-6.226599276657413320e-04
ReLU
0.1
4
2
1.007373932251609538e+00 5.198624836682761430e-01 7.984610808397010207e-01 -1.920171042082301650e-03
9.105148197954725520e-01 3.964242825949567117e-01 7.163012589074925218e-01 -3.277036637515636300e-03
2.040146028695303038e+00
1.680877588843364467e+00
Linear
0.1

ct 2024-06-16 11:51:11.966395
