noname
4
4
4
16
1.807765895083908392e+00 1.290475700494290445e-01 6.504938272893855400e-01 1.026271956603594493e+00
7.452560185384524694e-01 4.511801621386406502e-01 2.172252470631447885e+00 1.523849708995942853e+00
-3.374255879982581141e-01 -1.713707675787707330e-01 1.982977907906654957e+00 5.557705045832280755e-01
6.974592895333137088e-01 8.278597427718985546e-01 -6.064502305925326131e-02 1.010976696828095989e+00
1.163980221281337046e+00 6.730604657002979829e-01 1.411862437609204601e+00 7.930362874261437378e-01
2.021047102075174795e+00 3.849086678917533200e-01 6.095636780304815039e-01 9.230211264477776734e-01
6.225264593390905654e-01 1.958536984668297898e-01 2.471652451580862664e+00 4.831071506437256136e-01
1.002159882387911649e+00 6.724685926885477505e-01 9.564954481293769240e-01 8.702194700695806695e-01
1.047760944991200427e+00 8.906060382709511947e-01 1.856713238717146774e+00 5.127560084346055591e-01
5.367185674950273322e-01 9.577986502733779606e-01 2.208786517478165567e+00 8.776250097025729557e-01
1.127765715006805003e+00 8.429392249840884643e-01 1.634377652325968100e+00 7.644080907202814856e-01
1.979305144585967458e-01 4.912860462577080534e-01 -4.356505707702429397e-01 3.490281914057155599e-01
5.438268876462201140e-01 -1.259000781249852152e-01 1.125076940804510484e+00 1.136215325541433119e+00
7.385431888162586889e-01 6.953838626202260009e-01 1.624743018771962699e+00 6.902847329540023891e-01
1.066163836732336057e+00 3.912527170285197142e-01 1.541563380621550738e+00 9.203870127904730802e-01
3.929004215237755782e-01 3.530043730778315014e-01 2.189594316680847363e+00 9.133470863290363839e-01
9.198107306831097008e-01
9.459898769021566345e-01
2.423405841035232156e-01
6.766003590527754907e-01
1.150082712335245949e+00
6.685449935130869381e-01
9.656652351735887096e-01
3.498224662497271820e-01
1.385481759496301368e+00
1.155072586363984577e+00
8.925364767622232520e-01
-1.042429540798112786e+00
-8.788359339519561386e-01
1.239562139478712410e+00
2.971377457321871529e-01
2.593866425548881360e-01
ReLU
0.2
16
16
-1.195821599870797058e+00 4.087089927879282714e-01 1.392438594273576191e-01 -4.634411723061162003e-01 -4.112863243483870779e-01 4.016907961469074473e-01 2.974704790142532751e-01 -1.827330754471840346e-01 4.263243145521299904e-01 6.847369045959040834e-01 4.559284410917625596e-01 -1.153731151637856500e-01 -2.367400401856348258e-01 1.753786093072084717e-01 -2.114376393034098911e-01 4.625479230538685482e-01
-1.724756209155423603e+00 -1.251964019438337461e+00 -1.666440266814696258e+00 -8.933518972124619983e-01 -9.179964142433292285e-01 -8.567912050036855520e-01 -8.752698808425326549e-01 -1.234095334469412109e+00 -1.671081043529821564e+00 -1.001590652404115600e+00 -9.627165487005211464e-01 -9.675970634479790222e-01 -1.236100958439629194e+00 -1.564603673766942649e+00 -7.201703325485476759e-01 -1.798612630471251750e+00
-1.661264070788882830e+00 -1.348232519668585816e+00 -1.589107796607818202e+00 -1.548065710942819084e+00 -8.718481446000632129e-01 -1.295703464666511318e+00 -1.415487392259790589e+00 -1.022451818060897244e+00 -1.749525229419158778e+00 -9.483991362914235834e-01 -1.509883557421124456e+00 -1.741996858259915015e+00 -8.921568381868150155e-01 -9.471515363277384081e-01 -1.144723389950711212e+00 -1.448028006006924606e+00
5.626581179090640594e-01 8.539242231196552124e-01 -4.128986508269320566e-01 -1.252844106876632169e-01 3.780410107172638146e-01 4.878516449749141781e-01 7.380564851940691895e-01 1.588046833348172870e-01 8.394998163290551263e-01 6.280608176400059861e-01 5.161538669865960161e-02 -9.914930816139879699e-01 -6.788322458189454123e-01 5.701337548614566764e-01 -2.211918541549616757e-01 -2.111966699332938346e-01
3.236952058451909031e-01 9.982553550227304395e-01 -3.266471470136671218e-02 4.145413593878472525e-01 4.229590273925191712e-01 7.575391975927556754e-01 5.228552892142295239e-01 5.903417154815666645e-01 1.211738182981485057e+00 9.555118168794112243e-01 6.895939089983021963e-01 -5.776228223504606962e-01 -7.735579975516735374e-01 4.082318638035723479e-01 6.956774815665878187e-01 2.087458183756101815e-01
4.126660157835598808e-01 1.144451626367240182e+00 2.405463932283951889e-01 -1.055681859261035083e-01 -1.529246190710081277e-01 6.710919584390998005e-02 5.744824006429448682e-01 2.400846546029600237e-01 4.626126087039518775e-01 6.317393110927697064e-01 1.080230343712613450e-01 -9.674698283926611575e-01 -6.189679306991944241e-01 5.249049994334996638e-01 -8.229685888891257947e-03 2.593371883633557307e-01
4.640586730306290320e-01 1.195129749909075612e+00 -2.031525690926242189e-01 -1.864448225622627742e-01 2.897382602910052521e-02 3.402023324886724875e-01 2.536429058671809678e-01 3.053289231529162095e-01 8.533030114911146491e-01 6.592064480776160806e-01 7.126136157001943250e-01 -7.892646975874845205e-01 -9.806276053361944189e-01 1.167700927976720315e+00 3.304237298620759655e-01 4.244675800651577791e-01
-3.071320564046796098e-01 1.145521823426868702e+00 -3.601795301662297916e-02 3.560647191757209673e-01 3.704740679613266474e-01 1.679713770056112943e-01 4.115171464033386406e-01 4.862199402868884746e-01 8.073208326745431318e-01 4.340781502040180762e-01 5.788469715497992496e-01 -4.622289273887011385e-01 -6.203911725993073167e-01 8.121712506230788220e-01 5.716095693819367440e-02 1.640392068226163569e-01
1.806429729806197093e-01 2.998493683285061717e-01 2.460114543518494012e-01 3.903964258477104488e-01 3.957914086800373710e-01 4.905182102803560262e-01 4.984784214365883259e-01 3.627633300626916801e-01 6.896187879514787955e-01 6.613367257600395455e-01 8.301019594111405109e-01 -2.804377932041557941e-01 -8.871145443251435836e-01 1.162834373425115780e-01 -1.266483851409444528e-01 -2.624350024530546777e-01
1.537534259262331449e-01 6.562293278438816047e-02 1.963783734903823130e-01 3.723452581996417043e-01 6.322281595212397853e-01 6.962720781962296046e-01 3.215916530154633302e-01 -2.618382594908578165e-01 6.767178766512780275e-01 1.833054889276366506e-01 4.236674973759080309e-01 -5.399442458525642863e-01 -3.786957335788552759e-01 1.396519877659015973e-01 -3.478725368816480423e-01 -2.715243615280121259e-01
6.738924473504416257e-01 8.835680396666608649e-01 4.568864826516000344e-02 5.547233492675143207e-01 3.211227576171304943e-01 2.147417115873360149e-01 1.662189696364303748e-01 -4.439371822890544328e-01 4.813815964001007530e-01 4.343543787679383927e-02 7.451568268550426977e-01 -1.136650286954293598e+00 -6.723758630203118258e-01 6.716668803788417019e-01 -7.512349404787324603e-02 -5.646353107303672125e-01
4.802824108680178172e-01 4.487016186192196998e-01 -1.745912489370676501e-01 -8.637574826088989521e-02 3.203947687431739633e-01 5.151378601659908352e-01 4.060631005430735407e-01 5.707333044243862244e-03 9.814729013671152913e-01 2.804254309821578306e-01 5.745620020208431766e-01 -2.326774033886943038e-01 -1.787316808663988177e-01 5.076148792085433126e-01 4.071012612648848283e-01 5.476372568663100404e-01
-7.752719959310546693e-01 1.660437333086569878e-01 1.228488931363637404e-01 -6.386401979055617018e-02 1.450021209759041751e-01 -3.728984007058419037e-01 4.455740594442264557e-01 -2.136307512305318790e-01 1.068076172541785329e-01 6.663135056997001593e-01 -3.081961587348644449e-01 -3.779330140880098332e-01 -6.605600440961585662e-02 1.375669306030076477e-01 4.447116788349367300e-01 4.237770258759003261e-01
2.001031005575647503e-01 8.410213824944352545e-01 5.001163629572775993e-02 2.891618974831312583e-01 -4.298608414093857966e-01 6.817907817742905330e-01 5.809635403811453935e-01 -1.149675344411372202e-01 8.141374858969205874e-01 8.354599876692595517e-01 6.157830188297482854e-01 -2.401620740928283315e-01 -9.842523000518257348e-01 2.260066453890470506e-02 1.518970794232178956e-01 8.027028815638291570e-02
-2.340698026093784190e+00 8.081764441863542592e-02 -7.331872404626841311e-01 -1.464194327040469146e+00 -1.752491359770705914e+00 -9.645145996695458912e-01 -6.850418777368538770e-01 -3.417330470294383665e-02 4.872041166162918192e-03 -2.061313182593146609e-01 -5.971385409299487801e-01 -1.718821999283801194e+00 -1.271912412839297790e+00 -6.137568673847786371e-01 -1.341231046972041763e-01 -4.500581897416951471e-01
-1.227796534038212151e-01 1.165524132159120541e+00 2.522295109937300328e-01 -1.695613717565241096e-01 -1.292846283369515903e-01 1.076176084141443751e-01 5.188924908113434070e-02 3.734261412459892737e-01 7.150947690364753973e-01 6.383351523304752195e-01 2.927058510070129627e-01 -3.368085382771158764e-01 -2.542160723467659644e-01 1.023544455317967783e+00 6.034534178503558888e-01 2.347806753863380391e-01
9.526772067447631942e-01
-1.259345703681865825e+00
-8.709499153026889484e-01
8.280076689384965327e-01
1.707343267222680705e+00
1.532418072043770785e+00
1.218504172313497724e+00
1.441174152082655313e+00
1.786423997405417241e+00
7.029883126208582578e-01
9.229896217564702576e-01
1.119465019206652867e+00
7.153937893211822496e-01
1.507942715863347161e+00
8.896305352575792913e-01
1.551496546289176326e+00
ReLU
0.2
16
2
-2.146022219951236598e-02 1.180329329318201115e+00 7.089118369381059992e-01 6.412234971652074345e-01 7.930319363865944160e-01 7.430086733417649025e-01 7.758947599031581488e-01 4.979518204193621456e-01 4.870509776803776392e-01 3.670001623008138369e-01 6.209166247582968978e-01 6.294504082837398817e-01 -5.483289169016786202e-02 5.784013868294279881e-01 5.242182380586234841e-02 3.102544667790251287e-01
4.450185671577979729e-01 6.761707426915286590e-01 5.337490500645880598e-01 1.021417328807968788e-01 8.417720085212980763e-01 3.138668335324344416e-01 8.235567961319903985e-01 7.795854894026300608e-01 5.756528183147034960e-01 -1.147466256989704003e-01 -5.100953807440550963e-02 5.489241768976981239e-01 1.807669746239756181e-01 4.208663662770543157e-01 5.383388473847429134e-01 8.949443555591036770e-01
1.977843471598788039e+00
1.821153872623901382e+00
Linear
0.2

ct 2024-06-12 18:38:25.542011
