noname
4
4
4
12
3.992871206980265875e+00 3.234236004475077308e+00 -2.172077058300100560e+00 -2.397079213976543777e+00
3.703813741686381444e+00 3.734163304021880236e+00 -2.242080472038582073e+00 -2.233581938947045931e+00
3.458297059340757151e+00 3.807140549492570525e+00 -3.145152204245096339e+00 -2.320523414096714809e+00
3.264317362647341625e+00 3.910926295111363693e+00 -2.265910824861598005e+00 -2.347693652826958299e+00
-2.262495436377547797e+00 -2.244082059759104020e+00 4.155290638247306489e+00 3.169984973641740478e+00
-2.409140371543084136e+00 4.083466336628240434e+00 -2.776225671781908932e+00 -2.944919431713775904e+00
3.762127488082556148e+00 3.262327106278466449e+00 -2.354735221756658170e+00 -2.259700596337986145e+00
-2.643654829818561147e+00 3.627481297325861220e+00 -2.305164378469282571e+00 -3.047544438662380450e+00
-2.563671701615102272e+00 4.149365318773083899e+00 3.171268245022581311e+00 -2.435730286722730398e+00
3.169025344747233852e+00 3.982759570733977128e+00 -2.442910449456554112e+00 -2.338534993303571508e+00
4.146596259879013147e+00 3.315457868984663659e+00 -2.622091454208602013e+00 -2.254563475602793243e+00
-3.081884763077636702e+00 3.321969336729920119e+00 3.791412229138025225e+00 -3.070658679316851103e+00
-2.873310912238240533e+00
-2.276674080394800459e+00
-2.984485740952557808e+00
-3.155372044546198573e+00
-2.520258087445803596e+00
-2.322934323098848175e+00
-3.150623950694350750e+00
-2.368363339019286418e+00
-2.586134251373034765e+00
-2.629615924936872240e+00
-2.713792039895545294e+00
-2.912804326425204149e+00
ReLU
0.1
12
12
-2.958097118186426400e+00 -2.181133849438140260e+00 -2.519856758596094704e+00 -2.399379366870721064e+00 -2.890287507658352517e+00 -2.183851085729301200e+00 -3.152115120016672378e+00 -2.499236415545603940e+00 -2.569935279106088988e+00 -3.109230115982741793e+00 -3.091011494469214860e+00 -2.466672564789417876e+00
-2.248497300041185198e+00 -2.307617016512613528e+00 -2.490070631094836173e+00 -2.778809270483356464e+00 -2.344068266146022594e+00 -2.637203874685706051e+00 -2.375005863329029410e+00 -2.964463270839093223e+00 -2.476855752274830902e+00 -2.827499234683844342e+00 -3.111573560867565647e+00 -2.701046872398904508e+00
-3.056341832518494783e+00 -2.337616771376265223e+00 -2.841606001176561591e+00 -3.083140142604834821e+00 -3.161301412525612697e+00 -2.696423023887288828e+00 -2.396563297693174999e+00 -3.006528567558623966e+00 -2.372573253651555358e+00 -2.700110661810594337e+00 -2.819630182793450235e+00 -2.657788968604361646e+00
-2.955785482324453817e+00 -2.844700658248835445e+00 -2.920543858591472919e+00 -2.772640775962349036e+00 -2.948640828045815621e+00 -2.289459046221228977e+00 -2.202918122153688429e+00 -2.216156230475244904e+00 -2.608128265279427538e+00 -3.137565453184052888e+00 -2.707231681918954358e+00 -3.044399911065126751e+00
-2.354551630938547468e+00 -2.741474746608121293e+00 -2.492502902995028968e+00 -2.656563665673654651e+00 -2.374971759047343145e+00 -2.827580062537283112e+00 -2.414908919808063992e+00 -2.219113358097713817e+00 -3.021132566376263817e+00 -3.073608861491070154e+00 -2.627385101042024829e+00 -2.996227842634560989e+00
-2.797173334394099875e+00 -2.944190814951415103e+00 -2.473655322854648286e+00 -2.819439168496773895e+00 -2.463849465307351494e+00 -2.487054429728556837e+00 -2.575754399512334647e+00 -2.807065243911752717e+00 -2.719705381740937788e+00 -2.765417598890915762e+00 -2.251303220921868409e+00 -2.349113695362499143e+00
-3.111517025686305171e+00 -2.879264963138806088e+00 -2.886643152928452416e+00 -2.748554245280469210e+00 -2.528531604460456883e+00 -2.756242053404447390e+00 -2.181966932709898277e+00 -2.471557919282064031e+00 -2.925546390864145696e+00 -3.104900969639392105e+00 -2.936898267320572131e+00 -2.486264746669392345e+00
-2.794440539862685036e+00 -2.663546780851653306e+00 -3.119672504160928561e+00 -2.621002996637794347e+00 -2.225874136563954497e+00 -2.328757290626801257e+00 -3.062676558269091132e+00 -2.393383056892635530e+00 -2.684935075498966928e+00 -2.741764295274510488e+00 -2.680469931702328612e+00 -3.001093663922783428e+00
-2.845987769641235676e+00 -2.311094247365943488e+00 -2.740324974519026568e+00 -2.515818965136731755e+00 -2.637680027389570636e+00 -2.545552665897886868e+00 -2.453621821616290166e+00 -2.439796882710941972e+00 -2.261539782463267034e+00 -2.624721321296800358e+00 -3.013432632451343629e+00 -2.834367886298498451e+00
-2.347964516062186924e+00 -2.349715035119030571e+00 -2.948186431253389639e+00 -2.302552838427130766e+00 -2.247856582727033370e+00 -2.867125031177168992e+00 -2.672015229467457509e+00 -3.120150188081942666e+00 -2.547734532933123575e+00 -3.061104223556357251e+00 -2.325745811591319878e+00 -3.016231337087251330e+00
-2.605343518336867170e+00 -2.930940449375904588e+00 -2.826736286327424796e+00 -2.801703120454186013e+00 -2.337852412450819539e+00 -2.998133339706480882e+00 -2.220879649938584333e+00 -3.051296923634390090e+00 -2.570689890228420982e+00 -3.061264573580315229e+00 -2.795251119234156700e+00 -2.779702998333798192e+00
-2.785658675551987873e+00 -2.789836481911841304e+00 -2.286266253666189296e+00 -2.452196387476279771e+00 -2.799156850273884611e+00 -3.086791763495846830e+00 -2.853605067631102443e+00 -2.749254264398429015e+00 -2.264395880871484135e+00 -2.255652230133854630e+00 -2.163564297362094102e+00 -2.866521509033896020e+00
-2.689215601719461723e+00
-2.936846474750914648e+00
-2.167589765131552326e+00
-2.599732542666736368e+00
-2.806867783519850779e+00
-2.163265196656061651e+00
-3.040429098117189533e+00
-2.408372657061133904e+00
-2.356683810358802589e+00
-2.217049477548105330e+00
-2.363637180089517287e+00
-2.348851297994094978e+00
ReLU
0.1
12
2
-2.243500676993575471e+00 -2.591371565343233652e+00 -2.879592021287812997e+00 -2.969393643243774417e+00 -2.774501161074192535e+00 -2.810810198238627766e+00 -2.348981861697500673e+00 -3.079559433449756245e+00 -2.369892113380475784e+00 -2.431854377513535947e+00 -2.367181785753836198e+00 4.041684342969707799e+00
-2.793369481488865880e+00 -2.477522981402596525e+00 -2.698853353525740406e+00 -2.426766638472050541e+00 -2.807148560135078075e+00 -2.582341125170639629e+00 -2.433966563875103795e+00 -2.446890250984294468e+00 -2.555094236205518676e+00 -2.753990691616328146e+00 -2.590262450396171978e+00 -2.217860026903705428e+00
5.996911337179158252e-01
1.266983544208222234e-01
Linear
0.1

ct 2024-06-03 12:14:47.939919
