noname
4
4
4
4
1.211612773176050872e+00 1.004116327297244649e+00 2.192688134780341330e-02 -5.250910826886731608e-02
1.149285338131127654e+00 1.151494475093523207e+00 1.901859269980874234e-01 3.686698428939316763e-03
1.353601155621134033e+00 1.067491799405713371e+00 -1.567996696970760939e-01 -2.622033581481379994e-01
6.866232168262627056e-01 1.377099634822184449e+00 1.234272012500305937e-01 -3.722050984320107725e-01
-1.692513557936429214e-01
-2.013763962516187667e-01
4.433321027108940160e-01
5.849111898677736843e-01
ReLU
0.2
4
4
-3.213233300207495868e-01 3.736538799271535982e-01 -1.677608758251031562e-01 5.182922219164820543e-01
-3.299205707603111715e-01 5.871049025343990646e-01 1.216540556634686937e-01 -7.763411967987193796e-02
1.635985366971989818e-01 -3.269171080597040313e-01 3.753637458205015542e-02 1.941074908064857885e-01
-4.671470896566783104e-02 6.522348501747790017e-01 -2.316283615846865054e-02 2.735855545047051127e-02
5.654743286494074983e-01
4.489999936337827346e-01
2.091932537931942004e-01
8.190541959452455334e-01
ReLU
0.2
4
2
3.744595133648532248e-01 3.124116947204481076e-01 2.441685201980519082e-01 6.771779867041800571e-01
6.950213351690905927e-01 3.077497875900693236e-01 1.763748609984537585e-03 5.138365927316924653e-01
2.392276112223573614e-01
8.122842580716982397e-01
Linear
0.2

ct 2024-06-11 20:56:51.111906
