noname
4
4
4
4
5.525085044336996987e-01 2.684787797895942796e-01 7.317546702492394584e-01 5.878024885509398612e-01
1.043613149406504625e+00 5.306560950620816675e-01 8.454451374578135781e-01 8.557783625572691621e-02
6.451989603853403032e-01 2.633000219184107871e-01 8.819824272058469639e-01 5.362063936520377050e-01
1.016305496907414119e+00 9.265627913221270440e-01 8.370413027577814358e-01 6.492040732852337737e-01
4.714401561642894700e-01
3.419235842436246231e-01
8.061352646310113168e-02
1.700850124252498152e-01
ReLU
0.1
4
4
2.798959347745845760e-01 4.194083774869474257e-01 6.048577657399880625e-01 8.044141834584832562e-01
3.489254690060478170e-01 9.066537203298351555e-01 2.392022037619377095e-01 7.761412313507375371e-01
6.418785179210342307e-01 2.503717539900975342e-01 8.117011514007276274e-01 6.901656016679280636e-01
5.669643370971915175e-01 6.246131242892993818e-01 1.433341751323884139e-01 2.598861559443946256e-01
3.094098788626771790e-01
2.335864585677044081e-01
9.489963401247649699e-01
1.259328377683303357e-01
ReLU
0.1
4
2
7.611258271952252574e-01 1.097671682783083191e-01 5.455485081936743974e-01 9.698326268281751705e-01
4.953185581322550046e-01 2.788450700694126150e-01 4.699972637404967735e-01 4.633137707272260153e-01
5.173892702934416166e-01
4.624573519206890415e-01
Linear
0.1

ct 2024-06-15 19:22:12.469023
