noname
4
4
4
4
-2.102907916084532758e+00 -1.068414800906901441e+00 -1.316762508256656794e+01 -2.353673589687605539e+00
-2.736378961131000764e-01 -1.342945614623918038e+00 -8.239565070112082168e+00 -3.062958655458380530e+00
-6.062205224185353014e-01 6.464767944628621033e-01 -5.714252997814459611e-01 -1.116763647455730341e-01
6.886635983672619865e-01 -3.187977041072463380e-01 -2.322198536826550352e+01 -8.331502257634721964e-01
3.042141714572307087e+00
-1.800983909358010671e+00
-1.165971399746967840e+00
5.608261436008020517e+00
ReLU
0.2
4
4
-2.230682855390379249e+00 -2.509114277479930766e-01 -6.258153637943812964e-01 -6.063856636934085165e-01
-3.718659527276095833e-01 -4.498540063824654212e-01 -8.286982259017694474e-01 -7.490551415029493842e-01
-1.253546921754746801e+00 -7.225082162448780432e-01 -7.286097844652031918e-01 -1.815134940607862291e+00
-1.054150413469083336e+00 -6.660135641903843773e-01 -3.126342700526772989e-01 5.397643497900902476e-01
-1.824252216826172113e-01
-1.630490385514409502e+00
2.240044580868945090e+00
1.796280056370616496e+00
ReLU
0.2
4
2
-9.299429900420969064e-02 -6.800889322567755801e-01 -1.754884421898903479e+00 8.699717742605161952e-01
-2.079753782501325421e-01 -5.426577248559092403e-01 -1.214424237451528610e+00 8.411960826004372116e-01
3.810200297481577181e+00
2.778141385926705897e+00
Linear
0.2

ct 2024-06-12 09:00:14.528176
