noname
4
4
4
3
-3.935623850387218958e+00 9.898425990521473317e-01 5.992499306483130006e+00 1.494738700985619895e+00
-4.312920922762158438e-01 9.594652144893026646e-01 2.045085864016593202e+00 6.437400965721511437e-01
1.821193564331278880e+00 2.385308199841300159e+00 4.052451447310753352e+00 1.881626459211604985e+00
-1.999107333543771903e+00
-1.132249528243666647e+00
1.586903538618456233e+00
ReLU
0.1
3
3
-1.493247223207188890e-01 -3.514212070578409675e-01 -3.852453731220580879e-01
-8.219539768915529176e-02 -4.176528201789099781e-01 -5.486310482142580103e-01
-1.048677292281961826e+00 -1.974537795831178000e-01 4.627921931858634541e-01
-1.860288525175478325e-02
-2.871460767518710933e-01
-3.630089224627252448e-02
ReLU
0.1
3
2
1.860085718649352182e-01 4.638859100216056325e-02 7.193540278891548123e-01
3.499182375209995421e-01 1.359080810211606705e-01 7.885319905221781500e-01
1.863776127048708986e+00
2.140821036846399572e+00
Linear
0.1

ct 2024-06-16 18:47:49.462891
