noname
4
4
4
4
1.024395130250507213e+00 -9.333208747961923013e-01 -3.384315314246681083e+01 -1.404302070638917099e+00
-1.307563683856217684e+00 7.342228209141725692e-01 7.938319152599388140e+00 1.544168556680914073e-01
4.554772227946336294e+00 4.635622548384330521e+00 3.169369937530581716e+00 4.621172238868314075e+00
-2.311626477249464795e+00 6.309246186476399343e-01 -1.399460904255250382e+00 -2.878822626219746939e-01
-6.195036736612554051e+00
-2.472839764116733008e+00
4.952589194850003373e-01
-5.173260356647509717e+00
ReLU
0.2
4
4
8.201682292533942764e-01 -8.834699033374420196e-01 -6.068432597999540157e-01 -8.589203192102954354e-01
-1.035220436595321925e+00 -1.242266696895374389e+00 -1.047635561911017588e+00 -1.195316335132146746e+00
-1.759022386601591492e+00 -2.616442451547915216e+00 -8.191403347863532858e-01 -9.651401683035334411e-01
-1.512427986739088015e-01 -4.297253497639630937e-01 -9.519219673556890138e-01 -4.100455098058333747e-01
9.212657109873920724e-01
-5.499622626126173808e-01
-5.755353416237897202e-01
-4.680574339433687947e-01
ReLU
0.2
4
2
-1.038787141161618965e+00 -8.024340938877742024e-01 -1.724648428973698522e-01 -1.355603319839078225e-01
-9.984033480400621441e-01 -1.592176551205481960e-01 1.285170289633264407e+00 -5.046269419329570960e-01
3.963732428606199232e+00
4.503586218180053002e+00
Linear
0.2

ct 2024-06-11 22:09:50.045874
