noname
4
4
4
12
1.103883325425543571e+00 8.275154118134909753e-01 -1.530578654118835980e-01 6.140818691987136591e-01
-1.624015092829401929e+00 1.910707620646139304e+00 2.902152835069154335e+00 -2.093625632498163566e-02
1.164939399822341404e+00 1.053229525457763049e+00 9.295300569822453340e-01 8.349260929449451307e-01
4.715921917810333319e+00 -9.606049258984548089e-01 -1.012080108383035260e+01 -4.873934685697224323e-01
1.146586129452715541e+00 1.227544464445418537e+00 -3.453175255756286977e-03 1.011762051507258287e+00
-9.372511884686938188e-01 9.362472704964882597e-01 1.231136760331540181e+00 3.006320981618059163e-01
1.914777508696988262e+00 1.142127396035815812e+00 1.269196760730503692e+00 9.458453317290470563e-01
2.611220721303102899e+00 1.257223809286132088e-01 -2.115136524338036228e+00 5.555181499773972353e-01
1.397966999290822354e+00 8.430826446623155279e-01 1.850411034712437161e-02 5.555189947461713906e-01
2.156828495350805674e+00 1.373011480052943822e+00 1.144278587265283198e+00 1.421486060265370277e+00
2.400207200088834369e+00 1.323315881160389562e+00 6.651589144905899476e-01 1.367606376412523472e+00
1.385363782940606026e+00 7.206753293651352310e-01 7.147117888689096254e-01 6.867042560842344656e-01
5.934946429210843921e-03
-2.989610281502311784e-01
6.646327002154001073e-01
-1.389357528488712523e+00
6.312130662984434259e-01
-4.776847932403482377e-01
9.032675440478310502e-01
-4.285381095160459286e-01
6.564607911304332077e-02
1.462195587550449982e+00
1.238639041693734955e+00
6.451390751708346860e-01
ReLU
0.1
12
12
-2.513062516582027506e-01 8.699088621234730700e-01 2.773383268523080258e-01 1.688545434066816009e-01 -5.335575899081365092e-01 4.406651364212114674e-01 -4.224062388637737087e-01 -3.957851032240381484e-01 -6.081388733437966820e-01 1.927479852046186382e-01 -4.763391250922828779e-01 -7.526893457346223171e-01
-6.039021821582977179e-01 3.553177948854616131e-01 -8.807002467234299747e-02 -8.164846253026326606e-01 -2.765101634301321831e-01 -1.949503981533411978e-01 1.207103808434173420e-01 3.351779736085817030e-01 -3.008380286350142985e-01 4.322239948676135923e-01 -2.790676753196356663e-01 -2.625476783008754422e-01
-1.398616859099711396e-01 -7.954748235108775045e-01 -2.880958836831894465e-01 -1.216597458248441566e+00 -5.732904803311521247e-02 -5.778252034292179484e-01 1.618968097045476451e-01 -3.234354797841032525e-01 -3.433920463880396623e-01 -4.821977457852306692e-01 -6.948551297348490863e-01 -5.600353185379833842e-01
3.380173004153702032e-01 -1.292742337261748586e-01 3.388139052667122897e-01 -1.354265862985895463e+00 2.353592219365220062e-01 -5.452605130191153990e-03 1.804587732246943910e-01 2.173128809643886106e-01 -2.393753620264460202e-01 1.056121560300277373e+00 9.240799814861665462e-01 4.551082665244626790e-01
-5.264532578616114566e-01 5.549454342079135349e-01 1.936414949937044494e-01 -3.102243961578932119e-01 -3.744013784019244867e-02 1.640606454129498737e-01 2.597837960559172543e-02 -5.677866978575299983e-01 -5.712440587135602099e-01 1.407913480520678606e-01 -2.789358235046508483e-01 -8.869263693208976340e-01
1.772242395714566099e-01 9.287875026323331173e-01 2.086703221845006562e-01 -7.371882618578122770e-01 8.164339399565394562e-01 2.786944602461729481e-01 8.847497320864495807e-01 -2.905603764999986072e-01 6.339771465130106254e-01 1.449262580910118281e+00 1.316468224561048173e+00 7.488436985714198579e-01
-3.925394025510359763e-01 -4.153290342596090978e-01 3.450662584851851844e-02 -1.094233269114426976e+00 -3.302878751881048736e-01 2.176596758887020533e-01 7.776342518658248271e-02 7.847470929493316483e-01 6.664359449620714526e-02 4.984706633098283657e-01 5.787175239595954146e-01 -1.362330865812327874e-01
-1.805977968821687318e-01 -7.743138369790562858e-02 -2.776146044742109908e-01 -9.832074986886703283e-02 1.614385411847988616e-01 -2.445922712347644024e-01 2.254317370637280438e-01 9.876463435811018432e-02 -2.602319195294803267e-01 -2.529585455308356878e-01 2.026685131720078470e-01 -5.398114588278330600e-02
1.952262970180840551e-01 5.637484341593071990e-01 8.848935883911084321e-01 -1.160685204250178737e+00 6.111000646565605265e-01 -2.450102407224696577e-01 9.699012351851782343e-01 4.151123906939272468e-01 -9.448783715419929730e-02 6.997623531997573254e-01 1.008534325146062338e+00 1.884646771044042601e-01
-7.168041742612970557e-01 3.754633913090939523e-01 3.873613719730313876e-01 -1.516718999447969757e-02 -1.794742782785952173e-01 3.476323498953873825e-01 2.316218341665372826e-02 -6.459394168193332009e-01 1.722401048326616113e-02 -2.971524791689760803e-01 -3.873483998365734315e-01 -1.190486583802041892e-01
4.323593311839550313e-01 1.102248506731834610e+00 -4.382340213282027302e-02 7.502299292449486900e-01 -2.065997539541290090e-02 6.543528122282239456e-01 3.828164623860869642e-01 -3.600558170639110989e-01 5.668620385749348345e-02 5.355146006571846751e-02 1.920980855395079678e-02 -2.421461960691413395e-01
-4.982850282515295937e-01 -4.151075983667271152e-01 2.016791752260512771e-01 -5.442326651409197247e-01 -3.312490411134291213e-01 -5.409919922399706316e-01 2.266087685330831630e-02 -8.311417791777707675e-01 -1.506353269312363241e-01 -1.274215090234460945e-01 -5.585474204106568585e-01 7.639320181424617828e-02
1.069602022775869798e+00
1.383600118025566594e+00
1.120212774531601507e+00
1.834957912209116415e+00
2.715049930572615011e-01
2.576992365483461001e+00
1.463619918372124351e+00
7.386594396985479705e-02
2.034661172632251436e+00
5.062162063446358218e-01
1.231692848929330841e+00
-2.924443868506547139e-01
ReLU
0.1
12
2
-7.598423601026926821e-02 2.350725479976137344e-01 -2.478340883911846482e-01 9.643782073459974402e-01 -1.711892721195312772e-02 1.116696991699946295e+00 6.302287805190760483e-01 1.450679469335474639e-03 9.888265192945632220e-01 -8.156861953433915124e-02 1.241091409081676450e-01 1.055591720344464246e-01
1.732169718118420632e-01 1.989291671190869248e-01 -2.861020082642421469e-01 8.821427968709967260e-01 1.340540293996514976e-01 1.479658715446684258e+00 3.845369032661052344e-01 -1.106184447465623048e-02 1.073254953445983206e+00 1.233052899616755710e-01 5.020395749105877048e-01 1.643182195897403830e-01
2.543996133775940027e+00
3.327202742425619864e+00
Linear
0.1

ct 2024-06-11 12:14:15.736821
