noname
4
2
2
3
5.508943067532261484e-01 3.216934003703371681e-01
3.215680612054457321e-01 4.344716710223457679e-02
5.444455912838151029e-02 9.116074533092963783e-01
7.167148689560087771e-01
7.408591180639131357e-01
6.777470853959696173e-01
ReLU
0.0001
3
3
-4.403349556129115827e-02 8.584527332933835631e-01 4.205357578510574568e-01
1.661844350339846121e-01 3.684393103613588516e-01 4.052337296502732389e-02
4.071948415983788760e-01 3.375122002701536061e-01 8.683402237051635053e-02
5.162422106181524528e-01
6.625088526313747950e-02
4.842333583414659137e-01
ReLU
0.0001
3
3
4.502729512396816958e-01 4.952721138522663824e-01 7.556190016720298885e-01
7.067607595610095883e-01 6.862383891646710588e-01 3.263547535499854990e-01
9.170996030969493784e-01 8.299457044676592510e-01 -4.351558665540290576e-03
4.410764160947123758e-01
5.131193892357407416e-01
1.374239745523234413e-01
Linear
0.0001

ct 2024-06-02 11:03:12.002208
