noname
4
4
4
4
6.392542131124318017e-02 1.011238181739125608e+00 8.975208534107794733e-01 4.850181138280123538e-01
2.695570939295567903e-01 2.459520387506955175e-01 1.277078331826367430e+00 1.946893130872515143e-01
-7.184331269144943188e-02 6.572537570815343289e-01 6.466907449798257046e-01 2.656375762969529486e-01
6.984493554191386396e-04 1.078554666729851464e-03 1.504992371508197388e-03 6.854355399390999132e-04
4.728600701293793618e-01
6.742754507669818098e-01
2.843132841451527226e-01
1.213411203409801983e-03
ReLU
0.1
4
4
3.636279315854125671e-01 6.235228180960615818e-01 -1.385282180195785695e-01 5.023870666314198636e-04
4.480349305355301737e-01 2.200667646436701153e-01 5.948321514848003977e-01 6.193704172394338134e-04
1.575406219278820685e-01 1.446671501605867050e-01 4.888298088692535348e-01 5.664798195204493814e-04
8.714144045880042010e-04 8.065428708178229520e-04 6.984025771333675576e-04 9.993147984888191802e-04
8.411991705838578470e-01
4.614684713878014488e-01
9.482795407778968899e-01
1.046418143355916245e-03
ReLU
0.1
4
2
7.529538659535648382e-01 7.588841126943858262e-01 7.052568509517915807e-01 1.158641534674893303e-03
9.901115572556121736e-01 7.464912059957836687e-01 8.218076151678563868e-01 1.287765340904852051e-03
9.720666396955570665e-01
8.383088337597370820e-01
Linear
0.1

ct 2024-06-15 23:09:57.820744
