noname
4
4
4
4
1.187461026619641979e-02 9.921866978685811578e-01 9.891087631257308166e-01 4.962302004821412815e-01
2.155997170282787645e-01 2.143254481744169271e-01 1.388418092538223680e+00 2.674405250558127833e-01
-1.069959808957289815e-01 6.698290973269236392e-01 7.251427222527129235e-01 2.584567416387981154e-01
6.368048468097089803e-04 1.108402843438160328e-03 1.660102730910286177e-03 6.815844736962145762e-04
4.762980940346777659e-01
6.228080472543233714e-01
2.907179194992652871e-01
1.112613743691702982e-03
ReLU
0.1
4
4
3.523087527863850155e-01 6.692619541077747813e-01 -1.663309343916213323e-01 4.795314367268557970e-04
4.608981682923052325e-01 1.986496859125287673e-01 5.968631490997705624e-01 5.887284931583643566e-04
1.565539979882332455e-01 1.422839908274095844e-01 4.775198679423821035e-01 5.297789461757728855e-04
8.607580498186934289e-04 7.984212765706563556e-04 6.729406722737391912e-04 9.992395471646257476e-04
8.252392596493202115e-01
4.638917585185206027e-01
9.341270126425821330e-01
1.012516794439486832e-03
ReLU
0.1
4
2
6.807861720799629479e-01 8.114689898328046880e-01 7.673963223689906910e-01 1.172787404099830426e-03
1.092487462369551299e+00 7.167207215945701204e-01 7.971132762910402292e-01 1.350658126125781500e-03
1.040336112143098291e+00
8.572084721739753332e-01
Linear
0.1

ct 2024-06-15 23:10:00.870624
