noname
4
4
4
12
-4.685122603826695764e-01 3.050755562868317505e-01 9.911813729740998058e-01 2.923132120424242614e-02
1.112802043554830117e-01 4.793673709955586504e-01 2.099747595563681202e+01 1.098781001577751715e+00
-1.861526858944993201e-01 1.730675606370414288e-01 2.252541161111950296e-01 4.424057461838436928e-02
-1.281558436468948958e+00 3.332647549996967107e-01 2.471803852755682041e+00 7.093016168711296920e-01
-1.175971115377302922e+00 1.219786747862064313e+00 2.260138298319704642e-01 1.471551898280409665e+00
-1.073968453976265724e+00 9.221418681495642256e-01 7.358790401901772471e-01 6.689130049486453622e-01
2.467184992306417968e+00 2.357542777962749359e+00 5.530251498880669914e+00 2.828089236979338228e+00
-2.830632069033036102e-01 7.060869912665340697e-01 1.554862970988118431e-01 7.502503986060671259e-01
-7.145331399732671729e-01 3.596868008097237612e-01 -4.080644106274395888e-01 6.599933596967813565e-02
9.071641246691467542e-01 2.178428360274429654e+00 1.111118172930493531e+00 1.359911899703746263e+00
-7.791558862134437824e-01 1.509179704602408467e+00 -4.520066603878263756e+00 1.829098845312111532e+00
-4.195819688587862362e-01 9.373104553613328394e-01 1.946752258976501171e+00 7.117976587356252827e-01
-1.517369922148353645e+00
-4.097830970027072084e+00
-5.560390630341759399e-01
-2.915525471642599786e+00
-1.987337261304668257e+00
-1.697515592533021866e+00
2.665705543310030290e+00
-1.018233881278391983e+00
-1.446518044608326337e+00
-3.846378245000305895e-01
-1.725724537910224621e+00
-1.474982071640128067e+00
ReLU
0.1
12
12
-9.132596933862761057e-01 -7.209138079219488127e+00 2.137992081950917944e-01 -5.412599740324388620e-01 5.469581613846477564e-02 2.495930961538168902e-01 1.757340782217404973e+00 -3.692957044760418750e-01 -1.363981536972814768e+00 8.215002422132718918e-01 -2.899087192910732580e-01 8.803458894717909322e-01
2.064212828629825580e-01 -5.777836259538594810e+00 -4.449189921355266586e-01 4.167658708389119782e-01 -3.521831645177774250e-01 1.141144458319207633e-01 -1.074213712344314287e+00 -8.554944936739369843e-02 -1.336283214812190867e-01 -5.356241092890626776e-01 -1.513597840891203195e-01 -4.188635500245310728e-01
4.508433288594221322e-01 -4.009760641741485721e+00 5.893191803504919113e-01 6.206200739276854783e-01 -1.018864564267729228e-01 3.821479202365155037e-01 -9.190071601776710342e-01 8.531753257631242704e-01 5.551065070388990774e-01 -4.800922515087924225e-02 4.163311156795294898e-02 5.371460707457857975e-01
-3.751911678823796059e-01 -2.199612712014072269e+00 6.325673333693357381e-02 -6.447119318333468518e-01 -1.620620832794532395e+00 -1.063428081108922091e-01 -7.732678393638455994e+00 1.848613653106004617e-01 1.823117255910995382e-01 7.468892060013455625e-01 -1.365124399484709317e+00 3.931336395303764442e-01
1.446738756335765652e+00 -5.280856906316315325e+00 -5.192194144561875779e-01 -1.335673867051188957e+00 -3.711527823585627495e+00 2.881369668337708245e-01 -4.000327988398976409e+00 1.175718578090289679e+00 8.346909059575598200e-02 1.301231626225169524e+00 2.955811566823475900e+00 -1.307428190598002749e+00
1.346478421879163945e-01 -8.567610192663343227e+00 -2.110392442488814024e-01 4.318410794245067796e-01 1.483695770052191998e+00 -3.574437080324335270e-01 -8.536716619099905534e-01 2.808092574421989784e-01 8.423620798000809318e-01 -4.137270384846439275e-01 4.289233566745291326e-01 1.553885510119387692e-02
-5.983715002641886160e-01 -3.396671853853821421e+00 1.642347083872798263e-01 -3.869176007518420057e-01 -1.055356595394171954e-01 8.290630448492477753e-03 9.072193239631527462e-01 2.002844220070611747e-01 -6.470340258591918969e-01 5.769304113583487506e-03 -2.126510354575534278e-01 -6.349018793988766562e-01
-1.584225455257904369e-01 -4.831503453495168188e+00 2.032860446056997117e-01 -3.831087374351709873e-01 -2.897563045890413913e-01 -1.620067437661512622e-01 -1.611164341901921704e+00 -8.299597067861116950e-02 2.965205351514255128e-01 1.877410842170361416e-02 -4.945870806874284598e-01 -3.467030180914419391e-01
-8.979911168244555930e-02 -6.337136295387957752e+00 -3.608205200748641484e-01 -1.233847694964063622e-02 -2.440338548474474401e-01 -6.863120123891943702e-01 -6.530249290280477903e-02 -2.250385388021769739e-01 6.987726925917035758e-02 -5.608261437365381630e-01 -2.486703346140328175e-01 -1.062135134103449285e+00
-7.970860908546621992e-01 -3.448820547991966468e+00 1.568645862275295025e-02 -2.399645411684331597e-01 4.538961784119564524e-01 -2.696964986915215690e-01 -5.728980828112271162e-01 5.340642702742397496e-01 1.551729571025473042e-01 -6.690149529463674805e-01 2.199673369731127148e-01 -5.364933094076007603e-01
-6.053400684174290447e-01 -5.587363309231688113e+00 -9.089732413396413302e-02 -2.521768221621695227e-01 -2.510358430690605713e-01 -8.523710661742213146e-01 8.252469012969964046e-01 3.951182615269130394e-01 -2.398291857779329961e-01 6.748960058894237779e-01 -3.486934360895999063e-01 1.648013054595974525e-01
-2.141338768845347795e-01 -9.609893036079693474e+00 -6.862512091624088928e-01 4.495075765594317430e-01 -5.671428953560355701e-01 -7.154689922127129009e-02 -1.369830670042256060e-01 3.244217537734054441e-02 -2.628762623574176782e-02 -4.396916984883616486e-01 7.448397098323501775e-02 -9.131748567826815099e-01
6.922803112638141743e-01
-1.248063962237087265e+00
-1.114993428636716910e+00
1.276413092845726016e+00
3.505070870110049697e+00
-1.966146589446667037e-01
-7.709137616597481202e-01
-2.809738225051491844e-01
-2.215351908239973078e-01
-1.920742841463567996e-01
2.736331209163815448e+00
-1.624216852516352505e-01
ReLU
0.1
12
2
1.226654558241761617e+00 -2.198496663676091090e-01 3.915862860631060260e-01 -1.939530049596946526e+00 -1.375447187549513561e+00 -5.941585522757417831e-02 2.638869773382367390e-01 -3.645622013890272850e-01 3.868229909518713927e-01 1.332328955596161768e-01 1.540834165320344562e+00 9.573210475972654399e-02
1.917103813412966318e+00 -8.990015258488980032e-02 -1.658884819474290839e-01 -3.485007350987096020e-01 -1.157693047494587457e+00 -2.986211596507493682e-01 6.895303217678868668e-01 -2.485227922267354561e-01 -1.250998251716137211e-01 -1.524856034097956878e-02 6.360339192131725383e-01 -6.020675102076696560e-03
7.696585866850443658e+00
6.537963589569731226e+00
Linear
0.1

ct 2024-06-11 13:51:14.282692
