noname
4
4
4
4
4.701973142786031734e-01 6.761506739276642586e-01 7.399721479429158810e-01 1.004701072955522356e+00
6.963483166895459986e-01 5.857019629647813863e-01 -3.215414280182313234e-01 7.294063853665718744e-01
4.487788536568445563e-01 4.751244890869252835e-01 5.927276454365378033e-02 8.482806969936859121e-01
1.567579488315082592e-01 2.036446175183484752e-01 2.728299720062532865e-02 2.751590336130247949e-01
8.242047035367655594e-01
3.394826143763553516e-01
6.467010444896873489e-01
1.665674428691256703e-01
ReLU
0.1
4
3
4.299310396577412652e-01 3.296336377761579506e-01 5.677769001279642236e-01 1.910606896983756686e-01
8.647410855581532108e-01 5.618236560584695116e-01 3.273808187561313976e-01 1.884735217374260974e-01
3.483274361348258075e-01 -3.319105724069303376e-01 5.228046842623405022e-01 1.668060539739127102e-01
8.587673138736438005e-01
5.245249235940379062e-01
3.987927340083086136e-01
ReLU
0.1
3
2
7.061980086888838271e-01 6.141138548604245795e-01 4.487522829056924123e-01
4.887095661351967268e-01 6.948293655922912482e-01 3.030503749183994233e-01
1.131031551187360984e+00
8.999900589705649434e-01
Linear
0.1

ct 2024-06-16 15:20:24.485116
