noname
4
4
4
12
3.298244437901601156e+00 3.615076307243940246e+00 -6.397510357395223224e+00 5.489683202358556002e+00
5.959946466510027685e-01 2.895382695245697358e-01 1.505097208305087264e+01 1.860931633514090411e+00
2.892097207317691598e+00 -9.681305053735064226e-01 -6.546477668543303707e+00 6.801076431016968016e-01
2.346167193742226598e+00 1.524677991678147215e+00 1.263960415406179010e+02 5.344021463117357484e+00
2.420447877467422071e-01 -2.825819675189478741e-01 -6.122741921916531993e+00 6.741207212019628692e-01
-2.312299725889384594e-01 2.097092387746326836e-01 -6.786127266294993632e+00 7.861268571916195380e-02
-1.813211386705239514e+00 5.570685343865778849e-01 -1.410911873547811890e+00 -2.337807116961697351e-01
6.951888773096926322e+00 5.577700692021397622e+00 1.660433105862087544e+01 4.579154008533613762e+00
3.319912572244042348e+00 -1.655672985227277128e+00 -1.151611369300472809e+00 3.215080573851934798e+00
-2.305582371251220231e+00 2.738750453476737956e+00 1.143883154644274214e+01 5.195069863195464599e+00
1.166703658533521981e+00 3.860392089131328586e+00 -5.651108946454143300e+00 5.762799629748288410e+00
-3.187869301180245030e-01 2.198231715713605983e+00 8.028647960015295126e+00 -1.594742271304919301e+00
7.262239537066906836e-01
-1.034497113640850507e+01
-1.165141139103857526e+01
-2.409497586284699366e+01
-2.848315383678582613e+00
-1.136247296969070320e+01
-5.018017009640495019e+00
4.718710530413654070e+00
-1.907144041696211190e+01
-1.821429979376911845e+01
-1.741926291484938005e+01
-1.086046378370956944e+01
ReLU
0.2
12
12
-1.163813572464096335e+00 -1.011326394664057382e+00 -7.580878692092156701e-01 -1.033955405388127469e+00 -6.802537674000955770e-01 -1.047233819225260376e+00 -3.446283841933519554e-01 -1.241311189264462600e+00 -1.171608128866730159e+00 -9.608469826593861729e-01 -9.212442055890169845e-01 -1.269722895166502274e+00
-1.046982307306378868e+00 -1.324268267412584077e+00 -7.977387271934569535e-01 -7.791432418091551737e-01 -1.261454150437373301e+00 -1.183418476610570202e+00 -6.411165007002309624e-01 -7.360387740928511224e-01 -1.216051244038498957e+00 -1.348620925707422202e+00 -1.341610955892179824e+00 -1.334309353041695179e+00
7.682390692168747925e-01 -1.710585865869625799e+00 -5.033492980961217000e+00 -2.305297894065775122e+00 7.855382921460780654e-01 -4.424294708455114744e+00 -1.987749441432159703e+00 1.084646590612845074e+00 -3.670569014818384712e+00 3.295907442497049700e-01 -1.663313796702994729e+00 -4.353178852624514761e+00
-1.025455801129737443e+00 8.598874375273855841e-02 1.874626271673758560e-01 -1.105783431910764447e+00 -5.673571578315130676e-02 2.669287717459709053e-01 -4.090158273696387070e-01 -1.170200344192175335e+00 2.589453625289290795e-01 -2.399582233925760533e-01 -1.157202128492444831e-01 -3.235871973534906409e+00
-4.723530362639211333e+00 -1.868400789911221604e+00 2.620279128386234779e-01 -3.374898717685606897e+00 -3.598013557463868306e-01 -4.538275799385049214e-01 -2.492589968884661999e+00 -4.402568018416860518e+00 2.796685959024444168e-01 -5.804642532097437524e+00 -3.671903598510660727e-01 -4.190005468388373622e+00
-1.495786042489991585e+00 -1.195147295564716189e-01 -1.515991104187700778e+00 -2.031213416009599815e+00 -4.764840074156725391e-01 -1.379458456643816444e-01 -2.889593990587395300e+00 -6.083604831103686550e+00 -1.194138377999983264e-01 -1.072746151508106038e+00 -2.924970644120568619e-01 -2.498846768726088907e+00
-1.483650135101688861e+00 -2.658759618924527945e+00 -1.087569474244461709e+00 -1.690013786241503446e+00 -2.044894375324944613e-01 1.024724827818149359e-01 -8.313660062196375211e-01 -1.740788525153309507e+00 -6.391712633028979518e+00 -7.652942979067463014e+00 2.687297875063141994e+00 -3.130214720448701193e+00
-2.618627145126490863e+00 -5.486810925259320015e-01 -3.706154894645874887e+00 -2.086406920887102778e+00 -8.806686265946458425e-01 2.470407514932469739e-02 -8.276489956221785294e-01 -1.288574279465000494e+01 -5.801847020450781045e-01 -3.079821681031228664e+00 4.532576148538400990e-02 -6.013481282902539693e-01
-1.984682648974743779e+00 6.306677689097064388e-01 -1.471211076649016514e+00 -1.761538332223234082e+00 -2.047647602628575036e-01 -5.113389318859872246e-01 -1.335942387116078045e-01 -3.490596211743187904e+00 8.462690834098239578e-02 -1.818360457996614221e-01 -1.313181989057471133e-01 -2.685446149223720713e+00
-7.702139453207135222e-01 -8.172095432227489686e-01 -1.165099158239818689e+00 -1.280366627430514770e+00 -8.117627573212945480e-01 -7.747266105605356001e-01 -1.468765980503623947e+00 -1.054713361027538987e+00 -9.010528899966843142e-01 -9.591135226330750330e-01 -1.124908808148836536e+00 -1.279558050181674345e+00
-1.056608920118064709e+01 -1.159172136794804242e+00 -3.038933252057981704e+00 -6.203842875175871185e+00 -5.521246838428172099e-01 2.871990740887143123e-01 -2.230013701662825198e+00 -6.406375879365329595e+00 4.855165240011240502e-01 5.992695196432467064e-01 5.505026870776758008e-01 -1.134857753631904442e+00
-9.953454281621489930e-01 -4.460937728165831340e-01 -1.101283462341117625e+00 -2.388272211763249331e+00 -8.958829955819674895e-02 1.683278365573675217e-01 -7.734519983487515571e-01 -2.818845575070107135e+00 -6.997888816978152515e-02 2.549685612982115906e-02 -2.860388018953136102e-01 -1.283405393522990989e+00
-7.002018925344292155e-01
-7.235161584343713370e-01
3.166067147334486798e+00
-2.825073010966976939e-01
-7.151536344632262399e+00
-6.500102082143254245e-01
2.955705470879624208e+00
-7.649376665723992552e+00
-1.228048589507735544e+00
-1.521010329507957559e+00
-6.118118968566613525e+00
-8.443305312462542900e-02
ReLU
0.2
12
2
8.755306366675875696e-01 9.449207403899178015e-01 1.479676772396659734e+00 -7.632573349151075548e-02 -5.882704083073025281e+00 -8.715245743450563687e-01 -1.487797285358945620e+00 2.834668755363941806e+00 -4.404709872633755241e-01 6.656034093422027453e-01 -3.391171225922441135e+00 -5.314944306197959545e-01
6.693011407852719197e-01 9.244190011826439735e-01 1.437740334723780711e+00 3.310619655355863111e-01 5.296440618294812275e+00 -7.054508677025260743e-01 -2.429926931301706450e+00 4.013049761698819218e+00 9.521765339918251136e-01 8.640765708669932987e-01 -2.670662322272135403e-01 -6.225397890430642844e-01
1.047747320171162144e+01
1.026159146365722741e+01
Linear
0.2

ct 2024-06-11 13:37:44.903099
