noname
4
4
4
12
6.745954236037558782e-02 7.621091420195873489e-01 5.686107548963778013e-01 4.341255199665432496e-01
6.354829817601841402e-01 5.590962422664250697e-01 -5.664815265117952858e-01 5.404957041597526768e-01
6.293796913686259265e-01 1.042361612038543051e+00 -5.238125628523503385e-01 7.965636697626503615e-01
8.629378782776816470e-01 4.580909517113439522e-01 -5.154427983560671001e-01 5.920761276226411685e-01
7.131820560210355708e-01 1.843438827849579464e-01 -1.496233634701572834e-01 7.569802719543103908e-01
4.628061715415442978e-01 1.072938685493013411e+00 6.584510533012589706e-01 2.610952876791675648e-01
5.145621071245684020e-01 -6.996525508730521217e-03 4.962305693892737346e-01 6.188471975464461261e-01
3.890107339123415331e-01 7.352379099868756596e-01 6.511420761765868148e-01 4.934847135955616193e-01
5.352696334016530111e-01 7.278995757413579959e-01 2.447198897027085263e-01 6.801886460499197984e-01
-2.522511056240034355e-01 3.368054374747895263e-01 3.549964840006994971e-01 8.476537177161033720e-02
8.993467738700535730e-01 4.784938757955514710e-01 3.451287984025755429e-01 6.571708572914963797e-01
4.683963100609137703e-02 8.232718366649032227e-01 5.559500912695923835e-01 5.496820813668337191e-01
8.380686442091603849e-01
2.820449642612899918e-02
2.106068859185916409e-01
1.605123960538339667e-01
8.610732849075271034e-01
3.988891754165840298e-01
5.804875111175946678e-01
8.725543537952602513e-01
4.489573884613937693e-01
-1.837147069319233772e-02
6.520238869719728880e-01
4.395352017300087621e-01
ReLU
0.1
12
12
1.040282304890522563e-01 2.727133473429636107e-02 4.778489155883717809e-01 6.151838995957165102e-01 4.945061773984821829e-01 -7.374597834006724195e-02 5.499908525459210606e-01 9.103875393519524906e-01 1.269722915319475010e-01 -2.157470855700685808e-01 6.855634167759170339e-01 1.640775766906779065e-01
9.144039502231207650e-02 5.367903102124786940e-01 6.106932960805918631e-01 -2.789161995591503129e-01 8.006739758958624220e-01 -6.526009463006032796e-02 4.442307464129006123e-01 8.879677532943608398e-02 1.760719003215458212e-01 3.242491724188461544e-01 2.435557074308070946e-01 7.305702991734249752e-01
7.800690135564420924e-01 -7.634347035881509924e-02 1.488400851064657637e-01 5.230200815785082114e-01 3.484066577432601286e-01 4.918131659501892572e-01 1.315285039725944682e-01 4.567392378314499291e-01 6.124966211835974894e-01 3.039119752759120718e-01 6.047407408155182074e-01 2.884615025205377048e-01
5.905500529200401472e-01 2.249267113717469402e-01 4.217046549566895730e-01 2.873320523752552758e-01 4.463554209860089994e-01 7.598955707055103925e-01 6.671209845036240038e-01 6.970249647711773688e-01 1.932651180292330462e-01 3.919508993606323211e-01 1.002271419651801443e+00 4.078857833393430554e-01
5.448434652637873521e-02 3.836411916738198813e-01 6.958495343131512745e-02 1.425152968301300893e-01 2.373482703190983312e-01 -1.439164399842614850e-01 3.984075159024023649e-01 3.324579847551465961e-01 -3.004165023663948886e-01 -1.593153943062191047e-01 3.517991639054272174e-02 6.954597460173422840e-01
7.004058442698043452e-01 -2.681923943518374487e-01 1.046553566349294612e-01 2.885767478552327403e-01 -1.931741768367671933e-02 5.200714146765847978e-01 9.674560496304007717e-02 -1.516706372332325137e-01 5.005491873867796704e-01 -6.111044675190598907e-01 6.094044065037834690e-01 -3.488167601996327583e-01
2.391552349603207062e-01 -3.692570646911441101e-01 -5.874318835597761579e-01 -3.013717887540052764e-01 -5.664579928246707974e-01 1.616257850748445135e-01 -1.253132054467868683e-01 -3.922177020312642703e-01 -4.089882993296120595e-01 -1.157618980329660693e-02 1.016538785761162689e-01 -1.149371367388999504e-01
5.827080589923205878e-01 -8.086566570522848996e-02 -6.502582659290630229e-02 2.960420112466861653e-01 3.374313540369454634e-01 2.792224624701128421e-01 4.849399869066338686e-01 6.233249379769226772e-01 1.953252077941766696e-01 8.902583774905485636e-02 3.610311587508008846e-01 3.562893822191680326e-02
3.782399287540441080e-01 -3.257710571473732952e-03 -3.360297556238402150e-02 3.000737284732077903e-01 1.118757116202141688e+00 6.355302577628479943e-01 9.735409871412004090e-01 7.177062737815731452e-01 8.488464571141719484e-01 -2.028558553204229675e-01 9.567503444602329932e-01 2.545001125121084673e-01
2.684586700134007908e-01 2.839028645927240690e-01 -3.460128158332745341e-01 2.890044442414048120e-01 -3.550978762317534565e-02 4.854812344162481863e-01 1.697480698507934094e-01 6.315711751655339601e-01 5.017394458061138485e-01 3.470347433419217476e-01 -1.692553457576790321e-01 7.975895682607320181e-02
3.847047689377608992e-01 -2.854380254404441097e-01 3.896233213942820045e-02 2.743419125836432104e-01 1.550140615058843707e-01 5.484297825602634235e-01 -6.594341471834071211e-02 -1.860182186230449966e-02 3.442865964900181375e-01 -3.479807476449850445e-01 -3.946948280211824978e-01 7.356170741619534603e-02
2.151693881127415831e-01 1.955288104629106516e-01 1.091145122815347090e-01 2.315951154410691715e-01 3.788593532220774773e-01 -3.735667287038245687e-01 -1.578228877185015033e-01 -2.730580213361717967e-01 -3.633885377591787869e-01 -1.382504235340903387e-01 -2.795033777199798508e-01 1.927807356011074225e-01
5.805992687497565363e-01
1.047492595352721656e+00
6.173163787301528815e-01
1.024288978683405960e+00
7.207725076846360768e-01
7.045781198393609168e-01
8.038272686114464327e-02
2.469247806801594947e-01
1.028050765394777244e+00
6.925044303571901150e-01
1.816330994506174801e-01
7.754330865919746574e-02
ReLU
0.1
12
2
4.536440054489937479e-01 3.645211064359868969e-01 7.948047857244842085e-01 8.414729678380858946e-01 3.232384584343464540e-01 2.902131865884297057e-01 7.547244233080903364e-02 4.951620145270365647e-01 1.012307374404624261e+00 3.023365115250151725e-01 1.593740300611798388e-01 4.874377521899422167e-02
6.841734981652979330e-01 8.191181716362876397e-01 4.299850753792817670e-01 1.067671568547436278e+00 5.191850179347708982e-01 4.946136175541980817e-01 1.133170672227878512e-01 3.610223829970887754e-01 9.951201462920381546e-01 5.798461420743296069e-01 1.804075227915653834e-01 2.390687566027087721e-02
1.450595436886711553e+00
1.292859606066430134e+00
Linear
0.1

ct 2024-06-11 13:10:43.586294
