noname
4
4
4
5
1.415856927931091302e+00 1.423744691605914603e-01 -5.236944548970089430e-01 3.578822051743820731e-01
4.210496577640242544e-01 2.414380217705602849e-01 2.047361797786328430e-01 1.539010727262285771e-01
9.614343207277498138e-01 4.081045309828086332e-01 -1.149909937697149859e-01 2.382690823521808055e-01
1.620191804778160338e-03 1.161028523388026642e-03 -8.404802691604975771e-05 5.113327017069128205e-04
1.571191201006611957e-03 1.060909666536773112e-03 -3.948901245711772552e-06 4.667888841636038126e-04
6.071850608610772637e-01
-2.281718053809073110e-01
4.664904748549688618e-01
1.136899387209377435e-03
1.100257046862339414e-03
ReLU
0.1
5
4
-4.041721860661290355e-02 3.354341385284287380e-01 3.583546726260166126e-01 7.947212891349259315e-04 7.826885792536114649e-04
8.162859523092600433e-01 4.071490915669148669e-02 4.965013825461244701e-01 5.150843587992445506e-05 1.053209655973723520e-04
1.183669498582926444e-01 -6.564961861863731485e-02 -1.133480153862368583e-01 3.751388868135809690e-04 2.949369828144976285e-04
7.377816128872959978e-04 9.395743576518444332e-04 5.777035170027057780e-04 9.989856186241065621e-04 9.988577656668338849e-04
6.080644531525229990e-01
4.985221108425648140e-01
1.486256908225386253e+00
1.122344879246538587e-03
ReLU
0.1
4
2
7.279519395460499753e-01 9.167865500023573144e-01 1.278811869518389877e+00 1.317957514045879240e-03
3.132277080264675995e-01 1.025705490544703835e+00 1.092858316855667367e+00 1.225912231505106543e-03
9.211972655446920566e-01
9.004666659091217218e-01
Linear
0.1

ct 2024-06-15 23:06:26.755365
