noname
4
4
4
5
1.094587016265030188e+00 1.064887207316176504e-01 1.758805929097783868e-02 4.042115680479373974e-01
4.331177695925433890e-01 2.701805560862557409e-01 2.070487236868059078e-01 1.535914830190620861e-01
7.809070360916885445e-01 4.085682731551682489e-01 2.274071738350132710e-01 3.184131294913158383e-01
1.286361087773276466e-03 1.138495781387804722e-03 5.590487021286321767e-04 7.570948972800402386e-04
1.226781661919838524e-03 1.050449771106565277e-03 6.507151700675494052e-04 7.073304134567236570e-04
8.806370620861040388e-01
-1.751160673120850386e-01
6.026249897166973124e-01
1.336007724250245663e-03
1.283713842923312658e-03
ReLU
0.1
5
4
3.497424484448415083e-02 3.422241571234960755e-01 3.446836234513026009e-01 7.323474612379104413e-04 7.710193167114026127e-04
8.208945354916874493e-01 6.493522196399439950e-02 6.129126577757203487e-01 3.912193666823470255e-04 5.056803668974622782e-04
1.307620266306971923e-01 -4.115236854126630428e-02 -6.358156796966951685e-02 5.260604969167864339e-04 5.350294014684599470e-04
8.229185700314974386e-04 9.682550676917655013e-04 7.228294685317214778e-04 9.993770981305647328e-04 9.993326455647111913e-04
5.600438978599097117e-01
4.433606551343472479e-01
1.352221195931604614e+00
1.103542936545059494e-03
ReLU
0.1
4
2
6.365347392329094856e-01 8.962036635623703562e-01 1.186664880579337833e+00 1.169631359723810170e-03
3.457272418620805920e-01 9.738694905562126358e-01 1.031491877828955905e+00 1.166341478592964947e-03
6.564516044661236061e-01
7.443124800805631658e-01
Linear
0.1

ct 2024-06-15 23:06:17.321247
