noname
4
4
4
20
5.388023609693347593e-01 -4.065009218706877037e-01 -8.824784802402270145e+00 -2.359337102696555388e-01
-7.677040486356533355e-01 1.255495360267425253e+00 4.111060882977938924e+00 3.695471522982383128e-01
-1.191763768822519776e+00 1.169835161477940533e+00 4.755408991725630585e+00 1.900834603985742388e-01
5.119014294819993482e-01 3.547671257304142456e-01 -4.814095114073968507e-02 2.048004207729601511e-01
-3.286638134407969258e-01 4.112486415274653750e-01 8.262591712442769742e-02 1.710241457177946039e-02
-1.838274469326910132e-01 1.137683969486110502e+00 2.072773208161264868e+00 2.821618050255044197e-01
-2.943168558760773657e+00 -4.196703112873935382e+00 -9.108856798496850260e+00 -5.523868002427129831e+00
3.768019553786701614e+00 4.400052950036506871e+00 6.351405985719289937e+00 5.437212279580098340e+00
-1.935170138847216170e-01 3.846064362357580202e-01 -1.424504615089022819e+00 4.435373228133008272e-01
8.489081027355871445e-01 -5.865530408188485145e-01 -8.351507708563682186e+00 -2.159159964564326406e-01
-7.076084291460388309e-01 1.587069365109550656e+00 7.244237902501318160e-01 8.616512334129426964e-01
-4.883438729601762840e-01 5.524015143635653269e-01 -3.461595113874051388e-01 3.369054505207126349e-01
-3.629937307907369348e+00 1.823629586823801940e+00 7.561580103525529228e-01 8.080057475341585471e-01
-1.884272725928515912e+00 2.199519473142450110e+00 1.736969851928532593e+00 1.289547627963617327e+00
-1.311758112615490912e-01 1.248634554323900581e+00 3.411768640303370148e+01 2.266782075471276414e+00
-3.021831300847152221e-02 -2.024777263626616544e-02 -3.194009984690497461e+00 2.782548342441221734e-01
2.777443122754041580e-02 -2.690951869903138172e-01 -3.982148735349392510e+00 -7.287647809436828550e-02
-2.666866627175014659e-01 -4.163445064695085046e-02 3.925057833074520608e-01 1.633392063107965975e-01
3.223152718890140989e-01 8.487363079022312018e-01 -4.690537208533972269e+00 9.517592309970358544e-01
3.081643152406458586e-01 3.027701965450921850e+00 2.544800053294038022e+00 1.438883997919817137e+00
-2.457191158989367352e+00
-2.397554111745084260e+00
-2.338382355988094741e+00
-9.037552321646342701e-01
-1.555709580367535594e+00
-2.574042331269970507e+00
-1.457291315869092774e+00
1.149268483746690439e+00
-7.795487508661016474e-01
-2.361206322803307334e+00
-1.720466907232960141e+00
-6.377588209125040208e-01
-8.425476403266882741e-01
-3.153082767547720877e+00
-6.600397583599881379e+00
-9.258305500451210479e-01
-1.385951394738966558e+00
-1.709686996325159081e+00
-1.295474866205224007e+00
4.316297837091949141e-01
ReLU
0.2
20
20
2.755336048733990073e-01 -1.264877065946020673e+00 -4.409265543593847703e-01 -2.514244953243814362e-01 3.022352698729546816e-01 -2.569797949338656351e-01 -1.174750819887631303e+00 3.188057942814626067e+00 1.762810987537279939e-01 -1.670647631950372469e+00 -6.279773627775354639e-01 -2.760939537073385866e-02 -1.843608088332664985e-01 1.128120432099545267e+00 -9.414779029113599762e+00 -1.215004292478064248e-02 -7.387434664389187500e-01 5.250874605864852551e-01 3.757891193746085712e-01 2.275473621289406945e-01
-3.305966975624450299e-01 -7.653443266624826435e-01 -1.253479093545115441e+00 -9.340232949533670004e-01 -4.393577429345448815e-01 -1.157425407036098086e+00 -8.457441582105107436e-01 -5.289085854114158325e-01 5.794256243707593956e-01 -3.630363334463053426e-02 3.034060256228927055e-01 -9.106475063718484642e-02 2.125497951671611457e-02 -2.098120620319682966e-02 -2.898046061106643645e+00 -1.639738579304022836e-01 -5.681831972908003570e-01 -1.562874704319522801e+00 -2.366837128977377913e-01 -2.007822241575335287e+00
-4.107954610638383519e-01 -9.234950539063780939e-01 -4.271524322132513873e-01 -1.177213165385055049e+00 -4.089012456699734344e-01 -2.100599608495656412e+00 -7.723529913287131565e-01 -3.208218344692942425e-01 5.726588801336370826e-01 6.850081386732041755e-02 -1.849819996326879656e-01 -4.414738554880485166e-01 3.301849329155437940e-01 -2.738957637533691314e-02 -2.101284162256252142e+00 2.620482656270215482e-01 -2.207089992595115662e-03 -1.593313576564387768e+00 -8.400928816892055950e-02 -8.334892641108260225e-01
-1.977929568881052758e-01 -1.112483526224677499e+00 -8.276862760466038305e-01 -1.128323379255568915e+00 -6.499023401364465435e-01 -1.899205803080540766e+00 -3.018071909052740143e+00 3.252918183985126777e-01 4.636608212936226270e-01 -5.723120198082213284e-01 -2.883578519759816619e-02 6.768634282589578444e-01 6.887692664501744444e-01 3.402469350962603611e-01 -2.414406850167702956e+00 1.734399324601598180e-01 1.473641224206767797e+00 -1.272144137074094239e+00 -6.956670503671149586e-01 -2.373929922513609916e-02
-9.853955185405193218e-01 -8.114151680814678524e-01 -7.811051310132363090e-01 -7.771299944934708659e-01 -5.597595589361964441e-01 -1.462972646043080971e+00 -1.192852241221223686e+00 -1.010660995967173292e+00 1.842002747357275871e-01 -9.451918074333766073e-01 -7.731334515848957700e-01 1.051953145605171863e-01 -8.602610376532490166e-01 -5.356791169668218000e-01 -4.595575910836844358e+00 -1.610881140550924240e+00 -1.412976081438911957e-01 -9.435570081128678011e-01 -8.300264301752541263e-01 -1.872555245874686580e+00
-1.475441282356141359e+00 -1.362478982977334940e+00 -2.257397221628424600e+00 -1.064791442997774729e+00 -1.203675855892728963e+00 -7.768018304090082427e-02 -1.252458690535529273e+00 -1.425743537417395901e+00 -1.287965381680458821e+00 -1.092785795722216680e+00 -2.412102381245034177e+00 -1.313430457776616489e+00 -1.028361958386730723e+00 -9.429444375325746197e-01 -1.728870883549859849e+00 -1.615718113944836443e+00 -1.385053591155716246e+00 -1.445473144259205478e+00 -9.481880214506331894e-01 -1.653517177831991480e+00
-6.919079981967497517e-01 -9.319357033960148362e-01 -1.917694798787427768e+00 -1.212307149350680513e+00 -1.090304819444188666e+00 -6.397806075969947326e-01 -1.224160353896410758e+00 -5.701061629881083448e-01 -1.128696066416864818e+00 -1.676611691682972083e+00 -1.967181817898259855e+00 -5.425151255979158149e-01 -5.422206191675037479e-01 -1.035102768110196525e+00 -7.148433358871285614e-01 -1.106803598410134759e+00 -1.509003329604361010e+00 -1.062329192032775760e+00 -1.458792112243204153e+00 -7.999296005614557892e-01
-8.655617812196431116e-01 -1.268099630925237697e+00 -2.427705033720530814e+00 -1.532798616534969183e+00 -1.468937224678284581e+00 -1.992370550067567470e+00 -1.137775056872204482e+00 -1.029235364909732331e+00 -1.351580106828998762e+00 -6.753333022276778452e-01 -1.887511831436079701e+00 -1.055442101882863470e+00 -1.199452065890766139e+00 -1.374490673978109534e+00 -1.175785744586620440e+00 -1.483711772779960247e+00 -1.821943078053706033e+00 -2.124362452142765978e+00 -4.724825240310975838e-01 -1.542283996622105580e+00
-6.595635270075147494e-01 -6.527723240494776036e-01 -1.765339316660176516e+00 -1.147146872239353632e+00 -8.167438380846158141e-01 -7.750073500560251683e-01 -4.877851593090884452e-01 -8.825848031994171228e-01 -1.027008101740245705e+00 -9.494633925217863535e-01 -1.007816670698764350e+00 -4.742013734981757045e-01 -7.131801187291186839e-01 -9.093642390781676577e-01 -5.600621838114385742e-01 -1.386813944501854357e+00 -1.350668764594954441e+00 -1.356574138380338246e+00 -8.057083895047014721e-01 -1.021794606981846432e+00
-1.112708852782889446e+00 -8.110860817748852813e-01 -3.011986034639049792e-01 -1.187676219397495903e+00 7.113826664043780834e-01 -1.087115261134619315e+00 -9.229457334071271557e-01 2.202554567465270230e-01 6.384144382583856539e-04 -1.039123080526892506e-01 -3.445366287512614534e-01 -4.902121962421444601e-01 -1.575749350169221297e-01 -7.763592615216098336e-01 -1.326421206703377642e+01 -6.238448448668341140e-01 1.003793251161507083e+00 -2.008756240331107945e-01 -2.595399756603927743e-01 -1.112777000917072046e-01
-9.468439619064343837e-01 -1.071136630528804812e+00 -1.959132529049738114e+00 -1.190819007460685475e+00 -5.492016729554339838e-01 -1.859404552337948990e+00 -8.555591893400118497e-01 -3.693234294225559711e-01 -1.009153047831739425e+00 -9.331689925868157376e-01 -2.407678138898892595e+00 -8.396314628072925057e-01 -2.089098430078762392e-01 -1.344831068634065430e+00 -1.542216425240321209e+00 -1.174472633456719484e+00 -1.245804109096168011e+00 -1.817601638338383063e+00 -1.108276114286785186e+00 -1.243848621888022254e+00
6.357994906664117263e-01 -7.586020446796468697e-01 -5.187291624819286850e-01 -1.149450400741087064e+00 -1.626900140153471619e-01 2.601114763073111846e-01 -2.636206667497092315e+00 -1.508944350324099126e+00 7.528583609025655266e-01 1.124523998049953954e+00 -1.000136437794624522e-01 3.795039159714329036e-01 6.493818458509262870e-01 8.792871255449928869e-01 -4.131542091378693549e+00 -4.567348993551565983e-01 3.095513351543416336e-01 6.555520997536253835e-01 9.320266630836527844e-01 8.152887459973946482e-01
-1.224341320586994852e+00 -1.245360898122275017e+00 -2.030408215136540573e+00 -1.613342190036242574e+00 -9.852212735704350965e-01 -3.950600196609609926e-01 -7.912559862143089262e-01 -8.822540307577722007e-01 -1.190543281977817669e+00 -6.139437411365017416e-01 -1.968678157833531506e+00 -5.645288696927426297e-01 -7.735070487670658856e-01 -8.340249387739439024e-01 -8.554710555907080183e-01 -1.545701398401690074e+00 -1.794386791009518367e+00 -1.568375181576971533e+00 -1.416181631239682437e+00 -5.777791734275674607e-01
5.787322470833108357e-01 -1.171690070665956984e+00 -1.468889023186400467e+00 -1.194569673580530234e+00 -2.156651092764940436e-01 -1.351165568298445807e+00 -1.545939060376740226e+00 -2.927331378769893799e+00 3.386925453327182534e-01 -9.012463074689580633e-01 3.091327783741975588e-01 4.434213914319002914e-01 -1.302448365634655936e+00 5.570217408879307719e-01 -2.026062230167791522e+00 1.733603484408068607e-01 1.427188892550050214e+00 -1.881467127782730620e+00 4.768352348359663484e-01 -3.699748843914124397e+00
-1.049920616553317032e+00 -7.279524262304951643e-01 -8.290904814733638384e-01 -1.276694086136002326e+00 -6.113430532578102428e-01 5.981278907257980837e-02 -1.077763559388756232e+00 -1.262621370189339842e+00 -9.967315165406578359e-01 -1.213462571238788534e+00 -1.406305555257993722e+00 -6.744452167522235753e-01 -8.435973002066070592e-01 -9.498207793046600234e-01 -8.019420235273706510e-01 -1.221508218215985764e+00 -1.362181924339835204e+00 -8.137726220107710517e-01 -8.522013669439818528e-01 -1.500051508047530513e+00
-6.803534014960710419e-01 -2.391231608907246065e-01 -6.241043425684464907e-01 6.269493260708465243e-01 3.521995826568687371e-01 -1.464143370397058774e+00 -3.747327036067152339e-01 -1.290468986304508903e+00 -1.441911007769657305e-01 -3.635819694842265526e-01 -8.022142082096740401e-01 -1.653028753807544299e-02 -5.263478511622432521e-01 -1.706658137326906022e-01 -5.057175185530019768e+00 -3.591113063422630147e-01 3.925555412307124015e-01 2.473158408284270582e-01 -4.592903256772620790e-01 -1.781803401157664446e+00
-9.398706991497870478e-01 -1.361830167547261272e+00 -1.591221920692500458e+00 -1.902971675241833749e+00 -5.823185075135933753e-01 -2.273394334940560257e-01 -1.470392755954476272e+00 -1.013436276931132030e+00 -1.235973077305216217e+00 -8.711153264574377220e-01 -1.900225822218764460e+00 -9.733958204575948736e-01 -7.000094973016174338e-01 -9.941319236162969863e-01 -1.147567369355861677e+00 -1.716695505054780968e+00 -1.194640130995614058e+00 -1.672280589820922536e+00 -1.152677676706361787e+00 -4.169832030561480551e-01
-7.309851344157001218e-01 -8.677238529102269116e-01 -2.735693432541362879e-01 -1.533250327978207705e+00 -9.584616118791469130e-01 -4.926610242176849286e-01 -7.943621150319781776e-01 -1.263392721732542245e+00 -9.579206059704670206e-01 -7.096710127327457984e-01 -1.224474251836227046e+00 -2.093525605344241369e-01 -5.683684112303390989e-01 -4.613138112474465258e-01 -9.247426633350958047e-01 -1.360652245303115793e+00 -5.808640078596367662e-01 -1.502180407012347230e+00 -8.568641073327462054e-01 -9.271226865869949263e-01
-1.238789386898040829e-01 -1.319394061029474319e+00 -6.137641581070115704e-01 -5.629656214123773816e-01 -4.317068680475115161e-01 -5.938043442248223114e-01 -7.435634407977391724e-01 3.154254830088006889e-01 3.909320823054545507e-03 -4.602244713572338775e-01 6.006930985172582727e-01 2.801817138694370768e-01 -1.849998464304794810e-01 -5.403288566482152833e-01 -8.227635058911046073e+00 4.722737812790157030e-01 1.354460160773838684e+00 1.127137897457758248e-01 -3.980299254880486637e-01 -1.197370437096530793e+00
3.661292083319726665e+00 -1.300801266148309043e+00 -4.974316893346836244e-01 -7.845054209764172892e-01 3.953721240903635969e-01 -8.574505260738637391e-01 1.382759809227191106e+00 -2.439927174169214119e+00 5.985553235502508729e-01 4.902257035694150389e+00 -3.542300663955080253e-01 2.833664417077916831e-01 -2.129462327172765956e+00 -1.586085371429647006e+00 -1.886301196027934557e+00 -9.250836835163741556e-01 2.949818330429437169e-02 -1.110651439661268114e+00 1.500074453466114510e-01 -4.078970157869543200e+00
5.064601492207144062e+00
-1.141461548883714559e-02
1.259760471193925313e-01
4.121548579510785792e+00
5.247167993634935801e-01
-5.345415761599764393e-02
-3.017843943064793186e-02
-2.266347263161477485e-02
-9.555237970069703213e-01
3.585516995076255764e+00
-5.990189165887478406e-01
1.330097402519760941e+00
-1.062727396396016877e+00
2.178704884041548495e-01
-1.081624560992116013e+00
1.191029630631674552e+00
-8.217328317938969728e-03
-8.155227163289986703e-02
-2.374612966597844377e+00
-7.835471943402022577e-02
ReLU
0.2
20
2
2.724178666781208680e+00 1.483251084018467336e-01 -1.245331266784981544e-01 1.036667601766582569e+00 2.481934204424880164e-01 5.242661490281589343e-01 3.589310700989961078e-01 7.416966812486662786e-01 1.142173146879070789e+00 8.004626926378050067e-01 2.672262377569869507e-01 -3.953976097737209594e-01 1.336963345231523270e+00 -5.677563752974853495e-01 9.486886106541418950e-01 2.722704440023959727e-01 1.211990691373235673e+00 1.149611379904888597e+00 2.370204659709509998e-01 -9.274107106131194156e-01
2.797542906205721991e+00 -1.671771366639765444e-01 -2.275884579279812553e-02 4.760816298599553908e-01 1.425761808414888199e-01 7.004899117594787228e-01 8.142816417129502549e-01 3.037167606830033506e-01 -8.135487895409491133e-01 -2.135011350915756001e+00 3.397171477241780480e-01 2.187708076442614613e-01 -6.738970207072927376e-01 -5.837184289968584405e-01 -5.573946699543309569e-01 -2.394743750114413650e-01 -3.634291396523989803e-01 1.817469659498469059e-02 -1.968347821410036669e-01 -1.353519492955524761e+00
1.906491459945295830e+01
1.981143165710615861e+01
Linear
0.2

ct 2024-06-12 11:26:02.136844
