noname
4
4
4
10
6.228283145080676375e-01 -9.814380612025790374e-01 1.618654931656278606e+01 1.501283683710713079e+00
-1.416063599531830253e+00 7.799523203986103992e-01 3.375876251662263794e+00 1.761545442644282922e+00
2.188100638827010780e-01 6.383584417573858749e-01 2.143185732522121523e+00 1.343025554389147835e+00
-4.848149541938349683e-01 -1.183453243479893890e+00 2.095062787543254856e+01 2.553376961760697839e+00
4.228757702245815042e-01 -8.695295823465356566e-01 2.327288112624457384e+01 2.872421383031252606e+00
-8.525495150504021069e-01 1.522770255255609273e+00 -3.346310535330097480e+00 3.866839667251131818e-01
1.311010753587825983e-01 1.315697747576576593e-01 -1.411327558981625652e+00 -2.157594385943449045e-01
-7.322268159970223289e-01 -2.791317122933964501e-01 -2.040921295540951697e+00 3.134276087168706759e+00
1.583875979141332879e-01 -1.445395506477167857e-02 -1.326507555330108945e-01 8.648895086927883835e-02
1.495116534613646353e-01 -1.109278223412302339e-01 -7.918865149585644359e-01 -9.755220742333499395e-02
6.529890607091862975e+00
-6.161856942625385081e+00
-9.529677447056361217e+00
-1.222466250662036069e+00
4.811327519210026327e-01
-1.331746506635658811e+01
-3.957320139238607482e+00
-1.390144175270670601e+01
-8.882653191756350042e-01
-6.882053749860631564e-01
ReLU
0.1
10
10
1.603997354756213856e+00 -1.092372729483065630e+00 -9.390003047462561758e-01 -8.429985868072169541e-01 -1.405471718203044729e+00 1.434163193834707695e+00 -1.236206017352346143e+00 -4.307217749256408434e-01 -1.397414864580240612e-01 9.162743957246138882e-02
-2.910814272937421732e-02 -8.274612880879497756e-02 -2.614609334385425976e-01 1.000000000000000021e-03 1.000000000000000021e-03 1.000000000000000021e-03 1.000000000000000021e-03 1.000000000000000021e-03 1.000000000000000021e-03 1.000000000000000021e-03
-5.856309813292304156e-01 1.959795184815416313e-01 -2.640745410898189816e-01 -6.437720366684636097e-01 1.000000000000000021e-03 1.000000000000000021e-03 1.000000000000000021e-03 1.000000000000000021e-03 1.000000000000000021e-03 1.000000000000000021e-03
-4.708336683674884671e-01 -6.023728574349245246e-01 1.100000000000000066e-03 -4.987771670747744301e-01 1.000000000000000021e-03 1.000000000000000021e-03 1.000000000000000021e-03 1.000000000000000021e-03 1.000000000000000021e-03 1.000000000000000021e-03
-4.815518733873475066e-01 1.100000000000000066e-03 1.100000000000000066e-03 -5.552606892815963313e-01 -4.751947417515812733e-01 1.000000000000000021e-03 1.000000000000000021e-03 1.000000000000000021e-03 1.000000000000000021e-03 1.000000000000000021e-03
-6.455404615039136429e-01 1.100000000000000066e-03 1.100000000000000066e-03 -7.372965019350209426e-01 -6.389208986154569780e-01 1.100000000000000066e-03 1.000000000000000021e-03 1.000000000000000021e-03 1.000000000000000021e-03 1.000000000000000021e-03
-4.838701269474639521e-01 1.100000000000000066e-03 1.100000000000000066e-03 -5.335779942049747593e-01 -4.917707942477264060e-01 1.100000000000000066e-03 1.100000000000000066e-03 1.000000000000000021e-03 1.000000000000000021e-03 1.000000000000000021e-03
-4.896640447988276357e-01 1.100000000000000066e-03 1.100000000000000066e-03 -4.826808430734401689e-01 -4.916932954094760944e-01 1.100000000000000066e-03 1.100000000000000066e-03 1.100000000000000066e-03 1.000000000000000021e-03 1.000000000000000021e-03
-5.994219412568909666e-01 1.100000000000000066e-03 1.100000000000000066e-03 -5.993841973564137948e-01 -5.993864915770116264e-01 1.100000000000000066e-03 1.100000000000000066e-03 1.100000000000000066e-03 1.100000000000000066e-03 1.000000000000000021e-03
-7.397008932186255326e-01 1.100000000000000066e-03 1.100000000000000066e-03 -7.410596322493222532e-01 -6.900197793819576875e-01 1.100000000000000066e-03 1.100000000000000066e-03 1.100000000000000066e-03 1.100000000000000066e-03 1.100000000000000066e-03
-2.804020730887191518e-02
-1.311280582877847600e-01
-4.028056130233229615e-01
-4.696622212721211498e-01
-4.874864961005079822e-01
-6.489089485118179068e-01
-4.826349534159153909e-01
-4.887625408833194962e-01
-5.993120425983371469e-01
-8.060176304288141358e-01
ReLU
0.1
10
2
6.858583250601147929e-01 8.190850499825104436e-02 1.687284142138694987e-01 8.128854092701967016e-01 -4.827679581738018588e-01 -4.098398093156077615e-01 -4.851756643164903959e-01 -5.001453995024586208e-01 -5.994448893518312671e-01 2.999198235106350641e-01
6.810160404360771080e-01 5.617391046390825954e-02 7.214039533208572996e-02 -5.236068336561219283e-01 -4.783537272190642176e-01 -2.332803412750259764e-01 -4.850657779367792966e-01 -4.766204325173226120e-01 6.016404846523081273e-01 1.729072810826128848e-01
1.606455257099768996e+00
1.653151435911213385e+00
Linear
0.1

ct 2024-06-16 10:26:50.840571
