noname
4
4
4
4
1.661733640125233391e+00 4.320043604021270300e-02 -5.159931794751536627e-01 1.001014848324145001e+00
1.639592978482447561e-01 8.228172536198394837e-01 2.750793001449071795e+00 9.116218597630498799e-01
1.436476844309341472e-01 -1.096943643807798963e-01 -1.226576079892022442e+00 3.654495476546592431e-02
4.743233480393163060e-01 4.743233480393163060e-01 4.743233480393163060e-01 4.743233480393163060e-01
2.332158693267739891e-01
8.155314791412743292e-01
-3.824933431893577374e-01
4.743233480393163060e-01
ReLU
0.1
4
3
7.249283524581676130e-02 -4.084692008249360407e-01 1.734208439731579621e-01 1.045008847166902788e-01
1.132910240504269028e-01 -2.286381724975596330e-01 -4.771122756566407302e-02 1.045008847166902788e-01
5.593938059340182178e-01 5.759868899614479787e-01 1.412592037791966793e-01 1.045008847166902788e-01
-4.779187225232568725e-02
-7.041075790753928421e-02
-5.871578143646390135e-02
ReLU
0.1
3
2
8.440542787993128571e-02 6.507367158016014175e-02 4.103150775659319960e-01
-2.819472888010734341e-02 8.987729124008285442e-02 6.703660896241887546e-01
1.977839058023965313e+00
1.466671294884112298e+00
Linear
0.1

ct 2024-06-16 17:54:48.037642
