noname
4
2
2
3
3.711481263583851775e-01 6.508166879541776861e-02
5.331204179331746618e-01 2.728073606994617095e-01
4.831285325370912598e-01 6.418364169308915512e-01
4.063255757616414388e-02
2.037999043187172787e-01
2.422165719143294371e-01
ReLU
0.0001
3
3
8.331806187269180652e-01 1.893476083109892072e-01 4.978929216927271417e-01
4.242619920944378231e-01 9.826670946073879920e-01 8.654802353069104282e-01
4.405805276473905296e-01 8.573370534931322728e-01 -1.676087981597368859e-03
2.567220721990855492e-01
6.781172330617375732e-02
5.642387219818820743e-01
ReLU
0.0001
3
3
1.831313967613049654e-01 6.494726488706694667e-01 5.420013848379312549e-01
8.684213723495654014e-01 2.296361995854052374e-01 6.750250054586461879e-01
4.181487363888087838e-01 4.766902173889337457e-01 1.968899640506208137e-01
3.380148542753021457e-01
1.929968961078767087e-01
9.474092970509628842e-02
Linear
0.0001

ct 2024-06-02 09:48:12.566926
