noname
4
4
4
18
1.367251106951203665e+00 5.743717921343376442e-01 6.168485277976958336e-01 -2.843920900637896074e-03
4.340395560739377934e-01 8.910717432506122249e-01 6.537478711296774714e-01 6.567662231205581014e-01
7.597115399490238508e-01 1.126524067820626529e+00 3.238276118501875467e-01 2.853647682529011353e-01
2.364402000060357723e-01 9.757108827562696596e-02 2.401402332295539399e-01 8.257744437600902376e-01
3.775309303782130588e-01 4.336872663088149893e-01 2.343909806589895561e-01 3.847454002619783431e-01
1.307162176829671729e+00 8.099871802432841994e-01 3.491276372171664977e-01 3.882006634085226060e-01
5.390404503111569934e-01 -7.279041406528394265e-02 -6.359184636569905659e-03 -3.683962509681857483e-02
1.650812191241290749e+00 1.009854906216647086e+00 -3.037662625374309422e-01 9.871448861737924796e-02
1.312748222879952742e+00 8.052113415184994905e-01 4.421965654385218714e-01 8.592918854361594194e-01
1.506481336183679853e-01 -1.170228048426152495e-01 5.767344263381838365e-01 3.929925044127073330e-01
6.106034844016723362e-01 6.168306275249124671e-01 4.255475537095625982e-01 5.301193116640224856e-01
5.923721954770062581e-01 6.213614487140333154e-01 5.942417838350106951e-01 5.012221028569414649e-01
8.787873872253274543e-01 -5.146799386024016043e-02 6.070245147665107588e-01 7.058802927314905551e-02
1.019829733707925179e+00 8.452305273634317384e-01 1.623181173333930194e-01 1.017783057435051458e-01
9.665041652818552320e-01 2.239508527729947018e-01 -3.671015900834432438e-02 8.075536726179204372e-01
2.249107802304328996e-01 3.035510671179801334e-01 8.952201863615629751e-01 6.017838245220944460e-01
1.051264689542231068e+00 1.901268916551573374e-01 7.725135443934693091e-01 7.514509109938971587e-01
9.011350909445179358e-01 6.035646332464744690e-01 -1.895525268146779768e-02 7.905332907581764657e-01
5.797892564037023799e-01
9.356020878253926698e-01
7.401975095720700892e-01
1.069201642510654082e+00
1.039012322683896816e-01
2.860299708793131446e-01
1.527322912578296943e-01
-2.309226185757439764e-01
-1.010271862018924105e-01
7.167510610191275833e-02
8.726512424495275200e-01
5.927733514499973211e-01
-8.911626440168671781e-01
9.283093977073678671e-01
1.791925084408100000e-01
5.239708522175573480e-01
8.585954788521515946e-01
2.415074682429486919e-01
ReLU
0.2
18
18
8.433600093985788027e-01 9.825966819562470533e-01 1.023487134793526598e+00 1.378200356464374332e+00 -5.258883729539783752e-02 4.425609431978930197e-01 -1.300749445490437251e-01 2.939895714906627933e-01 7.251612046249145127e-01 1.251077371905905178e+00 1.120660945504505346e+00 3.771104290014845040e-01 -7.274960447794991403e-01 1.632008352791478600e-01 7.857653747535632283e-01 1.385775248931800263e+00 1.201598794467656051e+00 1.709703461755099352e-01
7.317094531147446679e-01 2.016378267811339553e-01 2.407456097457718047e-01 4.019007869684847467e-01 -1.804736303472792569e-01 3.770725785041409983e-01 5.949092516872931391e-01 -4.108006759467724284e-02 5.426161364098380790e-01 6.211069854381089383e-01 6.579428771514016505e-01 6.273258388817390951e-01 -2.840468315080708628e-01 7.415691116090157298e-01 3.351945508035895083e-01 2.989295010076084558e-01 4.800055311924282253e-01 7.034607601622613338e-01
-1.360172047253588312e-01 1.124964179827117050e-01 5.162784579043897537e-01 3.427659610063949480e-01 3.389875063810098288e-01 3.616181631626503301e-01 -1.163152441474035598e-01 -4.910217087371614442e-01 5.488866488971049229e-01 8.567836269800771509e-02 2.048165461579165569e-01 2.186874142554578460e-01 -4.103307632074180145e-01 1.718184918642530201e-01 5.553712070622208730e-01 7.289721346414440584e-01 9.233806138270092001e-01 6.764507489245676908e-01
8.041145870179753352e-01 2.972732079795478710e-01 8.103265434331117234e-01 4.995079835794886125e-01 -5.695290983580184041e-02 3.243607606359351081e-01 1.504859617750961276e-01 6.749536986175175279e-01 7.170546913837744230e-02 7.311404691087759478e-01 6.700381490828879461e-01 6.665755661965990786e-01 -9.509096824853300323e-01 1.963720760269620780e-01 4.284144381064380891e-01 8.276966505134273344e-01 7.890019949690457723e-01 3.755015670115107174e-01
4.684308123674703062e-01 -2.490339166802447643e-02 6.406887784840002986e-01 6.949389679680522125e-01 3.513647919160100552e-01 -1.454850586520882727e-01 5.454949117030399863e-01 4.489839175205763144e-01 1.304059594948531742e-01 7.481961846952191186e-02 4.405160746662856175e-01 2.066093896991626211e-01 -3.440045535903935026e-01 8.850540538088917941e-01 6.213562603989057909e-01 1.558246021260467351e-01 8.374976925810534434e-01 7.140535791350075545e-01
5.058580078727628049e-01 4.944414988237707531e-01 3.999675088627810959e-01 8.160826624271180219e-01 6.760971128511750194e-01 -1.558890191701206573e-01 6.195251918256550194e-01 7.758356705677708909e-02 -1.418147124997824471e-01 -4.914444191571084100e-03 9.121835572233653044e-01 8.157300666687180568e-01 -4.843167004869264880e-01 7.700836097584691231e-01 -1.462782376119905747e-01 4.840305546914803192e-01 3.783922028859064701e-01 4.955126615381442168e-01
1.255311692151047931e-01 8.334142370722361637e-01 -6.722095722837632958e-02 5.316243875742628910e-01 -2.570342097345338500e-02 -1.813825846209413950e-01 8.208659079637150580e-01 -6.403836561288932527e-01 7.457405950166734465e-01 4.141761775704237980e-01 9.004797386065854781e-01 1.897890559334391991e-01 -5.060657633435476921e-01 1.124070957755004679e-01 5.559371545870737119e-01 4.801747754278246072e-01 1.202348501434387928e-01 5.341603625106262632e-01
6.469227701482933579e-01 7.571028943878925777e-01 9.935944399442850350e-02 6.895999061426406618e-01 5.373087250683556970e-01 -1.112836307601765135e-01 7.220167119815759094e-01 1.293922770909214093e-01 4.219001661305928352e-01 4.207914054171855295e-02 3.292342142513619008e-01 1.917231158753295861e-01 -3.170353562899977384e-01 3.271408223119696701e-01 1.367914812497409427e-01 5.739875450674490898e-01 6.467601090883148274e-01 4.200708979132641296e-01
1.039151438324120991e-01 2.547324610425268365e-01 7.179047828782717522e-01 8.225075624956909026e-01 1.601767531338252892e-01 6.838321887503067131e-01 1.163742443723307825e-03 1.548165773029460540e-03 6.521564011413650830e-01 5.736088341103796617e-01 5.621968205698750776e-01 2.229158759823899327e-01 -3.037111038098933014e-01 2.599750370838054270e-01 1.060791184272799947e+00 7.298274307295296026e-01 8.075614133932055294e-01 1.464209593318590019e-01
6.968981472900470653e-01 1.064378035462040462e+00 7.182780439186829957e-01 1.117768423162519342e+00 -8.233365180102143743e-02 2.173096690444983325e-01 -5.639702974456296813e-02 -1.729214859401007331e-01 -1.398107749190621307e-01 2.878399280501300339e-01 2.735506491864813094e-01 5.448133689479265351e-01 -2.317957551215037715e-01 6.086108345806334752e-01 7.716537804754183272e-01 2.337578448552201094e-01 4.337082694253524551e-01 2.790842683116501188e-01
6.861653414212260937e-01 6.290289656717948930e-01 3.016174270901041954e-01 8.601040143021886353e-01 6.711877855561552142e-01 6.518438486002355869e-01 9.934525890869806697e-02 -1.536005494411404049e-01 -1.984264894499774001e-01 9.264669024472031722e-03 3.164549150193153859e-01 4.367918009893865805e-01 -6.328489911940610169e-01 9.956308155361206502e-01 3.259731566496931188e-01 9.617828953398630532e-01 8.203985948538238260e-01 7.326238085628890007e-01
1.824293599168238245e-01 1.860355125633489093e-01 9.577393534459726077e-01 8.457919394681745473e-01 9.528963460995458490e-02 6.213929096788864959e-01 9.807817289075812517e-02 4.456509184804361423e-01 8.587773208134957814e-02 3.210542004426719664e-01 9.625548878096773509e-02 9.026677077611934275e-01 -8.046912658298498167e-02 7.286648918677613995e-01 1.392141915964965615e-01 1.375534449392861180e-01 1.759542513700061983e-01 5.190087640703790195e-02
2.011681011351015569e-01 2.720465114000043538e-01 4.882439296637670623e-01 8.446927559412740205e-01 -2.548220261303447698e-01 3.178160721489896590e-01 -8.732371667041624597e-02 2.146336214187144834e-02 5.343410044918706081e-01 5.675053924511305192e-01 7.557016764933371933e-01 1.228767809788152698e+00 -4.136569191146804991e-01 5.060745571940636900e-01 9.461515419340378596e-02 7.030241281554542310e-01 9.238797597659951233e-01 7.188964016359671305e-01
3.114690912961887159e-01 5.658084687817622749e-01 -3.411951742565676460e-01 4.301982418558375487e-01 -3.885822821955763340e-01 -2.419566886572907249e-01 -3.880784150414727796e-01 6.122020576628938171e-01 1.183205483832151239e-01 -3.027561436487020280e-02 2.783031787547586289e-01 -2.313032362219469007e-01 3.667398752820988928e-01 1.933014877077409988e-01 -3.229999327379405871e-01 -3.995337742451861018e-01 1.462525036860364003e-01 2.838959126167555844e-02
2.299237121581568233e-01 -5.945250920477105488e-02 -1.800434536394480700e-01 8.029359507138497110e-01 2.859858715247577954e-01 1.004147134027454646e-01 -2.839393777627339799e-01 -3.468725850923441989e-01 3.214734976890433193e-01 4.526502344184749060e-01 1.461500127964315832e-01 -3.758212993347820330e-01 -9.239963304831408930e-01 2.508854534377379930e-01 5.432353868672930020e-01 1.999766246856865548e-01 8.704893078332431866e-01 -9.051281419592788202e-02
3.908810436936228094e-01 1.346403643452046550e-01 -2.905164663090982202e-01 6.312650506256055616e-01 2.421063570639170881e-01 5.206151635973269715e-05 2.391163815225153255e-01 -3.436296913564355071e-01 -9.348192741377540915e-04 2.302263377748375306e-01 6.377130626899197852e-01 -7.553881677161725094e-02 -1.691989478347898923e-01 -2.075511085057761551e-01 4.753573903203084927e-01 8.969391057150383206e-01 3.648250967643958398e-01 7.649805009303671799e-01
-4.507141291368220171e-01 -1.029114116626479447e-01 -1.125154326521410619e-01 -1.324537779656158043e-01 -8.615948986580630464e-01 -5.591793167613112736e-01 8.224378033765905593e-02 -2.425512406990019132e-01 -2.023197526027188942e-01 9.755570536763592815e-02 -2.199565959138551768e-02 -5.623786437086331080e-01 -1.146565525661192714e-01 1.613529867670145390e-01 -1.541458316328150613e-01 -2.944422574702234563e-01 -5.204319129078474049e-01 1.038422545108016598e-01
4.164425440796401534e-01 2.346288075242788373e-01 7.480749281754605073e-01 9.128085444320941377e-01 6.162559741951563197e-01 1.653005189466846825e-01 -2.537693896690633166e-01 -1.957115947310716642e-01 -3.017788937350836531e-01 2.976840627824862695e-01 3.247203652655292760e-01 4.872898231426642246e-01 4.861190427145328230e-01 5.546124071456228766e-01 2.994119714859011516e-01 1.856866117795499260e-01 3.932578518553384028e-01 3.258096902797771310e-01
1.248301741516237628e+00
1.083513784471705543e+00
1.281782328268404880e+00
3.113182962035953016e-01
2.533318037955726298e-01
1.002409808661275159e+00
3.315978834860674462e-01
2.823191053264195727e-01
8.494163237516785259e-01
8.092150172496639371e-01
3.370638824358198060e-01
2.633284525750950733e-01
1.361541677306317810e+00
5.010019408915304950e-01
8.410888199439487956e-01
1.048680564895903222e+00
-6.287717880305822016e-01
4.755407641962837162e-01
ReLU
0.2
18
2
8.571688400460404367e-01 5.333305265379730820e-01 7.695810080401187525e-01 8.405927216515544087e-01 5.744964674159163120e-01 7.282842337998089999e-01 6.844101952390260202e-01 7.324667215842632917e-01 8.049049015184889244e-01 9.845352039768794361e-01 8.609525858060596004e-01 7.698780865769748738e-01 8.157055462970389526e-01 2.404221943948187112e-01 5.224210354028949732e-01 5.370537588649757499e-01 4.092589085332382637e-01 3.710356014137402569e-01
7.462453666943010822e-01 7.611965254995655128e-01 5.760773665824358014e-01 3.602539286888157832e-01 1.923790127013939866e-01 3.384089750657757190e-01 5.509722402599472879e-01 3.690247333876739977e-01 9.389457055593186663e-01 6.493397283355115679e-01 5.015725229725189749e-01 3.464328550903986725e-01 5.405450059961371956e-01 9.303144488916210986e-02 3.400264397188896281e-01 3.469066269440498895e-01 -1.875103916530179993e-01 6.835232970920189777e-01
9.985290787725799033e-01
5.749127199180077419e-01
Linear
0.2

ct 2024-06-12 11:17:05.067531
