noname
4
4
4
8
1.057713656276946690e+00 8.506898867092433925e-01 5.902743828190614161e-01 1.088325995169322713e+00
5.728531753556425077e-01 1.048939865789468184e+00 5.098432376523518439e-01 6.689570279908170214e-01
8.161365178419287547e-01 9.387891729846249422e-01 -8.143110644954507094e-02 7.615027902468550769e-01
1.237684561856563059e+00 5.121532907042695149e-01 9.134263761352404698e-01 8.530909616275204055e-01
7.886434112745650538e-01 3.809722486237149819e-01 4.244583827615543425e-01 6.341445766849891363e-01
4.747612186930441625e-01 1.705225656092712871e-01 8.368441773679720086e-01 1.559370985634325191e-01
1.012926639938407813e+00 1.028595605555650883e+00 -5.025347987373401243e-02 6.167669356127639668e-01
3.835290031824332702e-01 8.040930406817916598e-01 3.339008172774132754e-01 8.157632316655102356e-01
9.125809194131870861e-01
1.881825812331128223e-01
2.443696574896468965e-01
8.640180568932891436e-01
4.719382749444925307e-01
5.773437084961086097e-01
-5.464581488194258929e-01
6.053872339598823649e-01
ReLU
0.1
8
7
8.748603984961917934e-01 -1.423255413619081700e-01 6.937161715285646846e-01 2.219597283632087081e-01 7.794800085288837721e-01 5.609081109720689406e-01 -1.297080375734032676e-01 9.065621374208486793e-01
8.133976842872356339e-02 -9.282511602308628207e-02 4.203173816372772487e-02 5.425318120933596555e-01 1.210500954537124113e-01 -2.910707433051339943e-01 4.085765749612148556e-01 -3.977295532641067499e-01
9.311413283815282993e-01 2.863402020583862839e-01 2.826303181363666595e-02 8.796904532830364110e-01 -2.443338806811819544e-02 4.339644770124530537e-01 1.715109016048237817e-02 1.719827340684060013e-01
4.666714424982237319e-01 3.990027259818618166e-01 -3.865492690595545566e-02 5.063249576964797827e-01 7.200833346009722913e-01 3.753335875827469859e-01 7.318347558146488796e-02 6.294163645153753039e-01
7.557362933675811911e-01 4.763031916257856047e-01 -6.305192937995833524e-02 1.963442934829395803e-02 8.465010608267433678e-01 -4.070956496300494332e-02 -3.634781748079915498e-01 7.304716271765472335e-01
4.027336777208737617e-01 -4.985993963087255176e-01 -1.232428087938068455e-02 -2.454902821157063375e-01 3.378713386701328036e-01 3.641837699655932625e-01 2.246944013321853229e-01 4.128801380086720707e-01
7.023076768961389327e-01 5.682598614355426347e-01 2.150951724342915761e-01 7.769343805945729819e-01 6.820007101175709074e-01 -6.901735592147568987e-02 -2.463671352921633084e-01 3.026005638426013666e-01
6.643338387857172789e-01
1.480908920958354802e-01
6.050517185144694832e-01
5.041187967164989514e-01
-4.689972578193086356e-02
3.547479249721264272e-01
4.266200892180833648e-01
ReLU
0.1
7
2
8.857034200875441021e-01 3.127520864430143321e-01 9.708781658475201803e-01 1.007041838309562509e+00 4.754247521112540675e-01 3.492911321051700990e-01 6.861559497419260634e-01
4.539632446538128252e-01 2.946869701176924594e-01 9.741984346376705295e-01 5.845003355949556223e-01 6.497054494144972603e-01 2.686270230439380402e-01 7.327747661785314337e-01
4.817125590648827504e-01
1.187875756007120837e-01
Linear
0.1

ct 2024-06-16 21:43:01.529050
