noname
4
4
4
12
-9.675022617528651336e-01 8.593741224721633820e-01 7.262702953062156741e-01 6.338473051155694149e-01
1.828917273032289181e-01 5.410786470093633671e-01 -7.264076805551855642e-01 6.143065589544655092e-01
-1.982841491652218124e+00 -7.239290215358604175e-02 -1.575289670037024692e+00 4.610783996780950522e-01
1.957398648889705273e+00 3.156130984498603187e+00 7.485085829092330556e+00 1.701554825119610870e+00
-1.218716703358639908e+00 1.138818698848728106e+00 -1.488152548662629270e-02 4.446518957465486199e-01
-8.441219734506506533e-01 -8.694439783174766345e-03 -1.111179076893348716e+00 1.883743559911413179e+00
-6.939157788587156928e-01 7.191044556211911853e-01 3.441319099841073648e-01 3.165553449004346875e-01
7.554658615242806352e-01 1.240909747344822289e+00 4.497064936299410287e-01 2.860274966193115720e+00
-3.573934942283216731e-01 8.983662639263281235e-01 5.199463116437685883e-01 3.451162217293340939e-01
-1.904725763798232330e-01 2.715694807314775194e-01 6.273212423651698399e-01 1.479402482032534383e-01
-2.581118102678650605e-01 5.059194168219101062e-01 2.115853885949610103e+01 8.158567021135588737e-01
4.178263500912774653e+00 3.573138154937387512e+00 -2.473936327536527813e-01 2.615587183865408782e+00
-8.821070447612721077e-01
-1.009108608885051828e+00
-9.158148324674796337e-01
2.030214771922309147e+00
-1.773455133533552885e+00
-7.223897958389052798e-01
-8.403684017511331428e-01
1.457311063076963231e+00
-1.335195613032668094e+00
-4.586723648834557521e-01
-4.384822250505505004e+00
-2.897492580774418403e-01
ReLU
0.1
12
12
2.614055641272463038e-01 -1.078982688324658268e+00 -9.053100193689825881e-01 1.173457143559290261e-01 2.372903127087198222e-02 -5.310322922907291243e-01 7.812419919139108881e-02 -2.600154436324149387e-02 -3.241126373206537625e-01 4.236797327906516308e-02 -1.202412581321761209e+01 -1.928391534896154169e-01
-2.888649899196575888e-01 -1.578154062937734969e-01 -1.305667709038840496e-01 -2.336303088864310595e+00 5.695859761277058050e-03 -7.278959505984690381e-02 -4.574449204763458843e-01 2.411500454545012773e-01 4.914250939102357552e-01 -2.066215608630935785e-01 -4.779756633005326272e+00 -6.076968959207701415e-01
-4.255716499221656179e-01 -2.405314581351637726e-01 4.393491363495186652e-01 -1.629271665391467172e+00 -2.301536596402145030e-01 2.718930915706473939e-01 6.881643731703365741e-02 -3.983843099031282309e-01 -9.078280600048352911e-01 -4.729523468366936267e-01 -2.696114155075088004e+00 -9.480256234870922949e-01
2.072800197646224030e-01 -3.899898565762979219e-01 3.585804446378328958e-01 5.741242100595852493e-01 4.096787472299957544e-01 -2.451024596758464846e-01 -2.470204110536070030e-01 1.533122707654931638e+00 1.482816156434675070e-01 -2.968405041935752442e-02 -1.722414174579211377e+01 5.920278035199150191e-02
-7.348196284430102976e-01 -8.781782916978628784e-01 -6.093196509186233900e-01 -8.459790819946702012e-01 -3.101507704383555386e-01 -8.084665804275624756e-01 -6.358436949936638882e-01 -5.117160006440304443e-01 -2.901623059246771219e-01 -8.909634406957120945e-01 -5.125146239658742026e-02 -6.011997762487599761e-01
-2.191081010862419576e-01 -4.146844034486100172e-01 -1.578062363434686310e-01 -6.602508839031311361e-01 -2.777194389852151724e-01 4.151293952368357854e-01 -7.165165815818651529e-01 -3.515021276559573415e-01 -5.926254744869156044e-01 3.359639406736327771e-01 -8.557638986079002308e+00 -9.616354780936287039e-02
-2.733576650064674096e-01 -1.226898351564165990e-01 -2.521074316594515974e-01 -4.687907474127950280e+00 3.763929376339480992e-01 -2.543226149973280004e-01 2.930634802193554100e-01 -4.648831388724437019e+00 4.415551807197306000e-01 6.142494689363015015e-02 -2.464688868840782643e+00 2.817160709548999442e+00
-2.821568476086651067e-01 -4.000228610209952823e-02 -5.981836755373878822e-02 -1.628262520760822341e+00 -1.576241106056821550e-01 -5.313853012494672290e-02 -3.641698815702626990e-01 1.208118341765264392e-01 7.204598653456027735e-02 -3.068461484819597906e-01 -3.926539934635035145e+00 -1.989287219057732370e-01
-1.865920768616713410e-01 5.289860348291776093e-01 -1.125482245208027018e-02 1.039835654264877229e+00 2.814472752303539549e-01 1.613847636516897888e+00 1.399830562906469456e-01 1.014406044654673433e+00 1.775535989988420368e-02 -1.339502020993162124e-01 -6.436322783437655737e+00 1.516798414242404025e+00
3.636214036517876336e-01 -1.993816456926804717e-02 -7.591392796950432453e-01 -2.714099214965949969e+00 -4.250223287833530539e-01 -1.888155263544704532e+00 4.523414832103063721e-01 -2.093764929705991484e+00 7.125785532458206450e-01 -1.836716575669083140e-01 -4.445801265315791895e+00 -1.124415154088056257e+00
-4.227988618918453456e-01 -1.117979614361968688e+00 -4.741137633286653802e-02 -4.020408080546705065e+00 -6.249537283359536399e-01 -2.355885575587944591e-02 -1.860851673767989489e-01 -1.929841863394975710e-01 -8.058382828302803613e-01 -8.878741098153342115e-01 2.873938200819458055e-01 -8.247908149384284293e-01
1.698371245331197210e-01 -6.528075727863198729e-02 2.606352852965486133e-01 -1.295134730571875448e+00 -4.274033252222006474e-01 -1.212839621733547091e+00 2.992805890702746052e-01 1.054896861502398364e+00 1.894266831345160496e-01 -3.288532698206573790e-01 -8.950156340923589582e+00 -9.481156873550706798e-01
-9.173390468825500799e-01
1.467252117766106867e-01
-1.027528004714844290e+00
-6.722500557696116374e-02
-2.418096782827146851e-01
-1.152996287850640983e-01
1.144744736597096413e+00
-7.592575429114104546e-01
1.430204690516385102e-01
8.212756071787682410e-01
-2.001018515191141489e+00
8.854183279696746789e-01
ReLU
0.1
12
2
-5.397526215426581148e-02 1.796260773281532219e-01 2.820210222537285899e-02 1.442691286290650909e+00 1.350167283155116194e-01 2.515941227290994231e-01 -1.300344095086944485e+00 -4.618163695144066223e-03 1.041379094441102104e+00 -8.491081134951478093e-01 -3.865458798485745806e-01 2.599272536467330807e-01
6.097766230139947674e-02 -2.601838150364806368e-01 -5.836458837181557335e-01 8.463113200657469415e-01 1.868587292969478841e-01 -9.597599977325581289e-02 -2.147303907073134371e-02 -4.692925211908832023e-02 1.303090383023849830e+00 -7.679034043390280395e-01 1.033409541118822217e+00 -2.002351653886894067e-01
8.013629297292421683e+00
7.434639910255718576e+00
Linear
0.1

ct 2024-06-10 20:59:30.430992
