noname
4
4
4
6
2.918110620421152657e+00 2.248975302609562910e+00 1.695449581413778217e+00 2.376182399784913635e+00
5.478751043496626894e-01 -2.853388909756500169e-01 -3.209463627288950960e+00 9.075249969721209675e-01
1.105948661287399215e+00 1.124829610463424334e+00 3.161329724074998015e+00 1.240421750573525772e+00
-7.189782675146215718e-01 7.549090434675630457e-01 1.145951236717150223e+01 3.607596337424517907e-02
-9.970293453124463579e-01 9.760188505591421704e-01 1.821928866694489457e+01 1.075751586383416170e+00
-4.116261575151153873e-01 5.553716280463220079e-01 8.432016587661452789e+00 -8.183288182368032848e-02
7.435537630662821806e-01
-4.847982353033434277e-01
1.376401602217117492e+00
-3.148444496293810513e+00
-4.061077328890194238e+00
-2.310168899653394892e+00
ReLU
0.2
6
6
-7.804783502435439502e-01 -5.534650853766344136e-01 -4.055663925237613099e-01 -6.959496702688506842e-01 -7.244756458030524593e-01 -6.455100773459825358e-01
2.626160785693389399e-01 -3.594909681848158511e-01 -3.179763529103513675e-01 -2.812082689707182226e+00 -1.162986458812910406e+00 -1.850060461692604852e+00
-6.894511787187071472e-02 -6.522511446008260050e-01 -2.470096231918470497e+00 -1.855201136860404887e-01 -1.371573576045569121e-01 -1.865647497098689156e-01
-1.751826799896678555e-01 -2.840423882781278886e-01 -5.674531936302699142e-01 -4.028778020148616745e-01 -9.189687224268514587e-01 -2.488490833111160414e-02
1.343430687510284827e+00 2.511784771443585917e-01 7.096057673849763825e-01 -3.410000620940834448e+00 -4.905171336193174803e+00 -2.546458126950011280e+00
-5.167564093627532440e-01 -2.236566439975512799e-01 -1.312552835348902658e+00 -8.502194132155127537e-01 -5.457286622328691994e-01 -1.053839100466950507e+00
-5.741814281322654701e-01
-2.647906349353767452e-01
1.297144256338479629e+00
-9.200227302638121218e-02
-3.810781300230548507e-01
1.457469518905216477e+00
ReLU
0.2
6
2
-5.021986201606046807e-01 2.682440062914185908e-01 -1.340806779135533144e+00 2.339439960975624733e-01 1.075774702349668210e+00 -5.942164415934513277e-01
-7.276108102452525372e-01 1.938947983240809358e-01 -9.702369651340254642e-01 5.815967773329658308e-02 1.008317338936023599e+00 -7.316690060214247060e-01
5.828118318100708350e+00
4.629202699232986440e+00
Linear
0.2

ct 2024-06-12 10:38:41.835886
