noname
4
2
2
3
3.066902051902917758e-01 3.074729710793260296e-01
1.414934601646177514e-01 9.759476583442340258e-01
5.058216364933848519e-01 6.440844345095220885e-03
4.018390188433086374e-01
7.834571443921273248e-01
6.731587833905320339e-01
ReLU
0.001
3
2
2.357485815014225272e-01 3.788378496864138190e-01 4.191326040081922999e-01
5.901622478808919992e-01 2.789421188406684959e-01 3.970853324050532263e-01
5.275153310469690160e-01
9.301614495894252460e-04
ReLU
0.001
2
3
4.718008987009424393e-01 5.059466756394149778e-01
5.925426218616710594e-01 3.997080060720349381e-01
7.988702168098705814e-01 2.218354336598307996e-01
6.454691577861806362e-01
2.311907671714809598e-01
3.085112213726570740e-01
Linear
0.001

ct 2024-06-06 09:44:36.715605
