noname
4
4
4
5
1.228400205410876245e+00 1.145886705330885214e+00 1.538174667200317147e+00 1.427822526183888829e+00
1.415279648863609463e+00 -3.020304514117778116e-01 -5.179613371551692325e+00 -4.588585890554978119e-01
-8.765678905717940728e-01 4.688511716405106000e-01 2.131298980372235530e+00 1.298504123392143494e-01
1.154845948135633016e+00 6.723716844101720325e-01 1.440522561516320577e-02 4.980223610014030688e-01
-6.756158751232653747e-01 4.408338033025350211e-01 1.309317020752192740e+01 6.117186438233449541e-01
1.301944340632986030e+00
-1.042681313118789754e+00
-3.764829359016479970e-01
-1.064606003248114441e-01
-2.553298653339215463e+00
ReLU
0.1
5
5
-3.081180069507317709e-01 -2.491563614594707599e-01 -1.761129529530367221e-01 -1.469976948562717600e-01 -1.490638597276614519e+00
3.344245596858690939e-01 -4.447788422944345399e-01 -1.113994576923699707e-02 3.005970930255671969e-01 -3.914593766145380904e+00
2.385959547526882163e-01 -6.581427216443250794e-01 1.453797990529562822e-01 2.056237346875190719e-01 -3.285133883339093952e+00
-4.134323817193014290e-03 -2.853674649215941911e-02 1.476651622201806680e-01 -1.767084846769093609e-01 -1.154763867055980775e+00
7.954066954331182604e-01 -1.192252759418433117e+00 -1.779563792167569991e-01 -2.215306531060031170e-01 -3.343922339644645358e+00
2.795098386933861367e-01
3.462719386150671652e-01
3.092668767611878589e-01
-8.850967669142073557e-02
8.324431944769161706e-01
ReLU
0.1
5
2
-9.846708483123840783e-02 5.733248276382961750e-01 3.914782429577708389e-01 -3.776415734283286932e-03 1.277880695134108402e+00
1.518718407061212528e-01 5.833368021233966694e-01 3.903392865249421528e-01 5.860554899768680159e-02 9.298741423480856305e-01
3.195979290197185740e+00
2.299491287564584763e+00
Linear
0.1

ct 2024-06-15 16:08:46.060371
