noname
4
4
4
16
-8.578032391966310399e-01 1.073624447190089981e+00 1.465767692337394124e+00 7.902773828557199121e-01
-4.715972969914040136e-01 2.149474248543354893e+00 -2.721944661554227540e-01 9.682694564020061234e-01
2.374124579148198855e+00 3.687704687765329226e+00 6.127626110605729259e+00 2.414344548258020584e+00
-2.547222077459342593e+00 1.131492426905424509e+00 4.159850397136476197e+00 5.349635519895600266e-01
-2.027461140746956159e-01 1.315824563732775898e+00 -4.868743468487122250e-01 1.564742711639641515e+00
-5.144677005267357384e-01 1.296882152422466961e+00 -5.178557239897912251e-02 7.634920867572114744e-01
-7.522634516622859202e-01 9.079879315335690482e-01 4.050929456285028846e-02 6.445924374338691809e-01
-5.699569543432569246e-02 7.167151154839174199e-01 9.159867378914799962e-01 -1.121058431530665006e-01
-7.523941109402946248e-01 2.452268561706194117e+00 2.222543633785399653e+00 5.799166370320671948e-01
-3.861065443156017629e+00 2.411341521690351541e+00 1.910866031293653933e+01 2.692307876459541838e+00
2.024114801143069631e+00 -8.641997506341098090e-01 -6.577764005048505780e+00 -9.489389937100276007e-02
2.716472577458636462e+00 1.175255187880204444e+00 -8.930632531185599410e-01 2.945992241926055577e+00
-8.395111282126478391e-01 1.731474274724191353e+00 5.066236254985384768e+00 1.142683809878961787e+00
6.514133182599889382e-01 1.019773572840701581e+00 -1.978269341919651980e+00 9.046487079350989946e-01
-8.848542584433648495e-01 9.690390390901748585e-01 -6.805520638602451378e-01 9.849696601666428908e-01
1.493104442882562166e+00 2.589990491142874163e+00 8.613752010571967821e-01 1.711786785509645137e+00
-1.253512130147175885e+00
-1.764553073574991748e-01
2.147105838548192924e+00
-1.853624272463185951e+00
-3.215486207257032825e-01
-5.726151679717400578e-01
-1.260973280060989077e-01
-2.237707370054151212e+00
-4.735658678781140551e-01
-4.987423059581076679e+00
-2.567966856826761290e+00
2.797509014794403726e-01
-2.581851865287148939e+00
-5.296476596150544447e-01
-2.540859264857228128e-01
-6.091695568444541881e-02
ReLU
0.2
16
16
-6.998894803040388579e-01 -1.002761308653192796e+00 -1.531206708250980819e+00 5.052189291668943705e-01 -9.915614831822811004e-01 -2.798797107891086711e-01 -5.071518830797780986e-01 -3.117647278610191086e-01 -5.209310839514449398e-01 2.766594713835539121e+00 -9.587225989098133727e-01 -1.754933792906515633e-01 -1.664939598146394362e+00 -5.622702914255681694e-01 -6.670972324814085086e-01 -1.666528567215495915e+00
-1.042799818404130940e+00 -1.288599655066794192e+00 -1.406451034136415812e+00 -1.605631094036987339e+00 -9.715214628497369498e-01 -8.846757384388362899e-01 -1.257379891655124426e+00 -1.021356557205324256e+00 -6.393894181022552470e-01 -1.616633554927766836e+00 -7.607696946292189510e-01 -1.207366895247859562e+00 -1.115965841586048057e+00 -1.326703590387139142e+00 -1.216393849419667328e+00 -1.269736370809905202e+00
-6.556721762696163802e-01 -3.709902722773350536e-02 -3.289862058420933155e-01 2.731448453993017278e-01 -7.515577778341946125e-02 -1.810990262807710693e-01 3.762114164219950568e-02 -5.018841641893065919e-01 4.191209753251798342e-02 -4.844089775246623319e-01 -8.636608133013007338e-01 2.004289603386508190e-02 -1.109944814704336480e+00 -2.256701959092331233e-01 -7.161388307910856454e-01 -2.936596060875708569e-01
2.226877511292699174e-01 -8.023838811117852687e-01 -1.236597366800376241e+00 -2.101166743594070074e-01 -4.538950911397575394e-02 3.563879266573042551e-03 -4.078219513247600125e-01 9.746204375586191293e-02 6.316590904532127793e-01 3.878654281718204033e-01 -3.653647447145358385e-01 2.019765905279213847e-01 -6.512544467117584723e-01 -4.054200712334056211e-01 -1.882707133236255215e-01 -7.843357259847788532e-01
-5.613180771001434755e-01 -1.724175236542881962e-01 6.663907890090947639e-01 -2.047069099963581273e-01 -8.817745690067844977e-02 2.271592481280405029e-01 -6.631742957262333482e-02 -3.227415529779069647e-01 7.222737744825893369e-01 -5.127723503408927463e+00 -9.632558009300953294e-01 -2.701258348625613925e-02 -2.033009285898890184e+00 9.293182003570649163e-02 2.658554917692819153e-01 -1.453677668176051735e-02
-8.096192272292265235e-01 -1.026803912342657776e+00 -7.159574398193029321e-01 6.273438308802410379e-01 -8.574690992768793096e-01 -3.355799729353484695e-01 -1.765609990462634060e-01 -9.988900234710946791e-01 -1.396398027486034588e+00 -2.842784370727612142e+00 -1.044983675090551012e+00 4.162655279604127179e-01 -2.697668453646729692e+00 -6.702486154191201750e-01 -1.217332872314299763e+00 -7.350375899388216228e-01
-1.155805898050935809e+00 9.115441808257607192e-01 2.217932021323844705e+00 -8.478276852439947664e-02 4.678622018788087256e-01 2.785682628033090413e-01 1.495345335959663013e-01 -4.830821568930968035e-01 4.510171265794645779e-01 -4.871416025736766464e+00 -1.146253951492848477e+00 1.731492961385174834e+00 -2.096339391196965884e+00 3.681009408795584692e-01 -7.566594827011963176e-02 7.199628568895229952e-01
-7.325390536276444875e-01 -4.493734273629355069e-01 6.947736008060347856e-01 9.900665122046072020e-02 -8.597986146770345006e-02 7.768452801318778689e-02 2.223769241903795491e-01 -7.234585029186574312e-01 -6.785556920194388830e-01 -6.867498829401749383e+00 -1.278668832587659399e+00 2.478867140243569966e-01 -1.806548181070046333e+00 -1.115890625564566890e-01 3.048340653224607677e-01 4.669976398804645719e-03
4.893206268389563296e-01 1.516186593233704583e-01 -4.502702982641524354e-01 -2.063122298460838278e-01 -2.610956415309054202e-01 3.399607423771056069e-01 -6.647695308410132842e-02 -5.401081574257797779e-01 4.163843239191237777e-01 -1.099278587574143290e-01 4.847289891703167597e-01 -2.407965856167825436e+00 -8.247917540705808070e-01 9.892374832888202463e-02 2.410362565682198921e-01 -8.296104287436184554e-01
-9.463409517336701660e-01 -2.385562217600143420e-01 -4.471701419049497694e+00 4.533069062098399882e-01 -8.211530217517686303e-01 1.510434816762514509e-01 -4.471575871167841054e-01 -5.508773336963075362e-01 -8.217729625051430897e-01 -2.450029845038876886e+00 -5.849538585023222881e-01 -3.628001753945563568e+00 -2.820368009429158884e-01 -6.681126502316516724e-01 -6.660343551215516245e-01 -8.624616732683054732e-01
-8.197971367049631253e-01 -9.333745034112068684e-01 -1.175621309513243506e+00 -1.017077185914289528e+00 -1.348493599382428965e+00 -9.743107567513761280e-01 -8.643254501806236778e-01 -1.538462941511298254e+00 -3.393065479143090868e-01 -9.061280995206566491e-01 -1.028576940651577676e+00 -9.575787392701321510e-01 -1.253112180690847843e+00 -7.223451908434358471e-01 -7.924277123560991010e-01 -1.498511134607486417e+00
-2.734528278136362234e-01 -1.644307470495591506e-01 -6.596032427468555559e-01 2.489544465265871587e-01 -6.518298718869633968e-01 -5.031011727757968011e-01 -6.774202675077156677e-01 -6.037850201307431997e-01 3.462974113602571569e-01 4.299149028805157036e-01 -2.064560481427955840e-01 4.869302469918938003e-01 -2.943663097465551437e-01 -8.259581197256682383e-02 -3.182873397778679392e-01 -4.826648886971396379e-01
-7.465461353537335976e-01 -4.362457802566833132e-01 -2.606800539229358060e-01 3.765457355079488977e-01 1.716403041995733514e-01 -4.119440768043915457e-01 -2.578241745211368730e-01 -7.893350637355035782e-02 -5.899707434264797046e-01 -7.366318793754933480e-01 -1.088919532688129355e+00 1.065365554329191999e+00 -1.875973163704599544e+00 3.824650199791496674e-01 1.942032523610146277e-01 -6.423970019945123289e-01
-8.565597146367502912e-01 -8.902161227064672167e-01 -9.764308239760376429e-01 -6.147990824849303322e-03 -5.505354865145598575e-01 -4.865188053110274247e-01 9.696879929242049889e-02 -1.059182011403002610e+00 2.430621863912031944e-01 3.863502395974271475e-01 -8.287911939288635788e-01 6.695854885791491240e-01 -1.338605351943829014e+00 4.568573785021335931e-01 -6.343761310687764388e-01 -8.287226867873043190e-01
-5.949441301329508880e-01 1.369215620976030334e-01 -6.811167576634630239e-01 2.508186204551678955e-01 1.169426814477527582e-01 1.654855450257794736e-01 1.695389733534806154e-01 -5.415504200003745661e-01 -6.739823296110095674e-01 6.026428742541489747e-01 -1.651460780640553017e+00 2.453476412021184938e-01 -2.248378245289651467e+00 -5.562568705789139312e-01 -8.838177740863681908e-01 -8.767281503275610177e-01
-7.310398078459282578e-01 -1.391416865731050778e-01 -3.050479620482531851e-01 5.821481352703382628e-01 -6.663605497386275722e-01 3.566551824118509573e-01 -1.096879043206486215e-01 -6.422208364369270672e-01 3.137104316573671031e-02 -1.778950190126981079e+00 6.079358039384649692e-02 -1.070983402246812044e-01 -1.084355656163140003e+00 -1.788533277150993472e-01 -2.890400623500632982e-01 -7.749977062788918625e-01
9.848097095786090271e-02
-1.000604699155340782e+00
1.803249378779224199e-01
9.372243258133736710e-01
1.848438983068847685e+00
6.504041957438562171e-01
3.105366467024177624e+00
2.029118960249625125e+00
1.477095218647412000e+00
1.702325157443012715e+00
-1.295323598710359736e+00
-5.688615123341299318e-02
6.682402968895244655e-01
3.878439726201687310e-01
2.542010019298557300e-01
5.788195363933290594e-01
ReLU
0.2
16
2
2.090544679616921087e-01 7.678635340705238788e-01 -1.866996447821503771e-02 1.517839106066846411e-01 6.023734235650873847e-01 1.900245779314867212e-01 1.692937359380993101e+00 1.180502985203955468e+00 -3.197405580015869608e-01 -1.410407532638341843e+00 3.555690879670828086e-01 2.734574569316639558e-01 3.472627158447796347e-01 3.165289748510650703e-01 1.951487781792674847e-01 -6.178785827479556236e-02
3.536438664859172798e-01 4.650458036720394039e-01 -1.240983960482629767e-01 -3.458299636275395383e-01 6.468511504548850599e-01 -3.967023069825271198e-01 2.021135330324987933e+00 7.603960936427154316e-01 3.306811000448803273e-01 -8.667469684978165168e-01 3.929663132201408580e-03 1.860010689245449045e-02 -2.533677039162643765e-02 -4.710903311277914174e-02 -8.789014435371286793e-02 7.418395691262763547e-02
5.254092073108142635e+00
5.913237879098996785e+00
Linear
0.2

ct 2024-06-12 18:38:54.419422
