noname
4
4
4
16
9.340024081788140808e-01 1.673297163268304688e-01 2.862526535602401001e-01 9.856743224780367685e-01
2.794832444285774153e-01 9.359238645055319994e-01 5.195346642655280789e-01 6.131598110593435846e-01
8.984892070515274609e-01 8.682630183411410574e-02 4.142306606598691321e-01 1.162191561540349971e-01
1.647956773584253742e-01 8.858646264166870621e-01 4.020189636819426759e-01 2.003285650709798471e-01
3.305386295516876682e-01 6.816877806157350950e-01 6.330161389524988635e-01 4.355426535725808179e-01
2.875161281383100675e-01 8.230388227803111523e-01 5.281590599433918509e-01 5.697723061844375270e-01
1.453889677098669786e-01 1.575629824714153138e-03 2.527281698907675178e-01 2.323591957489612447e-01
1.392798889840680676e-01 6.022664714717952394e-01 9.389853421081685303e-01 1.206352583450831517e-02
8.501462335777785206e-01 3.621055504310892736e-01 5.681923490783175046e-01 3.899104477213821696e-01
9.429150059443812681e-01 9.991490114654610899e-01 1.265651348118572717e-01 8.611500772196991615e-01
8.653506100524858136e-01 8.340795212590412788e-02 6.160712759373272451e-01 9.808231626908079370e-01
2.001649158114864324e-01 6.873586432931786394e-01 9.273936972119664057e-01 3.434178452703304796e-01
1.892881225260040212e-01 8.867620089876735445e-01 5.304347764037818935e-01 8.245976937341474855e-01
2.588368747528240199e-01 5.022644863544956095e-02 8.454453982970012715e-01 9.402400549572644817e-01
1.142727941356695975e-01 9.295350661476461385e-01 5.380525409983641927e-01 9.199053459813189004e-02
6.330793868628606935e-01 8.567483945310639948e-01 2.212161084633889052e-01 1.037594815612465915e-01
2.111974141848205200e-01
5.056583138244243880e-01
9.576912625422893122e-01
1.853661101670471822e-01
6.720687730140550986e-01
4.736763387904167066e-01
3.946754681517249397e-01
2.028057263426552570e-02
2.472041986234818634e-01
4.439337694818867863e-02
9.077944730961462483e-03
6.643469843859604040e-01
1.995869658746525221e-01
7.848379726349998808e-01
5.148912417827855581e-01
7.030978404592922448e-01
ReLU
0.2
16
16
5.174778314973423887e-01 2.781287462649179032e-01 2.755488801554147882e-01 5.236817892508477401e-01 3.085516764483071661e-01 6.886371939315617530e-01 6.391220989879377035e-01 8.491122515908932078e-01 6.733781049292218990e-01 7.197724955920705714e-01 6.577026559785703608e-01 5.467317490425148696e-01 4.079425816645171343e-01 4.250551265196037543e-01 4.565397312676481301e-01 2.258612403625803733e-02
5.133772116715223932e-01 2.878077878977421955e-01 3.262780457291361014e-01 3.128412368299515744e-02 6.580355096948327098e-01 6.771127582769773667e-01 1.067940570044492166e-01 6.533525929970195323e-01 6.871015944119794883e-01 1.142937711367906228e-01 8.545517741705879189e-01 4.577803457577950264e-01 5.196953838469906550e-01 3.196745522823990493e-01 6.579844866486687094e-01 5.932213359376538042e-01
1.637273103646352812e-01 9.216454281323729347e-01 5.386670188186285513e-01 3.708568781141742265e-01 6.248976378658958053e-01 5.510221209380552487e-01 9.168243362197370239e-01 7.688960814987456649e-01 9.190748428152289984e-01 6.182721709283017786e-01 8.638647588145119682e-01 1.158730885856790183e-01 6.363135764922894788e-01 3.021629917604987670e-01 1.634034027217174945e-01 5.785646349823594381e-01
9.253153665085491753e-01 5.150029963535347477e-01 7.753337513661240354e-02 6.942059950539924973e-02 8.998059650297991485e-01 6.598802796859437603e-01 4.212621964801744889e-01 7.727182599450802547e-01 9.034816212266328916e-01 8.172659056244269138e-02 3.492436787739616744e-02 6.821740660190197536e-01 8.997848048779972796e-01 1.607301442206255926e-01 4.772818542493268978e-01 2.281107867503184838e-01
6.488353940252181706e-01 4.293009055898561188e-01 7.761036294129293189e-01 2.213132191657773973e-02 2.009398311062230436e-01 4.962644572408713151e-01 2.532803380110153491e-01 4.684871687895776349e-01 9.384297900973253004e-01 5.118877314167201709e-01 8.424505607360965875e-03 2.133669140462867153e-01 1.381203455981261374e-02 1.721129484378862706e-01 4.743667907623239088e-01 4.706614808489625323e-01
5.105171322705419623e-01 1.510710367355310169e-01 6.412528957262060292e-01 5.048475912523285869e-01 4.474022873691188007e-01 4.482447532183442274e-01 7.931843819349033708e-01 3.470813655788692609e-01 2.816171696056556373e-01 1.212615806749126612e-01 9.514184754815224743e-01 1.965347864644469977e-01 2.356803899256387780e-02 2.729778427053136669e-01 6.322575641062988527e-02 8.028175876942749145e-01
3.816804527270271086e-01 7.634719721549205751e-01 7.599543634266689995e-01 7.801107332050649656e-02 4.277715276944945577e-01 3.833117108161496756e-01 1.845797789017490365e-01 3.621621733412014876e-01 4.244791256149674785e-01 3.360383395089989733e-01 1.569727007886148051e-01 9.534007737417495854e-01 1.343254939117927149e-01 1.202225348792445025e-01 6.227514285102975222e-02 5.675170465497126893e-01
8.142496509886855138e-01 1.609194037498684615e-01 5.605971082990580667e-01 2.237557461666719316e-01 3.182190412204486396e-01 3.990793855964608339e-01 7.235281582069912343e-01 2.549172922663257568e-01 5.822100665846074996e-02 6.710142019265799007e-01 1.218527416126945484e-01 2.024070204748611435e-01 5.136324110377123997e-01 1.027771863687431120e-01 8.732959015619818910e-01 6.277748419813237168e-01
9.913377699362068141e-01 9.185606980758964646e-01 6.545930109879549708e-01 2.980209814214196395e-02 7.662201929541604395e-01 8.262389869509626505e-01 6.645461919902415637e-01 1.191531057916928038e-01 1.621498367659549578e-01 2.504948178096411127e-01 8.811782645637139533e-01 1.251293313567246601e-01 3.340245568584570002e-01 3.987087223329461860e-01 2.650135638312254294e-01 2.983125395216696951e-01
7.243752221724930607e-02 5.805085454289490299e-01 5.883425261223956815e-01 8.504954512817068935e-01 2.853394254258145857e-01 7.643087162062233153e-01 3.482475003092793120e-01 4.402831408010178249e-01 6.544933457854879011e-01 6.534973676299704604e-01 5.632776357273443502e-01 1.942309935766924900e-01 4.959586620856679673e-01 1.242822162296455257e-01 1.536031925928560415e-01 3.392062305295571178e-01
8.764164035780610540e-01 6.791746324235895527e-01 3.203337947317513867e-01 9.982774386641193320e-01 2.338421000000753258e-01 6.343940445560659613e-01 1.457300116908821774e-02 4.745719913174246685e-01 9.159525519709891261e-01 3.935321583996916894e-01 7.409168536597381394e-01 5.927495060358053403e-01 6.924720968914166441e-03 7.895314788365994652e-01 7.071306598164626145e-01 6.547665727944185221e-03
2.606637222827007383e-01 8.854460402700777832e-01 3.385191060778870442e-01 3.600065152865639106e-01 9.433417091929641174e-02 2.052962621315291836e-01 2.609282920742783674e-02 9.641237174806005505e-02 5.870435411142637117e-01 4.312811248188122004e-01 3.176552658949192143e-01 9.914790230959217299e-01 5.671760298620225349e-01 4.417701007057138751e-01 1.710938792851344203e-01 2.350245751104013125e-01
7.005301089182376373e-01 6.848648804422133862e-01 1.224261813995337622e-01 4.291417450114631826e-01 6.312015555255100496e-01 7.368111988588876837e-02 5.159379020813142924e-01 9.567883993306227630e-01 8.690095139020859172e-03 9.735131328061449318e-01 3.832245104843154948e-01 7.079625476652064986e-01 1.369715828897285492e-01 6.659431299039881846e-01 9.153875392647390363e-01 1.035494705142364635e-01
5.385056423582263996e-01 1.361319768090548665e-01 3.583831701276363191e-01 5.342908384496614094e-02 1.467317446916227563e-01 1.783065391333150673e-01 9.038504228064634383e-01 3.157325177307601649e-04 4.792123245823346478e-01 7.256154097102486267e-01 5.870748298224875983e-01 7.058402045623572985e-01 7.605054918886722248e-01 9.260636601045350025e-01 8.105618381920232096e-02 2.821558464941259503e-01
9.594987304682269791e-01 9.855273319589135106e-01 3.391679668837381811e-01 2.404805892367770648e-01 9.357987576475781388e-01 8.533780465013510730e-01 7.837311190448384979e-01 8.410229484415832069e-01 3.912397973831205356e-01 6.193405590186445986e-01 3.791698275580306365e-01 9.657221416240435730e-02 4.056291905844996437e-01 5.046278792516767364e-02 3.671432122417017663e-02 2.266997842557241238e-01
1.409587980583764111e-01 8.122569587931534052e-01 7.759106838291536246e-01 7.636567356613253033e-01 2.094871370863582438e-02 8.807905763588015358e-01 5.619714411327025871e-01 1.732008165239097286e-01 6.317676466702086824e-01 2.142527511079028724e-01 7.644077579543888668e-01 2.506962994930774791e-01 5.356745097170463321e-01 1.602063693966698787e-01 3.651267371848084808e-01 2.976007373025972846e-01
4.961069571149266944e-01
8.055653089018508517e-01
1.747779777791621525e-01
8.169674513471408828e-01
7.633372551178077003e-01
4.246988427493999518e-01
5.190924785185783152e-01
6.483041170287329180e-01
9.717250263499321861e-02
7.544049659363984972e-01
2.032212359827771930e-01
4.895695531357213692e-02
2.985539454055596842e-02
4.776384024666499029e-01
3.303467368541946891e-01
1.656006290334230968e-01
ReLU
0.2
16
2
5.197144563626390212e-01 2.077368682296413249e-01 4.332415887458873627e-01 1.512396069574234447e-01 4.604085996814951676e-01 6.380134915109887395e-01 6.894020792739928849e-01 8.281820376575900200e-01 1.248397272088755949e-01 1.382333305785961031e-01 2.429102715555567782e-01 1.255251722676354875e-01 7.979814881122989645e-01 4.808634635326796136e-01 7.337194995475777581e-01 4.443927738639992242e-01
3.927232767235384614e-01 2.019530065827945808e-02 2.755565720118640094e-01 7.563556083331556268e-01 8.418280666586067662e-01 1.435316797166431568e-01 9.257116918528099925e-01 6.888098792806242043e-01 8.753112329088630350e-01 3.572430107988371351e-01 7.577333065121605316e-02 9.306076206428501862e-01 7.135468314114428168e-01 4.574698480674895817e-01 1.644602150696967691e-01 9.341382176786510172e-01
6.858378466203378654e-01
7.060048724856615721e-02
Linear
0.2

ct 2024-06-12 18:38:23.889900
