noname
4
2
2
2
5.873980990591930462e-01 7.431470876899434197e-01
8.334248559459500605e-02 2.143044672193394895e-01
2.701120055979191470e-01
8.136187053696385396e-01
ReLU
0.001
2
2
6.155678117396217175e-01 4.678069346957417496e-01
3.130978128907725977e-01 7.538412123214407456e-01
1.330808400003883618e-01
7.388749372174373553e-01
ReLU
0.001
2
3
4.203288960490788040e-01 6.815445045023373893e-01
2.048044039403363881e-01 9.563342949224087342e-01
6.731199627088138016e-01 3.210422938089367850e-01
3.579565943171748033e-01
2.738353073898126544e-01
6.648236140751009327e-01
Linear
0.001

ct 2024-06-05 22:44:35.736026
