noname
4
4
4
4
-2.203672741655140488e+00 1.250440001483887675e+00 5.736712621814646917e-01 3.532843537536812795e-01
5.881151789779724970e-01 1.938758083728429060e+00 2.870579655192197155e+00 1.911325822277998965e+00
1.383065492682358233e+00 2.865882958139610359e+00 -5.946490705780078934e-04 2.106405334265763152e+00
-3.446271414883108619e-01 1.016127270055563026e+00 2.122222148812311460e+01 1.569296852998816050e+00
-1.303976267597395600e+00
1.623335996509700729e+00
2.390683555185134368e-01
-3.842789014015159932e+00
ReLU
0.1
4
4
-3.070140837697868941e-01 3.373823681684768316e-01 -1.709403659023375488e-01 -4.189870931836751744e+00
-1.764031257246219120e-01 1.176822729992877292e+00 2.727944821842472334e-01 -2.729760535736013516e+00
4.013849583549519151e-01 -5.260012904400215294e-01 -2.373436538065768209e-01 1.145172192624013041e+00
8.787884201837117271e-01 -1.238400881509235330e+00 -9.182691300482385133e-01 -4.996690213881490594e-01
7.733059866212559363e-01
8.317671073887693556e-01
-1.019222398734265456e+00
7.418917214914776403e-01
ReLU
0.1
4
2
1.507334376399979137e-01 1.151226354891534243e+00 -7.740596887674210114e-02 -6.710083039454888265e-01
-8.935424055885680117e-01 1.372441930551298928e+00 1.013438991201827261e-01 2.704274724059058110e-01
1.774950446212332000e+00
1.700630980824366034e+00
Linear
0.1

ct 2024-06-15 16:01:58.437653
