noname
4
4
4
4
-7.989771263401167500e-01 1.602481357456691846e+00 9.255156127518817666e-01 5.727036616345593245e-01
1.173957153720010194e+00 1.987160428822117186e+00 2.122405852031224338e+00 1.848441570681842450e+00
1.018875752550344238e+00 2.369591007342071620e+00 1.079180058470226689e+00 2.059206236971967030e+00
-1.797703262038384597e+00 1.373206458381571737e+00 1.314280044230579136e+01 1.552609607942465830e+00
-5.436731162982444410e-01
1.145017927254665890e+00
1.734685838378692904e-02
-3.338825075357446881e+00
ReLU
0.1
4
4
2.419408917116506186e-01 7.100552691162695385e-02 -8.456952072842810475e-01 -1.288988612962067570e-01
2.017173013553792138e-01 9.045334683828563094e-01 6.353831178406050828e-01 -3.431518921884976869e+00
3.552907275184301050e-01 -2.687692123475216577e-01 -3.009548398089729182e-01 1.022059349298574782e+00
7.108650317673831376e-01 -1.320202486286896182e+00 -2.034906150789988766e-01 -6.539320554194216761e-01
4.238808500002953089e-02
-8.791930627409526300e-02
-7.265444012306602195e-01
1.258150143574522151e+00
ReLU
0.1
4
2
7.592114192957152841e-02 9.515486075848310632e-01 -3.677622949712959777e-01 -5.970510878412355060e-01
-1.271326115512610433e-01 9.376359238321213541e-01 -1.215238065620092289e-01 -3.608562587483095663e-01
3.323569109610424732e+00
2.783725746667802703e+00
Linear
0.1

ct 2024-06-15 16:01:40.934035
