noname
4
4
4
12
-1.770614721509702782e+00 8.687388029311736426e-02 -2.555277610150713308e+00 8.906913119152655156e-01
-5.378677925555886974e-01 9.256210994829522365e-02 1.317052805333973176e+00 7.527318590261599107e-01
-1.522269000738480926e+00 1.191069347081697982e+00 9.612553426815430013e-01 7.191908883369083627e-01
2.297104557097240374e+00 -7.409993853909540018e-01 -3.249742242672325432e+01 6.655592476400644664e-01
-7.327247950363171558e-01 -5.801292961982894569e-01 -1.856165949003965698e+00 1.666336623499632630e+00
2.636557058535055620e-01 8.706280214373149917e-01 2.607686280266068302e-01 3.390196940368442324e-01
-1.131551124752707915e+00 1.642644591671986065e+00 3.005728838549416526e+00 1.111621094708612700e+00
2.159134272125404208e-01 -3.343122122689175524e-01 -4.116271909476872715e+00 -4.130318047291393901e-02
-1.745209688380917390e+00 1.621137648180259294e+00 1.377003142675899738e+01 1.345943404504154062e+00
1.095018425601270096e+01 8.882952179603440968e+00 -3.074521168469389831e+00 7.393004997941150513e+00
1.958567527915221484e+00 6.215327145308841672e+00 2.310170917470808405e+01 5.335203808674380710e+00
1.511380313330710490e-01 2.206259343227018610e-01 5.672809527818328945e+01 2.065655648970174951e+00
-4.250283386111870954e+00
-2.593202857028217068e+00
-5.269046148884301672e+00
-1.020317889788805488e+01
-6.746651491993115535e+00
-2.735547297504981046e+00
-2.698074671904710620e+00
-1.276688202854856069e+00
-4.590732274184614603e+00
7.993136443875776820e-01
7.001351421065696634e+00
-1.153194926445579149e+01
ReLU
0.1
12
12
-2.078568786844883221e-01 5.873567397310277549e-01 1.868384974793045050e-01 -1.380617227141215597e+00 -5.909519226039815498e-01 3.352663783608750836e-01 -9.346083343626033768e-01 -5.877821868789794291e-01 -5.375366253156405039e-01 -1.538365658619457621e+00 -1.133388443993369687e+00 -1.081132341105317529e+00
-6.059216835871682472e-01 1.987111322901188304e-01 -2.946425717796362087e-01 -1.202578188810267124e+00 -5.322509202920037152e-01 -1.791936837718234588e-01 -1.066426318965786990e+00 4.307914886016484535e-01 -8.262775040093534029e-01 -8.721960935596052567e-01 -5.285190493525552036e+00 -6.520045948316534057e-01
-9.321819267127424979e-02 -1.642354125260216957e+00 -9.423760379105401430e-01 -2.116826827773608422e+00 -6.899721541772777522e-01 -4.836275144323404773e-01 -2.247771035074479951e+00 4.277809049448764167e-01 -1.737550815269542026e+00 -1.478760481524651382e+01 -2.921896521415643377e+01 -1.619293911101598260e+00
-9.538214096951233567e-02 -8.283223032710816947e-01 -1.630753111477114825e-01 -1.974151128036956804e+00 -4.314670234007867977e-01 -1.749513143498473422e-01 -1.669516583317873337e+00 1.683610983675187245e-01 -5.405223129310490648e+00 -2.827713442338523619e-01 -4.230328619183720384e+00 -4.423168936431419951e+00
-5.504376235995033229e-01 8.601694795029575236e-01 1.712079869921304953e-01 -5.377145470759965296e-01 -8.495236286058466257e-02 1.432693362401664672e-01 -1.233769233626199613e-01 -5.726240366729562492e-01 -5.840620606701298900e-01 -2.046493339208040885e-01 -6.636287637615725377e-01 -9.636878949633501668e-01
2.023966032355752898e+00 -1.328804383454034621e+00 1.234395969332111376e+00 -4.677158106805989313e+00 -4.818825224618784375e+00 -1.574445346056242201e+00 1.363985563977008486e-01 -2.650556736198146912e-01 -3.653697020947921370e+00 1.869729428231876378e+00 1.365959856373778036e+00 -1.840730900131179482e+01
2.542957290830413442e+00 -6.416589258938134588e-01 1.239597317422690276e-01 2.089820388692094355e-02 2.323926132017182677e+00 1.505839106249141912e-01 -2.013608093416360489e+00 4.146193672919809003e-01 -1.200287687167720607e+00 1.239853691066549191e+00 -2.850380662903047035e+00 5.859126670693509453e+00
-1.822933342894403341e-01 -2.258808671148533898e-01 -3.574355882581894961e-01 -1.089318225149916497e+00 6.441754204777792869e-02 -4.233716721323753096e-01 7.588290410385317708e-02 1.124728480007041037e-01 -2.604701254499249274e-01 -2.013838185462316410e+00 -2.047488407736693716e+00 5.600863839320036064e-02
-2.531524310223172702e-01 -1.723859759525874003e+00 8.911669591439320970e-02 -1.579567191059050968e+00 -3.846327048344199695e-01 -1.155415203121443080e+00 -1.495883423525927736e+00 4.164051489359728575e-01 -4.665115915002782110e+00 -2.710217359666160578e-02 -4.232983753447305375e+00 -9.494534917216620684e+00
-7.464692078950787568e-01 2.234306792399138319e-01 -4.318742220130200038e-01 -2.857389135691706383e-01 -2.621168908469591052e-01 3.013025468532256612e-01 -2.121387224548255956e-01 -7.164520799330091894e-01 1.955543611423248701e-02 -8.427821610477888026e-01 -7.823287147048985091e-01 -1.610489829933481609e-01
-2.738107435643468701e+00 3.526088244697171414e-01 -7.080899177371657860e-02 -7.258661395886606069e-03 -1.012409816034130494e-01 4.585058562622621597e-02 -9.312287234183322382e-02 -5.896637219457608881e-01 3.840773283678784733e-02 -1.119782843050256327e+00 -1.157287764301699662e+00 -4.932901917519827983e-01
-4.982850282515295937e-01 -4.151075983667271152e-01 2.016791752260512771e-01 -5.442326651409197247e-01 -3.312490411134291213e-01 -5.409919922399706316e-01 2.266087685330831630e-02 -8.311417791777707675e-01 -1.506353269312363241e-01 -1.274215090234460945e-01 -5.585474204106568585e-01 7.639320181424617828e-02
-1.926291126133529430e-01
-1.841004404861758870e+00
-4.006683169351554774e-02
-2.168335364599160986e+00
-1.726287576866183393e-01
-4.557953525910057202e+00
6.340903096698559338e+00
-3.355322016195307899e-01
-1.349487827526780315e+00
-2.213716516467942874e+00
-3.258611794119266492e+00
-2.924443868506547139e-01
ReLU
0.1
12
2
-1.445224859885610447e-01 2.381221428509116833e-01 -6.917876428308307457e-02 -1.235405262575423047e+00 1.238747446753990511e-01 8.884502967251430849e-01 -1.925154580926747627e+00 1.318580564805426736e+00 8.573266699657124956e-01 -3.290603964419858141e-01 -1.696048821376578752e+00 1.055591720344464246e-01
-7.874500964331108965e-02 1.926591705609442817e-01 -1.550676254022627321e+00 -1.241159646339566880e+00 2.040427365949056548e-01 8.598160713427376312e-01 -2.472862691305145688e+00 2.516420923164628398e-01 -8.954452491161458694e-01 -2.912751287830926405e-01 -2.977282625178473197e+00 1.643182195897403830e-01
1.985473388840948061e+01
2.052827627918595965e+01
Linear
0.1

ct 2024-06-11 12:15:44.772591
