noname
4
4
4
4
1.316765397360983414e+00 1.820849417936178272e+00 3.201612678987491467e+00 1.703958548789373140e+00
-8.018722285582291498e-01 5.133453594225393379e-01 1.449715127178500396e+01 5.568215675718626301e-01
1.024656332332710251e+00 4.857875112558296404e-01 -2.743828312747198517e+00 1.840781483744773350e+00
-3.232113574014715551e-01 4.364977888052172239e-01 -5.618093805287529413e-02 2.520645511108641212e-01
1.234702157472978845e+00
-3.142173156912384524e+00
2.248077534029300772e-01
-5.311823644653136389e-01
ReLU
0.1
4
3
-6.589582543579282081e-01 -5.331295340792435722e-01 2.094389273322133475e-03 -2.366786098892661450e-01
-4.685022451975085489e-01 4.656655064028300886e-03 -1.025257396905223217e+00 -2.572150662031995605e-01
5.785981677260774170e-01 -5.978361322918789078e+00 4.814883213372261883e-01 3.552027298847831860e-02
-4.303935844670617739e-01
-6.939486855073770943e-01
-7.128180115479226808e-02
ReLU
0.1
3
2
-5.365011822362744098e-01 -1.227632443855001809e-01 7.168460931033250327e-01
-6.494026166363940644e-02 3.228881031018767667e-01 7.314484447893501162e-01
2.605002819804920211e+00
2.385215377738136855e+00
Linear
0.1

ct 2024-06-16 20:22:42.907404
