noname
4
4
4
5
-2.690991835663140819e+00 5.084131562722371545e-01 4.584062580255801045e+00 -7.777516077455940424e-01
2.707943938919474824e-01 5.400667037206042798e-01 -1.323970534598432813e+01 1.546761897333176483e-01
1.029185454979362424e+00 -7.270633368882429837e-01 -8.133021196231654315e+00 -5.760848281111831115e-01
9.828927291383212639e-01 -3.878274015847302802e-01 -2.107440092034637757e+01 -1.257520496254491693e+00
-1.389291515375981501e+00 6.849563053487899289e-01 1.233426548487364194e+01 1.101441720846874750e+00
-7.345121463348603719e+00
5.701021426286194682e+00
-2.462131176705620650e+00
3.521438003654261184e+00
2.345208756435897435e+00
ReLU
0.1
5
4
-4.971553527033613640e-01 -4.237049972621662608e-01 -1.223478185723263278e+00 -6.385114592083064311e-01 8.319096514221246963e-02
-2.784936316121233713e-01 -1.453477229470768739e+00 -5.477506526837769979e-02 -3.911977526091405810e-01 -2.397214950446179601e-03
1.656845219811364123e+00 2.089800563786611498e+00 -9.172753086056011362e-01 -1.871859577338561342e+00 -1.318991577753579669e+00
3.031017742493553602e-01 -7.745826701797450253e-01 3.031017742493553602e-01 -4.886151356537051793e-01 -3.984237831165794996e-01
-7.001551755442151359e-01
-1.246304839342026405e+00
1.900134090525083863e+00
-1.250092077351508069e+00
ReLU
0.1
4
2
-4.542403974736401451e-01 -3.219386445979590533e-02 7.567698918148726417e-01 1.746270838940520154e-01
-3.711838188930632887e-01 7.393468719439068478e-03 6.451767758736364211e-01 4.912304294360462231e-01
2.211876900382740985e+00
2.193897422340573389e+00
Linear
0.1

ct 2024-06-16 14:31:58.022132
