noname
4
4
4
5
-2.690991835663140819e+00 5.084131562722371545e-01 4.584062580255801045e+00 -7.777516077455940424e-01
-2.575017786414182108e-01 6.114349076868677013e-01 -6.386940544535962161e+00 2.410003395948629168e-01
1.029185454979362424e+00 -7.270633368882429837e-01 -8.133021196231654315e+00 -5.760848281111831115e-01
2.934396285983038033e-01 -3.556377477589555136e-01 -2.652705202930561157e+01 -1.966159860622599842e+00
-1.317122422777419644e+00 4.572204253149191322e-01 2.141717021054981629e+01 1.242337233252766016e+00
-7.345121463348603719e+00
5.825434806412879141e+00
-2.462131176705620650e+00
3.407501345334855714e+00
3.024489245748305244e+00
ReLU
0.1
5
4
-4.971553527033613640e-01 -4.237049972621662608e-01 -1.223478185723263278e+00 -6.385114592083064311e-01 8.319096514221246963e-02
-2.784936316121233713e-01 -1.453477229470768739e+00 -5.477506526837769979e-02 -3.911977526091405810e-01 -2.397214950446179601e-03
1.656845219811364123e+00 1.624730174203735444e+00 -9.172753086056011362e-01 -1.573160855935422875e+00 -1.680994002741281523e+00
3.031017742493553602e-01 -7.745826701797450253e-01 3.031017742493553602e-01 -4.886151356537051793e-01 -3.984237831165794996e-01
-7.001551755442151359e-01
-1.246304839342026405e+00
8.295271151710331026e+00
-1.250092077351508069e+00
ReLU
0.1
4
2
-4.542403974736401451e-01 -3.219386445979590533e-02 6.634735455237819046e-01 1.746270838940520154e-01
-3.711838188930632887e-01 7.393468719439068478e-03 5.256671007643642923e-01 4.912304294360462231e-01
1.326114548698400730e+00
1.561829518332491284e+00
Linear
0.1

ct 2024-06-16 14:33:18.370759
