noname
4
4
4
4
6.255022827878899960e-01 6.701151730234605752e-01 7.535312226107405698e-01 7.181300541685031735e-01
-4.000107011968793980e-02 6.005415604715468314e-01 4.574439584099802003e-01 6.103426296940789308e-01
9.512581460425476587e-01 8.538340609721481456e-02 5.353906974153371801e-01 2.996419902463516860e-01
6.946723999348717316e-01 8.877586137775649311e-01 -9.838431874883951656e-01 1.741573173729688284e-01
7.228744452222608530e-01
1.107037629711786764e-01
3.257634397039683161e-01
-2.440273965214463936e-01
ReLU
0.1
4
4
8.373245131741069436e-01 9.885360245446185579e-02 3.552223977638632180e-01 -3.310121943569063752e-01
8.597868986095099642e-01 1.442757095526044642e-01 5.297371859407701278e-01 -2.709627056687980984e-01
7.313750466039390385e-01 2.178920882017636000e-03 1.614589570203895930e-01 1.900220150041183886e-01
1.262049182114438062e-01 3.070497263746698180e-01 4.330463605112838121e-01 -3.771488535679491383e-01
6.754314305236931437e-01
1.129155105821995297e+00
2.124250396691198806e-01
4.882181394454414014e-01
ReLU
0.1
4
2
9.534205480478833428e-01 7.556250992895519047e-01 5.247934357497724411e-01 6.155647267723642901e-01
2.724240654371182790e-01 6.950291020827193966e-01 1.853215260789663199e-01 2.265930005360365651e-01
7.949430170937136220e-01
1.152461601882204034e+00
Linear
0.1

ct 2024-06-16 21:37:43.202674
