noname
4
4
4
5
-1.388187420398609762e+00 7.698993560478646359e-01 1.012727998466620072e+01 1.045830772511438411e+00
3.651579444261181528e-01 3.007855814759701762e-01 1.564303463773318303e-01 7.930117778294109021e-01
2.769298189137892607e-01 7.837963636302373027e-01 2.459647745088614723e+00 9.149247029461944347e-01
1.688780956425117274e+00 1.324170082527987402e+00 1.615466450617291994e+00 1.298781948897345551e+00
7.921149810336303165e-01 9.512151499831763557e-01 9.875928236021197515e-01 8.056969071709956243e-01
-2.194559210034119356e+00
6.347332399852445572e-02
1.469343642280690476e+00
1.232014315097290202e+00
7.402605220259990126e-01
ReLU
0.1
5
4
-1.979193572546434243e+00 3.409392227629720051e-01 -6.778865330433672121e-01 -2.204152145102061811e-01 -2.683827520035975134e-01
-2.173643634066242836e+00 -2.243037554666423294e-01 -4.034174152391689638e-02 2.461289322705435267e-01 -9.924244698799656629e-04
-5.020492248180735473e+00 -2.335525476089535812e-01 8.199449933143255764e-01 7.026189775758200362e-01 2.157084430381610018e-01
-8.082629189288658145e-01 -2.584608463972342118e-01 4.570641636899661769e-02 1.811221578794802028e-02 1.851802666923846319e-02
-5.150128802307287756e-01
-5.126365175908688572e-03
1.653980664958280278e-01
-2.582464928981617960e-02
ReLU
0.1
4
2
-4.838833757333370622e-01 1.012753823496100047e-01 1.105417713076867647e+00 -5.893493988464133327e-04
-3.672796787544605479e-01 -1.046109631418897512e-01 1.026145269732013254e+00 -1.265424256451506101e-02
2.946328661328431853e+00
2.810295175029959402e+00
Linear
0.1

ct 2024-06-16 13:52:35.699438
