noname
4
2
2
3
7.451211665278089091e-01 2.346571949416119685e-01
6.155231551876062523e-01 2.133120916318931304e-02
3.960599556050862224e-01 3.635681569172193317e-01
6.062629629400496656e-01
5.964885348441928414e-02
5.593804586284427671e-01
ReLU
1e-05
3
3
7.432360603038679070e-02 5.751728515026655053e-02 1.891387519961628128e-01
8.482123957075395904e-01 4.278497866350039480e-01 8.339517998147910616e-01
3.131588101015416736e-01 6.379360534288807116e-01 2.381340351941272360e-01
5.059998347909888672e-02
2.695803529941368515e-01
4.556906385477054178e-01
ReLU
1e-05
3
3
2.238742597899980868e-01 7.886020701780288578e-01 6.273696176882652686e-01
1.392826023447100159e-01 9.133889418779311820e-01 1.417173813378940217e-01
6.109467904809788852e-01 3.409327170080471703e-01 4.123777567194542026e-02
5.356204415632936922e-01
9.972259653484552011e-01
5.886598427383495924e-01
Linear
1e-05

ct 2024-06-02 00:20:04.317704
