noname
4
4
4
12
1.504595828461997298e-01 7.378089337264470693e-02 1.039194693227232902e+00 8.235928538969055079e-01
8.518055476723204733e-02 5.398673244730842757e-01 9.027835543376627747e-01 7.007958460697721881e-01
1.705682118876598874e-01 2.043916314683617841e-01 5.048621565161676150e-01 4.286429135209376962e-01
-2.566593068818750698e-02 9.635225816350042605e-01 9.561935463440245364e-01 6.434438132511125508e-01
4.810110180442924710e-01 1.120483411464913287e-01 1.301983623183422534e-01 5.624719681979369890e-01
2.802041309879074737e-01 6.022910304919840696e-01 9.728831902643965412e-02 -4.731937519783430135e-03
8.122277784931806188e-01 7.222751065534880333e-01 1.066378106445931673e+00 7.808118168038609141e-01
8.637797127917529183e-01 8.766690262765944874e-01 8.107801831328464992e-01 9.035940345759954084e-01
2.892520980065882985e-01 1.825954527726711130e-01 7.368198223829868221e-01 9.221228063808403208e-01
1.919845360453961425e-01 7.272735986067195846e-01 7.518835677813547891e-01 5.310053967619083881e-01
5.197226777808658382e-02 5.012395042225558095e-01 9.505792661969452162e-01 4.254169160921234538e-01
2.276694677350200521e-02 2.711136747758838839e-01 1.100920060395623068e+00 9.534209822261323630e-01
1.206183888337516580e-01
2.030569149635982062e-01
5.383352139863367691e-01
2.378972147533775783e-01
1.033158879554904708e+00
1.219852078505499621e-01
5.101297832411065825e-01
4.594186721394430406e-01
7.627455571655307187e-01
6.933157224297756827e-01
7.596263624917617419e-01
-7.808311564012394845e-02
ReLU
0.001
12
12
5.609297934556066734e-01 9.660543340565885817e-01 9.801039812797374129e-01 5.501691317985832885e-01 1.462975388155500767e-01 3.120096547258734421e-01 4.248855861052956429e-01 3.490231871187957635e-01 1.595833904973254225e-01 5.075806316891020575e-01 2.434186183608328391e-01 9.345715147262847466e-01
7.786774149351113339e-01 5.282385673048713981e-01 8.101298121964191079e-01 9.670658466382062723e-01 4.972938921791766886e-01 1.062808922467037842e+00 1.980348007893320550e-01 1.458333638178810343e-01 9.936886810243606982e-01 1.015498994600848581e-01 3.418751691800231973e-01 6.599592884518157287e-01
7.976458103952333012e-01 6.878407168206475131e-01 6.703411692284551027e-01 9.476785272544531180e-01 8.510409561250454891e-01 4.189666429309402140e-01 7.610064455650605852e-01 8.733905751113648641e-01 5.218443117037355750e-01 4.341667619427204694e-01 2.763559605647467610e-01 6.758079678975394966e-01
7.387616095100398850e-01 5.397470496923547634e-01 1.089499542756612871e-01 4.100329560034189358e-01 3.652425010506207270e-01 1.052141508395458613e+00 1.386294828396667789e-01 1.245928102947969490e-01 1.050237015103055033e-01 5.925603548666515952e-01 6.019915229370687015e-01 2.984619108917098695e-01
5.310220831455204626e-01 8.691168461044638249e-01 8.490123979339772031e-01 9.518182778651378406e-01 6.084766823158289650e-01 1.311133534758220032e+00 2.914844649378757757e-01 6.144053981110227936e-01 4.745586118706710543e-01 8.514436105463889515e-01 6.273855604878698644e-01 7.270567335504501960e-01
5.767857552964238410e-01 1.766195017275272450e-01 5.139438843445627292e-01 1.303819877094875290e-01 2.652052922060351703e-01 -1.552499796530277532e-01 3.748001053333032684e-01 2.114602960408192012e-01 6.263342123639983328e-01 4.576318919767969895e-01 1.003782852849558038e+00 9.080503708209343161e-01
5.316083662964476986e-01 8.782970770754981726e-02 8.847370097367883712e-01 3.643515719384636808e-01 9.455865394421465453e-01 6.811413614860980514e-01 1.036575202732032075e+00 8.932443267272619503e-01 2.502468073023895179e-01 5.868740495750989217e-01 8.104740767738988216e-01 8.279929203871548848e-01
9.579071584695393327e-01 1.864893053031497772e-01 5.704772313418370322e-01 6.778764912269692466e-01 4.364060830253571055e-01 6.634444139757789127e-01 2.947085083892811430e-01 2.520221991170608633e-01 9.054195510167263317e-01 3.118984574121318465e-01 6.212694755215595332e-01 1.484981240025979865e-01
5.981257318694973568e-01 8.717403221177301431e-02 1.783955188228236732e-01 1.175506095410775720e-01 6.307037018640921922e-01 4.959102256099228168e-01 3.272888109540986190e-01 5.107033835785014242e-01 4.023061627650137417e-01 4.032381477428148009e-01 6.760384813703811391e-01 1.062273846934498112e+00
2.481791689313414193e-02 2.318645799940062258e-01 2.180122203139472081e-01 7.078283516598344871e-01 -1.854169784120874576e-01 9.158174827931101492e-01 6.117402614486668888e-01 5.620838588208014741e-01 4.133674130243391587e-01 2.145917719973204352e-01 2.349891116230506671e-01 1.049473998585416457e+00
9.070386028804720002e-01 5.981763575839311731e-01 1.045173254600740176e+00 2.056909702498638803e-01 8.403891006834908195e-01 -8.411497128553388491e-02 6.813213393465750167e-01 1.924325579052341695e-01 9.426085535800510229e-01 8.791426474928127899e-01 9.479953033705769139e-01 9.570615742860805186e-02
8.038130561213872871e-02 9.425537531086110032e-01 5.766203508627862906e-01 6.643939194986948904e-02 7.511740253564571645e-01 4.449102257817206807e-01 7.935379189870025440e-01 1.522185955053091955e-01 8.405803329136056767e-01 9.083831697605656563e-01 1.250393886983456049e-01 9.837929754435544849e-01
9.624630222372094757e-01
3.573746714905687294e-02
6.894078436209263305e-01
8.813194406168400885e-01
8.977439480814289885e-01
4.331667241789493583e-01
8.673123306719836556e-01
8.208979016157466058e-01
8.673416004454701511e-01
8.601847157025055424e-01
1.016222551998904544e+00
3.065839432947379817e-01
ReLU
0.001
12
2
9.731311860305389416e-01 3.189842023128389159e-01 2.816062685680105204e-01 5.097127320513302751e-01 2.583748402185353510e-01 2.326506733621111489e-01 7.365283197673340165e-01 5.432540452026531907e-01 2.940771100850899655e-01 9.861177808176389836e-02 3.830073013471889110e-01 2.776545832926333723e-01
8.948584726139429124e-01 4.151326487661907150e-01 -4.877510945440638457e-02 9.660901697391625076e-01 6.897145249303131553e-01 3.066545315978651265e-02 4.417515220218356520e-01 6.754404751066596102e-01 6.080013263609013174e-01 8.024786010161527594e-01 -3.311422469412769048e-02 -2.513182573385674620e-02
7.360476685062727897e-01
2.866617140301190303e-01
Linear
0.001

ct 2024-06-03 10:33:24.577343
