noname
4
4
4
8
-1.031777134377093175e+00 1.338081120638134447e+00 3.475279395201798849e+00 1.325044668536556891e+00
-2.697891432640326492e+00 6.599609065107086003e-01 1.250105007909124311e+01 2.855937080471583900e-01
-3.170614927068140965e+00 -3.760402552902616848e-03 8.952317335150260291e+00 7.680730083964093513e-01
8.906577357707807785e-01 -1.290786887512538339e-01 -3.106121376094913344e+00 4.074844952033374601e-01
-1.354092786168425766e+00 1.086452169402093215e+00 2.117563113062457347e+01 6.998098171115642030e-01
1.666389466553302778e+00 4.661403996938920713e+00 1.242182539878754888e+01 3.494537177109818149e+00
-4.861165157194660580e+00 1.985163676322560411e+00 2.584278221129898157e+01 2.298642041504691313e+00
-2.949723417159046512e+00 1.400828274609288382e+00 4.541640943321768376e+00 5.322509110415828415e-01
-1.371932394398500010e+00
-3.340297180858907478e+00
1.565569117656245846e+00
-1.264851928355570365e+00
-5.346362197537853689e+00
3.806556030989590056e+00
-6.395921266868040966e+00
-2.078619321492109151e+00
ReLU
0.2
8
8
2.539264703547064461e-02 -1.556234919275222062e+00 -7.303093531950960449e-01 -1.620258979892648332e+00 -8.615352841721374277e-01 -7.524644431924335519e-01 -6.386447878824643709e-01 -7.331536701846328441e-01
-2.353122766053090675e-01 -1.039076626840642614e+00 -1.563075831349159728e+00 -1.230593250281914797e+00 -1.229202781091734309e+00 -7.678813615151258709e-01 -6.290719839920634326e-01 -8.116215694878413656e-01
-5.428559601135727469e-02 -6.309636046546984733e-01 -7.967577041612186051e-01 -1.006481438361880976e+00 -3.320541432021477668e-01 -9.163526650194835366e-01 -1.332288653200342399e+00 -7.756376584676604180e-01
-4.866598907282277953e-01 -1.200530236085785685e+00 -1.263111490526081404e+00 -1.287032646034429684e+00 -7.410312925441486787e-01 -1.200880551290303799e+00 -9.533553291791360129e-01 -2.719864858902975024e-01
-1.667488598594041305e-01 -6.993799517240048003e-01 -5.984402701585697093e-01 -1.307512700754611901e+00 -6.963081213131457892e-01 -3.145005427917618723e-01 -8.634893483773002920e-01 -2.402883165625683548e-01
-1.495089230978097899e-02 -1.341310887987267941e+00 -9.925724167582521407e-01 2.192159072485906357e-01 -4.171392276053269121e+00 1.232844428895643940e+00 -3.520708879220397325e+00 -1.156764478791504347e+00
-1.370187625939281173e-01 -8.710729254958907708e-01 -1.046339184247500720e+00 -1.042558435248896798e+00 -1.005207836347232320e+00 -1.066268046341701137e+00 -3.926590202596258461e-01 -4.685768647468478432e-01
-2.186346939687801583e-01 -1.036405328475981769e+00 -8.219604723818625391e-01 -1.599383138578154284e+00 -1.389559535434893967e+00 -8.115847209655819849e-01 -7.999032745753854590e-01 7.787522623567411095e-02
-7.554671201649016954e-01
-8.699911295061505401e-01
-6.782463008379452374e-01
-1.099914287137577079e-01
-1.743454428676354667e-02
8.598189275814474564e-03
-2.559094015289006818e-01
-9.836284551855978275e-02
ReLU
0.2
8
2
-4.444339025434737578e-01 -1.298035127874464789e-01 2.525802143261444976e-02 1.475037368277806737e-01 5.842895598948273372e-01 7.747124155978235560e-01 2.611421301626746794e-01 -4.520481006731202345e-01
1.715307253852372149e+00 1.703685940084636918e+00 1.348941670524893111e+00 1.254789338086638839e+00 8.464038511466902559e-01 1.048010683599948312e+00 1.625180294332443376e+00 1.418227523399813839e+00
4.810807004850964574e+00
5.443184956292709487e+00
Linear
0.2

ct 2024-06-12 17:13:20.012104
