noname
4
2
2
2
6.192039575289343123e-01 9.768724960744855634e-01
7.680826445212743936e-01 9.712561515915324462e-01
2.025473523045213664e-01
6.495578675521138656e-01
ReLU
0.001
2
2
6.970013817822628965e-01 1.425017535731698537e-01
3.289738458276099120e-01 3.079776216590794924e-01
4.367141482279914833e-01
5.565949366098738027e-01
ReLU
0.001
2
3
8.342806132121051155e-01 4.294863743962213931e-01
7.329647660617204519e-01 7.013640981305511168e-01
4.639069285530615927e-01 5.918174983238599918e-01
5.710274991949347845e-01
2.319972263665486256e-01
7.843125523806709909e-01
Linear
0.001

ct 2024-06-05 22:45:59.294810
