noname
4
4
4
3
2.834363848165853406e-01 -4.695261796756043937e-01 -2.007658761950589721e+01 -1.320645700926059929e+00
-7.338636091835002428e-01 2.754626088436499809e-01 -7.604330951989805243e+00 1.736374642200224916e-01
9.526843101004291992e-01 -3.000196330999065353e-01 -1.670781891372329753e+01 -4.973140340209674104e-01
3.781980330502153098e+00
1.381638874282233642e+00
3.973415763227409414e+00
ReLU
0.1
3
3
-2.785555632811343774e+00 1.838072853706767262e-01 3.158643954429016798e+00
-1.766854656966929393e-01 -4.568098286577076950e-01 4.318190322239067735e-01
1.450431713268683032e+00 -1.161300762923164864e+00 -1.117868785038868884e+00
-2.815692879473975091e-02
-8.454834415042731255e-01
-4.111857951019374013e+00
ReLU
0.1
3
2
9.005918741218517098e-01 -2.481440254353308172e-01 -2.445485807822963265e-01
6.877037520638413781e-01 1.334674262662073618e-02 -2.374224853140231156e-02
1.999510032367202372e+00
1.910712473019898550e+00
Linear
0.1

ct 2024-06-16 14:11:02.430554
