noname
4
4
4
12
7.786812870194825820e-01 1.707064645240131684e-01 8.854966770975996049e-01 1.911700729688737832e-01
8.246642464633071601e-01 2.530947451401394099e-01 5.047667899989106699e-01 4.814930277804376768e-01
1.353008913788443790e-01 3.243820818460622091e-01 1.200367930485973789e-01 8.716246670091779558e-01
3.715281893998056972e-03 8.158489353989395454e-01 9.341248509484545437e-01 6.458964968851977906e-01
4.820006932383571474e-01 8.883860568312421657e-01 6.364977468454507958e-01 8.166833572771141636e-01
1.668083206621562287e-01 2.590791900877814635e-01 3.377839027461766452e-01 9.458152707374698487e-01
9.630259690832988495e-01 2.856425923561213276e-01 3.695328859425285328e-01 6.814241222764136907e-01
4.030645406683547316e-01 7.644497893027187851e-01 2.496370839006278874e-02 3.244111355179035705e-02
8.532098723872372226e-02 6.593691381674549046e-02 2.349861377536048845e-01 5.010407720972073209e-01
4.184621456029891107e-02 5.520423228133995996e-01 6.336782378547702876e-01 5.156017372269339205e-03
5.242248642216589261e-01 6.498636553747716427e-03 9.256139819466161489e-01 1.948039938450960573e-01
8.727666598800478681e-01 9.659988358317723733e-01 5.486763242652790140e-01 8.217286366366134409e-01
1.324714640886076600e-01
8.761591810660463997e-01
3.182814973235292832e-02
5.429770856890870911e-01
2.657130934900433505e-01
3.209436381008012873e-02
8.213444731396029042e-01
4.522307870093622562e-01
4.944592623513366370e-02
9.323558747228357646e-01
1.167038424737110169e-02
1.736561373736035252e-01
ReLU
0.2
12
12
3.825048549279796983e-01 3.870274894056333626e-01 9.131013669739440619e-02 1.207702547197662124e-01 7.405388762570449535e-01 9.637769272099894202e-02 8.444192522791188482e-01 3.375312862579948892e-02 3.038549887773120961e-01 6.882120701331113644e-01 8.338414046132459623e-01 4.654128902024168291e-01
8.110466671375637926e-02 8.074612407009893467e-01 3.382235138715504741e-01 9.194631705512439357e-01 3.452360432556343950e-01 9.242717293587243699e-02 5.575166580101529323e-01 9.125776572209151061e-01 4.089851205106714849e-01 4.598466017289747354e-01 6.205811310406108561e-01 5.431949627348464649e-01
3.833086483100330843e-01 3.253996296098993213e-02 9.441804180365332977e-01 4.271238663473784225e-01 1.893628595243700419e-01 8.024181343386239673e-01 1.103199861771619883e-02 8.173140798109546079e-01 2.209358039134644569e-01 7.961512967194261936e-02 9.468179233302748132e-01 1.586716828712356753e-01
5.795729943279231966e-01 6.337971669485702453e-01 7.089305625983715053e-01 7.930539237721840884e-01 3.716873188778708759e-01 5.230201432899839187e-02 4.565799664435253868e-01 8.453390329099352840e-01 5.737614276773647104e-01 6.955230329647431597e-01 9.700261818309239281e-01 1.799535402371362780e-01
1.651083378097389920e-01 3.843917991767816789e-01 5.582131811890522766e-02 5.233463899274873876e-01 7.924679843676794011e-01 3.054939529698669221e-01 4.806289064637131458e-01 8.839494896206682162e-01 7.198327337025394179e-01 9.340279105263925574e-01 4.043804051187094295e-02 5.561395691844491784e-01
5.677544055451191340e-01 6.122862884133286610e-01 4.875819440865161170e-01 8.449843772107764606e-01 9.693274980552660791e-01 7.990293828921586350e-01 8.682857085621183968e-01 3.057531226660836765e-02 9.448410330556731296e-01 6.636523503852401751e-01 7.312326909577649969e-01 6.464661655228663983e-01
3.197782367014145866e-01 2.730303996182403825e-02 9.216716968557590040e-01 9.528809054319123950e-01 1.482974064140104575e-01 6.268985138821144831e-01 7.222114245287896139e-01 2.406860160606916210e-01 5.075384846924372306e-01 4.445296700914547205e-02 3.959232016943907695e-01 8.630651297977326442e-01
6.530175097032613341e-01 7.429999907508628709e-01 9.338800120278906158e-01 8.416114673530168400e-01 2.631800282960280457e-01 1.883718171571348021e-01 8.969472861583523970e-01 1.206538262151846119e-01 2.069713603570052518e-01 5.665241256152102611e-01 3.818174898351694990e-01 8.815889041307022334e-01
2.040245696645361928e-01 2.741874034249447423e-01 1.982324510053825595e-01 7.168807495983051670e-01 9.182630951623412807e-01 8.370787334662064261e-01 9.344347293748211936e-01 7.785125313970139294e-01 4.343126030461034182e-01 3.773946229682155762e-01 9.400663961865041163e-01 9.509810158360864074e-01
1.252847410052851940e-01 4.731743306442486308e-01 1.955031858015815471e-01 3.217930008891445315e-02 8.942485655681680079e-01 8.800501064218810843e-01 9.330572491696517146e-01 9.417415190582832940e-01 5.156670393628415283e-02 5.033679252462786025e-03 7.969998440363097458e-01 7.766800299671514640e-01
6.056835020681705650e-02 3.311853142710513564e-01 1.834166375360044565e-01 6.158342143212854891e-01 3.795875543700203414e-01 1.628790789097539493e-01 5.357629644667276647e-01 3.057481742469162489e-01 9.563328445000035538e-01 2.452704137666773532e-01 2.034874963359676325e-01 1.588268478294749819e-01
6.425240311983578811e-01 1.716930635931934734e-02 9.949851223798765743e-01 7.838216477740221899e-01 6.592155624872619857e-02 7.044225230146397010e-01 8.680352768017103315e-01 4.491150526802212273e-02 6.110315161784312110e-01 6.206910850721583106e-01 9.724755507347637717e-02 2.114694752219533624e-01
9.314841273128766641e-01
3.575518465631138953e-01
8.365706153149445878e-01
2.767753173383750154e-01
3.555199718476704795e-01
2.772956031765821949e-01
7.540365511671675014e-01
2.967556921088522204e-01
9.902815774911134517e-01
7.983368574916641647e-01
2.212468601474724128e-01
3.230327691789605105e-01
ReLU
0.2
12
2
8.283133365032594453e-01 6.994858214740167224e-01 4.360399732419300012e-01 5.657707474319912944e-01 3.029261369741809151e-01 2.790531985176433194e-01 3.202378311643245823e-01 4.729329842223154445e-01 9.185356659708732163e-02 7.380100540044264301e-01 6.106340309364127750e-01 7.753727761732985835e-01
2.916724069255578478e-01 3.473334205118336904e-01 5.620295105857779916e-01 8.858454067471833726e-01 8.099772729504103319e-01 7.620201941049314920e-01 8.878494404714825095e-01 9.718271004051691753e-01 8.007571009401528439e-01 5.686667884704721398e-01 1.361051527362644453e-01 1.803059712343246801e-01
1.450349804898820594e-01
6.626160722780896073e-01
Linear
0.2

ct 2024-06-12 09:12:01.906836
