noname
4
4
4
18
-1.317717555578080901e+00 8.110817047295312276e-01 3.408945787489500390e+01 1.528949751599390838e+00
-7.658402227395504358e-01 1.085724205192258207e+00 7.234659728309876803e-01 4.372229434416284866e-01
6.171526226013844818e-01 1.092272250445240012e+00 9.649880231774969896e-01 1.663995391343412455e-01
-3.322531850117703911e+00 2.626576620662663397e-01 -8.792387651073392263e-01 -7.137582382347907872e-01
-7.671551971689323235e-01 2.898051894276391316e+00 2.637930775539131023e+00 1.640291168702534552e+00
-6.220693195540712983e-01 7.577386517190261017e-01 -2.230006954740410552e-01 4.446650745389910675e-01
2.175815142717558159e-01 7.823887703448921815e-01 -6.694197948567970347e-01 1.069089212743792539e+00
-1.303882516338855435e+00 1.170126700637621475e+00 -1.030613277632201896e+00 7.506794337581410570e-01
-1.180530412868283419e+00 1.022039023746718289e+00 -2.648041348888336977e-01 6.802705895552790816e-01
-1.129182204656831612e+00 1.226274606483216845e+00 1.137912648366173896e+00 6.518506654216109641e-01
-1.488345875192243373e+00 9.467885588660001073e-01 -7.897159713121845726e-02 4.676212651791901154e-01
-6.743050460347558284e-01 7.806918667359504793e-01 9.509025991042334702e-01 2.748053988115903290e-01
-7.350107665399630896e+00 -4.467573439226728560e+00 -2.203462355633549308e+01 -5.066381826421856083e+00
-1.938593418271158830e+00 1.654774980313469701e+00 2.312490625533845989e+00 5.522931795686829570e-01
-3.235176918848402250e-02 3.762380659983443287e+00 2.794209749560370160e+00 1.923961551113518631e+00
-1.135849910689827214e+00 6.684952851517618200e-01 5.086008781096063025e+00 1.058059740224691486e-01
-1.180848867515113421e+00 1.086171620578077146e+00 1.051392617867920487e+00 7.461712524242299915e-01
5.939331481453096195e+00 4.892730761383013771e+00 6.229101435873412917e+00 4.588932993163240326e+00
-6.947097282970966958e+00
-1.072932393394639528e+00
-2.686826025946412067e+00
-2.137952092650994285e+00
-1.404437753819774537e+00
-6.069395158377507427e-01
-2.279958650071754800e+00
-7.734354260423673688e-01
-8.700000709649300390e-01
-1.165379309471256564e+00
-7.240866002353002484e-01
-8.432626285251344500e-01
-3.825045604068515459e+00
-1.031041770341797115e+00
-7.508848767435911953e-02
-1.694707920392980460e+00
-1.233927157847520384e+00
1.618521652423724921e+00
ReLU
0.2
18
18
-1.992825131119155158e+00 1.305238871755976415e+00 -9.549513411337975932e-02 -9.437554469659327483e-02 1.109316734759929979e+00 -1.467018948881178763e-03 2.551070370208602944e-01 1.323861397422460007e-01 1.427337216656649095e-02 5.904014467167623126e-01 -4.881837368861183246e-02 9.724019675103504068e-02 -2.146584993697033816e+00 6.610897711944582200e-01 1.197138965913854936e+00 -1.063882834722819526e+00 1.225348952639411931e-01 1.107117232493242259e-01
-2.057314683555746745e-02 -7.695193217332558788e-01 1.046559637437225881e-01 -1.928330828672280561e-01 -7.350267169854101112e-01 -6.571934083538839566e-01 -1.709741203446462354e-01 -4.294522334023541110e-01 -6.761886069764331264e-01 -5.173138244348229886e-01 -8.947508343054928481e-01 -1.356062653115740757e-01 -6.465285484899840895e-01 -7.504775007404406173e-01 2.317811757926514504e-01 -7.612612962983487108e-01 -6.560563417459882585e-01 -1.333047684295731505e+00
1.321970270439487782e+00 -1.765728362844826496e-02 -9.017627975372820570e-01 -1.120600001206688345e+00 1.377945709963994458e+00 -6.593522737124396516e-01 -1.381657230693983107e-01 -2.995887584807668813e-01 -1.922309416443233610e-01 -7.400389007774497152e-01 -1.221047242499584851e+00 -2.737886785964447345e-01 -2.756028593056825127e+00 1.424954893465414651e-01 1.137630048158608242e-02 -3.064526577410812691e-01 -1.123811962555761212e+00 -2.097088105163356975e+00
-8.990312951755470294e+00 3.335434212163961715e-02 6.602330636169997935e-02 -1.711344217759945829e-01 1.000845748885811570e+00 -1.028514809480144815e-01 -6.152265134320830109e-01 -4.680114309710031173e-01 2.320176092800601275e-01 -9.059063060120528532e-02 -3.078400786492404562e-01 -2.172481578313001926e-01 -1.427700967248843655e+00 -2.802123804917263164e-02 3.453764788071892466e-01 -7.622360541646178156e-01 -1.086608891279015943e+00 1.817126831895203853e+00
-4.113287064779023616e+00 -4.191248283868918012e-01 2.164916732088195961e-01 1.634565808865087733e-02 -1.232189295059643447e-01 5.671917731856129796e-01 4.385959870847656178e-02 3.350851990448366902e-01 9.393181098187713615e-03 -1.632198456813857557e-01 5.566053778411732544e-01 1.417308770180441824e-01 -2.134365605793564491e+00 4.832492953144019165e-01 4.811785869795647819e-01 -1.548831269238802655e+00 8.138380623506200617e-01 1.181913068262190336e+00
-5.479539511214726488e+00 -2.087201120855057268e-01 -2.307271059028266069e-01 4.271960904641414897e-02 -9.282339119356853852e-01 -5.475129181445151927e-01 -3.346732605429010299e-01 -5.537063613894685488e-02 -3.723148429593363673e-01 -1.580029789722426636e-01 3.186102347868720042e-01 3.613605194921611918e-01 -2.970835309649533684e+00 -5.920297740320750179e-01 -9.643214048434168850e-01 -1.190849185240520081e+00 1.633786326067696720e-02 -1.345706980929129326e+00
-2.976235299000810075e-01 -2.611074262626726927e-01 -9.629054409388808633e-01 1.673745854285134449e+00 -3.075197084321169338e+00 -9.931129747582954082e-01 -1.175042387128272803e-01 -8.529533344277512308e-01 -1.465110217489648259e-01 -1.139509657953250654e+00 -3.374781548198452774e-01 -3.234432459588447717e-01 -2.786502961799592892e+00 -6.593659742163238136e-02 -2.189256397653033925e+00 -1.176411289819788042e+00 2.120376021763806129e+00 -7.018240303707008465e+00
-7.822468338038495173e-01 -1.205951149997589456e+00 -8.980102352928982512e-01 -4.830194229548890328e-01 -1.040746217977343457e+00 -1.706344992582313314e+00 -6.570074751458940820e-01 -6.051504811131693806e-01 -8.896859595119402941e-01 -1.117153566037171419e+00 -1.204406747020861701e+00 -9.048430462706502642e-01 -9.722143300972532209e-01 -1.063110577887248498e+00 -1.166060726557040850e+00 -1.461758351913150511e+00 -1.146511873267874071e+00 -5.475780657408684249e-01
-6.401694461268538916e+00 9.015346440297002939e-01 -3.574789793286023420e-01 5.079313875733489914e-01 1.601903490943804576e+00 1.012732706024858792e-01 2.207927221365330872e-01 9.612476623119553532e-01 3.990624031545305095e-01 -1.116613994181184094e-01 9.729156530995609620e-01 -4.377828410147011073e-02 -1.174803897968137667e+00 7.413503093208475558e-01 -3.082808614953293615e-04 -8.054308321899247280e-01 1.639465195857063295e-01 5.782119900653955036e-02
-6.182229608327772574e+00 -2.221238237184583464e-01 -8.544608495078759303e-02 -4.363657160151009351e-01 2.185651039773746640e-01 -2.234987602575469190e-01 -8.499669776154066270e-01 -1.021216264656417266e-01 -5.061171691385057958e-01 -3.092148642432849814e-01 -5.864723168432196543e-01 3.448914331301608516e-02 -2.130553471915592301e+00 -7.869345530356698648e-02 1.476326484027265518e-01 -9.843215015260313727e-01 -3.578598580501058390e-01 -5.238879803707585658e-01
-6.823359803121029188e+00 1.492208353383998876e-01 -4.299112398659927226e-01 2.170719625979035741e-02 1.355378418823219189e+00 -3.020130237999176792e-01 -3.233013639301348524e-02 1.578761735092677476e-01 5.524865326272127702e-02 1.514416991857661376e-01 -3.746134974890977763e-03 -5.284566691459369192e-01 -6.848733485813531807e-01 2.311329460426155835e-01 -2.125748895316424414e-01 -1.091783267632582266e+00 -4.547876654689454456e-01 -9.650074965600736743e-01
-2.538059643370780272e+00 -5.359171349083068359e-01 -4.465920138610193768e-01 1.374057831634682092e+00 -2.245588529833231484e-01 -2.725994761427839586e-01 -1.068318887164838138e+00 -3.729304496419917625e-02 -1.620955339467224920e-01 -3.588150046659079884e-01 3.111182763050699893e-02 -1.737022983403201659e-01 -3.597903794289777912e-01 5.862936362100090726e-01 -8.609528251113095498e-01 -1.008374245131167912e+00 1.041097032110713805e+00 -3.685523177863212929e+00
-3.945377405405348537e+00 -1.115869497963584561e-01 -6.961955506205205202e-01 2.213487526216550982e+00 -3.189569742424831489e+00 -9.924849532105511907e-01 -9.674704248156251740e-01 -3.033232481198779862e-01 -3.951664780959240342e-01 -7.290189221155729538e-01 -4.947049857370290904e-01 -7.389496676596292168e-01 -1.995562241378087798e+00 1.655751272047878420e-01 -2.293498404578204308e+00 -7.444927417660567315e-01 4.969317599424812881e-01 -7.697372697481128512e+00
-9.068190225778064217e+00 7.399810872253034244e-01 -1.146183328736613216e+00 6.339002136174172186e-01 -5.478875607607439635e-01 -2.357164791098044498e-01 1.939717206978917863e-01 1.415556568988064756e-01 -3.154670294270857656e-01 1.871848380290588587e-01 6.995490366704973928e-01 3.764573455210954434e-01 -1.212855553366203543e+00 3.451758221616030992e-02 -3.126784460999342818e-01 -9.961319444282864533e-01 -5.207012862438373246e-02 3.874793691033959729e-03
-6.213210311732146884e-01 -5.457866658935749127e-02 -5.658669610339501777e-01 -4.477930376950254310e-01 -1.804048332790216536e-01 -1.219702758005556165e+00 -3.382459742838413441e-01 2.043025663852086338e-01 -6.902434500808090068e-01 -5.780008924264588011e-01 1.127791379839997721e-01 -2.170010076480495542e-01 -1.379305714589807441e-01 -2.079778992274281257e-01 -4.288399520065167003e-01 -7.907945334966949291e-01 1.388387296073087529e-01 -5.139414321165969302e-01
-6.010979490849875262e+00 -6.376713314150168621e-01 -9.436601483184333672e-01 -5.517908063950210940e-02 -1.155696176399778063e-01 -3.948295894123559635e-01 1.801077520432387280e-01 7.138607107142611041e-02 -8.046743972258029176e-01 -6.382009095586606007e-01 -8.808851473661290232e-02 2.131331256322424039e-01 -1.914509983810461113e+00 -8.640224600516123454e-02 6.099021728318795299e-01 -1.086575867513703164e+00 5.029894050543285422e-01 -2.260692027278749627e+00
-7.257585484206799942e-01 -1.142863704725381346e+00 -1.167923073679950852e+00 -1.672766960953918858e+00 -1.114901401121134450e+00 -1.153539749101597067e+00 -8.793593335522773557e-01 -1.229245839625029868e+00 -1.231640196552863387e+00 -1.272162322249760225e+00 -1.436834181032317526e+00 -9.345560704100154270e-01 -1.830092748240477851e+00 -1.285341283450342820e+00 -1.849804264706421897e+00 -1.581602660113547110e+00 -1.790886433930822585e+00 -1.540250709855210065e+00
-2.154395082307643872e+00 -1.772419224809384797e-01 1.348164133507148421e-01 1.083313346902583518e+00 -1.348793124471474369e+00 3.000385231937992003e-01 6.666823337686300643e-02 -3.484509836501845093e-01 -6.528637549242084503e-01 2.071425259987846879e-01 -4.109079332808734386e-01 -3.408764784457578578e-01 -2.153404665168919152e+00 -2.910457149491276208e-01 3.721706045041129896e-01 -1.201989907151573833e+00 -5.287701546689814736e-01 -2.357182700830222188e+00
-1.600974755942722316e+00
-2.743832812518819386e-01
2.866181589769069560e-01
4.342507054864309879e+00
6.848638801771756768e+00
-4.755730611079612286e-02
-8.778338455066809765e-01
-1.906339960618375906e-01
-1.386021836974838717e+00
3.854227702619291485e+00
-7.411711367862597877e-01
-1.118679792183608079e-01
1.413539600977914867e+00
-2.731136523249136916e-01
-1.256001215570659024e-01
1.931055193419937588e+00
-8.604927295781252816e-01
1.446709890920899966e+00
ReLU
0.2
18
2
3.592074854538602202e-01 9.602179191873401465e-02 -2.979414229260587410e-01 2.184405160275868063e+00 1.885557753875870102e+00 -5.197910644284483572e-01 -5.008224719061763475e-01 -6.262217880418924354e-02 1.056722532997708963e-01 9.255116797788176530e-01 1.573248162942933737e-01 -1.117126614446686539e-01 -6.172184455634406319e-01 6.821735508838289164e-02 -3.227130412127687809e-01 -3.570939081532863990e-01 9.128367456584439710e-01 -4.717551527881428397e-01
2.695977561182512638e-01 1.158062197990616937e-02 1.381186308379634131e-01 1.717491772411503970e+00 2.124091687322658739e+00 -3.123471220757649269e-01 -4.729067480991420713e-01 2.690604732437931745e-01 -1.772407812834193852e-01 4.628454729472993023e-04 -2.930816319714305562e-01 1.335636110661512777e-01 -8.631147324622239214e-01 -6.898458742627179563e-02 1.672939220678910932e-02 -1.348748603305699179e-01 8.378582164777085284e-01 -3.012367591421762358e-01
1.615118024167393784e+01
1.489414704023351455e+01
Linear
0.2

ct 2024-06-12 09:24:54.555755
