noname
4
4
4
18
-1.232452975260080796e+00 1.185582050344811122e+00 9.102268236513657129e+00 1.293568887879610774e+00
-3.214792416480426185e-02 9.046730590813828465e-01 1.946079336465282639e+00 5.538190558090492210e-01
-1.697521266250412220e+00 1.357038602709571995e+00 1.008193071000258234e+00 8.024905979510994769e-02
7.135784451999692690e-01 3.650602156916978314e-01 9.962066746082668400e-01 2.976355979466360768e-01
7.437370811946024673e-01 6.085437447993061744e-01 1.030452515682441339e+00 8.136681508044618649e-01
-2.534407144079400265e-01 8.357597918411635574e-01 -1.812042077788763306e-01 4.454959737398551667e-01
9.154529940611940697e-01 8.203439308261079033e-01 6.179671911008753904e-01 8.270729389922306662e-01
5.995785508522235574e-01 1.062808100939385936e+00 5.480791884441982287e-01 8.964035470731538391e-01
8.041231638986992003e-01 9.751174810545698568e-01 5.710077245635279963e-01 7.212570390866820391e-01
4.535316384590555860e-01 1.564388631432831911e+00 8.326521779607808371e-01 2.368177507216704947e-01
1.285100372092181420e+00 8.832384253971141685e-01 5.835658124221129173e-01 6.510024265243067321e-01
1.491240283088674790e-01 8.400036727979219853e-01 1.449885906124392054e+00 2.020777811164701787e-01
1.291431342184465869e+00 -3.259362721798164664e-01 -2.243585370591981043e+00 -4.570976119686435135e-01
7.252646209147647349e-01 5.959836704633628690e-01 1.229364624641015480e+00 4.902749699409829631e-01
1.553457908897032613e+00 5.784281277900263918e-01 1.319155964072430687e-01 1.068077109848979189e+00
-4.765914926241271998e-01 6.187240242618065045e-01 5.199342706119367108e+00 6.062787623596314068e-01
5.027867913927867027e-01 1.090998984466913457e+00 1.868572583212265936e+00 6.439072221677634156e-01
6.727948035806872173e-01 1.144616238322747392e+00 1.124381441749505717e+00 1.064512504861662823e+00
-2.175240011206720947e+00
8.120498618243062738e-01
-3.407724571462863450e-01
6.301389421652811018e-01
1.043407315493233956e+00
-5.817270419607583065e-01
8.589135094601189069e-01
8.132240045252836502e-01
6.553321750637074450e-01
3.283648510762119388e-01
5.193429965614134725e-01
1.213897383137681613e-01
-1.150646710318231347e-01
1.033084011103940547e+00
1.002317225885046570e+00
-9.794214925295346985e-01
8.689123712678664679e-01
1.018736160568302740e+00
ReLU
0.2
18
18
-3.332480582651400347e+00 6.873445512612180730e-01 3.688889316995635492e-01 4.739920365897452859e-03 2.767271241088141154e-01 4.077664753943422392e-03 5.029354282197036063e-01 -4.026857720840935559e-04 1.895994124427773930e-01 6.632982958915878413e-01 -9.545473591491797360e-02 5.114947812216710243e-01 -3.488198348832569073e-01 7.234512266812859194e-01 5.160490248307501027e-01 -1.045098811557132690e+00 5.875528823078058904e-01 8.296524114794723292e-01
-4.244206480081509358e-01 -3.429583158295590462e-01 -1.530266605248000178e-01 6.401883049258218217e-02 3.358783574269712247e-02 -6.571934066866896851e-01 2.704646241708598686e-01 2.970822126055386314e-01 -2.837131693523278209e-01 -4.404559860483610589e-01 -4.035723871429001686e-01 -8.415060487251832533e-02 -4.679897611934151214e-01 -2.587065039950950940e-01 7.738563184109683579e-01 -7.222023126437511209e-01 -1.040734283144813394e-01 -2.403033281181428671e-01
-8.056323130843123792e-01 2.628910719291889797e-01 -7.527478468723906024e-01 -5.089453736713184240e-01 6.487236450998332682e-01 -6.605740522469006892e-01 3.080507386676465953e-01 2.454639358347996680e-01 1.933295785876219253e-01 -4.990822678172054938e-01 -5.145721092799736551e-01 8.520567499649384091e-02 -2.469334864295041898e-01 -9.625566210519193554e-04 -3.713097190348592369e-02 -2.604622433467653764e-01 -5.773190013998265036e-01 -7.033884435514345390e-02
-3.411343062665834314e+00 8.209370473936752344e-01 5.084898407765595651e-01 6.001400333109208063e-01 1.114703036800164249e+00 -8.841563801163368486e-02 2.786987420092986167e-01 3.946472671244072861e-01 9.315102265388127689e-01 8.687837130525671858e-01 7.079414105445255845e-02 2.839045274210024727e-01 -9.753994751122307960e-02 3.141694183374440508e-01 9.206938573721623609e-01 -7.618813616330669669e-01 2.581490308044582793e-01 9.470914195514509304e-01
-3.773431210250398404e+00 1.877326656808284699e-01 7.812245808573445860e-01 2.346349910268125394e-01 5.960783304847754316e-01 5.869436971444194073e-01 8.429841899015576567e-01 7.851414066494095678e-01 6.300175873149772565e-01 8.512615049318567051e-02 9.802256132794107124e-01 5.516702040024483722e-01 -3.004560907345843468e-01 1.072298598473688358e+00 9.928876889597548772e-01 -1.552785214315388851e+00 1.055819857739448198e+00 7.812774273466163155e-01
-2.562938664728936278e+00 6.422007920568567618e-02 -1.655010116782149321e-01 -8.889746784113371214e-02 3.939578143505514385e-01 -5.575342706850832109e-01 1.788027453669807643e-01 4.024739905867479872e-01 -1.877590187388898935e-01 -9.172955502903809566e-02 -2.548228062740453409e-02 3.601985402659277913e-01 -5.116675400108430249e-01 -5.739731943989780094e-04 2.282659891312024403e-01 -1.257154913284596054e+00 -2.033647205706722860e-01 6.875797702777401987e-01
-9.211511141945684100e-01 -4.687588950818788458e-01 -9.629054386992792480e-01 1.801554696012274692e-01 -8.422505934594244348e-01 -9.931129728199090678e-01 -2.011876680347467194e-01 -8.418059311356811403e-01 -3.425905793006404076e-01 -1.091385167899824982e+00 -3.126081413923953445e-01 -3.272398648702653512e-01 -4.287677139045935615e-01 -7.046368665995729197e-01 -2.139937085856881693e-01 -1.176411287746495393e+00 1.664449011268395173e-01 -4.270314389951641865e-02
-7.822468321987718909e-01 -1.205951148625995728e+00 -8.980102331832339191e-01 -4.830194214903502647e-01 -1.040746216330302065e+00 -1.706344990444536691e+00 -6.570074735236360874e-01 -6.051504794192562597e-01 -8.896859578216090858e-01 -1.117153564292708179e+00 -1.204406745320712790e+00 -9.048430447800164256e-01 -9.722143282673613163e-01 -1.063110576457377165e+00 -1.166060724952204586e+00 -1.461758350365035319e+00 -1.146511871846111363e+00 -5.475780641549108374e-01
-3.496971967097910472e+00 4.779350227748686009e-01 1.849893631507884273e-01 3.705361532105638234e-01 4.269210135701921871e-01 1.048875725133930348e-01 2.550932618750672565e-01 7.445519536378294445e-01 6.410855839478503126e-01 1.408386699178547641e-01 6.372354519065823730e-01 -4.938580187742509786e-02 -3.584906214156454718e-01 5.159839991940226023e-01 3.012553461765414275e-01 -8.591939401818363686e-01 6.891810669163132008e-01 1.501666244595256938e-01
-2.643432153627883974e+00 9.507108824781433931e-01 4.465360628268624787e-01 1.497637196885381883e-01 1.178855792348602050e+00 -2.039787405904414930e-01 4.926543981673842665e-01 9.992763383559791768e-01 2.014858826230077060e-01 1.027950523427097196e-01 1.652006766504947599e-01 5.763696800622634120e-01 -1.534927732350335056e-02 6.797749922244993304e-01 1.162010387698289016e+00 -9.381602454632111954e-01 5.403645841423022622e-01 8.766040874465933497e-01
-2.605809579331972881e+00 5.563823671434080520e-01 1.165288070939880932e-01 3.438586332767357701e-01 8.219134233426177438e-01 -2.997791355159180049e-01 4.246814862185929185e-01 4.138628319905457986e-01 4.976624884066674359e-01 3.759155160761726289e-01 2.640491911628461974e-01 -6.429471715079870808e-02 -3.596608977596685297e-01 2.776405744639817708e-01 5.093602992053601897e-01 -1.021052014642536143e+00 4.700300823248443338e-01 2.572107324166469366e-01
-1.907338605734099746e+00 -4.382771478092261641e-01 -2.724606349001154060e-01 4.895249691835105721e-01 -3.152536019456030347e-01 -2.819126948280369360e-01 -2.738003360033676725e-01 4.179711423748155852e-01 2.767908593249227556e-01 1.265012734903446512e-01 1.102118444737752168e-01 2.168606703284696458e-01 -4.440353690286930055e-01 2.828945148201664761e-01 2.633077759977939247e-01 -9.829766555833369113e-01 4.503977279040269899e-01 -3.950588046456400548e-02
-4.307828896332771551e-01 -2.445133137818326918e-02 -7.100245434801277788e-01 2.526775269208065278e-01 -3.037645632264478479e-01 -9.924849513850726446e-01 -4.696182230244194122e-01 5.219389025126987963e-02 -4.079099522844517600e-01 -7.280250620955147633e-01 -4.664096883409433736e-01 -7.389536225015476134e-01 -9.913368258677462963e-01 8.268886450776989638e-02 3.756052883947084142e-01 -7.444926337665096483e-01 4.100287070234117093e-01 -1.108173838226022972e-01
-4.024870211497592720e+00 6.310502674173835702e-01 -5.210329568719619386e-01 7.058297053685278488e-01 9.243127224707146927e-02 -2.353218478328119312e-01 1.228145196096367964e-01 6.086271896450344554e-02 -1.663032915542694279e-01 2.079147927885264258e-01 2.314900903165177937e-01 -1.760985183656978842e-02 -7.068171215858491951e-01 2.747168584782898604e-01 4.414724025316512646e-01 -1.134089134576917290e+00 5.624537267774837312e-01 7.346137440473980984e-01
-6.213210296990788750e-01 -4.071337366751762166e-02 -5.658669593245840845e-01 -4.474595266952989814e-01 -1.786155935350194623e-01 -1.219702756195772952e+00 -3.382332656460219633e-01 2.043025671925131626e-01 -6.896472118785461625e-01 -5.780008915768898303e-01 1.161449478258482909e-01 -2.170010066216493116e-01 -1.401400436856813439e-02 -2.077573174148469037e-01 -4.288399512983678830e-01 -7.907945322474243532e-01 1.609461703598626947e-01 -5.142195479756485055e-01
-2.831995035834215191e+00 -2.447075532853427438e-01 -5.959994525794463094e-01 -3.308179832129534148e-01 3.706925242027955814e-01 -4.069615770431724844e-01 6.415595618832096170e-01 6.771192216927495178e-01 -2.776053820315492748e-01 -3.360663246778232693e-01 -3.643633223068764582e-01 4.544751700774756764e-01 -8.183344002315637855e-01 2.377021550428252694e-01 -4.067178684266496008e-02 -1.112748160825134836e+00 4.310156061224670321e-01 5.206765764931874374e-01
-7.257585467770343302e-01 -1.142863702832493056e+00 -1.167923071740523566e+00 -1.672766959058753944e+00 -1.114901399246894576e+00 -1.153539747259060277e+00 -8.793593316813181904e-01 -1.229245837721048007e+00 -1.231640194652255937e+00 -1.272162320334503605e+00 -1.436834179115096255e+00 -9.345560685692413383e-01 -1.830092746203862530e+00 -1.285341281558781246e+00 -1.849804262815773814e+00 -1.581602658432672115e+00 -1.790886432031725262e+00 -1.540250707968649602e+00
-1.349803441696598494e+00 2.612751906347358100e-01 8.405696900229983060e-01 6.134619630761877218e-01 2.058875981028033542e-01 2.879802588327017299e-01 6.677893020257648082e-01 3.922926035443238257e-01 -2.030173198032091120e-01 4.217449318583159634e-01 2.971942942868278092e-01 9.148046252693527169e-02 -4.890328243497522598e-01 2.845776553077794535e-01 8.052121215368325258e-01 -1.050488974851155000e+00 2.487768805253916526e-01 1.884840089296531962e-01
1.875141296843116701e+00
7.701194956611996378e-01
8.706543680548760600e-01
1.908180485451338448e+00
2.284332618659365544e+00
1.181153451753099271e+00
2.483884081476771810e-01
-1.906339948083980995e-01
1.195445635746262614e+00
2.028067024731635914e+00
1.602685470171171911e+00
1.060160980879195636e+00
3.525757688738760942e-01
1.094833799610137159e+00
-8.953312433065906129e-02
1.397252134814353175e+00
-8.604927277724915280e-01
1.140253428437871808e+00
ReLU
0.2
18
2
8.657731271762922898e-01 1.497025461289029080e-01 3.521773469806507850e-01 1.002898731357612538e+00 1.249911649573286487e+00 2.692132170236707367e-01 -1.213690731211245766e-01 -6.262217851384126177e-02 5.851392327818137895e-01 1.195662744818721590e+00 7.997279554018941194e-01 3.003213548237486097e-01 -1.840942355743018649e-02 2.581688315575924597e-01 -3.225296861120974246e-01 3.527512843486842464e-01 9.128367445726210949e-01 7.278332568110483791e-01
7.863974783452009065e-01 8.627231793636531976e-02 1.550383456286932859e-02 1.029476924435375196e+00 1.249571066959503485e+00 6.465143935929379415e-01 4.398350340178315554e-02 2.690604734750827176e-01 9.184167811042897034e-01 8.878747732435389173e-01 5.041239601852145480e-01 2.098661937134025379e-01 1.233713872396133976e-02 9.500849137553343260e-01 1.678660449866354459e-02 5.588659018244972465e-01 8.378582154261655646e-01 1.685965991034885647e-01
2.876565559222292734e+00
2.565613640355757230e+00
Linear
0.2

ct 2024-06-12 09:21:59.485550
