noname
4
4
4
10
2.421433629312983449e+00 2.383816354936935777e+00 5.185785230551041458e+00 1.436815997949938195e+00
1.486602302054173652e+00 2.522445629615457374e+00 1.105682029275459577e+01 1.488089787234623262e+00
1.454873980718130788e+00 1.408251378059541592e+00 1.045303109419957410e+00 9.909076809342858283e-01
-5.822623073387820369e-01 1.585709958616615900e+00 2.317132556340538496e+00 2.787724326437406863e-01
-3.155787566363062346e+00 -2.386823514011003677e+00 -3.328676023065668232e+00 -1.321874452420926938e+00
1.022205738268057162e+00 5.442325483329428781e-01 -8.711819478350624202e-01 8.401241576406226486e-01
1.206089589230241454e+00 1.425402380681851433e+00 2.271187653284842067e+00 5.792804069760909558e-01
-3.046058797510033389e-01 5.426161215626658096e-01 7.457705742623614853e-01 3.297158280381791706e-01
-1.860021632463164654e+00 5.473093503168934282e-01 2.026244689010411548e+01 1.183954782903092307e+00
-3.760649087603574192e-01 -4.845960724956356602e-02 1.356080201223455006e+01 8.566617179409177218e-01
1.393215072352440576e+00
2.637922665715727533e+00
4.526769453001418531e-01
-3.143345571518146309e-01
-1.002511048614756595e+00
-7.803074928695379053e-02
1.992180997556507183e-01
-6.554959430131525044e-01
-4.538789398108762363e+00
2.396746298311513090e+00
ReLU
0.2
10
10
-2.432321713888870307e-01 -4.239702110926820700e-01 -1.010531440363083566e-01 1.950413982674485402e-01 2.195845236936236233e+00 -3.924646470088455907e-01 4.396478468579832488e-01 4.702290236924551448e-02 -2.027463033621793809e+00 -9.681376344637138143e-02
-5.363965130584137375e-01 1.203040706362606072e+00 -1.255205682764150565e-01 -6.049174117174329623e-01 -1.364767195777253639e-01 -5.929737131004521322e-02 -3.538518049747755856e-01 1.475808506604487647e-01 -2.881872968584012096e+00 -2.498158739786718208e+00
-3.849396005200925730e-01 7.380280889454310378e-01 -5.696547701189379892e-02 -4.775878323831435623e-01 -2.170481154108402644e-01 -1.086064575236504043e-01 -4.996019009785532261e-01 -5.217792212847348621e-01 -2.337696586288681821e+00 -1.383331333661676599e+00
-1.251605599578756278e+00 -4.536031405888980017e-01 -1.255154631253996289e+00 -1.158213176953440060e+00 -1.131101255439800113e+00 -1.220686670059389467e+00 -1.248454336368997497e+00 -1.150175968284234518e+00 -7.943660130834433453e-01 -1.098746101352150895e+00
6.563616698159741025e-01 1.841735888657592968e+00 -3.701158114320966530e-01 -3.895981002496982648e-01 -6.017978644218782147e-01 -3.052480079316024705e-02 4.086057608873733260e-01 -3.084417852278026895e-01 -4.611821515034591812e+00 -2.050138541700910366e+00
-6.527562879277251096e-01 -7.601413649458674815e-01 -1.094000020650294447e+00 -1.095716468917149022e+00 -1.308210550186018839e+00 -9.792965956164476626e-01 -1.261459982346698316e+00 -9.656875464398464448e-01 -6.788703684170910302e-01 -8.370245794185041666e-01
-4.912744611217933488e-01 1.137419777532101550e+00 -2.578995887923342667e-01 -4.882728298238014908e-01 -3.851786154858065081e-01 -4.195130906600317844e-01 -1.596421496658596006e-01 -1.812035495374912097e-01 -2.450877913954039755e+00 -2.853442141865208725e+00
1.363994944445311441e+00 1.817687466054708656e+00 5.327322877822242564e-01 6.706801758333513774e-01 -4.525954065406226912e-01 7.818818839415687671e-01 3.774952964352097928e-01 1.214430838996069101e-01 -7.325321785546576869e+00 -1.239765291462410213e+00
-2.165581765028313510e-01 -8.207740628684512263e-02 -1.367719037774930424e-01 2.480828771098250451e-01 -4.855670096832084282e-01 9.762471480480633401e-02 -5.099782665603889154e-01 2.807175560050615970e-01 -2.648550450411382151e+00 -3.435064445714180459e-01
-3.376562845605617369e-01 8.823026395180047499e-02 -2.755223382254634590e-01 2.870407626485657268e-02 -9.997497145651472739e-01 1.891667835319409408e-01 -4.489367957447664703e-01 8.936841265139131019e-02 -1.933911936987002811e-01 -1.548708456343787843e+00
8.600298339367142830e-01
-5.305745808578411077e-02
1.875488214462633085e-01
-4.209212213787222323e-01
-3.313877871474171094e-02
-1.024682469808045004e+00
-7.172990174922153073e-02
6.826732540758305712e-01
1.954032832436337630e-01
-5.497434523085805713e-01
ReLU
0.2
10
2
-3.281854175391877848e-01 3.951810061734459811e-01 1.819550604321568676e-01 1.094286656875723684e+00 4.206687373381891581e-01 2.220950085515812633e-01 4.803327344101039897e-01 1.036108320240145098e+00 2.004746430762024967e-02 2.275042311204391599e-01
-5.044809402429826228e-01 4.521465466571463199e-01 1.840178650319831410e-01 1.021921910095908048e+00 4.384350869668250938e-01 4.987236517399942226e-01 4.360683199060507165e-01 1.132859344890082998e+00 -1.574711471126133688e-01 2.685665113164207880e-03
6.085909919249478328e+00
7.166378420088498125e+00
Linear
0.2

ct 2024-06-12 01:23:31.574633
