noname
4
4
4
6
1.804277682670260674e+00 -1.829295809026993125e-01 -2.211136241972562644e+01 -6.023389019125265920e-01
-3.470412953374638843e+00 2.650928715002193847e+00 6.504053151819511491e+00 2.571757539164187811e-01
-2.829997486386319316e+00 1.498336447986844844e+00 5.298926193040985666e+00 2.036427281331614283e-02
-7.246237891598612535e-01 2.706428973973271201e+00 1.325882748882923678e+00 9.114343259184551904e-01
-4.804672911140642988e+00 1.420664123372266330e+00 1.273049173200473394e+00 -5.104545218508579341e-01
-2.802322015681497636e-01 -2.027386921099850081e+00 -1.715060618838531425e+01 -2.858553460706101390e+00
5.043409936954521555e+00
-4.986734128864656945e+00
-2.942477835777068229e+00
-6.664259542423175420e-01
-1.586858317831744802e+00
3.597014792851231935e+00
ReLU
0.2
6
6
-1.326944233454753208e-01 3.079519477929311758e-02 -5.456641781901947486e-01 -5.180043663045915681e-01 2.140907665549494909e-01 -3.004575213374959031e+00
2.416150841192199750e-01 -1.072516654096940636e+00 -7.180872428133386887e-01 8.241448922277201383e-01 -1.805811137579575731e-01 -2.720219639944721379e+00
-7.613073920158198726e-01 -1.711357099440331542e+00 -1.254985973656484788e+00 -1.365106736455397041e+00 -1.566514759631120857e+00 -9.235324077023958633e-01
1.278333868603950707e+00 1.279060089349125739e+00 -3.935297412799937389e-01 2.785745922539961117e-01 -8.644277239574053862e-03 -2.053720871771917089e+00
-2.133956397712877540e-01 -2.218162739744181933e-01 -9.960796856159567780e-02 -7.419318579500171484e-01 -6.535347919286327301e-01 -1.483227860416945543e+00
-4.284786477796424187e+00 -3.958948903175419254e+00 -8.033044280119598923e-01 -8.391030619266433288e-02 2.857983915984203538e-01 -1.961291483024085069e+00
-7.263501934424808626e-01
5.435270094202921953e-01
-1.208263886471169890e+00
5.389515691280408305e+00
-4.825937673530860117e-01
2.124653212367661581e+00
ReLU
0.2
6
2
2.390079174646692894e-01 -2.786888139724216229e-01 5.366272862629910545e-01 1.177815361015865703e+00 2.384979032968458090e-01 -2.562248222696107192e+00
4.306560958721871724e-01 4.793908644502141714e-01 9.472973882311257199e-02 1.190984477313972612e+00 6.616070586412894361e-01 -3.116930777026307275e+00
6.442383828899870046e+00
5.558303858659853880e+00
Linear
0.2

ct 2024-06-12 16:59:58.730124
