noname
4
2
2
8
8.852658807769758775e-01 8.863230004339116563e-01
8.863946540105700489e-01 9.825831445584651824e-01
3.303043071394555497e-02 1.026267452060858065e-01
6.442566992537744897e-01 9.039780784358227850e-01
3.384371933920780617e-01 6.395482897706461500e-01
6.041508044095831309e-01 2.191543692330695167e-02
8.324124120071880739e-01 7.913097906227677392e-01
4.626485016783478121e-01 1.640193964140342908e-01
7.648077338736865016e-01
3.445205557299975130e-01
1.801745126034721978e-01
8.190168280301475534e-02
2.510987377711073609e-01
4.649087313454974835e-01
6.332242895911979197e-01
-1.040181427550084491e-02
ReLU
5e-05
8
8
4.132790956992014597e-01 6.556012825848188674e-01 2.193652386027554191e-01 -2.636898998306084346e-02 9.215840945528128714e-01 6.987857650742687610e-02 3.936869810410195680e-02 8.704484830348089286e-01
2.812982753995056373e-01 3.287405249868214918e-01 6.261593820065580740e-01 1.679339462795367555e-01 2.780612769252542860e-01 8.272964352192931914e-01 4.799490169893235181e-01 9.958769979307943165e-01
5.619147678241709354e-01 6.328156935028532715e-01 3.066733118396786084e-01 4.439309225922383195e-01 8.889965878839517499e-01 7.927844656210281116e-01 2.472924771731424831e-01 7.840724035660108227e-01
4.003088920110232096e-01 8.887232580938347892e-01 8.767442621544154768e-01 3.702213418363877184e-01 7.073044523028901853e-01 5.613354097003722121e-01 5.458285186210094508e-01 1.118673395541916749e-01
6.542648381092325272e-01 9.241621927744065879e-01 1.868874044642438725e-01 5.784561287878520197e-02 7.597395587665982664e-01 9.292701722436509382e-01 2.235079708634055973e-01 3.977722379114840418e-02
9.891804010327333030e-01 5.239985957139146056e-01 1.620714747296396752e-01 6.586584971861849658e-01 6.792244202234242190e-01 4.710581671014394955e-01 9.189156392433690534e-01 2.494222977573625280e-02
8.774867132607211406e-01 2.807884675368254104e-02 9.173640328531250387e-02 7.963248254348394006e-01 7.195144850124727265e-01 2.753531917352985969e-01 9.917443866216460457e-02 7.881401347173058181e-01
7.011113159194930500e-01 1.099328872414537528e-01 4.470032708779312358e-01 8.085592802088007458e-01 8.826388589903435555e-01 4.920930006164568327e-01 6.188433501736246845e-01 5.007645394546897943e-01
-3.180717087794088238e-02
5.411691183070661132e-02
5.914905774284472395e-01
9.068926612444283553e-02
3.425558196398941768e-01
9.264876158278827489e-01
5.286503851548152166e-01
3.041767897907924345e-01
ReLU
5e-05
8
3
2.642757526995329065e-01 7.951533168267912455e-01 9.619460385573332939e-01 3.577414209918239330e-01 9.437515953676279823e-01 4.411544867532557479e-01 8.290119647105198553e-02 6.383855663201193353e-01
8.509364434457400428e-01 9.538299445428669587e-01 6.811745251620939801e-01 2.687084427643698370e-01 6.793379699170823960e-01 8.479569141506638763e-01 1.963160883366942833e-01 3.800319377050290215e-01
7.483644903992353603e-01 6.717375713929806258e-01 8.957960667042698111e-01 6.320075571741639031e-01 1.946199727628185050e-01 4.201347141544568564e-01 7.537239163662006192e-01 8.347945064486875788e-01
3.172152054476612415e-01
7.916048340193934107e-01
2.769561661956877474e-01
Linear
5e-05

ct 2024-06-01 21:40:46.683647
