noname
4
4
4
8
-1.176119749062135122e+00 9.186454407940366496e-01 1.945947640562278647e+00 3.509301338079979793e-01
-7.279593650933630089e-01 1.395304402808628552e+00 2.941991528887812013e+00 1.559774294727143129e-01
-4.532986484147069062e-01 8.307784533887766498e-01 2.259811369222415767e+00 6.966202149429945312e-02
-1.831739029084435977e+00 -3.378206100397505574e-01 -1.117481558836523270e+01 -5.532686075077413168e-01
2.342836899542949158e+00 1.659835999896651204e+00 1.163602178729321812e+00 2.203558698194642673e+00
1.061111072360835017e+00 1.422081425950775913e+00 1.451493396172112815e+00 1.077811096743305663e+00
-9.916936657303953018e-01 4.753598514494468685e-01 1.703608076207928645e+00 4.974315133741823991e-01
-1.919513608699328078e+00 1.188270629525342459e+00 -3.435555364190627792e-01 -1.860088548005622011e-01
-6.986822221274782141e-01
-6.105151347977375020e-02
-2.565643019412543469e-01
-1.614136580688727340e+00
7.033321560876746315e-01
6.894839073184062528e-01
-1.101864679851609630e+00
-8.656094262441916820e-01
ReLU
0.2
8
8
-2.653955489547147883e-01 -8.245386252477737710e-01 -5.237645125213966635e-01 -2.071099352712567898e-01 4.373707402576516579e-01 -7.692099812365572609e-01 -1.007881921244541790e+00 -2.408661342824493790e-01
2.832372200671935333e-02 2.957136995118057193e-02 -2.424603152720300747e-01 -9.663096214415896057e-01 -3.789087056925649621e-02 1.193429495962306380e-01 -8.045155804073962358e-01 -5.332162733841712132e-01
-5.012034528257662824e-01 -6.747409525261051089e-01 -3.038526780938023975e-01 -2.581444764032152506e-01 -1.330346595814119737e-01 -1.711481959225021054e-01 -1.595475119017452537e+00 -8.060018122820431508e-01
-8.037676626733594731e-02 -9.686554195970188408e-01 -1.740317709021241832e-01 -5.209830159144311912e-01 -8.709843376583039642e-01 -7.614381955602937957e-01 -1.176903052204695266e+00 -9.479889863763814040e-01
-3.255673556634411381e-01 -8.550671757021620634e-01 -5.384417614017067422e-01 -2.144726252866905047e-01 -1.104231442683513809e+00 -3.616728674837926261e-01 -9.860812510494791905e-01 -1.095827249283255478e+00
2.003613913258805168e-01 -4.502050000680200142e-02 4.291006318212976511e-01 -1.781487807727293315e+00 1.085611647157159299e+00 4.992425749090006470e-01 -1.771002742349480519e+00 -4.849443739639091033e-01
-5.266191518355958084e-02 9.018766286399083620e-01 1.754491763834188645e-01 -1.522491720737689791e+00 1.259931567556740406e+00 8.834870603606163053e-01 -7.497664168785654892e-01 1.494854176581427441e-01
-8.398367490574691896e-01 -5.225112892842357359e-01 -4.965999774986300519e-01 -9.672534901476290692e-01 -5.536688010199551924e-01 -5.636075973731390354e-01 -1.698223378409712492e+00 -4.789142624638292878e-01
7.428840274699773927e-01
9.047620344250801860e-01
9.018472229080906066e-01
-4.238723029911090068e-01
-6.414220826275913723e-01
1.839385762003497460e+00
1.826979433904441397e+00
-1.193213837390316723e+00
ReLU
0.2
8
2
3.851686426369724803e-01 1.511156043400050386e-01 8.729863697938579359e-02 -4.987987144793959438e-01 -6.010834459143716835e-01 1.151782821982130445e+00 1.122106253609333137e+00 -7.609079988321338917e-01
-2.684336154671664310e-01 1.976218522725376736e-01 1.429048510594640720e-01 -5.311204258116314358e-01 -3.228390942064370273e-01 7.564673183224089881e-01 1.072418936328345840e+00 -5.913685538463985258e-01
3.602202689460203278e+00
3.425990711991179438e+00
Linear
0.2

ct 2024-06-10 22:44:59.050777
