noname
4
4
4
16
-1.418878483405461965e+00 3.376117122529104897e+00 1.005412630518243944e+01 8.523184924866596957e-01
-2.171191795074396858e+00 2.606182376048538085e+00 7.176073050433559253e+00 1.065576198667145258e+00
2.128697882971990474e-01 7.299204349366685829e-01 3.257175056353964204e-01 2.692330729016109703e-01
-6.982120982350490390e-01 6.079870245712529764e-01 1.948442672702881406e-01 4.104700567389871213e-01
2.253681402208198570e-01 2.469526193013364401e-01 -1.279669573433487306e+00 3.742205159065041253e-01
-1.534492172243473174e-01 5.726722307597943429e-01 -9.708730808374022025e-01 4.501974273116394754e-01
5.297796308834191947e+00 3.243739959792469651e+00 1.087170097317817774e+00 2.820149400809136786e+00
-1.596298387230626226e+00 1.939149960320760258e+00 3.475261047939153247e+00 4.876428842346510750e-01
5.405791037300741175e-01 1.298161498909414346e+00 1.518983197033594523e+00 2.482918504462537701e+00
2.094981827744224478e-01 3.377203431673746259e+00 2.624330623082749447e+00 9.771011734796819503e-01
-4.823747932217306911e+00 -3.738665193217624028e-01 1.247650119032250426e+00 1.664839487424361941e+00
7.118070479005438322e-01 9.769290612584219380e-03 -5.634760381381186400e-01 2.304877025646549504e-01
-1.279759801777450301e+00 1.553699362675163842e+00 1.930794282421063990e+00 1.009138801161253429e+00
4.422134914586601240e-01 5.054262150902809614e-01 -4.712140242655554090e+00 1.147364502463645186e+00
-3.640978630109943381e-01 5.100802415982801374e-01 3.720835949079959737e-01 3.615388366035692802e-01
-2.421605525652356761e+00 1.645514232081548789e+00 6.074191324805243042e+00 6.739069027942587997e-01
-5.375270305958633088e+00
7.568755238888912329e-01
-1.569978393769204006e+00
-5.597466088467568657e-01
-4.287950035933929538e-01
-5.854957572603877169e-01
1.945691290404045315e+00
-2.477206555704889457e+00
4.510070416378623159e-01
-1.270803018740600532e+00
-2.870374599744421662e+00
-5.368758315247188495e-01
-1.796643027799837977e+00
-1.125398178238088409e+00
-5.801889420975284706e-01
-2.889635469031540005e+00
ReLU
0.2
16
16
-1.542554544375441150e+00 -7.791007011917445713e-01 -4.685059652419960169e-02 3.172792440997307395e-01 -7.156335955633350010e-02 -3.250745021760716863e-02 1.843222370145243816e-01 -4.515755391104868122e-01 -6.040408711049461976e-01 4.209396938824390699e-01 -4.820415919077047362e-01 -6.590000024162717684e-02 -1.305210110272469470e-01 1.195317352559263219e-01 8.219390376993232494e-02 -1.093464307345302977e+00
-1.154363738664396122e+00 -6.511142395419400319e-01 -4.678489570586324420e-01 -9.690651465430515366e-01 -1.561433564246422101e+00 -1.726345029695960820e+00 -4.842647125221354737e-02 -4.330637023110094908e-01 -6.382057573076436174e-01 1.463032751809175726e-02 5.497172688450912420e-02 -2.183374486353991187e-02 -8.219327486871367272e-01 -6.109068088098407179e-01 -8.112953900193408119e-01 -3.941535327038249159e-01
-2.468178294177994503e-01 -4.895379011598781638e-01 -7.936049688781280365e-01 -8.379800107865887915e-01 -3.379276882529502202e-01 -3.868886956391541787e-01 -1.102709746695960780e+00 -4.223001924934716156e-01 -3.543239525278446544e-01 -1.424452250575063861e+00 3.750825048341201451e-01 -2.302196377809987704e-01 -1.994702328264340574e-01 -5.619496228301982220e-03 -3.850583343009785220e-01 -1.704995153432965926e+00
-5.110649268383901100e-01 -3.083676992107086789e+00 -4.592266563778670263e-01 -2.000090517739896989e-01 -2.576543759436648040e-01 -2.329184521235497796e-01 9.121269165043814908e-01 1.016330573344239874e-01 -4.067184137539575417e+00 2.115675476999452798e+00 1.972973899659072217e+00 3.187243026798769474e-01 5.735909092278647092e-01 -1.560717410202976385e-01 -1.014896475266361536e-01 -1.106359100854333588e-01
-5.762253083964128386e-01 -1.094471047796662377e+00 -3.664877574662455673e-01 -6.708655149220792147e-02 -3.806206610647160926e-01 2.522345271279231027e-01 -1.342091276630420493e+00 -6.034520717810445412e-01 4.877964397258330864e-01 -6.477326193160471979e-01 -6.614070950240232838e-01 1.170842222526427417e-01 -6.699806542169456369e-01 -3.173130521747607458e-01 6.884797350245389636e-01 -8.785206777473871798e-01
-4.018775313835528662e-01 -4.288099981534697069e-01 -6.624050132258462176e-01 -3.239646797841631010e-01 -4.865759049012723936e-01 -4.812174356792197072e-01 -5.705374722791154429e-01 -4.307930040653796810e-01 -3.345575533572788252e-01 -8.491447920910366598e-01 -3.008156608061446913e-01 -9.757744521202756927e-01 -9.914632875339040030e-01 -2.939723370051989804e-01 -8.645884475667489077e-01 -2.148027895362285833e-01
-2.420228851440947793e+00 -1.091589948727804682e+00 -6.199128469989523965e-02 3.121098350500287610e-01 1.270888469046682900e-01 1.026534356606644272e-01 -8.184962291589240602e-01 -7.985218900630595140e-01 5.167673287022619411e-01 -8.624586231630869682e-01 -6.470507789548327615e-01 -3.556517997793754576e-02 -1.937391370131886226e-01 -3.429494147794578396e-01 -4.001145309059783717e-01 -1.229208797163331646e+00
-8.342563410367511700e-01 -1.932748982042491459e+00 -5.185957324815847480e-01 -1.276319568507515045e+00 -9.689482629385187673e-01 -9.890222446775372989e-01 -1.199965503501974062e+00 -8.933006399305253031e-02 -1.410816276125903990e+00 -9.424886882168259650e-02 -1.536690659022105776e-01 -2.793160793615931947e-01 -6.648987965788588639e-01 -1.042206614037703760e+00 -6.223627060352768803e-01 -1.110013595737864983e-01
1.840690833281986502e-02 -4.203664872740684899e+00 -3.130100930720379759e-01 4.839955942709140424e-01 -1.724063765866383213e-01 9.625951374438090902e-01 -1.444401880304368335e+00 -5.668995676631682912e-01 -2.161664673153274041e+00 -9.142172841090562274e-01 1.367224704876288222e+00 -3.427921653951275793e-01 -4.397396434757542411e-02 7.392627508601692585e-03 -5.470008937376568126e-01 -4.675351416971462726e-01
-1.202448481459845953e+00 -6.846339303628150574e-01 -1.060919695672414509e+00 -9.361623455445640118e-01 -7.065197784932535363e-01 -9.368564940868151503e-01 -7.717396667319999237e-02 -2.162400692949135450e-01 -5.772303715936080160e-01 -2.635108965984450102e-01 -1.478114703119254525e+00 -8.946101108279066461e-01 -1.310186181189368249e+00 -9.741630247543068277e-01 -1.339265086702986718e+00 -2.691217676793563121e-02
-1.657103098259053997e+00 1.419672994714927805e-01 -6.310380190301225767e-01 -5.319706016793008807e-01 -1.512180032917530559e-01 -4.880689691077856884e-01 -1.230883493684736374e+00 9.841110770004989072e-02 -3.262994384175293749e+00 8.764836933385291573e-01 1.892988348801975418e+00 -4.742334794331836689e-01 1.211400875704293778e+00 -3.963791478002887808e-02 4.437588195123539497e-02 -5.192890365664036834e-01
-1.708291312683494434e+00 -2.071266883015327187e-01 -7.860939395173810462e-01 1.472426327902074117e-01 -7.342477014347401076e-02 1.484036823058781651e-01 2.617149301295371266e+00 -4.863910224102260815e-01 -2.031446361159509606e-01 2.012169344994048537e+00 -1.244293023546531263e+00 1.286354476711130124e-01 3.252274344224644897e-01 2.017946514858402762e-02 -3.630354601654599972e-02 -9.659694951047017586e-01
-1.930798223692425930e-01 -2.131643351848919288e+00 -6.544303733750085339e-01 -1.995165244045894459e-01 1.017993756852319659e-01 -4.908631603545167699e-01 -1.309434273755955003e+00 2.600487101886823083e-01 -1.782228248557173211e+00 -1.272628501970216597e+00 7.998673612632767327e-01 1.404052098101197729e-02 -2.167796802101498721e-01 -5.028597136251646837e-01 2.438266547500586232e-02 -9.251030120115197874e-01
-1.339365097133473903e-01 -7.821423973779700889e-01 1.768953786669484260e-02 7.869502757847688379e-01 4.306041223702923859e-01 4.923509368737136738e-01 -6.466066011892450671e-01 1.412470874688115385e-01 -6.146299324994457525e-01 -4.072984691596116535e-01 7.013231067816773079e-01 1.859358456413809091e-01 -3.124053609140495236e-01 -9.311769132020010498e-02 3.104246314904324788e-01 -5.908366029886995552e-01
-1.655465398610687089e+00 -1.496883828604411937e+00 -8.249572743888871074e-01 3.210189370148227583e-01 1.577220014741101406e-01 -1.629297647871469357e-01 8.485278147971511697e-02 -1.768937441432520130e-01 -1.829192637034615654e-01 1.172258610238413462e-01 -7.723629351028983292e-01 6.387946719316917044e-01 3.586961136848820786e-02 3.549171835752013004e-01 4.564126909839317792e-01 -1.214264936459816369e+00
-9.029219427078996052e-01 -4.407441976099182868e-01 -4.786514387221649791e-01 -1.576930658262184259e+00 -1.826232050379025029e+00 -2.126553369110044667e+00 -1.531484880648556757e-01 -5.851605608811846215e-01 -7.242489049580692617e-01 -1.781001196617412186e-01 -7.462963535773153856e-01 -5.389047947152979523e-01 -1.336774108720672594e+00 -1.318427276207951415e+00 -1.151981677625327771e+00 -2.376864272242515674e-01
5.043549791027396978e+00
-5.275011858731425418e-01
6.673189254451701302e-01
8.263933154939346437e+00
1.431761789117504291e+00
-7.526731286870083637e-02
1.335455550152837345e+00
-7.403219159831339047e-01
4.206329244608022044e+00
-2.179341788823571657e-01
3.300308203546954200e+00
7.957463260160586138e+00
2.147384192378367640e+00
1.360830896277672064e+00
3.153098044432586899e+00
-7.045929509188411655e-02
ReLU
0.2
16
2
1.155444728332865711e+00 8.245824744763315950e-01 -2.711739207899527271e-01 -2.240223047912674570e+00 3.079110968895619749e-01 8.610552295457423178e-01 1.343947690687692376e-01 5.147683850600127675e-01 -1.244852429608996891e+00 1.195925683302969444e+00 -1.048369718718093146e+00 3.681257731405260358e+00 -7.468990180041654714e-01 -3.505676151365440529e-01 4.896802887824222017e-01 8.810586157811109986e-01
6.518983085244589581e-01 7.769003719191518442e-01 -4.818807065973810810e-01 -1.643187488667206653e+00 4.205024570703029263e-01 3.656872045846681352e-01 4.364990241223810075e-01 1.267990159340321332e+00 -1.293344606585750345e+00 -3.284817808176439535e-01 4.823757312468015535e-01 2.916819995276108468e+00 -1.200390235369714675e+00 -3.026641462158075058e-01 3.336792128240817501e-01 6.909955338224269550e-01
1.212529251412860809e+01
1.072283466023176679e+01
Linear
0.2

ct 2024-06-12 01:33:29.579543
