noname
4
4
4
12
1.737790753687736611e+00 3.434648883372058314e+00 3.182856676085639602e+00 1.266179352914618583e+00
3.445089608752344379e+00 -4.124616731111029333e-01 -3.231126023865096641e+01 -2.069382630247496468e+00
-8.739020286876265642e-01 1.103668959397372973e+00 3.048453320294399305e+01 2.563043144529941308e+00
-3.738788375597985603e+00 -1.617208914160863931e-01 8.203168043108169938e-01 -1.272965295122653051e-01
-4.165497575684334874e-01 3.694249342762287447e-01 -4.066114693727851948e-01 3.631125228038335484e-01
-2.273818433132169581e+00 1.136836186983130270e+00 4.412423862969164112e+00 4.778881532449347214e-01
-1.253450891085470253e+00 -8.235430148201396960e-01 -2.621884864289054207e+00 8.574342274496946081e-02
-1.029087941873800149e+00 1.059809389748098019e+00 -2.460282289681885448e+00 9.779682755945604544e-01
5.830502235397218236e+00 3.590131821379711763e+00 6.953483166840727314e+00 3.442269360090938424e+00
-1.441959880573073782e+00 7.568548480483898722e-01 1.687436565704659497e+00 2.225098231754089328e-01
-2.156425833547787274e+00 4.609762970977597241e-01 2.074994534994904494e-01 -5.110327821773053003e-02
-1.779180777608600161e+00 5.206080448847755227e-01 4.167906599357667830e+00 6.060476477685023955e-01
-1.018137937749158950e-01
-6.415177019064457475e+00
-5.790386852751026048e+00
-5.934326403142733852e+00
-4.311162119241707669e-01
-2.353415493241457934e+00
-4.190429082495442437e+00
-5.678505581384927225e-01
2.032829616060254807e+00
-2.945335932352207031e+00
-3.350936104910708924e+00
-2.859803396071691761e+00
ReLU
0.1
12
12
-4.516389481787442151e+00 -1.815861678131652557e+00 -2.689251451346549526e+00 -2.885705107962638349e-01 2.970058481488959123e-01 -5.402047096614961408e-01 -5.337402808711920743e-01 -9.340405457897752450e-01 -1.889338883730401264e+01 4.616555457051636502e-01 -1.512291761018194514e+00 -3.861794713255264910e-01
-1.507678972909691995e+00 -4.939268047019738539e+00 3.700440066699818564e-03 -3.267260610374854490e+00 3.008874134906219106e-02 -9.030029615850926339e-01 -1.318265554754640467e+00 -1.695708260728216732e-01 8.195645369676224368e-01 1.773657340337927213e+00 -4.333637562657527420e-01 -4.056639962692911577e-02
-3.556503552434159277e-01 -1.047598838864213011e+00 -3.550487498335904712e-01 7.644202628851266557e-01 1.333350296867220341e-01 -3.502571255861741673e-02 4.965826180008596769e-01 3.665946135320277133e-01 -8.123227962845334105e-01 6.960906454616587469e-02 1.726034251405615116e-01 -6.567532850493947028e-02
8.750620399440319774e-01 -3.890270377737560903e+00 -5.123481581069471602e+00 -2.381108047925167170e+00 1.114571684135512580e-01 4.475837422773833452e-01 -1.917515219163784090e+00 4.981660749321201176e-02 1.681395505388568301e+00 1.164822113073926468e+00 7.821926328856314281e-02 -1.398369045043266201e-01
-3.323408426074983435e+00 -1.885453082888922216e+00 -8.315755956602696841e+00 -1.263226771807486770e+00 1.829987517838905231e-01 -3.261813249200384845e-01 4.611156993651918112e-01 -3.119942231311364500e-01 -7.107272692929764712e-01 -1.344115712142723573e-01 -3.408185163804787199e-01 2.469474739530918006e-01
-1.230076588921517100e+01 -5.267514534810236349e+00 -2.788748192236090606e+00 -1.195026558862879895e+00 -9.156222027322155066e-01 -5.141627442659031377e-01 -6.781851674838312860e-01 -1.367221019443696450e+00 -4.521151424423101695e+00 -2.871679739859404723e+00 -2.134588331885880930e+00 -3.184086102201175716e+00
-2.673795737854495425e+00 7.127020875825457180e-01 -2.781295023110301745e+00 -6.712546532635107477e-01 -2.755433399442345777e-01 1.831438312164362092e-01 -5.495979653208461768e-02 -7.771408296699531260e-01 -3.943188400832294271e-01 5.792139687652650970e-01 -5.718656775039389073e-01 -4.511918348449856508e-01
-9.918050452937862138e-01 -1.238540890603678779e+00 -4.123611327682292216e-01 -2.670098441835572212e-01 -7.405110940080121551e-02 2.193466455995616571e-01 3.912808598778720892e-01 -8.375686701062362571e-02 -5.804429448235092215e-01 1.256619619639104228e-02 -6.179463718905976455e-01 1.041382736671361137e-01
5.905048909026337778e-02 -5.269827032681752677e+00 -3.924141827831501672e+00 -6.602563923630349052e-01 -4.620599262821281639e-01 1.342265041838041073e+00 5.937807724936176035e-01 -2.984721606172571207e+00 -3.192586179563876136e+00 -4.553021092589156771e-01 -3.263332910404387333e-01 9.996860823491489079e-01
-1.283831805781485702e+00 -1.395348070997062040e+00 -3.741684788019584484e+00 -3.563924602418118148e-01 -9.469398977852888644e-02 6.542438637705222382e-01 5.424672212515608827e-01 1.734826806530249677e-01 -1.067381097045213112e+00 -4.910987177336677556e-01 8.430063372541571898e-01 -9.647082425003922213e-02
-3.886963666723768362e-01 -2.328407021752978423e-01 -1.056163786558779849e+00 -1.723448172886519192e+00 -6.103817693669856270e-01 -6.623333519441069184e-01 -6.003055332155818880e-01 -4.240181727934386191e-01 -1.714997748334985417e+00 -7.043614340297446041e-01 2.339138452211972918e-01 -4.922787461034156542e-01
-2.508997114478083712e-01 -1.649482546269074090e+00 -3.282879791604903508e-01 1.795802898604460740e+00 -4.736690846267151145e-02 6.042453067948730938e-01 2.708280971297481743e-02 -6.715059716487801200e-01 -3.350190459199011261e+00 1.782297209642436375e-01 -6.600696014280184043e-01 -5.632857275171717637e-01
1.163716750061400518e+00
-1.496384887527811847e+00
-4.153148260679428994e-02
5.816512870169708194e+00
2.243832975277501030e-01
3.207122635782866382e-01
-3.787416743586715207e+00
-4.877084722499042818e-02
-1.324410206521117184e+00
1.739985167132894528e+00
-7.235494318701064520e-01
-2.355123784439999479e+00
ReLU
0.1
12
2
-6.324274549583919214e-01 -7.981328905353738401e-01 -3.108422472255479782e-02 2.093190731851409137e+00 -1.409480781230891891e-02 -2.923244965961554476e-01 6.871475689748931526e-01 -6.358051830862741782e-02 1.636975537593772012e+00 3.398449526742696181e-01 -3.394783755642782896e-01 -2.091362404910294792e+00
-1.214358776445272348e+00 1.888673006662530129e-01 -3.973076210924318397e-01 2.153880886307619313e+00 -9.830709695696482342e-02 -1.248770509200942125e-01 -2.392255473498485219e-01 -1.253571283177183360e-01 2.036574850479236254e+00 1.757919498546299253e-01 -5.799043180075020842e-01 1.964331546447018795e+00
5.347775574987160496e+00
4.417885072392325085e+00
Linear
0.1

ct 2024-06-06 13:46:26.849565
