noname
4
4
4
12
6.705622681065044333e-01 4.017273962746667482e-01 5.976126465243336572e-01 6.337487318302209571e-01
3.851431710052993784e-01 4.443341791057756618e-01 1.033028575006091687e+00 3.888943373645613044e-01
-1.216380093001172280e-01 -3.345694986501093204e-01 2.797473943442087552e-01 5.753302897699784368e-02
1.129402419126246837e+00 4.227668345236080261e-01 6.457480770563368555e-01 5.640384945627341384e-01
3.154135421588785126e-01 1.099690282005066244e+00 3.164540707659577179e-01 7.540281494525071793e-01
4.021818394036564270e-01 6.890586504216108521e-01 7.621566377673151260e-01 5.550884138614941010e-01
1.042401076250836084e-01 7.916320581123331701e-01 2.350517672212338316e-01 5.566337375527822262e-01
9.671611739930192631e-01 -7.415271841668233388e-02 -3.476940149157215498e-01 8.418205603328832165e-01
5.092066684353458994e-01 5.993480635050488781e-01 1.297898715987754636e+00 4.621095550065505708e-02
4.111247202140163037e-01 7.215211392671647683e-01 4.526053415798372281e-01 5.043817540503636732e-01
7.229582997372170361e-01 2.587452780607787939e-01 2.121749119807462003e-01 9.345322757523361057e-01
4.549572558793669314e-02 -1.187208889024672365e-01 -3.942117712340360014e-01 6.417628944936027979e-01
4.925984810726896646e-01
8.002899299663636112e-01
1.290722834793379681e-01
8.968561058771646888e-01
5.697314915325285556e-01
8.026514130764299537e-01
3.952134479069165929e-01
4.273531350561353137e-01
-1.928239459088835692e-02
3.627940284690343020e-01
6.779178334204034595e-01
1.043772594781061658e-01
ReLU
0.1
12
12
1.784383606923789500e-01 2.994187120036043148e-01 2.873458638998719894e-01 6.579785608482808801e-01 8.168573255460938043e-01 3.425499540125131470e-01 5.514051866256902690e-01 3.541619700962095885e-01 -9.545833184213358205e-03 3.477218343220557228e-01 9.149959984097697507e-01 1.281061002490998524e-01
4.616848217764348838e-01 7.025398508774692574e-02 4.154181360869216300e-01 3.712439809813760649e-01 2.200674497445589683e-01 5.041469021746662893e-01 1.234793512979674296e-01 5.911584342617525190e-01 5.459399316518707135e-01 3.456912659010761835e-01 6.591875427988278524e-01 4.568482130615693082e-01
9.500104007126496386e-01 2.226235606373018761e-01 -3.162385387981814233e-01 1.035846329244611175e+00 5.939343847296896239e-01 1.569359324237505071e-01 3.570782359959425722e-01 5.710240481875526741e-02 2.755367469879871356e-01 3.810902167760103487e-01 1.336293051108444763e-01 2.077358715772975872e-01
6.843718045578158771e-01 4.000387860095390158e-01 -4.124090817667485642e-01 2.807507220918376567e-01 -2.472229486625414363e-01 3.341005728025450150e-01 1.018460006702292947e-01 2.552935407577711646e-01 6.892844138290160627e-02 -4.521768323818064483e-01 1.172864201518000332e-01 -1.882205045988198100e-01
3.967530563414665701e-01 5.945998979357894898e-01 2.311144141089861367e-02 5.383733013048037641e-01 1.761666340364060890e-01 6.133623703775574754e-01 -1.007520066222814814e-01 6.832679805312018573e-01 7.982912858999225980e-01 1.708286102169125353e-01 6.916982108822017361e-01 -3.727892037475785125e-01
2.124649326385222303e-01 8.958206360303913041e-01 -4.423713875492637504e-01 7.264292419895264363e-02 -6.108229937803861392e-02 5.080392663874655490e-01 1.183665066010886890e-01 2.105023877015627931e-01 -1.549449032794316117e-01 2.849492960352383863e-01 5.348104323849232067e-01 2.711617093433916770e-01
6.414339122529553183e-01 1.947724420730224948e-01 8.292019397369314315e-02 6.378767557561451085e-01 8.877128895485457694e-01 5.125396376561019984e-01 7.009260518307366405e-01 1.416421636619286384e-01 1.814292523078775143e-01 4.255065148911998940e-01 7.127248939026152863e-01 1.764897064815815764e-01
6.714224683743427180e-01 5.833652488338905012e-02 1.663192619650916970e-01 6.958890088453160150e-01 9.451067487229229958e-01 3.449072050441769344e-01 9.585252691372078693e-02 6.025451338939167290e-01 7.053803541951954026e-01 5.197224434159788409e-01 -2.865549228630198328e-02 -3.887533247928924574e-02
2.308686346593154526e-01 2.019825134225533558e-01 4.802287046565139050e-01 1.638447028066164213e-01 3.557625441060839333e-01 5.219907602751652775e-02 5.267274480810374415e-02 8.685490765969656746e-01 -7.830402336173089561e-02 6.271544023494991515e-01 1.085378624872608208e-02 -2.658100462012898957e-01
1.563966747425445392e-01 5.722543422863168860e-01 -2.059756101624755920e-01 3.446094194013628043e-01 3.845038675208745649e-01 8.012845873539713171e-02 3.618876450562600322e-01 -2.947506411648530555e-01 1.415851893427526320e-01 -2.242047627740933469e-01 -2.028220491581396445e-01 -1.580417745665949059e-01
2.582246183025169173e-01 -1.797401383727890434e-01 1.421253066063395826e-02 8.247727896973144901e-01 3.698465030151152355e-01 7.509953261601267638e-01 2.830843409481740847e-01 -1.871055798407498250e-01 7.348811211279829281e-02 1.746990129035495554e-01 -1.493758227678702692e-02 -1.631174889715491377e-02
1.788062100840951407e-01 3.773753845528753925e-01 -1.356222145620294139e-01 1.010659234800265427e+00 6.068734971443237036e-01 4.176994497715221244e-01 5.247798898618660779e-01 8.900161985390067088e-01 7.087844096169796382e-01 4.138486764096261372e-01 8.104943737792846825e-01 2.052741651605089757e-01
5.858649072529864554e-01
1.131560024526277797e+00
6.535847441927623569e-01
1.049399340594271007e-03
6.736971151907655830e-01
1.017844355745009421e+00
1.160623714301070697e+00
3.711438046216227193e-01
1.221996201302079754e+00
6.898577914163311897e-01
1.036453678205098594e+00
1.339870415140708593e+00
ReLU
0.1
12
2
8.285309153873625654e-01 8.640397829825469111e-01 9.955298340995476503e-01 4.026301694635631145e-01 1.027523678193219103e+00 7.650913654437062617e-01 8.018690053419968988e-01 7.179962972265299115e-01 8.633767593003131013e-01 4.312511793310390140e-01 5.576217166875240272e-01 1.058526752201523813e+00
6.137231575128058170e-01 3.124364709361130421e-01 8.695466731594718723e-01 2.108393037073461873e-01 8.172053261742420194e-01 4.203138541543595119e-01 5.760058409993109585e-01 7.631596561231434039e-01 5.400963753887526586e-01 3.916006550976313116e-01 4.221535250059840760e-01 1.003694027199260042e+00
1.197348236958311274e+00
1.273044985059857970e+00
Linear
0.1

ct 2024-06-11 11:54:19.324223
