noname
4
4
4
4
-2.016452210544869672e+00 1.419426037175405941e+00 2.811353595663300453e+00 1.200727113988443034e-01
1.689859975319752294e+00 1.611399001251859975e+00 5.776063224636438953e+00 1.052465017173343398e+00
2.951986067648583845e+00 1.806790730160025449e+00 -5.264694149377368682e+00 8.780278547515051324e-01
1.156319732169432513e+00 -4.653358333001053615e-01 -1.649687960051326385e+01 -7.490086881065559643e-01
-3.744816703504195043e+00
9.627654948252207801e-01
2.311166074705397921e+00
-3.236518721872693849e+00
ReLU
0.1
4
5
-1.332034322218379030e+00 -1.538780606352613933e+00 9.529189412842243856e-01 -2.773613192286698670e+00
-3.029068324075873342e+00 2.822233786592059923e-02 -2.836879979122293616e+00 2.968842318573414740e+00
-2.665864573516095515e+00 -2.394751696287996445e+00 -9.626731913509221084e-01 -2.493760429089462161e+00
1.114728274809846376e+00 -6.658880128696752498e-01 1.081040564181511510e+00 -4.963155693014904557e+00
0.000000000000000000e+00 0.000000000000000000e+00 0.000000000000000000e+00 0.000000000000000000e+00
1.540627945280189648e+00
-7.744811147510980431e-01
5.749500019339441881e-01
1.523284123755824337e+00
0.000000000000000000e+00
ReLU
0.1
5
2
-1.221463596062336121e+00 -4.711651094242865767e-01 3.926096676535906216e-01 1.278758681298236333e+00 0.000000000000000000e+00
-1.049208173723958470e+00 -4.470050177295474270e-01 4.038718710923188682e-01 1.185403019686987358e+00 0.000000000000000000e+00
3.033063411340554794e+00
2.837537301106790366e+00
Linear
0.1

ct 2024-06-15 19:09:17.467722
