noname
4
4
4
6
5.414286404733737769e-03 -1.431337954876198693e-01 -2.367282376781980613e+00 -7.563150140949498335e-02
1.719923357277725939e+00 -1.267392518317913552e-01 -3.013523972277070140e-01 1.297537143742101273e+00
-1.094761668241573532e-02 1.278527917143654546e+00 9.606691581509436695e-01 8.736182437667522338e-01
1.701644916815295172e+00 1.594910749475914491e+00 1.077759511400453007e+00 1.254355024060961998e+00
1.326571606442296547e+00 6.539323509478660590e-01 -4.598832004096994330e-01 4.878462268148477943e-01
2.548421375033075864e-01 8.028998094863927237e-01 1.504425034404770489e+00 3.651257890483102786e-01
7.644700582883187101e-01
1.987175443766199812e-01
7.616287261105192385e-01
1.105495076328340209e+00
-1.373437184276736112e+00
4.535656993031307871e-01
ReLU
0.2
6
6
-2.890296062839630697e-01 1.948030728205235040e-01 2.869731923062254775e-01 8.871419038043486527e-01 -4.443403960958521304e-01 -6.101553481406868373e-02
1.774806785431805700e+00 -9.346797589940607220e-02 -1.212299477606342268e+00 -6.970240098106340598e-01 3.726935927776195978e-01 -1.302980990194364086e+00
-5.395709024512788110e-01 9.381369624782602556e-02 -2.456624871336241800e-01 4.008007514675974714e-01 -3.683154283514843419e-01 4.238260696302043051e-01
3.372921222725536183e-02 1.146122908790458084e+00 7.019030307168436789e-01 8.370323620291286737e-01 -2.102990427804119489e-01 9.285362725399720629e-02
-2.792653081274772409e-01 1.733191648308842203e-01 4.660601893087206182e-01 6.702204169079922780e-01 -9.144858618648601389e-01 2.879774115994189199e-01
6.356007273511957156e-02 7.704116718656771612e-01 4.368221290856953709e-02 2.065075987476422126e-01 -2.080759245073976749e-01 -8.069509634979751822e-02
1.036321128602915032e+00
-3.887300562131786319e-01
8.739304989889332687e-01
1.651867502413554734e+00
1.397513768994230077e+00
1.427223606033696468e+00
ReLU
0.2
6
2
4.912376416901499399e-01 -7.999830454571158489e-01 2.347863687363279106e-01 8.755989545496529747e-01 3.830736672418657562e-01 5.784711898514107720e-01
4.635957396766409722e-01 -4.915749834430674925e-01 1.861218170994432264e-01 9.173153241406293290e-01 5.777905414422150887e-01 3.357278853959761999e-01
1.884504258973569657e+00
1.806027155716740440e+00
Linear
0.2

ct 2024-06-12 17:07:29.484277
