noname
4
4
4
12
5.706881251080104800e-01 3.706088077325259134e-01 1.216462474275348260e-02 7.822220326920755751e-01
5.113975360528849601e-01 4.336102608487424348e-02 9.824550257961721655e-01 3.353034318147890547e-01
4.792281620587124369e-01 7.470431846925500441e-01 8.680387645942723163e-01 3.210252511485491844e-01
2.285376088839988773e-01 8.864675945203016605e-01 7.931095066547375616e-01 4.705277204702149607e-01
6.453015050202297598e-01 5.634806220350108141e-02 8.506200018033619470e-01 2.947497207024369903e-01
3.456415853689311923e-01 1.788026067127267416e-01 5.672606516020212153e-01 2.803004794117883725e-01
4.648015639551432709e-01 5.268897963547044538e-01 9.796636717778649528e-01 2.804271362705982318e-01
4.035440461888619712e-01 6.512100476163423801e-01 6.385239062814477284e-01 5.536168745947601666e-01
4.462000084642369080e-01 7.760540974267637893e-02 3.386879485411864454e-01 4.240119001951077049e-01
3.940014650573411270e-01 3.155843859838790566e-01 6.052549693272643028e-01 1.868496433645732147e-01
9.692607766408367631e-01 5.381046695378984834e-01 2.964506884189532787e-02 4.037139678283049316e-01
5.011059713812460181e-01 4.069751458628976248e-01 5.277752380616285155e-02 3.116788263955007077e-01
4.933125186710236587e-01
7.366105599052054087e-01
2.414780996417569270e-01
1.210267383093386329e-01
9.798373322971732913e-01
4.116168957012764640e-01
6.583100034482628482e-01
6.344797575913576626e-01
5.211218430235292631e-01
7.496127783488615304e-01
4.210468132439785238e-01
4.461356648265712987e-01
ReLU
0.001
12
12
5.931335964176239761e-01 9.909673078786017664e-01 6.371086736674846929e-02 4.897603886521296745e-01 6.611879911494611406e-02 8.838852633929575875e-01 9.207800747227844473e-01 4.226291289394359385e-01 2.285085125730877964e-01 8.340603596326077174e-01 4.250478353279371069e-01 3.170087422568755864e-01
6.696338591286958852e-01 9.015846212305788088e-01 8.989351696864577024e-01 3.228232883875924442e-01 6.440481218389438878e-01 5.929215621213954623e-01 9.743385208467522096e-01 7.574416093637940106e-01 4.292834023281878464e-01 6.097813103713314309e-01 4.457642483615178453e-01 2.585906631385763710e-01
5.115186870910373163e-01 8.029625561839596193e-01 8.160202818877483333e-01 1.593223574747698601e-01 4.016016262763906219e-01 6.197344041694843320e-01 6.243707236265921834e-01 6.670638684067663471e-01 8.650978810125551366e-01 3.114600062875991782e-01 8.935002545687318332e-01 7.990442599655694922e-01
8.802352745299865111e-01 8.444474354921793768e-03 3.097499616311282233e-01 4.950938069731392055e-01 6.651250108391475457e-01 4.648948075316878814e-01 7.175141858815065055e-01 6.957720807146515751e-01 9.194308507544017850e-01 9.241819686084962182e-02 3.801095498662688810e-01 1.901639203759228902e-01
6.113807957258190484e-01 7.001541162752461522e-01 6.582012208783416529e-02 7.340542566172388872e-01 5.068930446948705093e-02 1.825925308783289402e-01 1.899705862864018435e-01 6.011564490291043672e-02 7.025561279804400927e-01 8.226733665456960054e-01 3.259061384439341236e-01 9.424403169937858316e-01
3.801361774361390333e-01 8.286973433125051081e-01 5.453950591865502906e-01 4.258742008278837421e-02 9.999029549751899948e-01 4.713818009802240860e-01 8.339049405004808069e-01 2.064960325023916798e-01 1.190629186944388573e-01 7.736115935904132046e-01 5.306616089817771664e-01 8.132086716214523836e-01
3.451957114704452545e-01 7.088792541235022782e-02 7.070409575982251615e-01 5.872382852123444463e-01 2.684065498231346103e-01 3.944810123691848691e-01 1.296453453721605475e-01 5.168060574383792627e-02 6.855700947041587501e-02 1.728387325130806840e-01 4.675524557036530027e-01 1.313925310446097949e-01
9.477898249366117911e-01 7.754618181957457779e-01 5.548922533225741915e-01 1.243983976347096121e-01 2.330137833936356540e-01 3.213455180134781042e-01 3.606705967172858518e-01 5.466835706702405373e-01 4.008394246215343237e-01 2.438017854375277293e-01 1.671279220928035825e-01 2.421504604794464388e-01
6.614738499722045972e-01 1.402371589696593812e-02 4.189099727510685600e-01 8.090525137861918070e-01 8.533877585714516600e-01 2.478833890640967930e-01 3.554554356580758023e-01 5.701671899481720596e-01 8.101913249521538463e-01 3.929783654894929423e-01 7.672864245796967575e-01 8.440866738634349442e-01
5.631371027110088079e-03 6.789003740683968724e-01 4.462562447628704021e-02 6.016724417941523573e-01 1.214723275845486228e-03 9.713253408448648818e-01 4.585236509693249030e-01 3.850160900091188498e-01 9.855424583435883346e-01 8.658033389428965165e-01 8.610430831578843591e-01 6.340402168742926836e-01
3.755138991481743460e-02 8.559351941608080994e-01 7.444972778669088909e-01 3.424953549150703269e-01 8.415484823120312763e-01 7.267481701782838588e-01 9.893056889475493332e-02 9.017084454017206818e-01 8.522106925357978424e-01 3.447159552440903774e-02 2.670010884711052634e-01 8.381461788250206268e-01
5.897177726400345543e-01 9.074902243370251975e-01 6.732545833921410594e-02 5.135472158479332805e-01 5.322265710538727213e-01 3.959392130420454903e-01 6.864898492602583557e-01 5.299779003076715567e-01 9.869296341913930126e-01 2.242712621531027795e-01 9.894549350203561966e-01 1.147080539521594389e-01
4.119894062547772018e-01
2.523023118982767876e-01
8.787670054609623138e-01
8.498599661632750824e-01
3.230867000770796249e-01
7.629076835058614670e-01
9.968013683861658425e-01
2.909806574007494095e-01
5.223396822158667963e-01
3.653969284555819153e-01
4.589011722890607992e-01
1.078741307022097473e-01
ReLU
0.001
12
2
8.689271785405904280e-01 3.661924151993215526e-01 3.285270239403765835e-01 5.153016221664320495e-01 8.864450861647725777e-01 1.072419414457755904e-01 2.118054999578713460e-01 5.810269391194176070e-01 9.676345275547382219e-01 2.144329123612275234e-01 2.703515784753740547e-02 3.632995789261836972e-01
9.335503807133271881e-02 6.693176753971591397e-01 8.217145499173299505e-01 7.287086226692808255e-01 4.783931679692556838e-01 9.188788887245088466e-01 2.990085694781011716e-01 7.476241627228160658e-01 3.311063521067687532e-01 1.850589374878813809e-01 8.356742064746401910e-01 4.969253278290962639e-01
1.686781895814545296e-01
1.569893990511690429e-01
Linear
0.001

ct 2024-06-02 23:26:05.880999
