noname
4
4
4
8
4.568188936593486904e-01 4.912078459095666760e-01 8.752329941813932201e-01 6.476575558524014786e-01
2.254155917682074406e-01 7.407555720182099623e-01 2.238268782408700808e-01 7.661144286444639129e-02
9.573192444945261004e-01 2.335179316744901146e-01 5.581641964831066810e-02 7.962903940570480454e-01
7.416239966580498999e-01 6.116869439361962701e-01 6.300636640468268990e-01 7.386311223985808638e-01
5.388055523042559192e-02 2.176921877035803976e-01 8.005068434216175977e-01 4.354382555159682644e-01
5.955466281497873854e-02 5.410341978373021110e-01 9.454668902587266555e-01 2.196168705917242100e-02
3.695197511036170113e-01 7.926647309134812192e-01 3.751252506519778263e-02 1.245971259930898634e-01
1.920526860823082438e-01 1.096795703633230007e-01 6.359041400851667136e-01 3.033184252132099523e-01
9.437205598060618428e-01
3.067903164674444794e-01
7.570950561641324184e-01
1.937201989200696695e-01
2.400959636754733117e-01
8.639822426245935549e-02
9.309851209492515656e-01
3.501904284758858843e-01
ReLU
0.001
8
8
2.190135722874879676e-01 2.521494201241449851e-01 3.899803021750581355e-01 2.409575302110520401e-01 9.710829740131596832e-01 1.996455047459079479e-01 3.562169167706558670e-01 1.036122942155227183e-01
8.231343538458637532e-01 3.733499337068696966e-01 8.606945723861704201e-01 6.660894719299188527e-01 1.658615823030554215e-01 5.246973975760473863e-01 7.054943159016963117e-01 2.544417750543714885e-01
2.809922264209078202e-01 9.314231873300305997e-01 7.026816127675256096e-01 3.759667383502141580e-01 6.684896016161017140e-01 4.067926176070690847e-02 8.438987575678591480e-01 8.894707760145997844e-01
5.184757675779334551e-01 4.864416390554777148e-01 2.461404253182424007e-01 8.570479530825519943e-01 8.813450994986643527e-01 9.426034411922513678e-01 5.294999076268194216e-01 4.581395881317721491e-02
4.009512170975599310e-01 -2.894776707009547208e-03 4.352399680605092969e-01 3.822626170822544522e-01 4.727898094039277299e-01 5.065969528331353278e-01 5.142773077669317017e-01 3.744436925690179385e-01
9.258224193831975368e-01 1.642676181511954284e-02 2.785786484247589900e-01 3.356597668237343846e-01 1.154240044149067168e-01 8.787849579486057827e-01 5.915579636168144528e-01 5.742600516989984638e-02
8.442046803029648050e-01 3.671429471236563602e-01 4.358286950010745175e-01 8.427353423583977543e-01 5.604387391577079214e-01 2.449488801574797037e-01 8.051786121527683138e-01 9.768147456571014686e-01
4.335417821080581602e-01 5.910818258562381411e-01 2.686776160341598496e-01 4.249760149497879280e-01 1.267338770729678210e-01 1.176738909557058371e-01 4.760696753194816333e-01 3.571994150764261633e-01
4.623428990900103064e-01
3.235418687078721600e-01
5.162225233300009597e-01
5.316904037123990623e-01
9.664427164529190151e-01
7.921431563141740906e-01
4.276111140206534378e-02
4.885415617446235981e-01
ReLU
0.001
8
2
9.626180519524846213e-01 1.716643432713847728e-01 8.869016039286093944e-01 2.943569958103512962e-01 9.503860505201511266e-01 6.462407987668906673e-01 6.965656869649031746e-01 6.525304683303904951e-02
8.748979859492052036e-01 9.241489435957758181e-01 1.212859771925050081e-02 5.675863070222918472e-01 5.969207790698282112e-01 6.576869245710302847e-01 1.004611750186591712e-01 6.173670036364801161e-01
3.704877815438217259e-01
7.794833695186939027e-01
Linear
0.001

ct 2024-06-03 12:03:59.174809
