noname
4
4
4
22
-8.932147595542970775e-01 1.048290964383241652e+00 2.847762641896057698e-02 2.311506190001471339e-01
1.073926398028192564e+00 1.588938742552387540e+00 1.007161109178467351e+00 -1.108696645947190723e-01
1.287088737761025614e+00 5.506672062203775697e-01 -1.254821344155374607e+00 4.096083478626247332e-01
-1.731117034632178475e+00 1.045373375805839222e+00 3.316952157552032876e+00 4.199920403418079262e-01
2.345690253644381329e+00 5.823588728981549112e-01 3.603203782372088604e-01 1.368626811516397979e+00
-8.183837199693526632e-01 9.228741859377914691e-01 1.468149715550249867e+00 -1.453941006021891580e-01
9.999656899441423663e-01 1.327448699860647618e+00 1.091200979366812707e+00 8.303086826912016161e-01
-2.611603900800410383e+00 1.031204626109170519e+00 6.988610160226090606e+00 9.741495896302031499e-01
1.797932685185864021e-01 -5.101309637914949041e-02 -1.069894279818434546e+00 2.033363188339173400e-01
4.991647668482374067e-01 9.105403298424570302e-01 1.288819810898143015e+00 3.155221723162579539e-01
4.894654182557600097e-01 1.491309133337868520e+00 1.327319244291149225e+00 1.049801741902955943e+00
-1.218219859536238348e+00 -1.318119384901776270e+00 -7.726070911304978139e+00 -1.553806672101017750e+00
9.280944793531793469e-01 1.208132881336591469e+00 1.048870013228413223e+00 7.973843001063073421e-01
-6.861583606675819569e-01 1.000080301988503617e+00 4.166158278094556522e+00 3.956784849070441590e-01
1.688254145180186461e+00 3.685419126399818168e-01 -6.140250973119593114e-01 3.505247665190094897e-01
-8.746115764646034130e-01 1.004924174786183455e+00 4.580830457017269097e+00 2.262106300957882066e-01
1.275782357169541248e+00 1.451170078717489265e+00 2.043035711830179846e+00 1.675850079921919367e+00
-4.380050764741062475e-01 1.180050529134030857e+00 9.060387379254655205e-01 5.960066731163842224e-01
-1.223478763232445088e+00 2.011481826266550144e+00 5.531469410366097073e+00 4.180088628009090423e-01
-1.409149035319692267e+00 2.086415053407009168e+00 5.170439662835381256e+00 4.382195637316021464e-01
1.807574573719232358e+00 1.121451511881103924e+00 1.817098701147944917e+00 1.504209475680180708e+00
1.273844334014627044e+00 1.286062621995848865e+00 3.904061706673984111e-01 6.381299579041720405e-01
-8.502972813466845858e-01
-3.864357292565417268e+00
-1.946089841204999393e+00
-1.472315817606328681e+00
4.111381461216653821e-01
-1.355287180780891498e+00
2.222273314630963115e-01
-2.427772173789055188e+00
-8.757597278113761208e-01
-5.035279015973346262e-01
4.265192644380186859e-01
-1.327688169644200444e+00
3.478550681528233546e-03
-1.803190608696515040e+00
-2.012972847424955025e-01
-1.849107327709593296e+00
1.378735317714018027e+00
-7.251700148971960136e-01
-1.106308829527253401e+00
-3.341025537815189406e+00
6.034151323371242936e-01
-4.772385243394997728e-02
ReLU
0.2
22
22
-5.960317630978351211e-01 -9.134887390138869412e-01 -1.123350896284478068e-01 -4.483347463674695610e-01 8.818175061679769944e-02 -2.995168949280116455e-01 -4.404719928094674164e-01 -1.498092932283555223e+00 3.345584267722807592e-01 -2.920096730253839978e-01 -6.874405769417295531e-01 -1.409777199120948010e+00 -2.238020228797079625e-01 -1.077064677825020800e+00 -6.796066194778244141e-01 -9.221274471523798200e-01 5.014906672935646181e-01 -2.540837479592781833e-01 9.743818387918179447e-01 -8.215291992478993555e-01 -1.066632837232515951e-01 2.359266591810090796e-01
-2.921605750101068794e-03 1.881827292510327432e+00 -2.355531854178480600e-01 -5.841707704511256427e-01 1.196991396656098411e-01 8.203191576584003553e-01 7.478849151807512863e-01 -1.298947843630409382e+00 3.922369671535972380e-01 6.786426326489501948e-01 7.806702715298562412e-01 -8.967407935937922181e-01 -1.248587863263704023e-01 -4.919257181591666916e-01 -4.249244871864860107e-01 -1.010300190926517239e+00 6.049136001177977118e-01 2.972146306522393741e-02 7.584524391398571597e-01 -2.011455230818891327e+00 9.795900745745107496e-01 5.350103383697951687e-01
6.910955135366120272e-01 1.332904721610724597e+00 1.419865092912504512e+00 -7.961855279391963913e-01 1.093971662749313678e+00 1.037790046148343442e-01 9.511507213095445890e-01 -9.050773029652570134e-01 4.581438188138796663e-01 1.228318125162732172e-01 5.682058220440672214e-01 -9.143805568215210844e-01 7.473384187926664923e-01 -8.883552027032594056e-01 3.448746341403656768e-01 -4.910655355015798307e-01 1.846340957072118316e+00 7.949425773178220300e-01 2.336457713469902442e-01 -1.447433473711502439e+00 5.408215159768193780e-01 5.948606702505411237e-01
-8.072143302839318579e-01 -2.239298175974976657e-01 -2.595960268358141199e-01 -1.298316051848307673e+00 2.037546044498422804e-01 -3.018421741740235920e-01 6.601344365498976186e-02 -2.328114839223025812e-01 -1.484013914107671805e+00 -1.745100287126991889e-01 -2.735173304471292255e-01 -8.698082534821643952e-01 -3.525275296202053377e-01 -6.493456137653793592e-01 -2.472397586161442229e-01 -5.876587349416314554e-01 -5.748807861238046657e-01 -1.214093622098078473e+00 -5.218380237214280681e-01 -1.063020188846249381e+00 -5.605000331423625193e-01 -4.427446791191575470e-01
-1.585462390540697042e+00 -8.967776548371607648e-01 -7.779912886988534781e-01 -1.448424689317964642e+00 -1.572135277871332004e+00 -1.255022316458504594e+00 -6.658048164658901813e-01 -1.490076584415267469e+00 -1.383380439237826387e+00 -1.431983688099348395e+00 -8.986115859364440794e-01 -9.784460284508131878e-01 -9.982196977570680918e-01 -1.220764185952849967e+00 -1.299656315148118635e+00 -1.083746145479399292e+00 -1.569011380002372391e+00 -1.839974558398871363e+00 -1.018933239669131297e+00 -1.535968717471061451e+00 -1.187509611538469345e+00 -9.667040879866288794e-01
-3.441215225031729052e-01 -1.144240882871053522e+00 -2.003881504139764236e-01 -1.194344248205265746e+00 1.149638556595109634e-01 2.158868469994540962e-01 -1.935997206657742026e-02 -1.108576687328893584e+00 -9.311835400699816079e-01 2.056135673881389347e-01 -7.677624144460931666e-02 -1.165772084981530954e+00 -4.594514603109159379e-01 -1.885423237479430414e+00 -8.621228482042737895e-02 -4.308231995594429820e-01 -2.214503086617858885e-01 3.706735922085773738e-01 1.016510522125672888e-01 -1.205399588980945236e+00 1.138439058843394164e-01 -5.402922082727549258e-01
3.571114836247951119e-01 1.137613614345871493e+00 2.013383944182707552e-01 -1.726622414112166215e+00 -1.094372852021869846e-01 7.657485301119762999e-01 -2.670405349618487079e-01 -1.762569884091083949e+00 -3.960672110477440611e-01 -4.408696066137018921e-02 -5.235649324104938440e-01 -1.584843302653609731e+00 1.546584448015882463e-01 -8.886970658844420834e-01 -4.639120428204843716e-01 -8.274587028665121302e-01 6.301812656537237878e-01 -3.722000110127087202e-01 4.714630578532970628e-01 -1.034373363195101314e+00 1.451454490955492171e-01 -7.947671144072074312e-02
2.671191431335107613e-01 1.491030304482912294e+00 1.829068881302598371e+00 6.016941007404891240e-02 1.493358767212809857e-01 -8.674601218406259306e-01 -2.114017101623687778e-01 -9.908027764641716972e-01 2.026048189463608429e-01 1.698706003361161454e-01 -5.937430622699478855e-01 -3.905677192290395450e-01 -9.550271795680649600e-02 -1.127813921888348447e-01 -5.538562642463494834e-01 -9.399531081083167816e-01 1.009865843220104864e+00 -1.589170910961850147e-01 4.178082354318448655e-01 -2.076206087965448699e+00 5.792948218261388948e-01 -1.811214897225492948e-01
-1.110314661448552398e+00 4.394600820803061247e-01 4.846482472770793359e-01 -1.013551465233760940e+00 -8.497399181287242920e-01 -1.769140834277239116e-01 -6.135447613090906360e-01 -9.722282041386685059e-01 -1.841243813755426839e-01 -7.613450925351649134e-01 -8.279052486763798235e-01 -3.389091424381361350e-01 -9.997360928635482535e-01 -4.290135740837970335e-01 -6.876445150919517912e-01 -1.172425946842821753e+00 -5.083085707059547403e-02 -6.876630217821406710e-01 -9.689621348756001229e-01 -7.558715084809002338e-01 -4.675933369786480220e-01 -9.977234816578306464e-01
-3.734178724554559903e-01 2.370845127056818935e+00 5.862814514572670666e-01 -9.992399209637039537e-01 2.482060406253980833e-01 7.438052544811262212e-01 3.442498628303503061e-01 -1.216671045160289566e+00 1.323220082620011340e-01 5.339466093155086357e-01 7.671565062405900637e-01 -1.021447604841841938e+00 3.996356786241581638e-01 -5.604637505081780935e-01 2.161760845889182936e-01 -1.024915543431374365e+00 1.275551873726566532e+00 -4.395157850075212536e-02 8.032448409514464371e-01 -2.152857812178647468e+00 1.003317835920254142e+00 4.699329034636309799e-01
-1.911552718541925655e-01 -9.425360424539916959e-01 -2.666472302263386274e-01 -4.550172612064799504e-01 -1.047567321907777738e-01 -9.427003815608477888e-01 -7.229662034621476829e-01 -7.565202964760082693e-01 -3.918984511378705848e-01 -7.953607039849637239e-01 -6.660139918964283479e-02 -1.088456258599291626e+00 -3.031843985176083112e-01 -9.631347376177935571e-01 -1.338550507370316611e-01 -9.869884724348064742e-01 -1.143369395859245297e-01 -3.967712638661579083e-01 -7.357474427303973830e-01 -6.615889319656005352e-01 3.842948712532980871e-01 -6.333238879333902283e-01
2.332708989139379852e-01 1.964581124064187501e+00 -2.593298232242752799e-01 -9.945012837806165296e-01 -1.821652100507228922e-01 9.184284481506334030e-01 -8.970334595245746737e-03 -1.849593246679628100e+00 8.329645968473250450e-01 -2.566620521570803781e-01 -2.148303597408717999e-02 -9.217793068016491009e-01 1.938315335455639277e-01 -4.365829812228155249e-01 -5.040530587205931390e-01 -9.122085641030467373e-01 8.873216221966301331e-01 -9.027179764085720148e-02 8.627470779854656824e-01 -1.488030053184057788e+00 5.108959479286458855e-02 2.432772399286529941e-01
-3.675184713317077856e-01 -5.837981806036838250e-01 -9.055396288476477151e-01 -3.783800052482443332e-01 -4.202968394659050144e-01 -1.202069836323325314e+00 -2.134389452430862644e-01 5.857108378833360968e-02 -7.441125590709711801e-01 4.618029834450161630e-02 -6.018253954664880556e-01 -1.021737736193232493e+00 -5.031228323737868546e-01 -1.319824873364382256e+00 -5.090891868719251701e-01 -2.548695483202400025e-01 -7.507096519859546291e-01 -9.759321049586276997e-01 -9.194636034160815763e-01 -1.228600681348613000e+00 -4.980698769982733753e-01 -6.941440983575516421e-01
-1.017265105559296945e+00 -5.726640864030032585e-01 -6.597079028415002711e-01 -1.439441632022577355e+00 -8.316404755868724852e-01 -8.548542698335324097e-01 -1.660586229717047946e+00 -1.394037174817470026e+00 -7.959512312064070949e-01 -1.252658606710003397e+00 -9.692058919128058170e-01 -6.520741402036704937e-01 -1.326207212908010913e+00 -9.395293749121723659e-01 -1.127639359468054270e+00 -1.462857298960934305e+00 -1.183612583460063483e+00 -8.959535436109925532e-01 -1.617931732663060673e+00 -1.484239873431655754e+00 -1.062369164240613451e+00 -9.230451364906614442e-01
-1.412084428318265195e+00 -2.589205543039269086e-01 -1.544303707621187682e-01 -9.541280411136991990e-01 4.869180746223636391e-02 7.594170156700531804e-02 -1.402344217031648299e-01 -1.113629149056661438e+00 -2.668918679319943199e-01 -6.720785183851153421e-01 -6.075791270196824190e-01 -1.309225502435429123e+00 -7.071960276476190188e-01 -1.075563743124103855e+00 -5.516536337306593429e-01 -4.105110852007457511e-01 6.489798135732016693e-01 -5.400794992772931513e-01 -1.815521924563715750e+00 -1.076093653259181604e+00 -3.740410380202576213e-01 -3.643651434679026080e-01
1.610233789572158066e-04 1.565973940396643282e+00 1.062932108316942403e-01 -3.553376341532067384e-01 5.159289868524480349e-01 -5.624720807933780709e-01 3.149155563377727396e-01 -1.364635631518503089e+00 -2.359579984404206465e-01 2.527586078607921283e-01 4.833553656697951451e-01 -9.800627309597442771e-01 -7.290360314385890828e-02 -1.516283693771984797e-01 4.431142682344256789e-01 -9.675119167650926277e-01 8.689959303490449871e-01 6.165924534069777696e-01 2.914990373195511797e-01 -2.112704790952900424e+00 7.750433464844344034e-01 3.415009249525692570e-02
-3.118858838503724140e-01 6.686564290485956796e-01 1.040563083193027927e-01 -5.848711371015636873e-01 1.306825009060398335e-01 -3.721237912071445608e-01 -4.650807763882892076e-01 -1.334252157462909816e+00 2.030871125233265351e-01 -4.166439915392743942e-01 -3.224670482006063432e-01 -7.689518752434422177e-01 3.084597082980451016e-02 -1.087730847230369724e+00 -4.918246065402349931e-02 -1.073490446226426753e+00 2.690128951477210872e-01 -1.839214429525397043e-01 -1.408243452052641564e-01 -2.091211500981015270e+00 5.587044005269344860e-01 1.672715007131339027e-01
-3.521427949332553431e-01 1.081052496707127775e+00 -4.816219483448791472e-02 9.836037020939929210e-03 2.810419949635867831e-01 -2.821976265762340952e-01 -7.868370242880483312e-02 -9.431972677022428808e-01 2.145833950625292419e-01 -1.334166786834614926e-01 3.336163907318239752e-01 -1.019852621561758932e+00 -2.588011636144370575e-01 -3.170510833548625396e-01 -3.662338515381381998e-01 -4.505509851979661029e-01 8.962860157560428864e-02 2.336564623877435687e-01 2.799064183954502183e-01 -1.036676714105284169e+00 -2.226934663422831251e-01 -2.296131535975992344e-01
-1.436980473039203066e+00 -7.324990280729395398e-01 -1.604281418807328885e+00 -8.346821437174720693e-01 -1.474783131222399957e-01 -3.140509375384831214e-01 -1.011602935528526093e-01 -9.158699863299653021e-01 -1.509017516513635249e+00 -7.296709737096427340e-01 -4.287345419084991338e-01 -6.430491987022133316e-01 -2.732784164928555026e-01 -1.215252259324441475e+00 -1.030908941304781390e+00 -2.038866949907555959e-01 -6.313529932782259158e-01 -1.248698906535913977e+00 -5.503468734676493224e-01 -6.114986659260389645e-01 -5.333611782879080776e-01 -3.129908726960687892e-01
3.191311106035611966e-01 -2.211869426120234849e-01 5.325053500011381891e-01 -4.084528614091884058e-01 5.517037440887005983e-01 -1.763411206618500926e-01 2.526449840844227079e-01 -1.036313708342808448e+00 -4.667473416621203408e-01 -7.813912501970782243e-02 -4.269404851212137419e-01 -6.887880210563742667e-01 -7.043974212939610458e-02 -7.997806372858351498e-01 -1.262210352583537920e-01 -3.060849293685057870e-01 4.697089260200786043e-03 2.877283175783226232e-01 1.291329787341450042e-01 -2.079180798597268787e+00 3.598205350583280615e-01 1.049652248553962081e-01
3.681736110184035682e-01 8.450432878923244129e-01 1.378804777728360964e+00 -1.044871830676875751e-01 3.908658698364497197e-01 -4.376223464047760414e-01 -1.916776516029791363e-02 -1.402287470074606857e+00 -2.757226326353380275e-01 5.692342658875136907e-01 5.880097129848091964e-01 -7.376235742024304098e-01 3.675763832632129025e-01 -9.063994792902588804e-01 4.677790569030459422e-01 -6.422151420791907261e-01 6.266471117281636749e-01 5.105958534979154750e-01 3.591840454081525746e-01 -1.893422130354849298e+00 4.472706721385676376e-01 2.629809368706425010e-01
5.375048333389051969e-01 1.977550648564417646e+00 -1.681529639047384950e-01 -5.365505039850517743e-01 1.320807092154157036e+00 7.814159919871442872e-01 4.226188301122514313e-01 -1.046441009126584332e+00 4.374499223210714383e-01 7.771489873347958710e-01 1.267631565569572016e+00 -8.721977052337356318e-01 5.247995556084357194e-01 -1.447094197135470051e-01 4.671893688508037545e-01 -6.898460131776763538e-01 1.886067589044201576e+00 3.240371713606700621e-01 1.040017041880204829e+00 -1.460999125694299572e+00 1.223187355099733420e+00 -1.394117133948060382e-02
2.308382264551529062e+00
3.318234460946025255e+00
3.406800738902485470e+00
-1.147259726048603240e-01
-9.243108539362514531e-01
1.664513154025320851e+00
2.495600094423922499e+00
1.807731933125244828e+00
-9.724301238748753184e-02
2.898200795535693430e+00
2.062793002360679306e+00
2.526988152741470373e+00
-1.012163192541855883e-01
-1.354275685577671862e+00
2.249901905623015175e+00
2.783195247921421700e+00
1.633451332253011090e+00
1.780006160563186501e+00
-3.373422415361144316e-02
1.768739342784120261e+00
2.988590138749692482e+00
4.012309788897852947e+00
ReLU
0.2
22
2
6.214177521088223299e-01 1.226102645125037416e+00 1.390815091798294878e+00 1.236457508149513274e+00 1.626132987478032602e-02 2.959054233011197410e-01 7.144598380673405913e-01 5.954555459974147924e-01 1.386062646780959806e+00 1.380608269252190823e+00 4.496343555005141712e-01 9.451559444007724409e-01 4.358761271261733794e-02 -1.926734279079585568e-02 5.044926136934536620e-01 1.026461824294797376e+00 6.077489006736871424e-01 3.413623157105648565e-01 1.084542966839555644e+00 5.020242666846552737e-01 8.967662102329814200e-01 1.871654231076034236e+00
4.413614489716014555e-01 1.263954609788670913e+00 1.481661193596806703e+00 5.527052359259666536e-01 9.516497670762569250e-01 2.480327197248934912e-01 6.164518858542161750e-01 6.597064131157244216e-01 5.851199348001139278e-01 1.428107243163527107e+00 3.843247954442667313e-01 7.789565240548138592e-01 1.213109959979871144e+00 9.231052075020772518e-01 4.923301202722610848e-01 1.162052447679400524e+00 5.059943822216691478e-01 3.942551117956525908e-01 7.175828671350931165e-01 5.157066100043113943e-01 1.050389116083618735e+00 2.015839595807225937e+00
4.094883686592208250e+00
4.314108881796443917e+00
Linear
0.2

ct 2024-06-12 09:30:02.990577
