noname
4
2
2
3
-1.114222995611883482e-01 1.741146334059439083e-01
9.127701128002164710e-01 8.839619223456307573e-01
8.347929117185477477e-01 7.179191190588870564e-01
3.657945576614222150e-01
8.083938045741737577e-01
7.598525533472822412e-03
ReLU
0.01
3
3
4.081695919040359000e-01 3.955934029740860725e-01 8.236590427133360093e-01
6.976390601495217059e-01 9.830552423408392970e-01 6.806405694597436051e-01
1.932414439451924926e-01 9.828161248525508764e-01 8.698724249485499938e-01
3.025487752005483477e-01
7.906085981039835398e-01
5.677709250189658663e-01
ReLU
0.01
3
3
7.780232053838999073e-01 1.253797865942867518e-01 6.644206520411595207e-01
8.330588498185201862e-01 5.385418062347455681e-01 2.410489622676052490e-01
2.876304814557459899e-01 4.355479234688064971e-01 6.802523277540378777e-01
6.966392893045183499e-01
7.617821143698748354e-02
1.038479235267429912e+00
Linear
0.01

ct 2024-06-02 16:52:36.142200
