noname
4
4
4
12
2.139274676520436791e-01 -1.511241159732470973e-01 -3.786628512968482241e+00 -4.165274269268925411e-01
2.518697572361903170e-01 2.945175956580709520e-01 -1.194662558627876514e+00 6.927432284172121424e-01
-1.223267136139011974e-01 1.670614350288144312e-01 4.399282167403641530e+00 1.214472160476419288e-01
4.455357534015491616e-01 3.716145645091282201e-01 7.223489164913968752e-01 5.134567108990457651e-01
-3.722683608838081026e-01 4.240281001996188404e-01 -3.607699835920578746e+00 4.296519591334813960e-03
3.644266218449440098e-01 1.243852046732369265e+00 7.797742031453601674e-01 1.089122581395058020e+00
-7.864313051085644046e-01 9.768250257077844001e-01 8.285149144336313443e-01 5.541015535327922237e-01
-4.281624236720695670e-02 6.093981289608745022e-02 -5.999454854608318399e+00 -6.633311448912111441e-01
-1.124981708860182783e+00 1.158412415210187563e+00 3.677094486510046778e+00 4.617246502897505156e-01
-3.163747672629970142e-01 2.814965442720313571e-01 8.054245273487648404e+00 5.937326968521345893e-01
3.312256158525059835e-01 2.476832279231028500e-01 2.825328370247973453e+00 1.708173825551738689e-01
-7.722535718802470139e-01 8.556527359742657768e-02 4.709461622801367042e+00 5.917768262914880895e-01
3.593776387053746468e-01
3.523896470130331582e-01
-8.517365519551018949e-01
8.041855781687019533e-01
8.381800302370442379e-01
1.018383157587835042e+00
-1.061099826541807012e+00
1.926604826040669405e+00
-4.291255395193887545e-01
-1.682808049237731085e+00
1.274928744315321216e-01
2.843891991656974372e-01
ReLU
0.01
12
12
-2.260004927490239235e-01 4.500108558214026555e-01 -1.193082507165501571e+00 2.295935740136596792e-02 8.271903814419376277e-02 5.530394812559322748e-01 -4.964140924647333364e-01 5.962479673642139266e-01 -5.774125412669807167e-01 -3.578090217926063410e+00 1.260036811194297640e-02 -4.447701393987604224e-01
1.563727766886484905e-01 2.889745140416718483e-01 -8.196440743133535101e-01 4.226220612931067544e-01 3.756141880502670075e-04 5.907705566309648937e-01 1.100129892773590301e-01 7.751720589006008688e-02 -4.681304815194543001e-01 -2.675435200803894187e+00 -5.754958106035591436e-01 -2.003335966140522839e-01
-4.299492566517301023e-02 -2.007534906024690535e-01 8.040809642368196286e-01 -3.158305066397238958e-01 5.255453970777880235e-01 8.381189938902127157e-01 1.078479249148075025e+00 4.525990017691728373e-01 1.714111269024607198e+00 -7.823056477960479427e+00 -3.218409834328340713e-01 -7.463142334465466821e-01
3.281803530629047450e-02 -2.260835959951056073e-01 -7.267356317114673780e-01 1.764648908221775336e-01 -2.366630376014647597e-01 6.235290900269916392e-01 -8.539852611340629229e-01 8.059429221534446519e-01 8.596890328212808408e-01 -5.834294124980483609e+00 -1.160866829078959460e-02 -1.127294856556970704e+00
1.272782596352236562e-01 -1.485138621283140781e-01 -6.729055483587915720e-01 7.642097078571015167e-01 4.725320638653561223e-01 2.445097002779884066e-01 -1.002956441092436313e+00 2.921876953331098425e-01 1.120315489476085391e+00 -5.825491195523611054e+00 -5.155380133326156744e-02 -1.306752637228729697e+00
1.379437138777405980e-01 5.015239999761258449e-01 -1.461649009067771399e+00 1.041809499171277298e-01 2.686084914123877398e-01 3.552642563272921938e-01 -4.245327438421141464e-01 7.007209583642041162e-01 -9.772923197344806079e-01 -3.053125904912265653e+00 -8.142343253654418800e-02 -4.231844027071647307e-01
-1.553449985387620746e-01 6.825447963711200883e-01 -4.599587094153941291e-01 6.865803680215885052e-01 5.684596252792335491e-01 1.941234066390132573e-01 8.534747126939513651e-01 2.350585682129970877e-01 -9.697746874197794853e-02 -3.938166938356921332e+00 -6.119434123370304235e-01 -6.008590449307616571e-02
-2.061112193152282446e-01 1.497104169087341285e-01 -9.000456588912221223e-01 1.651173842063625719e-01 2.224506437878051024e-01 6.842910415273864011e-01 -3.819627611378033638e-01 8.888496821122716662e-01 -1.295152003381734085e+00 -4.444248501298398324e+00 2.265508525623119995e-01 -7.707582026206543091e-01
1.096948009033171800e+00 5.897827959986671198e-01 -1.192829867292180435e+00 -1.118148975466821959e-01 1.963557396105897190e+00 -5.810002705658401378e-01 1.287887607744569451e-01 3.560219107905322478e+00 9.105959694333034538e-01 -3.519901529247442706e+00 -1.268740158723629330e+00 -2.191991782014250045e+00
-6.771938307472905594e-01 3.523968795037604185e-01 -6.261149614294263532e-01 6.920503971469051940e-01 2.578538271587234587e-01 4.622336929214040935e-01 -3.374698230573113800e-01 2.455940133754673516e-01 -7.297338682690899248e-01 -4.863895591602765300e+00 -1.964264314890999397e-01 -7.137486958623976419e-01
3.691899335774502244e-01 3.351823727776986894e-01 -1.519504029819387647e-01 6.092846144095758615e-02 4.381096255516820359e-01 1.454155043478424503e-01 -2.335344545350358514e-01 9.878585700230895217e-01 1.322930354426381960e+00 -4.486648704931591070e+00 3.569175366867688992e-01 -1.293840447005490724e+00
-5.694884386460589282e-02 3.759822408787167891e-01 -6.337682816052230272e-01 6.866414353762221312e-01 2.510835919153927565e-01 3.202911093526902842e-01 -5.336977934982894967e-01 1.606996841280448896e-01 -4.245688529779262366e-01 -6.794077599190611494e+00 1.124733552249498475e-01 -9.323305855906377504e-01
1.787641902809879335e+00
8.018952208526731740e-01
1.102612327138922987e+00
1.646181953564061162e+00
1.492440591803548378e+00
1.773088608103521535e+00
8.624598042000384268e-01
1.573493698266599905e+00
1.748722468116551854e+00
1.593979131416174422e+00
1.646118227742830786e+00
1.516767695921640957e+00
ReLU
0.01
12
2
1.050546088477074758e+00 3.557193585037585204e-01 1.400106313376272782e+00 1.221529003960170279e+00 1.328917956642017506e+00 9.234244245598117740e-01 2.951670390942951472e-01 1.419628813420841018e+00 -2.057150660603479508e+00 1.058146106875334835e+00 9.390142745898901744e-01 1.354611856973148454e+00
9.655509641047538283e-01 6.566681712697117757e-01 2.439181852820929031e+00 5.447743216350177109e-01 7.469364367124102788e-01 7.665144493172258988e-01 1.004275941562083885e+00 9.708566241874427849e-01 -2.029119114142826863e+00 1.009524994972236245e+00 1.060763345851891470e+00 1.177438716357731563e+00
1.663676886748351347e+00
1.749352490809186866e+00
Linear
0.01

ct 2024-06-03 19:22:03.291431
