noname
4
4
4
12
1.951397614826178295e-01 1.359022264469338381e-01 2.883497061992041921e-01 3.555943073863528370e-01
8.388800461455463431e-01 7.484383869050174054e-01 5.447458855892433061e-01 6.864996782191022939e-01
4.330935301205026122e-01 3.353020953632230294e-01 3.411192628340054545e-01 1.296704371885788742e-01
5.214973547232469864e-01 2.306489616849555779e-01 3.175449130649198870e-01 4.962226764486388775e-01
8.550003742160205283e-03 3.433721107973061737e-01 1.143958865388779583e-01 4.330695126880642065e-01
4.353873117948376392e-01 9.064045176950601412e-01 -1.443634886909344293e-02 9.309767044187801099e-01
4.941045259942808410e-01 4.928915463215303716e-01 5.176424299839255116e-01 5.567785147677020152e-01
8.664343635128098908e-01 3.755174085373816917e-01 3.707658107243982371e-01 4.638685281385094838e-01
-2.196530999692050123e-01 8.216930644192915745e-01 1.203126463087720976e+00 1.839558520771301386e-01
5.105850874478807810e-01 7.592262754013913151e-01 4.399130519443359864e-04 4.809091106168552621e-01
5.676998774217598825e-02 4.776893198135478413e-01 1.014433981277984120e+00 2.070921162727451248e-01
4.020608944190333656e-01 3.781884099059510951e-01 8.156349178178315951e-01 2.875186360817342246e-01
6.726711039717115925e-01
6.209425720080694600e-01
6.305108359780302596e-01
8.519879165828133649e-01
5.560011967679335809e-01
9.185833049421561203e-01
7.193246248773359497e-01
5.048801789234399484e-01
1.356998498110961043e-02
2.927618604102485422e-01
7.019816675029882935e-01
3.745700080025981538e-01
ReLU
0.01
12
12
4.278473358660627168e-01 7.834498743230101647e-01 6.443367703434729199e-01 8.938152463765423883e-02 5.427172997103384133e-02 5.031115954066416318e-01 2.612698855658524555e-01 2.344447624824531062e-01 6.082597922679927605e-01 2.134542456288944512e-01 7.131959657973871991e-01 3.309867809437476716e-01
8.806340514392997365e-01 8.371011740983180793e-01 6.568844769551754892e-01 7.515518775488172487e-01 4.334430644124032811e-02 8.975507674363421007e-01 5.266068516376813946e-01 -4.132081212484522981e-02 3.611903508867460033e-01 7.799220535344961736e-01 5.346865421510299532e-01 5.356424421883290155e-01
9.898272472225062846e-02 1.158717884613980897e-01 2.733821114924995244e-01 -9.971072981497647314e-02 2.718899482057428041e-01 6.582746452524715908e-01 6.155966119083022825e-01 1.686223226720268975e-01 3.832166273649768584e-01 -5.921635454020068856e-02 -6.666149599574580642e-02 4.754053197934089980e-01
9.375905683550065373e-01 3.155014071899564509e-01 6.254633956099908687e-01 5.841084949936632409e-01 1.525910679852079677e-01 7.905328510688345300e-01 7.521585727545310185e-01 7.437129221470119012e-01 4.948591372403991773e-02 2.751766522083330946e-01 3.467545770925499204e-01 3.847962797860913775e-01
7.219792497316347424e-01 1.623629354415019321e-01 2.164853091158892295e-01 1.016945868105913364e+00 5.497019889869823039e-01 2.586672289898053756e-01 1.758833808559946699e-01 -7.222483860037412495e-02 8.265931553203056947e-02 3.087555446284310223e-01 1.719128193274579164e-01 1.191531868424685128e-02
9.958589526355389188e-01 8.085814515934766078e-01 2.019911136134407148e-01 2.658047585023708415e-01 4.603687630699190292e-01 3.424941033504716459e-01 3.984286326786127819e-01 3.804903143888168637e-01 3.624440562184623738e-01 5.252440734972037006e-01 6.829177119921959749e-01 8.743179370795168825e-01
3.804757864143599178e-01 8.663302824024941007e-01 2.792449108248471479e-01 7.995806759020424037e-01 6.813561597685205973e-01 2.796703583347005528e-01 7.331653450244998149e-01 2.315870626883533290e-01 3.811268353288561617e-01 4.454415925541524435e-01 1.660705471088588792e-01 3.917842615319366839e-01
4.400308947100303181e-01 3.453521914833901363e-01 4.022707447820606519e-01 1.892590634632048963e-01 3.450270810431073643e-01 4.260232204401591671e-01 4.102173483643912766e-01 6.314643019210611774e-01 1.953830481962155405e-02 2.246183940690044401e-01 4.157768305431746581e-01 1.578143386490209743e-01
3.914050848622531165e-01 5.580208137442627114e-01 6.099154536353196959e-02 7.285027804452051670e-02 4.717214979033785283e-01 5.113933123446574164e-02 5.647384623930616909e-01 6.637106732447830559e-01 5.877907977472996981e-01 -1.199483132826267423e-01 2.359793197019156297e-01 -1.471506772152954279e-01
2.796653015209335513e-02 6.955546507968883851e-01 7.681556241267278873e-01 8.594125207523277687e-01 3.393836152213111079e-01 4.204972157760926144e-01 4.073134284051088128e-01 8.426949889411018343e-03 3.758925503768411058e-01 -1.160140088403192604e-01 2.890304134584399942e-01 3.474793488706284794e-01
8.565746930891436905e-01 8.724894758668225725e-01 5.684435567497240355e-02 4.895523548406024439e-01 4.790698164078567300e-01 4.043753918063984765e-01 1.838585300498856989e-01 7.180719180003894975e-01 5.016163113994156486e-01 3.711892894145954469e-01 8.227414917535270655e-01 5.782736023600922037e-02
6.764272180248070976e-01 8.099766249354817260e-01 5.170046316722554103e-01 9.990904527479829156e-01 3.375282299146144527e-01 3.011191239483936855e-01 1.335648400943594272e-01 -8.959744248478990203e-02 6.268128545851298083e-01 -2.851756942521130669e-02 7.023540503770783205e-01 5.213571891002631853e-01
9.403753952038648167e-01
3.247709280015396160e-01
3.874384961877203604e-01
6.138167762606477895e-01
1.929271128058591966e-01
8.354566649366502729e-01
9.021710535262146557e-02
4.947593976110838399e-01
9.911306454887400252e-02
6.652915026581638358e-01
5.661765311961093339e-01
6.560613465932491062e-01
ReLU
0.01
12
2
5.103020852540364194e-01 2.606919201446158962e-01 1.060289763635418187e-01 4.772720198057038843e-01 7.716846376745437608e-01 7.172323043175465873e-01 3.363656894881353887e-01 4.047152313868857543e-01 2.102004837008403793e-01 4.117533531125655566e-01 5.220549828655562941e-01 3.450151989721322865e-01
9.526567448029391594e-01 8.015805412026733023e-01 3.023665555197415089e-01 3.181214809312087888e-01 3.441727020894159716e-01 2.452866253762550908e-01 8.599920074614824106e-01 5.860449109460901251e-01 1.908915140663393628e-01 6.813094893094567839e-01 5.391455645466394220e-01 9.614468120792389605e-02
6.203423432796222325e-01
4.849658244560031140e-01
Linear
0.01

ct 2024-06-03 19:21:00.331192
