noname
4
4
4
16
-7.398937389453370539e-01 1.324675772017773090e+00 6.349879155772254258e+00 5.641433359737255682e-01
-7.254506050673075190e-01 9.259505052969972949e-01 2.016011359573980588e+00 5.097951482160147929e-01
3.432126378405501721e-01 2.439130896739775956e-01 2.833348361243325786e-01 2.291035298078144544e-01
1.444360072810495943e+00 1.165055798936827314e+00 8.262186892844276542e-01 8.121546259488882091e-01
1.193592823846514772e+00 7.657797064395354125e-01 1.810322570320913149e+00 6.795108461606271799e-01
1.244016979805394385e+00 8.683492745673718760e-01 6.124047858478671724e-01 6.511625233920539380e-01
7.590963951271615384e-01 6.104171074643599537e-01 -4.202940645536101250e-01 5.832535406594897553e-01
1.154047272651964606e+00 5.914851425135555507e-01 6.755385194031877649e-01 5.096176632534393791e-01
6.774060167514819875e-02 1.273815902456215898e+00 7.530570873446336133e-01 6.180760755239315118e-01
8.401863308026901178e-01 4.555272842214663220e-01 3.383831479382354290e-01 3.344802782257628726e-01
8.538350976797469682e-01 8.198919353757556649e-01 8.313526908885968680e-01 4.306649192024635253e-01
8.846141195324200845e-01 1.023039311936269069e+00 9.419140002193434613e-01 9.156328354024287908e-01
3.326453440784348792e-01 7.470447459920103173e-01 4.048839628614439023e-01 3.261526278037386040e-01
8.213570101710639948e-01 1.516917187304888559e+00 8.351762708672455515e-01 1.210479721226225047e+00
5.468960408890004565e-01 1.068006695752301116e+00 7.144161529759394114e-01 7.903041731871781606e-01
-2.869152085904638660e+00 4.915030135306784342e-01 5.241166680113571452e+00 1.457789702122645803e+00
-2.442646995723791292e+00
-1.591124106880276834e+00
-1.076484877972198273e+00
4.959961922967380255e-01
9.339655437433651564e-01
-2.680132984426416010e-01
1.476024154548898071e-02
5.245850826223024121e-01
-6.864371787079688314e-01
-1.566402110965553207e-01
1.818499655691906414e-01
9.793864938437571999e-01
-1.065535107621834010e+00
1.044232606667136354e+00
6.510554665581476108e-01
-1.812739976210930859e+00
ReLU
0.1
16
16
-3.245738420845082128e+00 -1.087769748470810205e+00 1.521190279822383373e-04 -2.398244977102242381e-01 2.425757179557522791e-01 6.465537052081691272e-01 3.722699984164424825e-01 3.504505821602443838e-01 7.040269164646892341e-02 -1.987126603317147244e-01 -2.053943718865970380e-01 2.058631973857566189e-01 -1.660035313861726036e-01 1.691521447422702773e-01 -4.780829303531975993e-01 -1.065124740499608258e+00
-2.786732064730584657e+00 -5.569571770019716705e-01 -2.666404300074032285e-01 1.989674456894252874e-01 4.265463816112655682e-01 4.787914247177944144e-02 -7.827819115631398303e-03 5.256899934078923531e-01 1.628277837886049628e-01 4.014512660901085606e-01 3.305286030648975637e-01 -1.079818495429746283e-01 2.929322591410569651e-02 5.342116449706816456e-02 3.766203305360977804e-01 -7.776082036180007595e-01
-3.630379705106193011e+00 -8.473147650218764149e-01 7.410859396565331325e-01 2.307770860331168072e-01 4.374280662512680107e-01 1.022689459145291746e-01 -4.138559078214639614e-02 -2.030356475233821012e-01 -2.709027128530729772e-02 -1.986718867814203093e-01 -2.287411793097486601e-01 7.414304397712030426e-01 3.559597000720828713e-02 7.140588735814658028e-01 2.534075254311127789e-01 -1.436869167346380260e+00
-3.451953416736417868e+00 -1.122827123375363501e+00 1.005162518532800586e+00 4.996246859330584766e-01 -1.128696385919021328e-01 1.154286488343473499e-02 8.955616463096657820e-03 3.246339132258814486e-02 1.107438420419389578e-02 2.305959763039624466e-01 -2.336440681799324959e-01 1.636978900566228023e-01 6.870125433194067543e-01 7.106067279431251826e-01 1.540449868820113477e-01 -8.486347613215282637e-01
-5.005486678648188859e-01 -7.421286936065367712e-01 -2.420678502532757903e-01 -8.970057068066431549e-01 -2.582238185616522186e-01 -1.941965944765386420e-01 -7.323278977978843196e-01 -2.399350602640472896e-01 -7.167384024610953253e-01 -3.793058380191366430e-01 -1.386553698519028821e-01 -9.732995380173667943e-01 -5.553250392307534922e-01 -9.061216630324973043e-01 -7.664799324690803051e-01 -3.790816972972930743e-01
-3.042092940580362725e+00 -9.138993114555120645e-01 5.882751795480268830e-01 4.303250771006794650e-01 6.885297758371761168e-01 5.431679558241654660e-02 2.168063799898972688e-01 3.215910707380683631e-01 -1.289240316974568090e-01 1.097291918714038694e-01 5.142231695277850179e-01 7.420658859365433235e-01 7.296218266654896922e-02 6.369228787746131770e-01 1.393372988193102568e-01 -8.864843425284812950e-01
-3.441505686964597022e+00 -1.343336651064701126e+00 7.437588246589372787e-01 1.052388128890332925e-01 9.952575206030684907e-01 3.047982624859009171e-01 2.794868452764884964e-02 4.609615435651286397e-01 1.077448821548793040e-01 2.978396228508728982e-01 5.474182384428633724e-02 9.653371218764957851e-01 -2.753287951896512542e-01 6.933894028866540715e-01 7.862991581122816820e-01 -1.002864936855199174e+00
-3.301051482262878256e+00 -1.330142751016720748e+00 3.661250545422872205e-01 -2.091396885639092984e-01 1.662477321822045662e-01 -9.617513976047303154e-03 -3.826261338034082637e-01 1.667889452280486573e-01 9.000967808891388588e-02 4.957346233074273467e-01 1.516267977086043217e-01 1.132977492071355341e-01 6.656185761384649791e-01 2.599460529553136445e-01 2.355483717407633737e-01 -1.144413572367140253e+00
-3.896233719625906922e+00 -1.372962794038312673e+00 -2.162411038579090949e-01 -2.476318629267407548e-02 6.831242927429047596e-01 4.412274536117150592e-01 6.517808202920023497e-01 5.374385875344420693e-01 3.104102041947888746e-01 -2.547677299051135380e-01 5.442455564525905398e-01 8.060486868836397312e-01 4.681796679634828706e-01 5.349715818141685952e-01 -3.100387101698613007e-02 -1.133061676688266850e+00
-3.117484283149944524e+00 -1.036405479746245861e+00 4.646016162750763456e-01 7.114575301277317187e-01 2.325689495738215984e-01 -1.337779589422956328e-02 5.145991636014465853e-02 -2.341645867991402896e-02 -4.821609538624308661e-02 2.661775800607747433e-01 -3.330020801677412989e-01 3.946033286022712638e-01 6.514651698260163215e-01 9.558681950316247899e-01 5.438663287174678729e-01 -1.131554870047352557e+00
-3.296062945055338034e+00 -7.372957732606320036e-01 -1.667934300227719158e-01 1.016626509378012744e-01 -4.034767320155884657e-02 -1.089108367695125618e-01 -2.023933632815383410e-01 3.830750198554054853e-01 1.562489491697979516e-01 -1.162900057003436460e-01 5.447862473609313971e-01 2.413449843817017937e-01 -2.842466233447008550e-01 7.411219947324065860e-01 7.976228234667582795e-01 -1.381154259996290934e+00
-3.279380111018193933e+00 -7.176283033616533968e-01 7.954892826096238156e-01 8.527411218149466565e-01 8.995190716723213686e-01 3.706551538865382467e-01 6.528782179551325671e-01 4.556114982165833105e-01 1.784036685433883565e-02 2.530164632559686044e-01 -2.259769086060187462e-02 6.901328815713891895e-01 6.984105431354812321e-01 4.374888651346930390e-01 6.264876464304337533e-01 -1.139944226847345643e+00
-3.690161723864986865e+00 -7.736660938521482400e-01 2.722785500164915384e-01 3.351054641194289307e-01 3.956766838232135819e-01 2.620172015665218068e-01 -3.377624843767481622e-01 -1.445219241700256355e-03 3.115537321043401753e-01 -2.939573077148729952e-01 3.382736103463249155e-01 1.370810864896938874e-01 4.363510311098384165e-01 1.042915805124432493e-01 -5.097623475646535507e-01 -1.074494524173970289e+00
-3.189012225005488421e+00 -9.406773981729884548e-01 3.369380276577473854e-01 3.081462172826553991e-01 3.924524903901425721e-01 1.634020286238010988e-01 -2.991107268732234314e-01 9.303664747514998890e-02 -7.610409154063771386e-02 3.074268565810211462e-01 -5.830229328049409965e-01 -2.896525994467341603e-01 -1.295310961734115196e-01 1.454505870059371320e-01 -2.695302921676190899e-01 -9.451399715153032677e-01
-2.607965545227173276e+00 -6.410924284359943437e-01 -4.402377970594945622e-01 -3.364047089011923397e-01 4.536020804752795565e-01 2.445171812060382144e-01 9.571347396270840635e-02 -2.655480951446795856e-01 1.100893349717274317e-01 -2.564634769960552063e-01 1.602172215997430815e-01 -2.384117041220137345e-01 -1.586040113393253070e-01 3.807095999209564874e-01 -3.618316313554795216e-01 -1.049172441331397643e+00
-3.137088258556457898e+00 -5.511703803646103017e-01 1.661594542987939183e-01 4.801389753984882103e-01 1.529849649554964885e-01 7.209873752004242187e-01 1.582101161490947344e-02 -1.446858032277002215e-01 7.278177620776551393e-01 -8.195604776828842308e-02 2.879054606107713798e-01 3.489875540215622296e-01 -1.286803731903264358e-01 9.200961436562461460e-01 5.478273643699672207e-02 -1.143605262617016782e+00
8.423135932144419913e-01
1.067003048158235323e+00
1.501968149546489384e+00
1.059529679905961475e+00
-2.112562986965766179e-02
1.837716203920689573e+00
1.805870434257177415e+00
1.478347886537313638e+00
2.084662020631816937e+00
1.145435352957391073e+00
1.128769119988670022e+00
1.110581013433742381e+00
1.362345563116399871e+00
6.763919688787517481e-01
9.193013007267621939e-01
1.731875297826573235e+00
ReLU
0.1
16
2
2.219316718157247903e-01 4.343343692254094668e-01 6.663953874148950129e-01 4.288623996345638512e-01 3.471826685765248138e-02 7.555597416428502244e-01 1.177149068381260433e+00 3.412374188601128289e-01 8.527990795274947855e-01 7.971600609425447681e-01 6.828188629274589694e-01 1.050115274318772274e+00 4.100455094400570766e-01 1.593449340865392971e-01 2.782191166082065847e-01 8.265340394738711627e-01
1.905972107104817181e-01 4.885147611161020365e-01 7.087548768867971694e-01 4.090753291587602147e-01 3.091185043919904007e-01 8.782848272722486582e-01 1.241920433288059566e+00 4.036103115629415261e-01 9.884835360290747941e-01 7.749394236314887108e-01 8.216403124498191657e-01 9.024719464738757413e-01 4.303874621046051008e-01 1.362837681799586032e-01 1.977210415065653870e-01 8.733159959475931267e-01
1.825232301921318800e+00
2.108259851199290491e+00
Linear
0.1

ct 2024-06-03 20:38:34.596336
