noname
4
4
4
3
8.070140638386469334e-01 6.097147982196003957e-01 1.055329404591169307e-01 8.890745174967137343e-01
7.391850366314393073e-01 7.551610087281337425e-01 8.763072190153833874e-03 3.753525705745067720e-01
2.716373578161541680e-01 3.578692428493137068e-01 -1.313878083253208762e-01 8.419343689181273127e-02
2.904916719309038053e-01
9.727551212840518380e-01
5.579429532711800421e-01
ReLU
0.1
3
3
7.007467188954255577e-02 5.921219071881356211e-01 5.079161344633988939e-01
9.455104198482662259e-01 8.138218897830606924e-01 5.384920531545704936e-01
1.423216293825307344e-01 7.254716767107991515e-01 1.719881509976085021e-01
6.992073800659706073e-01
8.908239549056823359e-01
2.465732561752409513e-01
ReLU
0.1
3
2
5.997138921209085316e-01 3.259534672805156630e-01 2.023985477385827070e-01
9.611135994539343752e-01 7.327308747782513842e-01 6.530374411446442373e-01
6.016733702532862660e-01
2.241670114821742166e-01
Linear
0.1

ct 2024-06-15 20:15:30.181805
