noname
4
4
4
12
1.260849110696303121e+00 5.196519744617663639e-01 1.544572485043215759e-01 -1.616000662524611498e-01
4.825458374974674891e-01 5.473571480096223185e-01 3.750703383780266131e-01 -2.995709356866705919e-01
1.345685587927744731e+00 6.144504876393707127e-01 6.385182995835851916e-01 1.574962708684033708e-01
7.327431111776026018e-01 3.903268569603385307e-01 2.494466743325257641e-02 -1.488235109916351828e-01
4.630960004204550673e-01 7.940188339745144486e-01 5.020281059604058127e-01 3.673697555346235877e-01
1.270618331011162283e+00 5.581059389074932708e-01 1.504042130640975417e-01 -8.751224133631982371e-02
3.914988880715349895e-01 6.275963984119456995e-01 5.965119392325842762e-01 3.745089932519762854e-04
1.012735069328848825e+00 6.499723744056098429e-01 4.382381470583533445e-01 2.164947390374911129e-01
6.635742193581102288e-01 5.118619538989160889e-01 -1.187384239956881526e-01 -2.672878738878527449e-01
1.205650107619868683e+00 1.006391852419848076e+00 -9.201954731466280291e-02 3.767347294803370938e-01
5.510101941942299186e-01 4.194934563252442628e-01 -8.021985484500127050e-02 -2.135104655856625566e-01
7.886161865370180379e-01 1.181315223839552564e+00 3.677419647750457266e-01 4.044744301857154389e-01
4.427993467989058685e-01
5.811645506106835057e-01
8.179259394051517917e-01
6.882025732752770075e-01
3.775755633281021595e-01
1.744893017614042308e-01
8.718445991607672863e-01
6.614829982177560241e-01
8.899127876389776315e-01
7.490295186646068748e-01
8.890771798129323278e-01
6.389935834880646759e-01
ReLU
0.2
12
12
-1.651606411940515773e-01 -2.588982948613624546e-02 -8.542495444597392185e-02 1.081233068119634433e-01 2.029655481902250258e-01 -2.318718684238244010e-02 2.513053095396396985e-01 -2.339397348416714095e-01 -1.573987574487651364e-01 1.867393146791732905e-01 2.426006922165983015e-01 1.724292826289089975e-01
1.861876696199051273e-01 5.167888816519623507e-01 4.600875633903178108e-01 2.682393508667345605e-01 5.971992275350366253e-01 3.743453632425308153e-01 3.985620897285571118e-01 2.807027245949951233e-01 8.930489275326571885e-01 1.388875751446207729e-01 5.756477852283047314e-01 7.456824404575504994e-01
1.027749068861014248e+00 7.522069766209571462e-01 4.701255315760445308e-01 8.582306891046279640e-01 7.293759723280961449e-01 1.173141593380390146e-01 8.666410757251052921e-02 8.891841128046463760e-01 4.657591658231090559e-01 6.847540934400297985e-01 7.922043144102157708e-01 6.221254579727093503e-01
2.969264449032477104e-01 -3.216339671032275027e-01 5.417348447538936629e-01 5.724422581704813329e-01 -2.623160028516621778e-01 3.088493413581413494e-01 4.335271521345044343e-01 2.057098522523036488e-01 4.653020771678041956e-01 4.811383047713563288e-01 6.392920493668174942e-01 5.579682061122373526e-02
3.866900463151828893e-02 2.439956764972948944e-01 5.149878188921976907e-01 -7.246968327319991410e-02 6.437996554844209740e-01 6.142964310576068954e-01 3.935351288008953063e-01 7.458588386323436459e-02 4.255863099081120260e-01 -7.045472686886236624e-02 4.500065436025341703e-01 4.815214155413296560e-01
1.010376673482322518e+00 2.605221835067833558e-01 4.152597937603329514e-01 7.790367131099169562e-01 9.919443100610503272e-01 3.126853659745644221e-01 5.344057305691529702e-01 1.090237216597737535e-01 9.372133651214038519e-01 6.272598020949562425e-01 1.683337558580134397e-01 4.942217209734943162e-01
7.733309322967110711e-02 6.704419916466075602e-01 7.385749677622661657e-01 1.018865303879693096e+00 1.745675899434539768e-01 3.856281478658274420e-01 7.464267050808489623e-01 6.641359795608217098e-01 8.922641089535621184e-01 3.164988227248209940e-01 1.851334674279201675e-01 8.563409456794947028e-01
-1.852754125269903684e-01 7.451504334808842223e-02 2.116681205908355623e-01 -2.786648588041458208e-01 2.321427349513541794e-01 5.560555608849857556e-01 3.496163370246058166e-02 3.952871598259066754e-01 2.630997027567997248e-01 2.771156453491219196e-02 9.568138146778998321e-02 5.334192412276071993e-01
6.834417104118395425e-01 4.852911066453634570e-01 4.569428933899898349e-01 1.013900691458409664e+00 1.046233861514973329e+00 7.561487219165344831e-01 8.986344053848798197e-01 4.292647343089439627e-01 5.851788838707123741e-01 7.695988575293574163e-01 7.884480936033169129e-01 7.827729846126021407e-01
5.497135415879625953e-01 1.424035056060695692e-01 9.556102261012417998e-01 2.181201275093547498e-01 4.520299886216028185e-01 -2.700307024212516560e-01 9.323226598536500376e-01 1.222672145466957572e-01 6.085911490546331848e-01 1.248854377380832215e-01 4.829021613273926095e-01 3.542234804510453472e-01
5.293713903956035471e-01 6.458672560680221997e-01 4.884217755462015864e-01 9.955152810125944551e-01 8.216815564707282693e-01 2.731624439746068167e-01 7.932450544548499405e-01 6.248763933358632006e-01 9.641882677743214280e-01 7.791973348807049726e-01 4.604561721599040314e-01 3.153892637407589294e-01
4.316632759953525911e-01 6.596742065686880263e-01 7.623754375196909461e-01 1.046927532620928414e+00 3.816614240663379620e-01 6.990310031346158581e-02 4.868508490630215624e-01 6.023347006597032927e-01 6.266731558159839288e-01 6.958501871578627318e-01 8.979823709294751932e-01 1.736110447037683413e-01
-1.893717929964167102e-01
9.088564142038102478e-01
4.820618204700305443e-01
1.606283214314716823e-01
8.669511553850111074e-01
6.586431091717616093e-01
6.729507560557154155e-01
8.354629317795791987e-01
6.913588596245496820e-01
6.249722785517781709e-01
8.654286959866095419e-01
5.555375092090143463e-01
ReLU
0.2
12
2
1.155210723022476182e-01 5.956808526026895478e-01 7.772674090994066143e-01 7.887169275313132832e-02 3.445358774416032999e-01 4.910090137255151976e-01 6.009175552389762753e-01 2.500932127427996088e-01 8.144333547422194508e-01 3.758642209217865071e-01 8.683994687658260769e-01 5.708649912466324805e-01
6.846559236910585433e-01 8.771809538900691150e-01 1.170810334324130508e-01 2.653457220920111825e-01 8.031888394141510901e-01 3.993543239568926873e-01 5.118074187750190074e-01 5.219508110357843345e-01 2.721773356012264777e-01 4.285863582167973584e-01 7.247022042812057974e-01 8.390057541480412384e-01
4.187079987858852714e-01
2.771600984747258356e-01
Linear
0.2

ct 2024-06-11 22:19:34.456992
