noname
4
4
4
12
2.826062740803868545e-01 3.359320467485397144e-01 1.269417456600957728e+00 9.190172324765337464e-02
-5.652766787319736252e-01 2.875823037341475596e-01 1.523830385308338142e+00 8.879707306557315105e-01
7.408329931976160854e-01 1.180036022153041070e-01 8.160819612355006969e-01 6.414483763499335689e-01
1.064582610548870711e+00 8.374643269951355107e-01 5.706987333127018225e-01 4.017424431247907379e-01
2.481694721705743067e-01 4.267352033842283787e-01 -2.908339274455292722e-01 3.472221067151718410e-01
8.076117882659868130e-02 8.602141412156366629e-01 2.740615738885370245e-01 6.319400926825557985e-01
1.051656974860218779e-01 4.135722153428814662e-01 1.144101488118380416e+00 4.197537230740493452e-01
6.845641268291633441e-01 9.450690129140408846e-01 9.961594679192886659e-02 4.903496158545138095e-01
1.321620292920385520e+00 7.480596411178518368e-01 1.186688795449782896e-01 4.189598562490700062e-01
6.241139095683331250e-01 -1.261980642049383317e+00 -2.526073301178408670e+00 -1.273624990691409442e+00
1.392053974274912287e+00 5.669851361223141595e-01 2.447781885863474505e-01 5.833091288045585410e-01
5.731275151360620823e-01 1.065418558571823854e-01 8.518240748134638940e-01 1.057928414659944139e+00
-2.999673204992531206e-01
-7.513858029026244667e-01
4.439840249389379601e-01
3.331999648121500845e-01
-1.467703606767394531e+00
3.331138531298917793e-01
3.364882181626403512e-01
7.161376444296393418e-01
4.514984265042028544e-01
-3.186371704899753077e-01
7.030699023076742993e-01
2.836660768212438399e-01
ReLU
0.2
12
12
2.001092241265206018e-01 -6.949994250777149496e-01 4.904665844043010203e-01 5.428392698264620231e-01 5.234100152156614394e-01 6.752703678766898143e-01 2.449078747684714508e-01 4.409479431647891357e-01 4.256750923159371425e-01 -2.912161896847864639e-01 1.261912505993825206e+00 2.485615228893303663e-01
-4.537596187268541637e-01 -9.198364735899310363e-01 -2.378009907528977063e-01 1.144161456796663340e-01 -4.824902663608350850e-01 1.825822805724704734e-01 -7.359204705879685005e-02 -2.587696475838732191e-01 3.624427134531423289e-01 -1.183220483928125288e+00 4.042032303900742751e-01 3.975917543715761782e-01
9.093238983786119389e-01 -7.113411093292154597e-01 -1.104295976373775190e+00 -2.583071013171442942e-01 -1.139599531197738463e-01 -8.733334492104987135e-01 -2.619317606770032447e-01 -3.951025054090088751e-01 -1.905959438829616381e-01 -1.584595599578839442e+00 -9.532604255022772977e-01 -6.291491269522949681e-01
2.588791147626141043e-01 -4.984083610660489105e-01 8.198988677748259013e-01 3.661193955249723020e-01 8.163532254628531604e-01 4.710146263724505067e-01 4.834624876636845481e-01 1.262322825350640221e+00 1.179863045505203489e+00 -8.826923450734623922e-01 1.064753486023624518e+00 5.994818084764111932e-01
-2.268312277584628445e-01 -1.088142696650831048e-01 2.099688930112577623e-01 -3.452396793741227543e-01 -2.430625224109934923e-02 3.555659854791341778e-02 2.387387364786056621e-01 -2.480686343490020040e-01 3.763401582065039608e-01 -4.624802068628484641e-01 6.682887050346070223e-01 2.207737830613865082e-01
3.340775835843046160e-01 -1.100662830664232317e+00 -8.864202958118667652e-01 -8.867075011670270124e-01 -1.171205819922017000e+00 -7.108819502230755427e-01 -1.053578911019058317e+00 -1.645196674820187610e+00 -7.890126877494105795e-01 -1.415988441534182796e+00 -1.194803702724034133e+00 -1.678329834646832941e+00
-3.641518664024450125e-01 -5.107900669088362156e-01 -1.175013632861057866e+00 -7.134139470320766119e-01 -1.182969666506199502e+00 -3.974935476582305838e-01 -6.702614712952938980e-01 -3.159417445831683713e-01 -3.358135223517144108e-01 -1.214462775553999840e+00 -6.500551668470497813e-01 -1.287583492355470982e+00
-3.448038251181294034e-01 -9.660266552625920156e-01 6.329614189471783892e-01 7.398037195433495583e-01 1.176622521183869896e+00 7.288922999310776252e-02 6.645675474084813961e-02 5.702048905105333576e-01 1.429324109597278902e-01 4.096574562264985730e-01 3.346323265881736564e-01 5.639235576405100536e-01
-8.420863972557030008e-01 -9.735321927117763785e-01 -9.289148871476041736e-01 -7.211116444140737158e-01 -1.152219458228724847e+00 -1.902980730250077024e-01 -9.336593350237342159e-01 -5.011111131768795079e-01 -6.750004539576888174e-01 -1.124053244051231415e+00 -8.454678023739393700e-01 -5.285006001158795153e-01
-1.365323534309182962e-01 -4.993755282596898382e-01 2.999642136099121004e-01 2.003247386026399124e-01 -2.191720329018398972e-01 4.392474711210728189e-02 -9.317132779089337680e-02 8.736774366188013730e-01 2.904572583969029093e-02 -1.191660796045592496e+00 4.330744938421727808e-01 1.263734881001594978e-01
-3.345895582547238623e-01 -4.806667916627115344e-01 -3.912017309134959153e-01 -2.832254967971405968e-01 -1.547533001832701816e+00 -7.106522008067048812e-01 -1.773337898792807787e-01 9.186200529543527005e-02 -7.966114966150317223e-01 -1.040443133576554047e+00 -3.613492552277905445e-01 -7.893149033932026493e-01
-4.219396649496583440e-01 -5.249407733287457800e-01 -4.974675840114898828e-01 -7.602761952289843750e-02 -2.025112101715766055e+00 -6.084642011926891803e-01 -6.469974224703118892e-01 -8.323267976517749744e-01 -7.157623341595353850e-01 -2.127900439396563037e+00 -9.588977127532700706e-01 -1.436696663359350978e+00
1.610771023947239700e+00
1.312737435332614000e+00
8.058623531321535971e-01
1.042889552829118216e+00
8.178900389294919693e-01
-3.628278320612047803e-01
2.242550943119434037e-01
1.159856390379100821e+00
4.642751575832920752e-02
1.089031736322202182e+00
1.550195281305597472e-01
-1.070174531930085798e-01
ReLU
0.2
12
2
1.285042691833647055e+00 1.385590589953445528e+00 1.591157742227593097e+00 1.263707821143780885e+00 5.736809050039208824e-01 8.585648874338502878e-01 1.337476708721660135e+00 7.966044956496725060e-01 1.808327848209646538e-01 1.205960050855103161e+00 -4.772856760803689813e-01 -2.204002892226741284e-01
1.381658016582179016e+00 1.020389994961182323e+00 6.868285231431753290e-01 1.253420653264583073e+00 9.155909310691338066e-01 6.949136578353545257e-01 2.162005204627868715e-01 1.252777607100385548e+00 1.463540114385447177e+00 1.312694337357387830e+00 1.406977467598110820e+00 1.347184973920293238e+00
2.638357843176766249e+00
2.085282169398012808e+00
Linear
0.2

ct 2024-06-12 18:24:51.732662
