noname
4
4
4
8
2.070179145840608248e-01 1.102615512507603146e-01 8.867457265361494700e-01 9.545581728409370248e-01
4.725690405318176968e-01 2.662901870022881257e-01 4.220452384405515289e-02 1.351796601840297152e-01
7.452793067122370774e-01 5.242074964662440939e-01 6.041464116506544135e-01 7.396549104516880746e-01
9.862947534560720930e-01 7.634796002344140797e-01 4.923244964075823571e-02 8.328761689900421317e-02
7.982773756869865345e-02 1.652342997748268427e-02 4.196077755744748172e-01 1.240898324300909739e-01
9.716631793621024471e-01 7.061725163237386749e-02 9.029182051043969093e-01 3.813320219352811513e-01
9.459308308048257619e-01 4.812006147600158545e-01 7.922352325102316462e-01 2.867601305558503677e-01
9.813497649683122770e-02 1.128965989225301225e-01 3.862399362506178102e-01 9.689749995674382665e-01
1.164578798409767746e-01
9.123365514720394032e-01
7.874021243462006048e-01
5.990067966003028710e-01
9.426366047042707974e-01
9.620806514491919703e-02
8.793325791178059347e-01
6.863598650780703414e-01
ReLU
0.001
8
8
1.033563697492251299e-01 3.980119967640658452e-01 5.660596051297552833e-01 4.940197557742790346e-01 2.730019909886989282e-01 9.306732796392060969e-01 5.454677207146085838e-01 3.207682293684549490e-01
1.690329935636739611e-01 9.051809422158954010e-01 9.204743795282496199e-01 4.987348662303454638e-01 9.283220845477638816e-01 1.676642548630535856e-01 3.958157210222232880e-01 6.230644290298488208e-01
7.079513579041925020e-01 1.693119006513650326e-01 4.874877682573838245e-01 5.428489661040808434e-01 7.855364933651065584e-02 6.761156466550433120e-01 2.327300588298734096e-01 3.953233788776162605e-01
6.693008131518438653e-01 2.262415068854639610e-02 5.870274660418415280e-01 1.623669650165515677e-02 2.017044457745982289e-01 3.526718641405951482e-01 7.159198089658709296e-01 2.987557647112516479e-01
6.397588033447412226e-01 8.789715124735386631e-01 7.413547045126723800e-01 3.684515070674910797e-01 7.539873977839984809e-01 2.862306909013097034e-01 9.614065993128301235e-01 2.070634954998917809e-02
1.825199089840920941e-01 4.189653265217992972e-01 3.043444969999442584e-02 6.928478680837806269e-01 8.592319811553060793e-01 6.963970174215183828e-01 2.346216363510639225e-01 2.322832518112819544e-01
2.127910775226402595e-01 6.929038187849493324e-01 2.884497043280191964e-01 6.409676857851093201e-01 3.399211060895113157e-02 9.253645143621058722e-01 9.231941078002615653e-01 5.893514943766953174e-01
8.018613705131741876e-01 1.028976612356007347e-01 8.074066278000910923e-01 1.583696944140502438e-01 9.935003037408304261e-01 4.451017119734468341e-01 7.003665972501145198e-01 9.796556977191017701e-02
9.549379038581189416e-01
5.323047565852715435e-01
5.486274861177170559e-01
9.916991251711312350e-01
2.368920098723544809e-01
2.661209947344358451e-01
5.113518807701119551e-01
9.121814976472215619e-01
ReLU
0.001
8
2
1.982142929568779799e-01 1.320491058949929686e-01 6.518741127799043689e-02 3.257175975149187996e-01 2.005056670607735514e-01 1.404198970912404754e-01 2.331417574053558095e-01 5.838896219371653151e-01
9.801299978147146597e-01 6.875450523774294664e-01 7.172984819823328140e-01 6.393012505883773899e-01 8.908569660449590089e-01 6.894837530514574819e-01 2.338531585854102257e-01 1.115398921425702072e-01
4.386258526089225063e-01
2.701355047998983405e-01
Linear
0.001

ct 2024-06-02 23:42:05.060167
