noname
4
4
4
18
1.643561903162044313e+00 3.341250832024923456e-01 1.843999314440808446e-01 6.658083893120110563e-02
8.492307487085505313e-01 1.622726055748477947e-01 8.234423669079171670e-01 3.876598017566807441e-01
7.833888812222754572e-01 5.168421293155673890e-01 5.602287469326733271e-01 9.753072446735617795e-01
-4.764315226134649417e-02 6.925013927922837320e-01 3.845770790050598853e-01 1.092385331706629881e+00
4.775032498011748672e-01 1.528001699163051563e-01 1.039384846235170468e+00 8.816659392619702329e-01
7.265910800473774911e-01 -7.750207576000713028e-02 4.813229708499487947e-01 3.522519090747599502e-01
6.038297882903866098e-03 1.491293877263036582e-01 6.770590645807031960e-01 6.930176608849257791e-01
5.269547490371671028e-01 1.620417262541653525e-01 3.498395598611853674e-01 8.053621609035487294e-01
6.875475616748037977e-01 4.342862984479148314e-01 4.357604658563217770e-01 6.957367174573411139e-01
7.706825721763831405e-01 8.560197503051060197e-01 1.043241740415178143e+00 1.051612042659200608e+00
9.189379103887411748e-01 5.442858694513848239e-02 -1.243921217918538824e-01 9.280261738015566086e-01
4.982141460228535212e-01 1.392504913213854223e-01 6.782874046196722961e-01 8.038912558456978719e-01
-8.664420021174075448e-02 -4.390933914892467677e-02 9.056574575021035800e-01 4.872020812972334691e-01
2.409700360079359283e-01 7.792336024234396419e-01 1.102457020555289713e-01 9.114251065114642447e-01
2.272354175763083295e-01 -5.733842338865374755e-02 8.647222311938519423e-01 7.212926805185582158e-01
8.362001605828230932e-01 6.576543920213091532e-01 4.185080091633791022e-01 8.614871138185816735e-01
4.138838485639353970e-02 -1.549160647411208097e-02 8.460064417848839335e-01 5.643645686820243368e-01
8.163941441348878669e-01 4.459083094294332139e-01 8.217862531078704569e-01 6.911642200542759129e-01
-9.536541999053271823e-01
-7.535060977908495383e-01
3.344910027041114176e-01
2.904690082953653718e-01
1.121216634281700930e+00
4.925781367910804787e-01
-7.972556947207857236e-01
9.708017012270948598e-01
-6.419152606237948921e-01
1.049298796136981293e+00
5.531461800834529263e-02
6.770346995889505726e-01
9.458685045198597097e-01
-8.567227138116350060e-01
9.758235128855030638e-01
3.997414431508310995e-01
1.306758549892882204e+00
-4.201539416350540956e-01
ReLU
0.2
18
18
-2.090236408159705794e-01 -6.953959101537646736e-01 5.486769838159578638e-01 4.510177732713992887e-02 8.107993867948039002e-01 4.175124343314619568e-01 2.571753265550831558e-02 2.941035396827049175e-01 -4.572946686679387751e-01 5.494038179678943923e-01 -3.642218799686664996e-03 6.114817248074597700e-01 8.654025535511946643e-01 -4.277907789072540878e-01 9.092631902263280663e-01 1.213432264367556579e-01 3.564510189815530694e-01 -3.037499968191338384e-01
-1.016282820738890202e-01 -1.102063524398389838e+00 -9.311761825395800107e-01 -8.221281797981921935e-01 1.152426169298011033e-01 -6.318167487192352105e-01 1.519548292594862654e-02 -3.742140160379434088e-01 -6.437398824338704806e-01 -7.587165257047177036e-01 1.104946747676316537e-01 -1.461186216940374427e-01 -1.699145669238531497e-01 -6.661883182041620222e-01 -3.641787956608705246e-01 -1.695589754009806938e-01 -7.512952302728376219e-01 -4.321780043359078616e-01
-7.551206415512986547e-01 -8.864064884291714685e-01 5.428598893803406877e-01 5.643950640084418602e-01 8.617268009410350427e-01 -1.258815091349321791e-02 -2.661874282016983839e-01 3.432647301338559442e-01 -9.046712401216014943e-01 1.719041254460255408e-01 2.778666385642043490e-01 5.169744668448013059e-01 6.315193878798367466e-01 -4.319181199882756728e-01 1.600142691327604283e-01 1.522058058666220792e-01 6.541571788217508399e-01 -3.271919516373488768e-01
1.304520075708858862e+00 1.943762392110172377e-01 8.258806534792737519e-01 3.736473582560912998e-01 7.681916863140532126e-01 6.261106848998357899e-01 1.402849058596565279e-01 1.207305318033948804e+00 -3.974028231069746120e-01 7.423904688840206045e-01 9.497421262365527417e-01 3.414217896611884684e-01 2.706215762139821956e-01 2.025733477965399321e-01 1.089902756585791055e+00 1.039715826862288361e+00 3.734046501561398834e-01 -3.321520567301054772e-02
3.838543278375763229e-02 -7.239217328785338967e-01 -1.694999219306347546e-02 2.006781337962520173e-01 7.151390362770326803e-01 -5.112108278206650702e-01 -6.425559355222346669e-01 1.178400072663319809e-01 -9.789381423704777152e-01 6.998654465247899914e-01 3.326274152892858549e-01 3.181113389978017514e-01 8.717463860104959217e-01 -3.184712382156176802e-01 9.691096199189180860e-01 8.422746170539530119e-01 9.476929913988285659e-02 -8.853603418964385574e-02
-7.409209096438573727e-02 2.681058781602121965e-02 6.820825139263951842e-01 5.121212775712634668e-01 1.100358074629311567e+00 4.705100522149984754e-01 -6.986531951282489716e-01 7.335795662309582132e-01 -7.506817808099204570e-02 8.223600698347347526e-01 5.786217819186496580e-01 8.564528442242559381e-01 1.040624348921054709e+00 -4.679161596006693458e-01 5.929832253102929052e-01 4.684381746782794176e-01 1.328748343473542537e+00 8.093457547369693750e-02
-3.944594755220200977e-01 -4.895872537403093694e-01 2.105097577043145984e-01 2.159329933893668063e-01 6.518109214245310090e-01 -2.036235110290005590e-01 -2.673462014445623369e-01 -2.331042912220224195e-01 -1.153368701978871647e+00 -3.468135682602458414e-01 5.603828615822193937e-01 4.373054511878232686e-02 -2.789231794880599469e-01 -1.181018687975467385e+00 -8.029546346649615862e-02 3.164910862777063350e-01 -3.423371930226985493e-01 -2.454191175654382162e-01
-5.633123124310513985e-01 -9.390614845723678217e-01 3.575234431312893646e-01 8.546520343438702982e-02 9.210892243424058101e-01 6.339410255083129941e-01 -1.304916720059046131e-01 1.047958362098710738e+00 -5.739727501845244273e-01 1.109197259325566121e+00 6.247650249296869962e-01 1.473177451901196644e+00 1.385481258170402130e+00 -2.198345232223086199e-01 7.511734255967080776e-01 1.904267471182301275e-01 1.355768306747340946e+00 -4.405628785217106658e-01
-6.232694941362950658e-01 -3.994814984646464229e-01 2.720488696566619735e-01 2.633991530812689885e-01 7.370413658063763584e-01 -1.150772825401982780e-02 -2.622544228162869695e-01 8.089603163480342529e-02 -3.132817685690091336e-01 4.186333124391961591e-01 8.181842041393470877e-02 5.687167964436180556e-01 2.282699088859449152e-02 -3.871574415256600066e-01 6.691324785628004479e-01 6.175357267126453387e-01 6.963638392830326929e-01 1.451537505648090032e-02
1.162501187041564688e+00 -4.272636995123614556e-02 5.127834403905741356e-02 8.321184385901887470e-01 1.096072982502293902e+00 1.212933955978297978e-02 4.330780545611602195e-01 5.229163419898137377e-01 3.839445126517418982e-01 7.071358031283880852e-01 5.561532601089409500e-01 9.095522208146864518e-01 8.356087756779652098e-01 -1.600541738481293386e-01 7.179817438412877673e-01 1.180586733147473089e+00 3.761075379468017954e-01 4.171235337982990288e-01
-2.366768012911635855e-01 -1.243088959626310608e-01 4.052933690082480278e-01 5.090238664134290048e-01 -2.489447829314784255e-01 3.232831814753773236e-01 4.714891439927308414e-01 -3.254300705044838038e-01 2.835366393850526356e-01 -1.359245718172962802e-01 1.423173693894869696e-01 1.384190863767998936e-01 -3.570565815687747890e-01 -2.324574304072912212e-01 -1.595768269359204294e-01 1.802755711242531589e-01 2.791311508502161698e-01 4.391984996750519787e-02
1.041841651704182720e-01 -8.430945451433499160e-01 6.538132571237159629e-01 2.262482587960363278e-01 5.152548799227418819e-01 -4.064968976938435063e-01 -2.289298078190325492e-01 9.253430411899203900e-01 -4.000892702577048543e-01 9.234755033492006993e-01 1.273200171750930865e-01 2.859749131044231896e-01 1.059674331179396023e-01 -1.162188125614616263e+00 6.240761035659662115e-01 7.141005666311660283e-02 9.664181648069894992e-01 -4.224248796221816149e-01
-3.229229224011748167e-01 -4.660464054035761139e-01 8.898308144541531295e-01 4.702236971605799343e-01 8.177752701395971657e-01 3.105388589849742975e-01 7.487324386335350579e-02 1.061391944510593044e+00 -7.466178971515047280e-02 5.783212893948347366e-01 5.975240599413605275e-03 9.408895034607810404e-01 7.269911210420143544e-01 -6.639991708366352885e-01 1.104264082625099785e+00 -1.069278145903956867e-02 1.340848331770671642e+00 -3.022902782884446249e-01
-3.605910528669165060e-01 -5.278828220772165958e-01 1.251486248739994422e-01 4.952334290118896865e-03 3.337221413620823918e-01 2.666164472213130021e-01 -3.619727048453530993e-01 2.973892435366530251e-01 -4.156650375365420480e-01 1.093132269587739763e-01 5.679141631129022150e-01 2.172316217821415596e-01 7.286395542045850382e-01 -1.069905275073957940e+00 1.044864761631745909e+00 8.570854518388564269e-01 2.516377955283368717e-01 -4.534129289593206713e-01
-2.616997312121852604e-01 -4.378881618857209390e-01 1.375524654638224931e-01 -4.771223189798972086e-01 1.033649645012842733e+00 4.869437611541159727e-01 -3.208484108767382104e-01 4.030655642625221580e-01 2.428363639591976375e-01 2.058286535764790037e-01 5.233482754643393742e-01 7.434281731678293870e-01 2.442279468099381734e-01 -5.096738318322800998e-01 2.423910529133311009e-01 7.671513356943112649e-01 7.326647825946118742e-01 -3.399496155868971664e-02
-1.954603560673870977e-01 -7.919229053092353698e-01 4.964063831911111890e-01 -5.664119521631139770e-03 4.843690506710304211e-01 1.469566184421106370e-01 -1.008774183625956722e+00 4.380049536347839778e-01 -5.543684518043711096e-01 8.385576094538152447e-02 -3.464404414517070763e-02 1.440364145093519510e-01 5.814356461721458258e-01 -8.547771211199326480e-01 -3.140665920235660019e-02 1.718040238166285427e-01 -1.216674778129673562e-01 -5.280624832422459169e-01
-7.079405420935799276e-01 -3.297218148770559298e-01 2.950767453564828169e-01 6.860955133503278125e-01 4.549827102140150958e-01 -2.408504188879979635e-01 -2.783732935784354323e-01 5.955515567937033072e-01 -6.147498216870306287e-01 4.500847012385731372e-01 7.056371413057681563e-01 9.963456538765888548e-03 9.770303225542517622e-02 -4.429203494360104965e-01 1.009019539552769018e+00 1.227979276767761779e-01 1.811338914327754179e-01 -6.227361574661788302e-01
-2.875380465078422598e-01 -1.487733387750492242e-01 -2.296849651822216454e-01 -1.994615112592016959e-01 -8.667437277131275764e-01 -2.629419290631586081e-01 -6.500323164340416904e-01 -2.531457651818223575e-01 -5.357740559278946213e-01 -1.043726246896139687e+00 3.054061229916968379e-01 -1.077583593818001589e-01 -8.764655498431168645e-01 -4.630134281439919341e-01 3.227300332742787936e-01 -3.793239074923502319e-01 -2.791382226511234244e-01 -2.922627054916432376e-01
7.066825990453137196e-01
-5.723341765293127326e-01
3.205803383428956765e-01
4.831369947671239062e-01
5.598180636966513246e-01
7.074280732608279054e-01
-9.337433919296961315e-02
1.638528406499574430e+00
6.416860412300302574e-01
6.666573057742505304e-01
3.593110226137667673e-03
7.593843520904439703e-01
1.405079248857667107e+00
2.919289072099536253e-01
1.441727042122481706e+00
3.509732993822590741e-01
9.735652503164666793e-01
-6.909110748758728882e-01
ReLU
0.2
18
2
7.445432074035336356e-01 -1.510849656463014723e-01 6.867130505188823175e-01 8.083939473860727309e-01 5.583614381203454435e-01 9.138878935180908547e-01 -5.639487935603089419e-02 8.227765951434856673e-01 1.126680653872818016e-01 8.096161605678868778e-01 -1.184788936748077531e-01 4.815913134958439423e-01 7.744248040443771908e-01 6.064498347897872010e-01 4.511517431479113993e-01 9.667906395219294513e-02 4.669356193372131703e-01 -1.166536682788124196e-01
8.259285419082764701e-01 2.108806890107687293e-01 6.757874196895700125e-01 3.791381411347555797e-01 7.531660445386116898e-01 9.265189051912190443e-01 7.407774134529701571e-02 9.504567855344148164e-01 8.107859293120607269e-01 4.895163411391288411e-01 2.167462023456627751e-01 9.111286984267862321e-01 8.938195754569628892e-01 5.732580321367459764e-01 5.441560410653140112e-01 3.364781731270338194e-01 7.680945559360834451e-01 1.306500616026547434e-01
8.556632530734649134e-01
5.307961018686091492e-01
Linear
0.2

ct 2024-06-12 09:21:56.297712
