noname
4
4
4
18
2.314568655597933677e+00 -1.195539178819462894e-01 -2.976163753458149319e+00 -1.397865563868117833e-01
-4.794913068795432665e+00 -1.722251168900345908e+00 5.749526438024760155e-01 -1.084519401642057845e+00
-6.263205916786220406e+00 -1.552410377502798200e+00 -9.218860781637795654e+00 -1.422757336689118191e+00
-1.896103249608203534e+00 1.129390986095323512e+00 -7.063901402908406846e-01 4.422523693104401521e-01
-4.238379268385567555e-01 4.509645928300233919e+00 5.881435068999965488e+00 1.593784359298973552e+00
-8.006994991012245100e-02 9.494237360664271597e-01 4.358763457475310332e+01 3.440843845602109319e+00
-1.833164013858846753e-01 6.800162139975044484e-01 2.475073662919997086e-01 9.230998481541237421e-02
-4.092223779531422245e+00 1.642596792682429419e+00 5.119163572093400560e+00 1.277996750300387507e+00
6.257533367533377744e-01 4.151301749107224603e-01 -3.240175605230880551e-01 3.200800172080037198e-01
-4.456235316025983551e+00 1.919620031938692684e+00 -3.540888234879763008e+00 1.757046312174792291e-01
-9.485269016598361080e-01 9.984517820608691530e-01 -2.139896649730133049e+00 -1.200539385209071330e+00
-2.564066266291813168e-02 5.886894704619928254e-01 -2.088233511387792340e+00 7.993710196618495356e-01
-6.374583155083790587e-01 6.479830083185039724e-01 -2.551249199275124058e-01 7.102312025884257585e-01
-2.679100896958003908e+00 1.542155172297777099e+00 2.258080414619431320e+00 2.421049815997896801e-02
-4.867626217435263136e+00 1.130081802114629053e+00 3.105546163658048187e+01 8.199322534649396976e-01
-2.398135546134638751e+00 1.321787921606033978e+00 7.445409672686512659e-01 4.305435163984314140e-01
3.601478766336801751e+00 3.630162360808757427e+00 6.906888714252533923e+00 5.426508033733743019e+00
-3.015596108117253760e+00 2.329610705257672443e+00 8.625039673887975766e+00 9.549896391688148523e-01
-5.170750088334090222e+00
-8.590507375932464385e+00
-1.057943045125043824e+01
-1.324088547146947681e+00
-2.048661972108943630e+00
-8.129964137261117330e+00
-2.198237770590651063e+00
-2.665917121481488739e+00
-2.444134478582262737e+00
-4.001645748812614478e+00
-8.259155199122011126e+00
-1.076584356415878574e+00
-9.042415879025434977e-01
-1.516063493231044390e+01
-5.843044852241527920e+00
-1.719983112257231772e+00
3.819095457226028056e+00
-4.254122880957581287e+00
ReLU
0.2
18
18
-1.369008674028167283e+00 -1.120706732822217999e+00 -6.638782091797550133e-02 -3.283614286510006530e-01 -1.615899808580472108e-01 -4.085257676326029319e+00 5.831308802551291581e-01 -6.457161756093743321e-01 -8.913933507123263933e-01 -3.956242519995712414e-01 -7.252789469890662533e-01 -3.250230951232983556e-01 -1.401142265060135485e-02 -8.819233426251940067e-01 -1.285570877391690459e-01 -1.608053168417296619e-01 -7.535134348312001462e-01 -3.233775673535202344e+00
-5.577804238145515070e-01 -1.871705748412106463e+00 -1.543956995283920053e+00 -1.452918933537655999e+00 -4.551645546082834781e-01 -1.390062861974660890e+00 -5.078247077078498206e-01 -9.207909672341874074e-01 -1.290634120822504727e+00 -1.398410200231557043e+00 -4.123498754323894344e-01 -7.517746375725096186e-01 -8.083397707684691902e-01 -1.445933468376973785e+00 -9.230163789999598078e-01 -7.376318440520253095e-01 -1.361061465824498162e+00 -1.215371591881872826e+00
-1.689774277977111883e+00 -1.309962748147305511e+00 -1.519202552464353206e-01 2.805511136231872774e-02 -2.200049735860003797e-01 -1.624142844277840725e+00 1.373482014210447577e-01 -2.581558196304669650e-01 -1.511640628939438402e+00 -6.583078116172099703e-01 -4.585714526390075596e-01 -2.886080308385680637e-01 -1.790272985979976250e-01 -9.219474540075268676e-01 -7.048387528598365481e-01 -3.752586267749767335e-01 -1.581005635319865377e+00 -3.425198230628922591e+00
1.287927189845636589e+00 -2.211612163970041456e-01 -2.908200542462254234e-01 -5.922632738720816636e-01 -3.471563765609710472e+00 -6.440189026259464100e+00 4.041037413273702028e-01 1.269262360127982048e-01 -8.768998803747345416e-01 -2.971663031080607476e-01 -3.808261494881272635e-01 -9.171457968593970111e-01 -5.758206142732134047e-01 -1.193227346677541850e-01 -1.651393427102891387e+00 5.914089986991050152e-01 -4.275648354691877095e+00 -5.097285578645566417e+00
-5.409518708557474742e-01 -1.152082801758209207e+00 -6.906485175454722958e-01 -2.680413939768601650e-01 1.182937256427569160e-02 -2.250760349026850182e+00 -8.923851562979460972e-02 -5.304293829090996892e-01 -1.552071046491950046e+00 4.527680531725677276e-02 -2.713620476130940706e-01 -5.283836057417204968e-01 5.958616192005483647e-02 -8.515871246987676280e-01 -1.127925749103707853e-01 2.946246463631094770e-01 -9.853742543910152252e-01 -3.383311704788666496e+00
7.314465654105104520e-01 -3.885773719539677429e-01 7.250291277714094873e-01 3.471630444331436638e-01 -3.764767802831162635e-01 -8.702266037104196883e+00 -9.063429177954149263e-02 2.127987040921800188e-01 -3.700875952875138375e-01 2.315391944244778177e-01 -1.026175663286028744e-01 -5.539268024443271266e-01 -2.465535120146608930e-02 -8.598190895727783056e-01 -1.481131793123561469e+00 6.907757105671006315e-01 -2.109032528235992021e-01 -2.813943552587625963e+00
-8.245904619197519381e-01 -7.157320061679016021e+00 -4.427486275806936655e-01 -1.067116567272232697e-01 -3.292906196265589003e+00 5.613575702026633252e+00 -9.540941116182631854e-01 -4.304711772454122287e-01 -1.890095385945704587e+00 -5.983312265139412167e-01 9.601625024471244885e+00 -1.888564286151103999e-01 -4.945062129656299654e-01 -1.996926370171188569e+00 -5.377275405146526133e+00 2.605937275289083727e-02 -6.907500387219776883e+00 -8.519119487037684069e-01
3.987630414237266496e-01 1.009196812026779355e+00 -1.505374422175634219e+00 -5.899629218905940720e-01 -8.252601261857784865e-01 -3.061809914114212994e+00 5.501984591996175178e-01 -2.232046537279022969e-01 -8.398564732952645828e-01 2.437861401497208591e-01 3.370645672954907468e+00 -3.648980754080971556e-02 5.631672138030667796e-01 6.414974213633719557e-01 1.945163497341860115e+00 4.521564556416493019e-01 5.499182677820023679e-01 -3.621973508161825617e+00
-1.455321242611962163e+00 -8.960892128094470888e-01 6.225318867510560433e-02 4.730645199098517106e-01 -3.798419502800832320e-02 -8.452795519115341438e-02 5.303218771867865833e-01 -9.265443661904970707e-01 -5.709384850313244941e-01 -3.952146774531230533e-01 -1.458866378232225314e-01 1.115576944036976298e-01 -9.281471608829435782e-01 -1.032323061810919818e+00 1.454645154686915777e-02 -1.146736208715770124e-02 -3.590942091576956319e-01 1.569935291905173891e+00
1.109339872968967411e+00 -4.629680049791771723e-01 -8.936978508682248412e-01 1.512860087178474755e-01 -2.023879215875413681e-02 -4.276826674478706458e+00 7.951372708381965193e-01 -7.216649049303609509e-01 -2.509009920186079656e-02 -3.050805528878733908e-01 -2.888349284519446947e-01 -4.471273031243441221e-01 -1.332556012292042680e-01 -5.007035354506036429e-01 -2.868461677258652975e-01 6.999297913297359841e-01 -4.027054127223543833e-01 -3.037651727760887432e+00
-8.576419657484227743e-01 -7.635085630860305450e-01 5.564219300411520075e-02 1.869222031916827897e-01 -4.954420373715630599e-01 -9.384416303304216056e-02 -7.534842538994301897e-02 -5.689142102724669137e-01 -2.602101413394697915e-01 -4.145575892152774111e-01 -2.301455267761806922e-01 -1.972346804249131003e-01 -6.602858591608272709e-01 -8.258098553521797669e-01 -3.946927230859498259e-01 -1.301073527550898057e-01 -4.028291216351319037e-01 -6.021408327127223403e-01
-2.313912326905178951e-01 -1.277363179447447150e+00 1.696800319874662219e-02 -5.670194674528977047e-02 -6.534865867236095971e-01 -4.473270281088234768e+00 4.735547007664162034e-01 -2.621898080017890931e-01 -7.862987697576081514e-01 -3.139352215748580366e-01 -7.085325407566227529e-01 -5.926699982250287491e-01 -8.212159220742702992e-01 -1.707252720331410067e+00 -4.213161377352970249e-01 -3.274616818117641603e-01 -2.340386873173593840e-01 -3.100044436158278849e+00
3.980463920223848429e-01 2.661976792061169661e+00 2.421276014994098169e+00 7.363438719187784774e-03 5.248648412502565641e-01 -5.864723300020610708e+00 7.310188967978317187e-01 1.935481869113920839e-01 -3.589790150313537098e-01 -7.292682312878350226e-01 -3.097735721130972109e-03 -9.706623012298555286e-01 -7.849649858170005823e-01 3.523777024543216729e+00 -2.203709904120223939e+00 9.249176457895960657e-02 2.638678401227588566e+00 -3.364568966536787276e+00
1.930472546636823605e-01 -9.647559802856909839e-01 1.082119262677743610e+00 -4.809403177009724528e-01 3.522913893564063592e-01 -1.855468794761652995e-01 -7.675538201011540551e-02 -9.809668289132084107e-01 -8.526355814737277550e-01 -3.723775095594946904e+00 6.214774711259040352e+00 -6.160969611318189987e-01 3.227381285106751263e-01 -6.998521808578375136e-01 -9.445942842679098117e-01 5.742645454622445911e-01 -1.045427242523486733e+01 -2.725536469320815502e+00
1.484169386628652054e-01 -3.006887345034041648e-01 -1.034731836360194057e+00 -1.111808131562078472e+00 -2.854544125538001520e+00 -1.240871001777033555e+01 2.297777302968879443e-01 -4.041329435186364338e-01 -3.455585318789350935e-01 -1.936793374056296368e+00 3.313479314608794635e+00 -2.501160051534876971e-01 -8.612380880952923423e-01 6.870016915463925677e+00 -6.053887624407405355e+00 8.970145484537180025e-02 -3.054769235034548558e+00 -4.001939941131125167e+00
1.856674257845744302e-01 -1.434828649690719438e+00 -5.928322027707952024e+00 8.691722049023715979e-02 -1.633540049248994919e+01 -2.704622843695242640e+00 -2.354894023508486089e+00 1.536646873726141171e+00 -1.389644995799992344e+00 -4.048932804678181618e+00 -7.103855150300909527e-01 -4.568596337901499882e-01 2.017611731144611231e-01 7.486929844529236711e+00 -4.758285361383810752e+00 -5.173100796570037074e-01 -2.191129435372925727e+01 -1.192103175409229054e+00
-2.235332222337117480e-01 -7.694885786583437470e-01 -2.930781337022196897e-01 3.772520317688670688e-01 -1.334378267221258518e+00 -1.491356567887061058e+00 3.165154058067992104e-01 -3.473032063952527504e-01 -1.180072331855434919e+00 -5.164106081258096337e-01 -2.296712529462334729e+00 -6.369810682309157146e-01 -6.113081670857709593e-01 -1.010254237839333102e+00 -3.176311826163234486e-01 -4.632025530407757330e-01 -4.431983825273476008e+00 -3.083168107726741880e+00
-7.759039278271786522e-01 -8.841433701927036148e-01 -8.253926172310993570e-01 -8.147441740297585167e-01 -1.428291933658398571e+00 -1.006599770897284918e+00 -1.144138895715555160e+00 -7.878903788474274084e-01 -1.135884668112393969e+00 -1.680305605145600234e+00 -1.930916945733581747e-01 -7.085867322139777214e-01 -1.511589696915014436e+00 -1.170930766147022295e+00 -2.195235526451445873e-01 -9.270115258334220565e-01 -8.839590469487139668e-01 -1.055886324267759413e+00
-2.034253294911490123e-02
-1.231814204248344868e+00
-6.994172652680095137e-01
-2.742290509729669701e+00
-2.976723870263484062e-01
-1.175753112534595468e-01
-4.544281909190067914e+00
-8.209874126439935083e+00
-4.589744750226382730e-01
-4.151735016419921820e-01
-3.103281721698513684e-01
-4.979424905549941771e-01
3.928612377287548973e+00
-5.372638837147251101e-01
-2.403172741537063839e+00
2.131689401864238942e+00
-4.961310203853945278e-01
-1.346882217818199834e+00
ReLU
0.2
18
2
4.546410901687936712e-01 -5.877445573457765748e-01 3.182641762937107877e-01 -2.605592708420856773e+00 1.934245625738315044e-01 4.863215180791489733e-01 -3.214389670314027558e+00 -1.634983458885285248e-02 -2.296063308162408223e-01 1.123591365867030456e-01 -3.077414947980021132e-01 5.270106323458501052e-01 3.357763127141423443e+00 -3.436315515303624002e-01 -1.841190624384622554e+00 -2.190841771605744004e+00 -7.082723170545418556e-01 -5.814923100968955039e-01
-2.126974645179703638e-01 1.626235988316724057e-01 1.123895145431678566e+00 1.477936714981677335e+00 -1.724499792252953412e-01 -2.694427629140053737e-01 -2.301729859220470686e+00 1.479309946196991077e-01 2.684527736836096468e-01 -3.307057037219954254e-02 2.237974949807735037e-01 -1.774170928893567534e-01 3.217312189973369208e+00 7.609009175920319334e-01 -1.402622627639853015e+00 -2.803882342765214197e+00 3.044041997655573262e-01 4.033888830289495374e-03
9.139598891545782422e+00
8.245611240154829602e+00
Linear
0.2

ct 2024-06-12 09:26:43.942227
