noname
4
4
4
4
9.952441924403313545e-01 7.464612160558252718e-01 1.362516936745648277e-01 6.250807909174858068e-01
5.878367230321824843e-01 6.920722210814024278e-01 1.169860829308752681e+00 5.394022763792246655e-01
1.105699334052215876e+00 8.390219458915264550e-01 3.547109313033991462e-02 7.531057887276005891e-01
6.409942499547405248e-01 4.580766346323152938e-01 1.020400698862639066e+00 7.818760678851395252e-01
4.477094604787358323e-01
6.872031186898763799e-01
4.064659044837521384e-01
9.946832624196063621e-01
ReLU
0.1
4
4
-4.169543482728982342e-02 2.394282837340105941e-02 2.338413976087567459e-01 7.778680224536059784e-01
5.984298772720846316e-01 6.050592043173862455e-01 6.036089558797312904e-01 3.170750527253550222e-01
4.301261326037140731e-01 -6.575526285461659459e-02 -2.076140113825021005e-01 7.078935898855504005e-01
-1.840583497362300036e-01 5.264277603825682217e-01 3.729840688314176589e-01 1.694623068671583244e-01
9.160458157281173852e-01
1.210628347171075481e+00
1.151758481416575997e+00
7.391991431680163815e-01
ReLU
0.1
4
2
7.357148860098419174e-01 5.414405443218547331e-01 3.789150732519174225e-01 2.483160520802052129e-01
4.087649374537768998e-01 7.086180055161650504e-01 7.032270821439288166e-01 5.218287591568258055e-01
9.382004231820452178e-01
1.188654275408101313e+00
Linear
0.1

ct 2024-06-16 13:51:25.753744
