noname
4
4
4
14
-1.038522809489086596e+00 1.095337867221919392e+00 3.128604136864563046e+01 1.822121363562289931e+00
-5.838550915490812177e-01 1.502546943844725869e+00 6.798499744160715785e+00 1.260664672012612009e+00
1.721728143458648219e+00 6.759427319687535407e-01 -6.338490416795241611e-01 3.797215680422774686e-01
-5.476579597988056047e-01 9.550787263113408310e-01 3.820047676657205571e+00 3.389902622673888755e-01
-2.585630973869066929e-01 6.737991242984484042e-02 -1.489667638791820070e-01 2.669575118353670340e-01
-1.712738989419922753e+00 1.764812166148563399e+00 7.648369694332525448e+00 1.140953125195524498e+00
5.836706135825222574e-01 -1.136083915417704232e-01 1.183999248841009350e-01 5.150428579253544248e-01
1.196159921708397800e+00 3.238594514463321250e+00 1.397961858904000376e+00 1.894007767350771365e+00
-1.846516504531827474e+00 1.879760654848640300e+00 1.636460951965801325e-01 1.396866172557618579e+00
1.349088523469217371e+00 5.006383973888485217e-01 5.851537174759573467e-01 3.893084372556760986e-01
9.406971429968067344e-01 7.586675446666948375e-01 -4.700231995658533002e+00 2.274479035577322339e+00
3.453660170241322991e+00 3.662281914255076654e+00 7.517442269178989278e+00 3.295085756753062700e+00
9.400063944905183710e-01 5.691854234828405135e-01 4.023787135959553396e-01 6.550576802337617632e-01
-1.407289728968590170e+00 3.139612041114951957e-01 1.857755682943550868e+00 1.135936987250595109e+00
-6.139462862073654215e+00
-3.565648452416716907e+00
-2.173086022561563357e+00
-2.263206367520988138e+00
-2.170074554539163092e+00
-3.344952239211631984e+00
-1.908207415334413737e+00
-1.132759713351388697e+00
-1.368542422629951183e+00
-1.499654064383104890e+00
4.641822895431538809e-01
3.043863073071567005e+00
-2.376996396912612663e+00
-3.873204650002592064e+00
ReLU
0.2
14
14
-1.429086487059731958e+00 -1.718800024658614589e+00 1.302276796877468723e-01 -1.223399656183834505e+00 -4.599779167937760316e-01 -5.971311149448793598e-01 7.867123465060213983e-01 5.830410338881589771e-01 1.407790986894315310e-01 -1.141734791799842608e+00 3.029635753636803486e-01 2.316901704509315985e-01 3.379003763433722773e-01 -3.260536416433207352e-01
-1.505208554867721205e+00 -1.112062386153248372e+00 3.903116822642467287e-01 -7.287641392385126871e-01 6.833688475450645505e-01 -3.492751292791498319e+00 6.271874304280291579e-01 -3.848747592475160739e-01 -1.419367644667922368e-01 -8.734770364683523969e-01 -1.371215543395154945e+00 -2.250951227702956192e+00 9.761170159634769972e-01 -9.096223436312361743e-01
-2.278147312045783579e+00 -2.108007594728712686e+00 -1.628270997900101991e-01 -6.519829298433925668e-01 -1.171696992106666890e+00 -1.477669323332841955e+00 1.154246556896234288e-01 4.613949748476497276e-02 2.673344416967159409e-01 -1.294648693777964654e+00 6.113456283474679731e-01 1.018328455121189080e+00 4.453561188362673562e-01 -1.579067258534659068e-01
-6.641321127131236679e-01 -7.791051735106259146e-01 1.136308407581055446e+00 -5.988040967556698124e-01 -3.565519961045965358e-02 -2.932595498392274624e+00 8.202431933826563881e-01 -4.139587268682338728e-01 2.120175682376375659e-01 -1.094308450478097994e+00 -3.791674782407145061e-01 -3.822793236388241644e-02 2.769508208096999047e-01 -2.049524312560689066e-01
4.343064272113134972e-04 1.551895496268274333e-01 -1.534381351772477586e+00 -4.221449115329202750e-01 -1.523721762832464632e+00 -7.221221257802384885e-01 5.139236411796869186e-01 -4.062201168701018994e-01 -1.640935457880075277e-01 -6.682303231504532759e-01 -1.266648311643779889e+00 -3.236428586187793943e-01 3.023396256575632823e-01 -3.590105594248335641e-01
-2.320942183877705123e+00 -1.140839479015395286e+00 1.067102620349954067e+00 -4.448574418111174156e-01 -3.334176987637912370e-01 -2.030015334635466129e+00 6.540517481653641552e-01 -1.036049080704829706e+00 -3.342362776897201959e-01 -2.438202970632283861e-01 -7.251088255234024171e-02 -4.909343565922030250e-01 7.486941085948503050e-01 1.106435517415177844e-01
-9.161061170782297536e-01 -5.922891306489669327e-01 -8.819246692067963522e-01 -1.073245855841761465e+00 -1.325961864822766456e+00 -7.597568647672255926e-01 3.400045425562350787e-01 -9.784270919415551937e-01 -2.169591433907912537e-01 -5.153324877844107643e-01 -4.992350479382405282e-01 -6.109766807823225898e-01 -2.960629182205353205e-01 -3.647491938278021872e-01
-1.547041006672053909e+00 -1.263437653867722332e+00 -1.460681614022780961e+00 -6.096327960348899566e-01 -1.646026060424399251e+00 -6.053349214260247413e-01 -1.530932986664101048e+00 -1.854836249043808616e+00 -1.055424620527376289e+00 -9.943032673522301801e-01 -1.177890370006842824e+00 -1.086394412485059968e+00 -1.146221644082632496e+00 -1.016413420025292558e+00
-7.294871257086138705e+00 -2.313182874635156594e+00 1.953742359727721478e-01 -1.007695674499362593e+00 -1.578892601105057913e+00 -1.590633199958921828e+00 3.987363621394360291e-01 9.074350273322066007e-01 -1.154974421082077957e-01 -4.093367112910903938e-01 7.746077654537788515e-01 1.844394673752624447e+00 7.515136534585918904e-01 -4.528508959041002147e-01
-3.201472868872467181e+00 -1.466672938315013885e+00 2.718650989541602225e-01 -4.058024978875328093e-01 -1.806587999728358762e-01 -1.418814595033603965e+00 1.131946034723182670e+00 -5.156487894564859564e-01 9.215817006336445016e-02 -3.579303040913938139e-01 -4.589959957181165007e-01 1.814666906563126153e-02 1.620241748751611643e+00 -7.042554138771137673e-01
-8.735481463249359368e-01 -1.328109319869199334e+00 -3.180451687848038222e-01 -8.405015593758385917e-01 4.165134115530169656e-01 -1.683036071843861281e+00 8.768685604270077816e-01 -7.711122112306574294e-01 -5.207166346332177120e-01 -2.850615405511278677e-01 -2.522077369779721634e-01 -1.425317004009944988e+00 7.614384304382384450e-01 -1.877142550200414095e-02
-1.103805157023658223e+00 -1.151221442245589754e+00 7.630716751595214564e-01 -7.359362017127993871e-01 -2.999203095596161828e-01 -1.822361321273193280e+00 8.451295506081988318e-01 -1.019120850388725685e+00 -7.553981268013060246e-01 -9.483691073441965491e-01 -3.167955899458758245e-02 -1.209781936084350917e+00 7.067043354808860700e-01 -1.504168515574461629e-01
-3.242697067198144767e-01 -1.840138539111787486e-01 4.408823413444561967e-01 -1.266845868591149615e-01 -2.647039993177532358e-01 -1.197501358242932801e+00 8.177633595145934464e-01 3.770497840237777010e-02 -6.315835794180804097e-01 -1.062881029273817557e+00 -7.518202307974961585e-01 -1.465545620068953614e+00 3.878262578084646917e-01 7.792037526753406440e-02
-1.479290414538489085e+00 -7.522350082363475909e-01 -9.305935650209136434e-02 -4.697164793504756131e-01 -1.591923200351781642e-01 -1.573640948294398711e+00 2.688201933552042400e-01 8.714143295090276409e-01 4.734045443334812253e-01 -9.763075107781228335e-01 -4.032004564664035229e+00 -5.207992397365013737e+00 5.383113624320893242e-01 5.652840151813124520e-02
1.032004583047402058e+00
1.563932134042269606e+00
-1.065767783538668523e+00
-2.183251052129191877e-02
-2.552548059618330867e-01
-7.079238724793943116e-02
-2.909076772806746744e-02
-7.027668660676261725e-01
1.633344363189380255e+00
-1.472663459048176859e-01
8.181574242369300531e-01
-1.598002194081060146e-01
-4.018990309492952856e-02
8.067354296324010798e-01
ReLU
0.2
14
2
4.343363887335857654e-01 -1.195967876033471988e+00 2.070528762080469098e-01 -8.764669713805653406e-02 2.483956035108332572e-01 2.325845652407154962e-01 8.712760073210932266e-01 -4.557689198293429778e-01 2.342347612789341227e+00 1.775245907877449347e-01 -4.405675079262392768e-01 2.027846308160070887e-01 -5.062631263773624823e-01 -1.505284360364033125e+00
4.903375395568382866e-01 -1.115696793792283703e+00 5.892625284071887348e-01 5.444844148909986498e-02 4.991607914303468063e-01 -2.273806133435223586e-01 3.546381004477646148e-01 9.051254917693800639e-01 1.997906707328002796e+00 2.075293245594858615e-02 -7.516698991361360216e-01 -1.517981461893590511e-01 -4.775360684067233019e-01 -1.211475094095236127e+00
1.190494285069464020e+01
1.079841584282187839e+01
Linear
0.2

ct 2024-06-12 11:06:19.020659
