noname
4
4
4
12
-1.108681858977306200e+00 8.989337960604111277e-01 6.123710079733488687e-01 3.583873407541704470e-01
1.367925998332786053e+00 9.299716332444869504e-01 7.543620786595793826e-01 2.296450302699136969e+00
-1.677910984363956581e+00 1.039096363482501090e-01 -2.501176966648630096e+00 -8.388629587432324675e-01
2.055035389772106313e+00 2.374148258768721043e+00 2.906886145960025480e+00 1.790899884719122870e+00
1.104410159607216002e+00 2.107649272593664858e+00 2.264234785035081909e+00 5.283532547519264044e-01
-7.792973217346226278e-01 5.380073800304783216e-01 -1.472749854377308543e+00 3.526252844678028353e-01
-3.382831443837815422e-01 2.840780181318259823e-01 -3.174647771814112507e-02 1.530502224070302009e-01
-3.613703652351812345e-01 5.953552558671100503e-02 -3.364993079855234104e-01 -3.772302166092222908e-02
-6.443458971813001979e-01 5.343025297363546144e-01 1.502516380924129180e+01 7.133520985931876002e-01
-4.214084640555672001e-01 5.159187798341519082e-01 -1.268706210416087110e+00 4.208933979997576125e-01
-2.167122069971817167e-01 7.764429155234808810e-01 -1.600312135006052738e+00 5.453122169897683946e-01
-1.437907707944081626e-01 1.087622932683399934e+00 -1.951490772854408196e+00 9.977141314130826277e-01
-6.112760109452468615e-01
1.102469155593914785e+00
-5.230673214825171113e-01
1.497957831030928944e+00
5.269943779556849478e-02
-5.996104891884236343e-01
-3.273584716661510630e-01
-8.919392593583022055e-01
-3.271352732416332731e+00
-4.348530347457918444e-01
-4.031256987609132536e-01
-5.466750954814442176e-01
ReLU
0.1
12
12
6.072729421862795712e-02 5.550771942392304092e-01 -1.709559415864940535e+00 4.435820499274665818e-01 2.827083254191168349e-01 -3.038016635600158111e-01 -1.874777433520602998e-01 1.721438815106008657e-01 -8.531651140451534943e+00 -3.901051483817745136e-01 -6.799555586558208020e-01 -5.379561240569815661e-01
1.291725040596540253e-01 1.186554263276554888e+00 1.225130787969270330e+00 4.655058851154396660e-01 8.632554706991539817e-01 7.519007183482292467e-01 1.886754312684393864e-01 5.552340285228970496e-01 -5.189685504510411107e+00 2.934434686388202596e-01 -1.235695104161862734e-01 8.817677423928512725e-01
-1.115840245191321856e-01 3.688098819728528044e-01 -2.649230640612034726e-01 1.042740048293781197e+00 2.403184873088492768e-01 -2.363405239319825990e-01 2.238818630686033317e-01 -9.580087777550923278e-02 -9.976646155535288329e+00 -1.378263624164396128e-01 -2.556780552013213081e-01 1.856965054513818811e-02
-8.989804607952734949e-01 2.431944013144280436e-01 -4.464564002491365202e-01 -5.358771905879210484e-01 1.829291017950177289e-01 2.018078768951577506e-01 -3.077122825824825658e-01 -1.250940797505365465e-01 -4.045109736763206065e+00 2.314732098683028594e-01 -1.393528203694420209e-01 -4.086279023651679387e-01
-2.860887637559083041e-01 -3.752026464784645465e-02 -4.378601377487069679e-01 3.784600315383864627e-02 1.308924658226271187e-01 -2.993978802221544111e-01 -1.426574386142437922e-01 2.155296900714059050e-01 -4.250657369459131196e+00 4.015897181030717022e-02 1.152870397223221544e-01 -4.620774587839032721e-01
-6.747318519065984566e-01 -7.968288243228119350e-02 -1.168077443949835592e+00 -6.539236125340103234e-01 -9.590185159000610970e-02 -5.377686275318318554e-01 -5.805233761444670293e-01 -4.240087818539263753e-01 -2.900039738193840311e+00 7.964282174054219954e-02 -1.409317874403438232e-02 7.286395899200531767e-02
-9.155346367926635587e-01 5.250837661185678851e-01 -7.689174153213839125e-01 -1.673020491104202812e+00 -3.029436354234544271e-01 -2.520756116862507001e-01 -5.644569359566111721e-01 -1.154536289474471733e+00 -4.208733141026939073e+00 1.108911462224715788e-01 -5.559184854166391299e-01 -6.693833456939161097e-01
-4.655863188251909701e-01 1.911091892491677546e-01 -3.967121375822851292e-01 -3.206035714164171546e-01 -3.832452106222385968e-01 1.596993810440003603e-01 -3.440846553963396864e-02 1.606267276722086745e-01 -4.863439182501680058e+00 -5.278383544394821270e-01 -7.329868928477834000e-01 -7.159814879959863765e-02
2.352256357435513756e-01 1.826638572935686877e+00 -8.955097125873284769e-01 1.491392949503709042e+00 3.034556374594071237e-01 2.075330119555628128e-01 -5.707791390559755623e-02 9.556190559875475665e-02 -6.724501834568282987e+00 5.967624477968436029e-03 1.944984599487741550e-01 1.508146299599712192e-01
3.144983134841067840e-01 1.839675852602629114e-02 -2.966681424703452863e-01 2.652373558822485738e-02 -1.753837068144744049e-01 2.305347307618562380e-01 -5.251860195426337752e-01 -3.632041442920255075e-02 -4.090604464949014307e+00 -3.425260395913673483e-01 8.119547419388754850e-02 1.477667343934878919e-01
2.591947981948062307e-01 -2.939545774276567172e-02 -4.926733786866995257e-01 1.090443131411134026e-01 -3.048675347176453831e-01 -4.191497008189911111e-01 1.192208051208391330e-02 -1.290820838127315628e-01 -4.485427649800424632e+00 1.203399887570633792e-01 -3.567326188620708605e-01 -3.822369366027814075e-01
-1.645955785576781460e-01 3.905820563291573233e-01 -5.618352838408582350e-01 6.761766408873650658e-01 2.403680142232439698e-01 -3.120239937454914458e-01 1.879210190248706558e-01 -2.334069061619452046e-01 -8.774805443692887508e+00 -1.021984466553580301e-01 -1.684042378660735931e-02 -4.746672170926422019e-01
2.752582031928521578e-01
2.239181710733957609e-01
2.288904550332266086e-01
-7.110500354699218761e-02
-1.870728172873890038e-01
-1.158917040060451417e-02
-4.264454934517488555e-02
-8.084805037259666649e-02
9.632871345156878151e-01
1.961560745901667624e-01
-1.857434836085759544e-01
3.661198748629648780e-01
ReLU
0.1
12
2
9.784377609638853501e-01 5.999243499417898917e-01 1.089778272329976039e+00 2.614787204170915258e-01 4.775211561845626312e-02 2.786363392836841979e-01 4.820145595094997848e-01 2.862809730387805285e-01 1.571086754432180266e+00 8.641630010958713248e-02 7.950187706715962366e-02 9.907175945288274610e-01
3.427129251644872032e-01 1.090725670964575178e+00 6.121400194883259704e-01 5.791350365746916057e-02 -2.076076212205290455e-02 -2.311428700662400970e-01 2.631335479990964399e-01 6.560542519691555351e-03 1.619451303835442335e+00 -7.115519116229158947e-02 7.852122132481445527e-02 5.350348108490525778e-01
4.513345729224587544e+00
2.879441824738333544e+00
Linear
0.1

ct 2024-06-15 12:23:08.628710
