noname
4
4
4
5
5.020077038042041195e-01 4.571016125004758734e-01 3.674264589826255478e-01 4.507245264882553948e-01
8.249097427499374469e-01 4.556932437633638422e-01 2.482746787377528713e-02 3.205660100126035417e-01
4.647905459979206344e-01 3.479385764294969374e-01 4.986209638187759641e-01 1.702317647061059036e-01
8.758582954556860421e-04 7.061937669809851582e-04 9.553842474259948260e-04 8.141992864161738067e-04
1.040939403033874777e-03 9.232509815098758959e-04 8.603347012636651178e-04 7.749017027682889155e-04
6.972871712390709131e-01
2.942786259191826348e-01
2.305460990882255146e-01
1.513721344262570047e-03
1.263377870906117178e-03
ReLU
0.1
5
5
6.001624638597764516e-01 2.676614408777744925e-01 5.894639331609206195e-02 7.549112458032988674e-04 7.034573349454611210e-04
4.729731459362066515e-01 3.601517137908431532e-01 4.388695646723964616e-01 7.752174671674503690e-04 8.416387640854357862e-04
-1.110072702946609396e-01 8.505510782400305114e-01 3.274761288342497439e-02 8.818473757805728392e-04 9.388993172633119597e-04
6.738761683015760283e-04 7.168617003265047478e-04 8.741429949061655432e-04 9.996489851543802815e-04 9.996254708580778678e-04
9.262524968087853215e-04 9.314001749068954788e-04 9.554583675682065159e-04 9.999087530899891142e-04 9.998742480719258370e-04
1.182107877697587517e+00
3.941243922744098183e-01
2.475743065804412169e-01
1.298465857726735073e-03
1.077349398422660547e-03
ReLU
0.1
5
2
1.151311214816200801e+00 4.060992680976675540e-01 8.825295229118482188e-02 1.201893714561478449e-03 1.031564422043620760e-03
1.001064528864573200e+00 4.431203997026263441e-01 2.573766060987598414e-01 1.043233694473254041e-03 1.003969821251916904e-03
8.945610210912372517e-01
9.638182806617991982e-01
Linear
0.1

ct 2024-06-15 21:22:30.286306
