noname
4
4
4
8
6.718673981922704819e-01 7.437195738419057900e-01 4.822853247330761706e-01 5.151046374919469040e-01
3.645645881654707154e-01 9.103973435824747051e-01 -3.013112045229210390e-01 6.868593063320890257e-01
7.924479366925535340e-01 5.775663504679451332e-01 -7.182334141081720968e-01 7.783549936555040905e-01
6.693474921788091780e-01 7.274502996629964580e-01 2.241232915799487857e-01 3.225952497123125706e-01
1.643154977762893154e-01 3.237207235680031880e-01 8.779710230737348686e-01 2.398501819571285665e-01
8.793563953327695470e-01 6.132982573667292714e-01 -1.203942652062965218e-01 9.441186603050865100e-01
7.991708375899843064e-01 1.792928061793331862e-01 5.437737728945329918e-01 2.354912436605967885e-01
-5.764292421062825467e-01 1.101363558727930014e+00 9.318019649920943337e-01 1.637010191592731811e-01
4.877485407212200919e-01
2.961949586231747422e-01
1.890537087721192722e-01
7.769315811084702705e-01
3.518436659095408592e-01
3.023138918264803854e-01
6.085054402021328190e-01
-8.003198408538890474e-02
ReLU
0.01
8
8
7.534821329749972207e-01 1.220995271134376475e-01 7.837479545964614047e-01 3.368027156704403446e-01 5.223560445607147162e-01 6.708336060787770672e-01 2.120073927866722163e-01 7.634804183521733956e-01
-8.295594759686428232e-02 4.330493174166420989e-01 5.089653404394155478e-01 5.757722739654106414e-01 4.203340775737061108e-01 7.908780580167783514e-01 6.548512417101995386e-02 7.294482151736431108e-01
8.025628725021030987e-03 -1.985286833205835433e-01 -9.859653970439965706e-03 2.014028692658843267e-01 8.975836227922777411e-02 5.317868729723829180e-01 1.366375745269822750e-01 5.672808126063647594e-01
6.827188648052876507e-01 9.269233929675016470e-02 3.025814193386796025e-01 7.314613782294654420e-01 4.935410848345536672e-01 -1.597484295632659729e-02 9.106561906458279232e-01 3.806303253711808554e-01
7.685355237888749080e-01 -2.023629968214902264e-01 8.136250967683538171e-01 4.427281842691471181e-01 6.731806860053919372e-01 4.218966692110885375e-01 2.527353870430966709e-01 5.039344072621432247e-01
5.552611332087094009e-01 4.052310377277313358e-01 -4.713813560149180543e-02 5.910903931532446309e-01 2.541062511512453548e-01 3.439759083569601250e-01 7.299422713740759683e-01 1.172253558029750370e-01
8.550411127429465852e-01 -3.422233784958424868e-02 5.088583515914910649e-01 3.657260552553862065e-01 7.239609666584855274e-01 5.465845805464987217e-01 7.324986910696524856e-01 1.574138401785354358e-01
4.218011056754895627e-01 4.553732996897601366e-03 -1.592836624052694494e-01 5.799836068961721214e-01 3.213244071810706926e-01 1.024221820888867873e-01 4.241495714504514014e-01 -3.433814930359218448e-02
1.162401729162532815e+00
2.402244691720972491e-01
3.293576510246626898e-01
9.360359741744433970e-01
5.382442120099282246e-01
7.306752197136772153e-01
1.020552686995912284e+00
3.698457354816878095e-01
ReLU
0.01
8
2
8.257488582813583555e-01 1.196716774454986421e-01 1.897183931456199735e-01 7.709036599737494333e-01 2.332411435199836791e-01 6.589708306524213466e-01 4.681745976974315826e-01 7.191275127325373884e-01
1.884358102219720610e-01 6.831128563890394023e-01 2.605336146380854423e-01 7.742292322498680601e-01 7.940250803006748681e-01 3.867368352069698312e-01 7.180580989157856475e-01 2.173609207936857690e-01
4.617331079985145248e-01
5.034027948153003695e-01
Linear
0.01

ct 2024-06-03 10:49:01.981936
