noname
4
4
4
3
-2.825616305428776620e+00 1.644675110143856589e+00 1.635756090775188909e+01 1.643288759900649598e+00
9.177179957805099431e-01 5.233135451049774067e-01 1.076192983759482358e+00 1.446595810620272982e+00
-1.165774332374528433e+00 9.360630936341075570e-01 2.732584324374324414e+00 3.466811416902970122e-01
-3.853773537290981377e+00
1.317778928054745391e+00
-1.567015554265165589e+00
ReLU
0.1
3
3
-1.256069630987224905e-01 4.250280326848459699e-04 -7.418719626353308394e-01
-9.519763380192339808e-01 -1.408056070595693265e+00 -2.436588616250622008e-01
-2.799731832222981165e+00 7.428380489798923625e-01 -4.811030187005522207e-01
-2.419995845950826188e-02
5.187700812491929936e-01
-3.722319163078521287e-01
ReLU
0.1
3
2
2.801585382889206985e-02 -9.403580965152188442e-01 1.296196950406967030e+00
1.362085681046830248e-02 -4.146511142214472923e-01 5.911622213511109614e-01
3.050901900763148600e+00
1.711343149172764866e+00
Linear
0.1

ct 2024-06-16 23:33:14.077966
