noname
4
4
4
16
4.949850457682787863e-01 -3.625014622679456622e-01 1.097272835959130832e+00 9.235778282723317023e-01
1.519634408346890231e+00 2.460441595563582218e-01 8.006840809734575570e-01 9.234966692468937755e-02
1.782159847189807245e+00 4.621839796369837106e-01 9.987141674808527325e-01 8.561893257186962147e-01
1.971059116294947566e+00 1.526012970861200468e+00 1.159058736583438831e+00 7.204614873328488156e-02
1.659940641341027812e+00 1.928893532465080662e+00 8.290360247182375630e-01 -9.174253871122718396e-01
4.081703727968521989e-01 1.760080447452584684e-01 1.244861956578982243e+00 7.899056805435618056e-01
6.754832646262579621e-01 2.356959950929639336e-01 1.210491087587204806e+00 1.039735851052237647e+00
1.648594123502550968e+00 8.480689637379610346e-01 1.409817831057259774e+00 3.545738320575687608e-01
7.236849573569429372e-01 3.458541400168637647e-01 6.276667078572283343e-01 5.982695491393759113e-01
1.376953969426291779e+00 8.907209382741527737e-01 6.409625212347550560e-01 8.319171667806772863e-01
1.591649915226913903e+00 4.125302335230173201e-01 1.378395402820713211e-01 8.002779725010409351e-01
1.535910717506533629e+00 1.037323591031731884e-01 1.218803976582847115e+00 3.313796412854777551e-01
1.406594061693904330e+00 1.360852253146471735e-01 -8.501425599812965916e-02 7.120609304725202815e-01
-2.907212772002180645e-01 -6.090561481051279813e-01 8.557235129043707644e-01 9.298493962624876374e-01
1.144153449335130635e+00 -6.980567975964716010e-02 1.014763949169099844e+00 8.670327057678658411e-01
1.298083715324956477e+00 1.109613515871514355e+00 9.956408127569388311e-01 6.208086577537652584e-01
-1.050669258117077787e+00
3.498528822517633086e-01
5.722069905845785787e-01
7.280578068465165531e-01
1.944057128113823030e-01
3.459940143870504081e-01
7.916143398617653260e-01
1.215721414326103256e+00
8.268297283557212163e-01
7.498291047873820725e-01
-2.922620219991045598e-01
7.393244836025810729e-01
1.384131525023137854e-01
-4.994115461395791655e-01
6.869454595672844777e-01
1.491963533123230601e-01
ReLU
0.2
16
16
2.380309628951000345e-01 1.174930898254341882e-01 1.104925075973866466e+00 1.335790388653861127e+00 3.169203673344692107e-01 3.042973801006372270e-01 5.580200835732692655e-01 8.404908248728365505e-01 9.518735950111782973e-01 4.577363105662984877e-01 1.644630972151316928e-01 5.300617857316982651e-01 2.245471692842524181e-01 -3.916230918448415643e-02 1.059571650482693528e+00 2.161804933584203781e-01
2.641475225522330050e-01 -4.732127413966684681e-01 2.947791978637276933e-01 1.103408608782039391e-01 -2.233779396256285188e-01 -2.867097659473804017e-01 3.279295885581793857e-01 9.524930935420168332e-01 2.053691718828622725e-01 -5.388562542839678976e-02 -2.696427422161090104e-01 -3.488273179476458763e-01 -2.261978460733239660e-01 -1.179264970636368925e+00 3.647628637932394113e-01 -2.892930633976615318e-01
6.075074494841998796e-01 3.046020057390854685e-01 5.540529839664138922e-01 -2.072032869021590007e-01 3.438574385074822382e-01 3.131655867791395265e-01 2.531644164473463299e-01 1.215891711586328389e-01 1.791455792278596748e-01 -2.061641549453986089e-01 -5.200643716422957974e-01 6.002781495171252146e-01 -3.615503995868428744e-01 -6.770496486940376091e-01 2.605443551544073255e-01 -4.674885694340085718e-01
1.953343833828884712e-01 1.640344759482944004e-01 3.616270266637146569e-01 1.753103169215357027e-01 5.256131290571975923e-01 -1.484448120293650752e-01 3.144154791905803825e-02 6.703134331697889747e-01 2.788399618539116331e-01 6.767721616597833778e-01 -2.505000060282380411e-02 5.417012721638154726e-01 1.921694190303994132e-01 -6.158113906931612647e-01 5.430873899411468031e-01 -2.556453667713384226e-01
5.526447967565049080e-01 8.693967926072114494e-02 2.470521037579771484e-01 4.209672467501051618e-01 2.557183973420845136e-01 -8.836263186310337400e-03 8.415179026725349010e-01 1.013371444413281086e+00 4.315889175267120237e-01 7.961776456474147778e-01 -4.510568868107580065e-01 8.398576961382422379e-01 6.387277696133388805e-01 -8.680961312215038639e-01 1.393688864967844721e-01 5.079712786305257133e-01
2.588074498078509200e-01 -1.130780547503308225e-01 4.828914092265134683e-01 4.912490242291857045e-01 4.695241360615449722e-01 2.202808881012274511e-01 9.799091484537494345e-01 1.146725528423643281e+00 4.804252453901328157e-01 4.760265782682349123e-01 1.739783851776617873e-01 4.934739728509243695e-02 -2.591730371210759221e-01 -4.825152968416129839e-01 1.621313494586906212e-01 3.611483299258471114e-01
6.936410867463012053e-01 4.532442082532162630e-01 5.310527629001052796e-01 1.149345840015109754e+00 2.470143671427343923e-02 7.121755463496534100e-01 6.909828026696693826e-01 1.501379585002886152e+00 8.331640112453254643e-01 1.030712861053400431e+00 1.833596602671238029e-01 6.519570560963139361e-01 2.530298479384665566e-01 -8.324340114659579681e-01 9.152285742268027047e-01 -1.520821977560238014e-01
7.221358390768678470e-01 3.315551610188906539e-01 5.975127517330255378e-01 5.030959859365110587e-01 2.267691977383631818e-01 2.197858408937352070e-01 2.970599318174846348e-01 1.487428839884880949e+00 6.293704326823188477e-01 7.163718016417184309e-01 3.669574541553900782e-02 3.447812687343230209e-01 5.032776658685466087e-01 -6.634476464911737148e-01 3.459189251831633616e-01 3.918720120045696698e-01
2.678331083030615067e-01 6.138861367666644669e-02 1.397897783622935319e-01 -3.103998458697060370e-01 -3.627307151915489802e-01 6.929733429323160498e-01 1.385891741465958837e-01 -7.349188296063680070e-02 1.755526283111362162e-01 -5.503592607700505401e-02 4.324634799593609635e-01 -1.396287057184358027e-01 -1.265245392176668482e-01 -4.325254788377770332e-01 1.373190857525626862e-01 -2.086238921494807386e-01
5.127308499879104087e-01 5.466719604509315822e-01 9.411185801111816573e-01 7.006112052106800991e-01 6.593246695141087299e-01 8.889600705004269132e-01 5.834661092481592259e-01 2.857469158796243081e-01 1.810190961788998576e-01 7.736377418734017297e-01 2.922111176733312443e-01 3.664063110694272263e-01 8.146890242427038409e-01 -5.102899404805149031e-01 5.421823294129664017e-01 -1.594545548614299535e-01
9.465167917380021834e-01 2.034954077032520292e-01 1.895040068782238574e-01 9.822628412173350920e-01 9.417757304233296267e-01 -7.517030130889965078e-02 2.294011999633483456e-01 9.789027803622243340e-01 1.543901745967853345e-01 9.583931154322635759e-01 1.829661068943135294e-01 4.078471858761494873e-01 1.538113971965112958e-01 -6.924338690545869257e-01 7.650663932550447743e-01 6.742096311370977119e-03
6.875679178902736055e-01 5.162070009060840681e-01 2.132665219645206445e-01 9.306113058074715338e-01 2.159537804149984364e-02 1.144817301979775548e-01 -5.932358384437549925e-03 9.901984309916834759e-01 -5.652730566273672652e-02 2.138973350518049155e-01 2.447489009390169390e-01 2.435378324691376550e-01 3.850414711438502890e-01 -1.089571388597217361e+00 9.187921675389533194e-01 2.466482646909327892e-01
2.782319156349528089e-01 3.638019211397750530e-01 3.424560484776880687e-01 4.285337607729800546e-01 6.061194794403125252e-01 1.506366742302651662e-01 2.472228923100068254e-01 3.490995128418031834e-01 7.472633499250295186e-01 2.842405464443295005e-01 -3.682646724074005173e-01 7.546774676448760877e-01 7.150915712772923372e-02 -4.696587325643626354e-01 5.066235155037530913e-02 7.964400914900932049e-02
5.014002031116001623e-01 -1.055742530707277915e-01 2.253501013012538245e-01 7.764782831338016278e-01 6.958467745022223205e-01 2.901198337123316873e-01 1.057382478710049867e+00 4.681364822772948187e-01 3.283311402334229689e-01 -3.551441905712045960e-04 -1.552530622753303113e-01 8.862125540784538957e-01 4.516836695133251076e-03 -6.089687663294326425e-01 5.677343805908946495e-02 2.357157711213509754e-01
-6.693942760932979075e-02 -3.650347227949527484e-01 -2.058967134362628681e-01 7.708435223439367157e-01 -6.065088194457973758e-03 -5.610952056487137352e-01 -2.710050727722112390e-02 1.449997266270235396e-01 -1.693571493220480118e-01 -3.521640692272803297e-01 -2.522767783462412372e-01 -1.818327180478861993e-01 1.923672924125354455e-01 -1.177988109152209084e+00 -4.512421464272400873e-03 -6.480271006881594964e-01
8.219363434328584850e-01 -4.060599484599536346e-01 6.608465172190465253e-01 5.763823868507206294e-01 -3.228876917567048421e-01 -9.520413363335346324e-02 5.988399383740184573e-02 5.884249892580891705e-01 6.588742310636056532e-01 5.359184629962026464e-02 -2.788203093181779724e-01 -2.200496975234333408e-01 3.701861696312538919e-01 -9.989863945090348141e-01 5.646230845073515470e-01 -3.510981057359967572e-01
1.082905926520169926e+00
6.232485323728087501e-01
9.311064083078356424e-01
8.310227734825154089e-01
7.177555576206336996e-01
6.477948692071560099e-01
1.032608421979343216e+00
7.041440015796767149e-01
3.914488299247866898e-01
1.108774193862809065e+00
1.150266356414927804e+00
9.899542072710583174e-01
1.202695426476211082e+00
6.087250549032816593e-01
1.745368871289526003e-01
2.694949679364758155e-01
ReLU
0.2
16
2
8.132742949892850515e-01 3.094347983239018607e-01 5.257515357635419440e-01 7.283583772533834821e-01 7.345457386158639190e-01 3.163458424097215782e-01 7.363546427539882089e-01 6.990419659234624605e-01 1.711952520575462933e-01 8.336009961768563459e-01 2.867761777446788951e-01 4.000544177920684064e-01 7.765596673324892674e-01 2.562195184690295169e-01 1.462409517735490105e-01 5.108926211356897840e-01
7.537219060575746088e-01 2.293478909770620133e-01 -6.973441869957289208e-02 -1.369189624908998260e-01 2.977351140114599670e-01 6.547937283122904351e-01 9.560022906714172874e-01 5.425671271055169109e-01 -2.679762811529165512e-01 3.078095959519975278e-01 8.533104577736833063e-01 4.005009266100493792e-01 -5.724111936026726050e-02 7.032806629134352727e-01 1.591260143916179426e-01 -1.244487985747902287e-01
1.561330007614954551e+00
1.586866907357216805e+00
Linear
0.2

ct 2024-06-12 02:04:48.951215
