noname
4
4
4
12
8.901753700450638629e-01 2.916536166375836153e-02 -1.205515364483909502e-01 5.047572369077709675e-01
6.592726003046914807e-01 2.652374720519348195e-01 3.146611186383237446e-01 6.849893529206024789e-01
-7.119225544246404747e-01 1.171809576180836032e+00 9.141118827862342311e-01 3.709481870646667012e-01
6.238409590773503766e-01 3.784593435079548485e-01 9.742302065122190879e-02 6.024378217188833817e-01
5.716229078505743466e-01 6.356081713087192719e-01 6.113452750776343647e-01 5.584569973453457070e-01
8.230457372334727406e-01 5.479892721269514766e-01 1.009879468137664660e-01 3.403713849915755985e-01
8.216032143869826943e-01 4.864227505544863606e-01 4.443717400293374920e-01 3.048601797801145930e-01
3.473732227790450600e-02 1.384917982684910343e-01 6.632975555135232210e-03 6.049792040934766357e-02
-9.428724483460632078e-02 3.240723303031913249e-01 9.517297135430756727e-01 5.115079809075072648e-01
9.032942865449352654e-01 2.637217539693405000e-01 8.772581876999797634e-01 2.317145820416609547e-01
-9.449032249716250720e-02 7.818781018279564732e-01 5.591433006948577367e-01 7.237078585492038307e-01
6.098524913257322710e-01 1.778973130563566984e-01 2.052803354478530129e-01 5.117078597557503938e-01
3.910535407535136176e-01
4.618204582898290944e-01
-1.771875101741146874e-01
4.827841273868658800e-01
5.515950746972945185e-01
2.603885832934943467e-01
7.305862425250556624e-01
6.800844176447942702e-02
8.547266496183195672e-01
3.391811545000625316e-01
6.891579386002726348e-01
4.077942198617869884e-01
ReLU
0.005
12
12
4.798070134631088335e-01 2.897572332133479395e-02 -3.386823257963832989e-01 3.532720309700909667e-01 3.547354306898711229e-01 1.117441066167764174e-01 6.279091324868860680e-01 4.500547429039109676e-02 9.573597938070150803e-01 4.557148838838304683e-01 8.746390114793782811e-01 7.034588949628843846e-01
1.472321402200493234e-01 1.694525734920721005e-01 3.154856554449361195e-01 3.004158726775863486e-01 2.868040172785178976e-01 1.498298078246727005e-01 4.351661757663031205e-01 -1.345803696659332582e-01 2.685947881770474610e-01 1.816282973214439489e-01 7.591193179674387004e-01 1.422310571604835372e-01
4.284694629806077848e-01 2.059719801505940362e-01 4.839814762158043404e-01 -8.421564634664560622e-02 -5.855759823418855287e-02 5.389316526828124010e-01 1.109019748784481618e-01 1.530981094498727324e-01 5.507868218794851473e-02 5.150120535382513021e-01 4.055365286989803808e-02 7.989609935538412033e-01
3.338906533381963970e-01 6.161092708060011969e-02 3.661116459097024656e-01 -1.001981872035465071e-01 6.876801526342742055e-02 -5.501873610338809534e-02 -7.424201198915095223e-02 -1.347969608473478520e-01 3.095577064173957171e-01 6.029539062515399533e-02 8.521617195097672681e-01 5.109176789233016436e-01
6.559202570334032867e-01 8.634942831929156570e-01 1.091598167055350954e+00 1.891777697365142341e-01 2.565601373614569136e-02 -1.192891648246204028e-01 3.127437924894544974e-01 5.704744400837815504e-02 8.474870693758230350e-03 5.846098820828634496e-02 1.723816031500505219e-01 5.098358094220108994e-01
5.685966490955781660e-01 7.272198445593113236e-01 7.292138170276245557e-01 4.166300187756383222e-01 4.509382343679030902e-01 1.719341658839366668e-02 -7.383271978879144687e-03 -1.806923426892531881e-01 8.086731259438605379e-01 5.578395301905366699e-01 8.167734156793052813e-01 6.914518924057924121e-01
6.001158849656685890e-01 8.524702088637038377e-01 1.783045346422786406e-02 3.578482815879189816e-01 3.586492600246134477e-01 3.034051873738893845e-01 2.562084353810788022e-03 1.110067696273402404e-01 6.324967372428041967e-01 -1.953820141918573630e-02 8.225319211206767733e-02 5.046783360970239496e-01
7.300008721945179246e-01 8.090918741020487470e-01 2.602127366491725491e-01 2.386796699824008383e-01 2.250713441541070114e-01 3.312072020854477938e-01 -4.629887432736976526e-03 -3.145474664378728469e-01 -2.768983799244686093e-03 6.331441191964464199e-01 5.881207542950446232e-01 9.373811583661453839e-02
6.469817527344187136e-01 1.267363631291008874e-01 -5.095921807713625629e-02 3.114248002667504567e-01 3.709725544537167408e-01 -2.570712110196123334e-01 -9.806417374763534006e-03 7.067080361063018956e-02 8.140509346191721063e-01 7.591310403990624289e-01 5.107537679932464547e-01 1.396649657746648343e-01
6.482692255807451787e-01 5.737105744165602594e-01 -5.516167133068057282e-01 4.869814877692864030e-01 4.787682116502220420e-01 2.053435885086946633e-01 9.093564235297565412e-01 2.479993757366323048e-01 3.907405267829512363e-01 4.478095183306327748e-02 3.350347371757211867e-01 6.618319589842158734e-01
6.356839364460461494e-01 7.719419989885275557e-01 1.732842253309596903e-01 5.837358139778321409e-01 1.814947611391293236e-02 3.202458261478730028e-01 3.867937248642122072e-01 4.494195993227885211e-01 4.588531827832421639e-01 5.652210355812837816e-01 4.347376968387612339e-01 3.606612239035776879e-01
2.364396700203609814e-01 8.539957889388321011e-01 3.758459723832214827e-01 -1.719623069704937640e-02 3.755671650924948812e-01 4.762440056355558560e-01 1.452105997755984423e-01 -2.492324676499491909e-01 5.997074652162891484e-01 4.900762614648506155e-01 7.782627378161972587e-01 1.641208069655364921e-01
4.018310503047222149e-01
7.043060882193242778e-01
-2.864307586594118729e-02
5.976690024695878733e-01
1.550115785255114786e-01
8.160398537120437945e-01
5.677516873388750718e-02
6.041915981457228746e-01
5.051838428357942057e-01
1.273537582363851728e+00
9.511833772240251283e-01
4.996087462299502735e-01
ReLU
0.005
12
2
8.425191496928576829e-01 2.487306374496178196e-01 3.656133692154706072e-01 6.179125726432321830e-01 2.915407928985456754e-01 3.093906071074707942e-01 7.129662291617322456e-01 6.563766845627244662e-01 9.590345491119010024e-01 7.216120650084492105e-01 6.700248139519086044e-01 5.314951131862160061e-01
4.285357806907778566e-01 2.850362319976684211e-01 5.262811473389493733e-01 4.645512127865656371e-01 7.913075051269606863e-01 7.551187771180931652e-01 9.685488776557276136e-01 5.890134665128442526e-01 8.425912169443057209e-01 1.583562470557098312e-01 6.491052330247991664e-01 9.933617946295384415e-01
8.416805553994914924e-01
2.186143306849752665e-02
Linear
0.005

ct 2024-06-03 12:28:44.708647
