noname
4
4
4
5
-1.697946448858606683e+00 9.387165048677121870e-01 2.137366160969014572e+01 2.216003620894636761e+00
5.002282111042118118e-02 2.703942400759309916e-01 -6.789079031457199598e+00 7.898028803360749306e-01
-4.641432447290648744e-01 9.205402015823948014e-01 3.724815019893841672e+00 1.308961273797550895e+00
-2.102988648229924706e+00 -3.993856360904201042e-01 6.503949367787973390e-01 1.203675908683773527e-01
4.631547242513539553e-01 5.816051719085858773e-02 3.191660405434970094e-01 1.163822309878205646e-01
-3.199869343714861092e+00
-1.669926142204746000e+00
2.342509661234545071e+00
-5.890827483938604558e+00
-7.064977982563873660e-01
ReLU
0.1
5
4
-1.172187264917637251e+00 -3.108636289207767148e-02 7.681794602833831309e-01 7.805479660713783574e-02 -5.180314974593898114e-01
-2.922777184838857290e-01 -9.703942990942407976e-01 -3.605902618225062528e-01 1.000000000000000021e-03 1.000000000000000021e-03
1.022486175704607619e-01 -6.307005473960601849e-01 -3.232095219431613264e-01 1.000000000000000021e-03 1.000000000000000021e-03
-4.576214798979398868e-01 -4.478663686344267481e-01 -4.435096433728422660e-01 1.000000000000000021e-03 1.000000000000000021e-03
8.460206776787184690e-01
-9.261097151651628279e-01
-6.816224381685467293e-01
-4.372030968084143487e-01
ReLU
0.1
4
2
1.197896053014013029e+00 -4.270910545041287087e-01 -5.917678215743544801e-01 -4.420651138103989242e-01
1.043113146340617137e+00 -1.017713852426063714e-01 -1.641543218320667130e-01 -4.461540643655356742e-01
1.545345831678489157e+00
1.672172770349804161e+00
Linear
0.1

ct 2024-06-16 09:26:43.339169
