noname
4
4
4
16
5.547457154238686350e-01 1.594042469014813335e-01 1.091207856900428874e+00 9.962656691532389974e-01
3.472770526991495466e-01 4.219342910583302741e-02 3.203676190022305970e-01 9.519562071876104259e-01
8.520372514269001218e-01 8.911381722557378815e-01 2.033054141257909508e-01 2.756182798171493697e-01
5.454380273813537183e-01 9.397534564235074384e-03 6.504928998502599313e-01 5.215314503101337040e-01
8.144934527319198647e-01 -4.058757246921168571e-02 2.664946503922457355e-01 1.015188017859357084e+00
7.229443836239350940e-01 1.033014083709829084e-01 1.000511262699863568e+00 6.499319160977924392e-01
1.629919458465544091e-01 8.418937116841502810e-01 1.085455599005407112e+00 7.899935195893639239e-01
7.633829687323751001e-01 1.180157026035408979e-01 1.069423043108413962e+00 3.029602904574147937e-01
5.133949845524690692e-03 4.191533378447900304e-01 4.055898425193683599e-01 1.090845358369944007e+00
7.729342033110012666e-01 6.969043229366271852e-01 9.017228748658429049e-01 4.001965396841210554e-01
5.864591207674496598e-01 8.956146968304858069e-02 6.536066099405217766e-01 8.189774333721022703e-01
4.556744148344148981e-01 4.906766111114052031e-01 2.083241878681012516e-01 4.261140733579643625e-01
8.913723723109813202e-01 4.780571606343336777e-01 7.427686504365917930e-01 9.707267766854517088e-01
3.076125077610478709e-01 3.910798598776139001e-01 3.460663146082806896e-01 5.879001936950419838e-01
8.519137991752263606e-01 3.734573709138724329e-01 4.115023367463415127e-01 7.123496966542822717e-01
6.570773061054391295e-02 3.038703232348591299e-01 5.252944504266939818e-01 1.004421666493953147e+00
3.669194171929585635e-01
2.278581772082581558e-01
2.862806394739981775e-01
8.225918836266785661e-01
2.738316227422747939e-01
3.315902005594779656e-01
8.667006153155054626e-01
3.806082740940032183e-01
3.744849643055614408e-01
1.186728555038295552e-01
5.398182092048451342e-01
8.023762595081519455e-01
2.581949653499540087e-01
4.501717293762631522e-01
6.861168595556883520e-01
1.087678968104594190e+00
ReLU
0.1
16
16
4.313399213728745241e-01 3.723145015011021242e-01 1.234586531578178853e-01 2.135420125862400043e-01 6.911738444267259140e-01 4.186607332683389693e-01 1.041859042438524563e+00 7.782341442896105743e-01 1.092984316774953557e+00 1.632485978878728261e-01 5.643191649206742433e-01 2.933028617472802635e-01 7.833618805161409737e-01 1.382759463762773811e-01 2.879148998031426099e-01 1.093843751078072746e+00
7.318850223927759746e-01 8.403946938826885038e-01 3.735545319294096833e-01 2.130926484563619994e-01 3.806878668033084612e-01 1.211492466250413264e-01 2.409609343242761215e-01 8.246519920004360404e-01 4.381792787339207074e-01 4.520845672184335418e-01 6.190524266790206065e-01 6.231063064853776812e-01 2.542859003352303526e-01 8.410973243285019274e-01 6.864504433736542399e-01 9.208299913688278160e-01
1.025434133126417874e-01 4.205245103171174059e-01 3.684084153799523365e-01 5.634500713650525405e-01 3.021954206882200844e-01 3.398398281838268531e-01 1.026504157219864322e+00 2.090747963358895456e-01 5.797108669815329574e-01 5.577885526179969800e-01 6.001548686174307257e-01 2.704211415783630557e-01 5.824729627111315811e-01 5.140724621905177205e-01 3.259366422551116527e-01 1.059833082451782316e+00
4.241789311898940262e-01 9.967847843856898482e-01 4.101755675526149725e-01 4.855600262719013127e-01 1.692101205730804914e-01 1.082686800344658806e+00 -6.910116940179979184e-02 7.724746646976450304e-01 4.357447740377846657e-01 3.548645925126081568e-01 3.956469115913343049e-01 6.778857271997356104e-01 6.032946366989583309e-01 4.503925127734142997e-01 1.997680111394786184e-01 1.714226920461943415e-01
4.240489820386589281e-01 1.790862816615412245e-01 7.128723419584410692e-01 1.174228120905474876e-01 1.032663776816165280e+00 5.205093779190237413e-01 4.045600739464718654e-01 8.577502418324187694e-01 7.017478680299185090e-01 8.549633786634921462e-01 8.594767381977799214e-01 3.150276339898346045e-02 4.931865361453022789e-01 1.827449311742826432e-01 5.614304985535959469e-01 4.448668856030297269e-01
7.672966987087224133e-01 7.699820298602307878e-01 2.719697882169985759e-01 9.988733418382460538e-01 5.727886644080666390e-01 3.803305006996704485e-01 7.311979122638458950e-01 2.589928153723604631e-01 8.279897810446179562e-01 4.307978924909363072e-01 2.455759813068525976e-01 4.239099509447119551e-01 7.754324719571619173e-01 1.143670158526775560e-01 7.013334521010914369e-01 1.012717400185162209e+00
7.045768678465647028e-01 8.991489872360922675e-01 7.367249171821668163e-01 3.157434832189887075e-01 6.442637781753498549e-01 5.449180702194749149e-01 5.741773060510698690e-01 3.387981106623448868e-01 8.840615391954578239e-01 3.409435481118814892e-01 8.826266573086785083e-01 1.888430505724539576e-01 5.052727249358665018e-01 2.897977907593957680e-01 6.737267672736924062e-01 9.754034831162010644e-01
2.471357214192978491e-01 6.313572828699378636e-01 6.939460257472434002e-01 2.175366207506235217e-01 6.026564939584263536e-01 1.037465349597791464e+00 6.032590775005703954e-01 1.639334282716867208e-01 8.598732814099424582e-01 2.044784643085748588e-01 2.148479620320762340e-01 7.699964377227399570e-01 2.669913842895141887e-01 7.000768712528031568e-01 3.739775861718053207e-01 1.064906318172385236e+00
9.779903180050335543e-01 2.801790376522298454e-01 3.286368873381146916e-01 4.330941874835211869e-01 1.687492603428177862e-01 2.051012431902409783e-01 1.902853496865395400e-01 3.541261195258891270e-01 1.028340602902270806e+00 3.671152584765462468e-01 7.726025154170718112e-01 5.027699544014674338e-02 8.464713646664191460e-01 6.524126930747730091e-01 2.213078445752868495e-01 4.085904331386028820e-01
6.967464707609072327e-01 4.785142549261506284e-01 6.989273208044906038e-01 2.510012721748863251e-01 3.457372706897796633e-01 8.262734639898928757e-01 6.947413030076554641e-01 7.649541826938919264e-01 6.796191635700670197e-01 4.383603195456201584e-01 6.600423890513135161e-01 7.916164438779142998e-01 2.413629617171206831e-01 7.787135023644061738e-01 7.874594298850358109e-01 5.928585561140888860e-01
1.676891321779797606e-01 6.257159638259329748e-01 2.101229169172942890e-01 6.120119096062321962e-01 1.091948955290379830e+00 8.150488232291124291e-01 2.109061625663026796e-01 9.298098105352801124e-01 4.908320517289436746e-01 5.156547266306574784e-01 1.952329239226874846e-01 7.776384434544126867e-01 3.481732063315093884e-01 2.147353852027751864e-01 9.728794660318159648e-01 6.424437832290755823e-01
5.357508535300302688e-01 3.895287692705713400e-01 7.772032889402249456e-01 4.573529183563734835e-01 6.956474371298019266e-01 9.591869501777650076e-01 2.421169276926589120e-01 1.111323727450030246e-01 8.347223518103680240e-01 3.667082156982717223e-01 6.770559788963939063e-01 1.263720028076135704e-01 7.628299625504330050e-01 3.866387870446091890e-01 4.888431292724664812e-01 8.283015527752094487e-01
9.081850128466895100e-01 6.306207634160524433e-01 6.233554081070807884e-01 2.607839728922987099e-01 5.820764318298511375e-01 1.251271698783694986e-01 4.233010599208548164e-01 3.906687089100587817e-01 1.745623175578070729e-01 -6.190061995695930741e-02 3.496553135054196182e-01 8.644903082639825431e-01 1.070579768489118733e+00 4.582715795243758605e-01 4.890585095146930406e-01 4.045060828899929017e-01
2.421336389358078600e-01 9.838239313983957457e-01 1.125687964336725272e-01 7.986350115096443325e-01 5.353442463081773406e-01 9.876260617131544794e-01 5.275575009548677530e-01 4.000531373441457705e-01 7.803339301668636985e-01 2.606585888428704090e-01 4.962679628318742431e-01 8.498324315120688865e-01 1.029431437073305311e+00 3.488557405349098084e-01 4.236279187389505596e-01 7.345342657191963331e-01
1.609374019241368581e-01 9.953940594742285430e-01 5.390849989868895520e-02 4.153172404427065700e-01 9.569113386494679796e-01 7.054562864764988284e-01 2.361243853946068394e-01 1.614936549546366618e-01 2.264898954549862675e-01 5.260082795425637114e-02 9.031350635119664849e-01 2.641020809100245725e-01 2.653375246299028989e-01 3.872056755832289365e-01 4.655461538852321834e-01 6.643124918499686560e-01
1.055680925525523506e+00 1.070375905918193427e+00 1.587302879940585276e-01 9.076150929717120563e-01 5.002540030919697678e-01 1.511700233322107179e-01 8.994127318453520870e-01 9.510094972029188298e-01 4.908637923299168371e-01 5.603507235326128377e-01 4.533701101356948371e-01 3.971963862244756172e-01 2.577583753294813707e-01 3.635035801367964003e-01 2.739097016001896812e-01 9.943616156606343015e-01
5.653697730958383572e-01
2.891999388009786620e-01
1.705063473874912638e-01
8.260829170293286783e-01
9.884748579450139405e-03
6.782809570590597747e-01
4.585713603701880858e-01
9.619565385178892036e-01
2.935716892009282430e-01
2.364184154224875101e-01
7.998885120842218477e-01
1.128773400687878847e-01
4.076353776343244473e-01
2.522721125836490663e-01
4.774508757285053639e-01
5.314121915906856453e-01
ReLU
0.1
16
2
1.072725043287694247e+00 7.971700631954495853e-01 5.988868083365489481e-01 1.788609445286143407e-01 4.783857939036156859e-01 3.709191208849287325e-01 8.231236028946902206e-01 7.608375186735397699e-01 9.255403439115823527e-01 7.268681949345561222e-01 9.017059777010922872e-01 6.799919284541559028e-01 1.033159331897137712e+00 6.624063780373807830e-01 9.583339464931009966e-01 6.463463296376394940e-01
4.739076818489182386e-01 -7.113791502724134408e-03 6.619204487163985462e-01 1.714014677511496443e-01 6.579571290155086238e-01 -3.465474930309167534e-02 1.220264410383886389e-01 3.790627659720706699e-01 7.711671766116504623e-01 1.390846833055077170e-01 8.483927559410535668e-01 3.561946846852103166e-01 3.013662554284354811e-01 7.029942770693451415e-01 1.710848423404659202e-01 6.608247264565862977e-01
2.681661296751948753e-01
3.832205531015749900e-01
Linear
0.1

ct 2024-06-03 20:36:13.403926
