noname
4
2
2
32
6.766081977073240550e-01 -1.176637414967083572e-01
5.816208308649535308e-01 1.123454947874050203e-01
4.589022138811320595e-01 -2.882447081968327329e-01
9.602368301279907981e-02 4.519806160443209375e-01
1.119628432385236889e-03 -5.331783931239852253e-02
3.022655796291644562e-03 -2.157645180202863791e-02
3.213848762375968171e-01 2.848339886219367068e-01
6.638972621336900470e-01 1.655296147361791093e-01
2.569208415766972564e-01 -1.829710921104138466e-01
5.611632223767436534e-01 -1.441112473164553598e-01
1.555702453762428973e-02 3.330518940491394297e-01
3.181513006321061710e-01 4.547487873209396514e-02
-2.721317288075174590e-01 3.229036074342193086e-01
4.194004803081667898e-01 5.987865751206941090e-01
-2.141786825636568525e-01 4.269455886285784818e-02
-3.406137732974163362e-02 4.136198541087577896e-01
2.919516322656549590e-01 2.790476647419235512e-01
2.508085132132275435e-02 -6.763432678849572166e-02
2.737805129951673133e-01 1.174577713077676333e-01
1.997959534114809865e-01 4.159466277623544150e-01
-1.612355346113020504e-01 2.510522022954762567e-01
3.191907450623897580e-01 5.004040846504753670e-01
-4.562762058249566349e-02 -4.647831768828711470e-03
-1.697496055127446224e-01 3.413613385558901536e-02
9.627067687500404092e-02 2.023835312864050374e-05
6.482497986789514943e-01 4.307017117255264038e-01
-1.077046381623762983e-01 -2.790695381416322118e-02
1.781305300048304230e-01 2.099208161113783611e-01
5.396771176536240000e-02 4.145662643615831422e-02
-2.686385210099021328e-02 1.283067517364954628e-03
1.905823410673317397e-01 4.978805242335171966e-01
4.943106897196040128e-01 3.529379388923606919e-01
2.415584468701895693e-01
5.865235896500371471e-01
4.493408172867555672e-01
2.127011426192950902e-02
2.122274014341492265e-01
2.058369287632689365e-02
3.166424105275275069e-01
6.816538095051316581e-02
-6.963664974945199537e-02
2.080162142558494853e-02
3.988206291467693565e-01
4.796748185122963193e-01
3.503683741623654924e-01
-1.381933429633508681e-01
5.210273601444521674e-01
5.719778689714173359e-01
4.450559415637215244e-01
-1.282087233981946128e-01
-8.538512358233761408e-06
2.296030931991179524e-01
-1.490628572121462103e-01
-3.003976293263104780e-01
1.636491805634002483e-01
4.140989490215910007e-01
1.593285313710580964e-01
6.067296130587884750e-01
8.371496689330916174e-01
5.410173191893575817e-01
-9.621165838297103274e-04
4.826014358316045583e-02
-3.528885790405910106e-01
1.333356215662141464e-01
ReLU
0.0001
32
32
3.889248815486514022e-01 2.326467362987803475e-02 5.317137871771102642e-01 5.644865966632995891e-01 4.439262998617811151e-01 5.350864829284741608e-01 5.149114778716201712e-01 2.418210834227928763e-01 4.274648379840120804e-01 4.199680488404344270e-01 1.574123479851208610e-02 -7.732645735780538376e-02 7.254625975771349100e-02 5.017845372275618887e-01 2.753304592841089860e-01 8.226727148551712387e-01 6.121869850286245640e-01 7.547477013827392708e-03 6.344656170813958163e-01 3.713878772382449567e-01 8.864835287841160705e-01 2.420139030127350377e-01 5.518643873436727132e-01 1.117885342384471355e-02 3.732310743061028613e-01 1.490292466607476551e-01 7.752622161037774351e-01 5.988562627601391464e-01 4.375557632395736252e-01 3.353172586610581041e-01 1.441341187745426022e-01 6.940566628738218391e-01
5.722204925977240897e-02 -9.044285591129705426e-02 5.835749276831646570e-01 4.383534997039574832e-01 8.735286458478020988e-01 -1.158104012233646257e-01 3.963037244014606109e-01 -9.528595439949251455e-02 1.257453395946624419e-01 -1.627778058190108013e-01 7.731518733199523874e-01 1.208495826612228929e-01 6.694190847531770183e-01 5.656862087703736774e-01 7.153115245445401671e-01 8.293305413866842724e-01 7.072617224919651724e-01 7.252389043988400896e-01 3.226995493383717495e-01 5.862758099730109862e-01 6.300169008660937431e-01 6.091731488499948499e-01 9.230885448645057556e-01 5.636880031133655322e-01 -6.402575975899703342e-02 4.188222492887659354e-01 2.238760613170226732e-01 2.158494522162746621e-01 3.497484320527272095e-01 5.233298457587307606e-01 -7.471011799529488073e-02 2.389520822290064073e-01
-2.172379950251632497e-01 -4.119035046989266147e-01 1.775350290775515594e-01 5.142916677431854655e-01 7.404529233878293093e-01 8.411599368805479093e-01 9.760496316976745301e-02 3.726783836370828884e-01 6.595024064961427790e-01 -1.742178690393430054e-02 5.058602096592940134e-01 -2.409821583975709780e-01 5.524855753577613271e-01 1.039109416732076491e-01 2.731130062717766482e-01 4.815032992367071496e-01 3.629492647292708041e-01 1.086816483833631837e-02 1.285579821846538073e-01 -2.168982871712606120e-01 5.089823535733490889e-01 4.482141683426200673e-01 5.409756459646721805e-01 5.323961401459875731e-01 -2.107133537737222381e-02 -2.272700812034291473e-01 6.868734810453500650e-01 -2.437080696281941627e-01 2.955807334940959707e-01 -1.216199687911936334e-01 -4.423007907511422587e-01 -9.859326030683772391e-02
3.027500951253273564e-01 4.736326979929274955e-02 4.956676201929420267e-01 -5.759167379018103293e-03 4.903696946931663803e-01 -1.296224952429623489e-01 6.452823164353918006e-01 -1.093593697278773952e-01 2.276301482825160774e-02 5.610804292915421154e-01 6.527243387557771781e-01 3.807530649059357453e-01 5.891795405040582967e-01 7.508352938411477773e-01 2.104414976408175431e-01 3.336758034630464831e-01 -1.727259864724822458e-01 4.011882818548621055e-01 3.909004925442801648e-01 -5.832702596332325906e-02 -5.668592231582304103e-02 1.734257658121286239e-01 6.604283608009765549e-01 5.401583545161059430e-01 -5.033285497898918465e-02 6.910852148011098484e-01 3.031458583816828423e-01 -1.622434876793217018e-01 5.974622506656946941e-01 3.844949387402976648e-01 5.120620989831685677e-01 2.702074646557141580e-01
5.256347951984421396e-01 3.120162465953538744e-01 -8.157801328375760552e-02 -4.266986042224323039e-02 -6.633746845686915028e-02 8.448077958860177317e-01 5.113730247884435975e-01 -5.188187636261382824e-02 1.929133428856466825e-01 -2.660985681242248324e-01 -3.432411533741366871e-01 -1.160897311503751861e-01 -3.803385594139991471e-02 -3.027025720714668355e-01 -3.895120228568921955e-02 -3.324588332064311036e-01 -2.895257607720091997e-01 -1.019179749264165630e-01 -1.104278825398914005e-01 -3.352099898179391468e-01 4.684739734870511652e-01 -2.422834709265654918e-01 7.646473019731432341e-01 5.918974794168139208e-01 1.892815902597642930e-01 -1.778474524242824595e-01 4.168414423066084118e-01 3.999766238247173811e-01 1.811425506499839688e-01 7.050004441109865017e-01 6.177565698469248412e-01 -2.338974926620541184e-01
6.425508366190523235e-01 7.649597607181415349e-01 6.664448127903613850e-01 8.156309407041774096e-01 2.852307126703597095e-01 1.177072375446655828e-01 2.874026798184885559e-02 4.431088776126489992e-01 5.299015865752979559e-01 8.730570887474773389e-01 6.307817324778551837e-01 1.902799787183470925e-01 2.893628167761860825e-01 2.777167189023908023e-01 7.948666519871883107e-01 7.349574453648570760e-01 3.955190565891774507e-02 1.608547755726943695e-01 8.686836689185728488e-01 -7.809590348801486977e-04 1.431330094295532318e-01 5.934141601957284573e-01 3.146580018905015264e-01 3.786003947229171773e-01 2.795367931662978006e-02 -2.000824005425365024e-02 4.910655755400222811e-01 5.651755699358519403e-01 8.113464330810259417e-01 5.529829708434091939e-01 8.446610893831758560e-01 6.861501429792572493e-01
-3.824032123120596482e-01 -2.862137838380929833e-01 4.790551737897942308e-01 1.641366399141692967e-01 1.614696090895551273e-01 5.162914202171564604e-01 2.448979635075714256e-01 -1.058267055871104229e-01 4.479265053149018572e-01 2.048989814878539595e-01 1.031185757838029710e-01 4.150339019221556125e-01 4.309645056420039477e-01 3.566416119877382496e-01 6.209392427865964015e-01 -6.034403039584142897e-02 5.564533774612104300e-02 4.308201210875811649e-02 1.603785578968366099e-01 2.268557435136745182e-01 -3.512865542395193774e-01 -1.868062164797350544e-01 5.156596676891537362e-02 7.407402425208972074e-01 3.592065596019202167e-01 -1.667520388662913911e-01 4.770825342699090699e-02 -1.841657063867893629e-01 -1.787349002023305156e-01 7.563846919161938687e-02 -9.301819208513899262e-02 3.981778243638114390e-01
-3.472077699455957123e-01 -2.521598275585383853e-01 -1.408716662022500288e-01 2.141208218132225477e-02 7.939729615137905427e-02 2.479532817662112310e-01 5.228452984568787709e-01 -1.402448297622060913e-01 -6.033923099679895652e-02 4.067355068711587807e-01 -7.763412704491055860e-02 8.038333258101881817e-03 -1.074588015445218370e-01 3.354900266784677232e-01 2.806212837638525359e-01 5.026113516058725583e-01 -2.323006227653700295e-01 2.192680698168709141e-01 -2.122169950507923897e-01 2.754723290405477476e-01 -1.340272169029878280e-01 -1.000614443723198271e-01 4.110554139216333613e-01 5.485867705640806724e-01 -2.103078729924913459e-01 5.113490537397695768e-01 8.678018124367015140e-01 5.801760664460693384e-01 3.108252131811207741e-01 -1.251046488745908292e-01 5.858489410162928124e-01 7.787496908005986374e-02
3.996772964490592495e-01 1.559950801172867996e-01 1.941432853816857096e-01 -3.728910483773302809e-01 -2.535257010737041947e-02 -3.717086544958309469e-03 -2.191254492318608360e-01 -3.145495710590546223e-01 -5.523782385530807450e-03 2.808437968973553911e-01 2.110687378136817671e-02 -1.720480517713038060e-01 1.886155904651017623e-01 1.123981504278326882e-01 4.485731794278420836e-01 -3.286244264532504067e-01 -2.316527659753536972e-01 4.305582586073326001e-01 3.127641651411528501e-01 1.336416592811860704e-02 3.431920547019945977e-01 2.856601306825456987e-01 8.475769517787497265e-02 2.616743031874217418e-01 -2.114166522340396315e-01 -1.016153374037118140e-01 -6.799422654075794326e-02 1.490371740188124738e-01 5.491077565851486542e-01 -9.180519037636744595e-02 2.109829877830630418e-01 6.319999456649565139e-02
3.660256657228582733e-01 -2.994547882743424372e-02 3.047956962807348846e-01 5.218439874997300443e-01 5.418296870487688821e-01 4.256614364012630269e-01 2.504618030656133310e-01 -4.337022688756989597e-01 1.848968706263910411e-01 -2.280701833008563773e-01 4.920091104533956261e-01 4.903854857380243182e-01 3.766985534495151944e-01 2.187144878815455717e-02 7.140844236399866984e-01 2.102389786094615576e-01 -1.988321041204980100e-01 3.878538104979949441e-01 4.401289411381592576e-01 4.092893157487159095e-01 -7.313369697486644949e-02 -1.383978868285715147e-01 6.560903106546288610e-01 4.274473548656004263e-01 -2.537207297703102382e-01 3.187433172825999972e-02 4.852889932511268017e-02 3.502443601761185410e-01 3.622927980665291425e-01 3.912145395909189527e-01 -9.904639989557398327e-02 5.379748987366101964e-01
3.071652464714533792e-01 2.887582051614613898e-01 3.874254572493521787e-01 -2.913988429980003403e-01 -1.929570551372196061e-02 3.615880570617511780e-01 1.240622321896891894e-01 2.553556624221495208e-01 -2.196679103906926112e-01 1.925113896662380975e-01 3.488717206319808528e-01 5.884549826786770188e-01 4.684292314661228085e-01 1.972617798992271909e-01 5.621769896856114723e-01 2.124898605354293146e-01 -3.691338963410557006e-01 1.035940924363148719e-01 -3.040558595024046504e-02 -4.445531038703771087e-01 4.481250258241651907e-01 -1.185290331370843081e-01 9.476094757751807318e-01 6.784051846817195086e-01 -1.164282478980618180e-01 -3.984521713274195576e-01 7.810982467899973969e-01 -1.644785789356864869e-01 4.004878523123089340e-01 6.618503918195245417e-01 1.591600639945465745e-01 -3.007833607688763511e-01
-3.786239316021201146e-02 -2.193545540625964352e-01 2.657596941491403020e-01 2.529148888935061137e-02 5.571458724838547205e-01 5.065099833587670686e-01 3.499847057425498065e-01 2.330938640256943750e-01 4.081738056804393167e-01 5.149103192851552935e-01 3.622296008914545062e-01 -1.828583899795773460e-01 6.162730372577476246e-01 5.259698706201539897e-01 5.993749139781594515e-01 5.759894618573000447e-01 6.500418398400802100e-02 2.539685502225108582e-01 -8.435423162567319555e-02 -9.988169958495116130e-02 5.448649434385491874e-01 -2.809399034254631555e-01 7.652373953148353669e-01 2.201561516334418073e-02 4.740446582298903921e-01 4.173305518971830441e-01 2.333141197985452164e-01 6.014386058992587936e-01 5.614870408689440762e-01 1.658762960950582732e-01 8.557257367727744146e-02 -3.699210627090366854e-01
4.459781036654329456e-01 8.248035884520823480e-01 2.218006710000429149e-01 2.835555080747348966e-01 4.260696551937268040e-01 6.294030516986989787e-02 3.241228404498207039e-01 7.327260454336007589e-01 2.287241998945922436e-02 5.460239515005169686e-01 7.325652265696265264e-01 8.220651639437256408e-01 1.176275070170151649e+00 8.770601049881360245e-01 5.346565648833402351e-01 6.661351205548492471e-01 9.246934682150287355e-01 2.384161002105451843e-01 1.043757630403982839e+00 8.195976663579331856e-01 8.785935752794838960e-01 3.664814686409446631e-01 -6.693433381322502589e-03 8.941511694692055867e-01 4.735056522244751598e-01 3.234513976894720644e-01 5.137019860388257753e-01 9.999713830750344146e-01 2.942181131441116704e-01 6.933338721195758669e-01 1.046760903655261199e+00 3.407078534330705288e-01
-3.946720068502872214e-02 -1.945804754899115585e-01 6.949820964594640715e-01 -2.026846878544322772e-01 5.147645165786988164e-01 2.374623050200852237e-01 6.088969612466801351e-01 2.628883563986526561e-01 5.856402069924167009e-01 3.490318122788924060e-02 -3.508357999247461723e-01 4.445302474978508611e-01 -3.041329349389739756e-01 1.203285142881141273e-01 4.016689110666433749e-01 3.286408861435544670e-01 -3.321713663928302362e-01 -9.345607567778152491e-02 5.087837212329981984e-01 1.746116213645907689e-01 4.384959979058582480e-01 -3.231700537565205811e-01 2.927922628363008872e-01 -9.614906026440668552e-02 2.559976629825348460e-01 -2.241441113790058337e-01 8.807148525590862143e-01 3.712759091367524578e-01 8.597037407488343497e-02 2.016619138479500695e-01 2.615922269041384696e-01 -3.616586793953044388e-02
5.721973778390263554e-01 5.699973561843993952e-01 9.216027671881310557e-02 2.141292067421406153e-01 4.920555460895614242e-01 -8.318199307728024738e-02 -3.268516629519834793e-01 3.932103866168147333e-01 7.975520194207871283e-01 -3.248652292005811959e-01 3.488012585392498699e-01 6.225098605455781087e-01 5.096354555766235972e-01 -1.031348085538383169e-01 7.005607178719552852e-01 -7.479372847735767105e-02 3.922350475667655267e-01 3.120787038795164725e-01 -1.487086033765316062e-01 -1.156224337600401664e-01 5.219191111789420745e-01 3.530657168347319796e-01 -3.787359796408551471e-02 1.018570685265746401e-01 7.229101083649480675e-02 5.208706606714249565e-01 7.137454975316591677e-01 -2.307899901034028145e-01 4.288411616534051202e-02 8.299468551374504788e-01 -6.489373236434281544e-02 4.236505995097480382e-01
3.718121917881731520e-01 2.412913776209587580e-01 3.221418676524239744e-01 4.510762960968865976e-01 8.945105722638227452e-02 4.193892862563358692e-02 5.127587757424327819e-01 2.384996235742656845e-01 2.714451029413145200e-01 4.871957727499567348e-01 4.257978879826709306e-01 1.843539409139177687e-01 5.867786085996272716e-01 -2.022256195550006797e-01 1.826948183996467967e-01 6.938144074491087165e-02 4.471420230403910789e-01 4.344452690686077534e-01 5.528619799469032259e-01 3.263632793683727273e-01 1.881093797088008168e-01 -1.807996172547944869e-01 3.488675233891471161e-01 6.727931568432641285e-01 -1.180066891088546455e-01 -1.748014742471960814e-01 2.988443110023123600e-02 5.304251004197878538e-01 6.080066100632048887e-01 9.236770749669083458e-02 2.352528294216931493e-01 4.535773076584774244e-01
-2.849973272864559926e-01 4.259614739897231717e-01 2.096013672275115480e-01 -1.147223231265120935e-01 7.834023936387710663e-01 4.976262289081208046e-01 -4.198914717986493850e-01 -2.456481846170281702e-01 1.383669524115008487e-01 3.730973689532768311e-01 9.686675734088955048e-02 4.897900141047473177e-01 5.034175937395841682e-01 -2.914853933188525370e-01 -1.023385649463815980e-02 6.289089764873399303e-03 -2.011102863828645448e-01 3.707527848964191630e-01 -3.023397584477918176e-01 2.655433941451729174e-01 -3.703462933102547039e-01 -1.086997656055651573e-01 6.267296250022358350e-01 2.392857560618215085e-01 4.174698589594650899e-01 4.105621298822613174e-01 7.422586166308456912e-01 -2.217552274636470921e-01 3.854907680214016141e-02 7.251176171996404074e-01 4.222098633537611501e-01 -2.451420755722343581e-01
1.696598119605476351e-01 1.810923846502010826e-01 4.868461068639672873e-01 -2.033553945664820159e-02 4.771037845799706578e-01 1.568087194920764205e-01 5.461328196679059443e-01 -1.742074407365140909e-01 5.970753353389380846e-01 -7.582926375236938299e-02 -1.656993786798486856e-01 3.624819886697619453e-01 -3.495854520705029000e-01 -2.046382302433369105e-01 1.378299014858423363e-02 1.441346189090418062e-01 -1.184948103533994962e-01 7.482164282778641651e-01 -1.621604595797071779e-01 2.365818610592931026e-01 -1.514795452170141221e-01 1.749531667069849916e-01 3.663742464320564607e-01 2.817684755588086287e-01 -3.013144788079795688e-01 -3.099453049676029193e-01 9.004999131782969179e-01 5.748591464710665067e-01 5.018248496028342442e-01 3.420993143925971092e-01 -3.516023115273629318e-01 5.108446224045396500e-01
-1.466472539638960168e-02 8.702340267872804569e-02 4.134776312069530224e-01 4.061345877580687658e-01 5.233440375849095494e-01 6.837076237413252100e-01 6.059596518789872599e-01 4.261005932997747325e-01 4.425179788212992849e-01 7.063641112540689493e-01 5.090503474553651486e-01 1.809501116445216828e-01 1.643805502594303802e-01 6.682310148057636345e-01 6.269461092822025128e-01 4.320017254021963349e-01 3.780027875728497744e-01 7.906904768069751288e-01 -2.057147043621940750e-03 2.331227648199714064e-01 -1.273769343675678622e-01 3.959388460346500160e-01 6.261799749532942494e-01 4.407458846659219609e-01 -1.208946159032466688e-01 6.505938057721913914e-01 8.552318930729055912e-01 -2.628014741057482437e-02 3.837215987587907010e-03 1.424328231307676329e-01 -2.834599420091387864e-02 5.472984914569954951e-01
4.548770947958267197e-01 -2.275049935432948978e-01 -2.394745495292363857e-01 4.063888354774953804e-01 8.397961647108456162e-01 6.118953849316776106e-01 3.145163378885066363e-01 1.253928443549256200e-01 9.072221025910931491e-02 3.172558396153973836e-01 1.978373832332719628e-01 3.978221657827316071e-01 -1.958887165022593080e-01 4.328759551703498798e-01 2.831441193500066622e-01 4.187028473653807703e-01 1.224585311016543679e-02 1.686938570950706484e-01 -1.262588329965867173e-01 -1.851374223011588438e-01 2.703789335799118287e-01 2.676144337956154473e-01 5.950970820946994699e-01 4.815790872024308111e-01 -2.718445975266497450e-01 -1.993603853253438085e-01 4.381158874133117553e-01 3.770949121128644443e-01 -1.390808084951214441e-01 4.577306026274684525e-01 -8.606658019560382844e-02 5.176515274000577094e-01
4.427960606538561827e-01 -7.824812522051342867e-02 5.563839228914894131e-01 1.109391671229662535e-01 1.035208051583750843e-01 1.007436952506969158e-01 1.302315601800954903e-01 -1.354481859759504997e-02 7.933389469695904458e-03 1.155848026874723294e-01 4.836993075971479650e-01 6.626129889660133110e-02 5.219941530111822381e-01 4.904551355502059784e-01 4.832463064819112475e-01 -3.088520202751227073e-01 6.571889592686940285e-01 -9.664720148790814647e-02 4.234153024978729030e-01 4.482094149041901954e-01 -2.339988779112940898e-01 1.699512240877883440e-01 4.725573392001425344e-01 7.436801842194648016e-01 4.919914546941096534e-01 -2.793227711959644921e-01 3.683822096912905408e-01 2.054710725996626575e-02 -7.789982226129052445e-02 -1.122131704266394886e-01 2.821501528104760625e-01 4.166498577793418395e-02
2.169295436184259795e-01 -4.073480206046591889e-01 3.589947879400224445e-02 -3.115927314087416078e-01 6.673513497743763789e-01 7.573866745235434683e-01 5.219133334828826021e-01 1.897028739620808813e-01 4.686860719715234547e-01 6.102164945355549319e-01 4.831224857573341303e-01 2.229103876076737600e-01 3.059460776349477995e-01 -5.727916529188264300e-02 -6.602875154455346840e-02 3.236703739690908188e-01 1.135965376522789748e-02 7.038115151830106608e-01 1.535540371549976857e-01 3.592607652333626445e-01 3.133276693013544723e-01 4.052265511868478054e-01 8.317634006555415516e-01 2.978854199637676614e-01 2.304455589107910207e-01 -3.754466308646290940e-01 8.272666378983424273e-01 -1.239299658504750545e-01 -8.454689128187850566e-02 7.963420930264684949e-02 2.389770294641919424e-01 2.671492551824806716e-01
1.632675273497967428e-01 2.352356169535987571e-02 -1.868397104064954406e-01 1.060039864570490320e-01 8.054432629742257488e-01 4.786383665149744893e-01 2.327655728568933935e-01 1.429375434342176066e-01 4.465068377831005186e-01 4.841086264248514737e-01 -2.889414484221258239e-01 -9.556613264377015332e-03 4.470071382679834948e-01 -5.819437146564248459e-02 -7.601093755192957213e-02 5.366459423576521726e-01 -2.670600111477565708e-01 4.610314828831946210e-01 -3.241316879530262152e-01 -4.296011662286114974e-01 -1.335578871615094865e-01 4.755183235239490713e-01 1.234534307271952097e-01 2.002703913374098976e-01 2.768138954061394874e-01 -4.277716756058660974e-01 4.373329017195120572e-01 4.060731837507571274e-01 -1.585089035188803064e-01 7.161464578195116115e-02 3.669599048949324094e-01 2.187706888649856851e-02
5.656995265303760290e-01 -2.224629726914153227e-01 6.378241696232125335e-01 4.785688512609893586e-01 7.338475827688470954e-01 3.109881972973638220e-01 1.989418063057570712e-02 -4.258895136896450467e-02 -1.215442574240276075e-01 1.670727182504427311e-01 -1.513115842669356115e-01 -9.157817880387132681e-02 6.321024593650580448e-01 6.401421413802567129e-01 5.366285205077644394e-01 5.813881632324381377e-01 4.610802622705673093e-01 1.522040130537345437e-01 6.958551708669308278e-02 -1.616107782757833233e-01 -1.138513606597865296e-01 4.541770346765145461e-01 2.601813897653839636e-01 1.528005714363853129e-01 3.513177368862930861e-01 7.684778797497318070e-01 6.272872890480214736e-02 4.162826522675273089e-01 7.918827409967938991e-01 6.018661194838221817e-01 4.447588774635169440e-01 1.232118215416396073e-01
-3.563936887210593651e-01 6.085017701584066047e-02 2.928886291701437994e-01 -1.243931672223620027e-01 6.715788057996385785e-01 6.998318266380246788e-01 -1.428126177386559725e-01 3.101408951572559025e-01 6.830185231309978677e-01 6.054561653552502642e-01 -2.656593608057141731e-01 5.272999366427305601e-01 -2.916044385536162853e-01 5.419410203962008454e-01 -1.523408850898755329e-01 1.379659578350293236e-01 4.305103662009051035e-01 -1.857956863054882135e-03 3.871788110456217402e-02 5.032581985068906860e-01 -1.962869337847205353e-01 1.871454441340067443e-02 4.756205525420505453e-01 6.334786713169293648e-01 -1.009262593867877589e-01 4.967098182383730132e-01 3.211424683286481785e-01 3.713859945753612002e-01 2.833836250937362689e-01 3.720738336524841844e-02 -1.063084243475311969e-01 4.669718830715987590e-01
-3.066876681703080143e-01 4.230099769124870956e-01 4.564798848896596262e-01 1.494553356663450294e-01 1.795349962176081560e-01 4.045105662531588986e-01 -4.114510291583464707e-01 -4.181937154519593247e-01 3.453422658693439899e-03 2.040862161720872758e-01 -1.440161351576451643e-01 1.787248389723885000e-01 5.788993783928977344e-01 -2.779675143192743558e-01 6.474081093080377158e-01 -3.030321798674120992e-01 6.338359536141707773e-02 7.581148289548873542e-01 -4.748449418217991908e-02 -6.498692592931987200e-02 -2.054881186128455495e-01 -2.574584223759131957e-02 5.190220068115652952e-01 -7.045614043440957819e-02 2.921725551929528208e-01 3.162573627146256783e-01 6.587297927427306909e-01 4.313897863496309326e-01 5.761786150428949149e-01 -8.777890602083263105e-02 2.125492013436077465e-01 -2.551828445090479347e-01
2.931397584973668424e-01 5.604455921951664310e-01 5.259627525676098259e-01 2.579441840514798412e-01 1.383997976800548924e-01 3.293436566762635801e-03 1.556318116284522435e-01 3.301060596873276465e-01 5.527380955272923613e-01 6.114003232661850695e-02 1.676452259321312699e-01 6.414745015346251522e-01 -1.629539650657127192e-01 -2.379486432646008287e-01 -5.288246516369687900e-02 4.923313036923107067e-01 -2.417006474986764242e-01 5.187669944799089272e-01 4.324926461111043841e-01 -1.166779596081563841e-01 3.739986134249718153e-01 1.443858469592082250e-01 1.998967672387033934e-01 -9.267989673133162840e-03 7.406209763906761445e-01 4.576467390259855161e-01 4.680292131000507450e-01 3.566892202834249792e-01 -2.138921686771899366e-01 6.280067574488960025e-01 1.588087457577417039e-01 2.310872661855585819e-01
-1.596685588034830322e-02 -1.132901084573568508e-02 5.432114801813165972e-01 2.173576692147713152e-01 4.867826524781313502e-01 6.000202798909624047e-01 -2.263399039637935262e-01 -5.585776873921358826e-02 6.820216978764481741e-01 -9.364090525163506692e-04 2.108596322808396206e-01 3.531100510391620984e-01 9.000550535114000550e-02 4.742471886149757232e-01 -1.305247573356574549e-02 4.956482613697524298e-01 -2.079797723023930900e-01 5.276664790929975757e-01 5.766011408193134624e-01 2.055650878045963970e-01 7.943251558292251102e-02 2.808847194775834222e-01 3.275258414874907542e-01 4.770736541832211741e-01 1.624594674425192120e-01 1.064326068598547489e-02 7.229034694079501389e-01 5.530031796763311691e-01 5.554950625522689922e-01 1.377169472490226143e-01 5.850853437852626682e-01 1.094536489852201144e-01
-2.349287632925112224e-01 1.999758355553068467e-01 -6.919311257822197136e-02 8.895181583012377879e-02 -5.307383367750263814e-02 3.819809308965986250e-01 4.775446988334952070e-01 2.533569904817835616e-01 -9.558812828490620417e-02 -2.076188954375309259e-01 -1.602715116028022302e-01 -1.851960934555729743e-01 4.275042383243876087e-01 -1.186703543011586315e-01 -1.236684315925505179e-01 -2.066006361790533874e-01 4.002530728426948459e-01 1.846510000940074399e-03 -1.718979221901090482e-01 1.313918096454836648e-01 6.030124697619757557e-01 1.481406397803834152e-01 3.560253893632349120e-01 3.127219398814082285e-01 -6.965643409236292605e-02 -2.154472301161004799e-01 7.020504870055881419e-01 -1.491967040043977455e-01 -3.265857628140159119e-01 -1.504756987629762566e-01 5.423745565368562893e-01 -3.075658399767917106e-01
2.652237737740451573e-01 -2.408192358625864116e-01 3.439272174701064611e-01 4.559328440307442998e-01 8.277721209603617902e-01 3.291055705048666624e-01 1.449331083394944653e-01 2.731967633463376968e-02 6.252239075311929462e-01 -2.677584522578022735e-02 -6.191413760707668856e-02 -2.593064267510440390e-01 -1.908515761001987054e-01 7.425237660304007115e-04 1.031054257712469002e-01 4.775545679457169901e-01 4.650831646116072027e-01 7.699071443801952519e-01 7.607858393663380001e-03 -2.394532911087980942e-01 2.366667634054076264e-01 2.690299927366900934e-01 3.283299128765379549e-01 3.520376002201655585e-01 3.268551845353069307e-01 -1.409707059162753906e-01 4.718319256957333174e-02 4.245043290982097317e-01 2.683704017940179987e-01 1.900699733092673371e-01 1.700473982564892905e-01 2.051464805224932353e-01
5.782618384114156518e-01 1.543184482738647056e-01 6.518714853895719585e-01 4.387066886419839218e-01 8.398383006821398267e-01 6.988135489535272082e-01 3.166800920711979050e-01 6.749081903187668929e-02 3.835010343207323480e-01 5.483103551199224740e-02 5.150684889301632152e-01 -1.838074983464577927e-01 1.150982278777725742e-01 -7.840416890271756367e-02 5.941931491183001235e-01 1.609240702818409349e-02 -2.120032877777253966e-01 8.049543496392477793e-02 2.385707740048790826e-01 -1.500074044447825272e-01 3.334831041337027457e-01 5.838249044750364325e-01 3.467058803578902393e-01 7.602573981265724479e-01 5.256896959466385022e-01 1.298043007156377167e-02 3.116982192781960204e-01 -5.262774717098712279e-02 1.949758867746115565e-01 3.471120101504113764e-01 3.547855714658034731e-01 4.987543456472260939e-01
-1.817458967026447381e-01 3.535733046998971729e-01 7.421586226440648471e-01 5.231588646860383385e-01 3.689312772413161357e-01 7.876106449068533966e-01 7.054566186595973010e-01 5.581005627097672672e-01 4.730802466629211583e-02 4.840674629549915897e-01 -4.414810958821338560e-02 6.220768782660426321e-01 6.676779027322032878e-01 2.746517001110573286e-01 8.728282892029616269e-01 1.174700406757698545e-01 5.659038463466709024e-01 2.986695252239782716e-01 6.729388730946684882e-01 -7.980962963669561983e-02 3.376619737582132186e-01 5.013914633473658400e-01 6.240926870076742849e-01 -1.548198187136453075e-01 5.253911652550570244e-01 3.314862089778394250e-01 8.604404860748029460e-01 -1.008779193870043729e-02 4.889293597189069834e-02 9.179402805349663741e-02 7.071577633412880204e-03 4.923161647640232896e-01
6.950724440824325168e-01
2.631565377520929117e-01
3.283639335168932194e-02
2.302506801203328957e-01
3.102492174942775294e-01
3.286627780723432868e-01
-1.344635324851478908e-01
3.518575261093879192e-01
-2.291507753116301949e-01
2.320134097801873352e-01
7.874696287425833607e-02
7.746177806700114965e-02
1.182433554181453461e+00
4.729680088567556617e-01
4.898285071524761114e-01
1.096513182573461143e-01
-3.378078668188683742e-01
-3.309278501225065838e-01
-1.085656761982912132e-02
3.598254168334822922e-01
3.213630211589051933e-01
-2.427567778478526561e-01
3.037750504190856460e-01
6.838473776713634988e-01
-2.760641763954991834e-01
-2.157881449963816155e-03
7.767022222058531100e-02
3.808853698615072836e-01
1.156064706549778109e-01
1.213117776180730606e-01
3.349392306953071219e-01
4.794820308075225523e-01
ReLU
0.0001
32
3
3.749299257842502592e-02 -1.891853414648759224e-01 4.118855050262492656e-01 -3.028352779836417374e-01 6.389038472729333673e-01 -4.614471588215444953e-02 5.891712640773444365e-01 1.241835283367554998e-01 -2.667059524649520452e-01 4.658170600105560610e-01 3.170655497330539530e-01 4.134151750168519462e-02 -2.789997294936695793e-01 3.932807730074712738e-01 1.369048389541201692e-02 5.980740540155518037e-01 1.425159742184094747e-01 3.049198884742091997e-01 4.729596294040008114e-02 -1.517144446117869305e-01 -1.449975378095324507e-01 5.350937639293164017e-01 6.238482412891618312e-01 -8.155835100683977990e-02 -2.650998443658333370e-01 4.105101184579135198e-02 3.502604893646960992e-03 -7.329031651950335124e-02 3.208415005258986874e-02 4.271316742741812500e-02 9.619195357915992506e-03 8.762554342065728696e-02
-1.873250445964658450e-01 -1.921192148438475578e-01 3.921489479408984957e-01 1.199376873592878090e-01 3.805777467622792343e-02 -2.084018831633756563e-01 -1.166832017554652184e-01 3.453304790007944436e-01 5.913671464796195210e-01 1.325702110676601764e-01 5.680160987978168929e-01 7.457952392686026388e-02 -2.450043573988889833e-01 -1.171983450474337191e-01 2.380338686917383983e-01 -2.452880370784872588e-01 5.826477595688276390e-01 5.646239527517035173e-01 -2.829201814818759972e-02 1.161377184893153253e-01 4.323603738936696583e-01 5.169502492720511322e-01 -1.094133055045024977e-01 -3.533220441186800120e-01 5.417824748985871075e-01 3.061616260347057028e-01 -3.251765640110758082e-01 5.642106070390596750e-01 4.157838079897743788e-01 4.203475496111095944e-01 2.797741868492016337e-01 -2.853469017147746145e-01
-3.252400799046040736e-01 3.416606329523404900e-02 2.864254195906513756e-01 -2.189391807714770599e-01 6.234278131284364255e-01 -2.103204136846140437e-01 7.047615119855417110e-01 -2.119751828220045597e-01 -5.319086414658654588e-02 3.722868985750547588e-01 2.588474970626356564e-01 4.646160129558544183e-01 -3.089629809957223916e-01 1.707481462386891968e-01 1.119712001040209653e-01 -2.774485903656965236e-01 3.214767032158896143e-01 1.953797296886347276e-02 -2.172743031120657753e-01 2.269366395403450698e-01 -3.243918769257959078e-01 -1.700978513955178351e-01 7.009821550566809334e-01 4.072195297973082440e-01 2.851129045222559055e-01 3.077010989595727608e-01 6.210717166523661570e-01 -1.795551378414372568e-01 4.334806223902270550e-01 2.205933604374386015e-01 -5.743452987331078979e-02 3.188658533414943652e-01
-3.386157242051848065e-03
2.913444461790660744e-01
-3.703647671178447176e-01
Linear
0.0001
1717148102.870308
