noname
4
4
4
8
5.420296619469544552e-01 7.000141184666037741e-01 4.377711649935430716e-01 4.326763961188235252e-01
8.917911704847167886e-01 7.909588075042534028e-01 2.048425213255998245e-01 2.285807432314949927e-01
1.789907884455964882e-01 4.656422810306766191e-01 -1.191285559464394794e-01 3.864100270733558662e-01
5.440659832169723042e-01 -1.434011851325883886e-02 8.266988794226675097e-01 2.283876553166804269e-01
6.134834606752065378e-01 4.970013228655687509e-01 -1.168519710095130976e-01 6.595540705590606512e-02
5.754196631071311074e-01 5.860421883654360897e-01 1.990792944533375797e-01 6.056957844163161075e-01
2.333117809734988612e-02 6.722487853284202508e-01 7.890426325782549100e-01 8.570000811042198796e-01
9.502793327342646812e-01 8.368756131197009340e-01 -2.423946511511421986e-01 -2.491271544689486472e-01
5.444696810140029486e-01
-6.537669269834902597e-01
3.737063898546171825e-01
1.557957870151544799e-01
-5.061795224892755574e-01
6.112297054399851159e-01
6.286906648735119951e-01
-8.444588224321809555e-01
ReLU
0.2
8
8
8.386438582083316495e-01 -7.973257313698894899e-02 4.137447333399381089e-01 -4.445228976535370857e-01 -9.532942641223671743e-01 -4.985545571844542112e-02 7.170415298255905512e-01 -1.135806399096593866e+00
3.666049226983345011e-01 -6.108241985158575638e-01 3.559482255562713970e-02 8.215435835783656271e-02 -7.400914158678959520e-01 8.530465551861068918e-02 4.526409581229661749e-01 -6.533308733295222215e-01
5.655300440480490187e-02 -7.853712382743494036e-01 4.789465501110664464e-02 4.577550977791699505e-01 -2.880202516782338074e-01 9.179971829212721923e-01 9.119030537600980590e-01 -1.546971896885486475e-01
4.087416972328341003e-01 -2.783213343919778149e-01 7.062917203786323039e-01 -8.168673888091480817e-02 -5.288642937598050375e-01 9.923129983946064048e-01 7.873287843877281311e-01 -3.078936036656239605e-01
7.212985663912457879e-01 -7.926015302785612837e-01 5.679488505976794110e-01 2.979409715848372886e-01 -6.793064047019017337e-01 5.309141514611049883e-01 -1.209441812412866690e-01 -7.703070491961218069e-01
6.652556411985560691e-02 -9.613997730656443919e-01 1.297224997113074763e-01 -1.023359659604891475e-01 -7.950721141150614013e-01 4.446559689244666269e-01 2.009011912726150206e-01 -1.756297969009044391e-01
-6.983263931386255452e-01 -6.728237542266457538e-01 2.849018901591740538e-03 -8.153820978211030468e-01 -3.518012018408356312e-01 -6.709736842586296046e-02 -3.815023055298819576e-01 -6.728194912705254271e-01
1.396783233693322801e-01 -1.056692742439031774e+00 1.330131447179052906e-01 4.413687251978127279e-01 -8.336089892789437794e-01 1.180029169755414387e-01 6.434473829105339382e-01 -5.841525356505908873e-01
4.074403407594477944e-01
5.370832724766809729e-01
3.125860614003163618e-01
5.939706844581880141e-01
2.618104040293005585e-01
1.941105312907288605e-01
-3.894611138577629417e-01
6.612003152797633065e-01
ReLU
0.2
8
2
1.247824731565193579e+00 9.647155379571248357e-01 1.218536627795120619e+00 9.931042885683604160e-01 9.131623395486352379e-01 7.982738014878352217e-01 3.515222225317142235e-01 1.162885383535716244e+00
9.415416349778767957e-01 8.446253361492640499e-01 9.180083525062284755e-01 6.734801723971868270e-01 8.276945053709591216e-01 5.150681623426045519e-01 7.168668202533431399e-01 8.566476264801655693e-01
1.678506979108014052e+00
1.004494972068602499e+00
Linear
0.2

ct 2024-06-12 18:09:04.390413
