noname
4
4
4
8
1.392298069293498308e-01 2.693321280793760097e-01 7.288386158831764439e-01 9.831613773806616718e-01
4.505223548330297145e-01 7.675099177603872391e-01 8.139431256334475062e-01 3.753030052089844082e-01
3.551288649414244825e-01 1.016643720243045612e-01 1.123978891986689987e-01 5.512978050856277568e-01
8.688003551281290315e-01 3.044505229816746317e-01 8.576863268633376780e-01 1.538365187974704007e-01
2.087703499511215366e-01 5.239718820399209553e-01 4.604995013369207468e-01 1.594543704962300135e-01
8.274765992447095098e-01 8.183528033290294879e-01 2.827504038498493966e-01 6.060404304819232424e-01
8.585421382969105064e-02 5.157760801985581400e-01 8.354891865705174059e-01 9.806241788454143071e-01
4.116158906915836635e-01 5.006929604949175161e-01 6.052783656519900024e-01 1.565634089801940521e-01
7.665650917885253879e-01
2.976346654566752736e-02
7.268664268745220758e-01
3.306420324501450070e-01
1.043056528700296859e-01
8.677302593368674266e-01
7.779991844011677760e-01
3.106765275912748425e-02
ReLU
0.2
8
8
8.596312518289134230e-01 9.944511085396937622e-01 5.182922970753329750e-01 3.412886864668851494e-02 2.098376276035586185e-01 7.658909455368845265e-03 7.222745563800265778e-01 4.166849764914082321e-02
5.694970505973663277e-01 4.805813331488122397e-01 2.262165684382460018e-01 7.188078953534725590e-01 4.472970781827798614e-01 2.450854267147956067e-01 6.678089484796946307e-01 6.082182259676699454e-01
7.817031703149168731e-02 2.850674783542705981e-01 1.537328059401517066e-01 8.715711668628880471e-01 8.650101458343388838e-01 9.577178884200044928e-01 9.127837723118813473e-01 9.994222934650891510e-01
3.105775704122888392e-01 3.634196147510103669e-01 7.450551560928939665e-01 5.790551901545204494e-02 1.282404637451033391e-01 9.588310949965789254e-01 6.488471206778289035e-01 2.435346487931505655e-01
9.596803459789594593e-01 3.225160890387732682e-01 8.615628741973856419e-01 9.291053215912661312e-01 5.103072616645776272e-01 7.674600173018035765e-01 1.052376856083003798e-01 4.172065316808025726e-01
1.251579620488101341e-01 1.014746749198024434e-01 2.829317742039669792e-01 3.445384866013546654e-01 3.528632701111636960e-01 5.326105286495221858e-01 2.424858266673159957e-01 9.665469736592332550e-01
1.122089943452293515e-01 5.530200116787189479e-01 7.906791790504658080e-01 4.125381490535459106e-01 9.369020997332503375e-01 7.049587279133056050e-01 4.585481784556793006e-01 6.519402306668111713e-01
2.269579178085160409e-01 1.473714793551750279e-02 3.274744954420985010e-01 8.907773874518825075e-01 3.024386783712939009e-01 2.399909019028092505e-01 7.018253004710613974e-01 5.237663738710666150e-01
1.918032534264912936e-01
4.350444079490562999e-01
8.817570288039178195e-02
3.418286156640505391e-01
2.167276443393941765e-01
3.460759167145999182e-02
1.142318771718556780e-01
5.194678382064777944e-01
ReLU
0.2
8
2
7.590512743082049596e-01 3.065207750036201828e-01 8.348193262249392621e-01 7.111636182436050779e-01 4.959033920149272801e-01 8.077746221012964689e-01 7.597152418694586018e-02 8.312744717335724953e-01
8.822982283409240845e-01 8.885286028240706457e-01 8.153962366112053051e-01 1.247390366730042333e-01 6.062504426351716935e-01 7.396653006973515909e-01 4.741200577495174873e-01 5.855392836470649787e-01
9.065076634270879952e-01
5.347931619881399756e-01
Linear
0.2

ct 2024-06-12 18:09:03.304350
