noname
4
4
4
4
2.189035387219158135e+00 1.767061516299963886e+00 -7.843308201511921540e-01 2.743641822942052833e-02
1.284661149978103337e-02 -4.497424328117540782e-01 1.018818197564244077e+00 1.194990727224598093e+00
-2.436184825436704116e-01 -3.025674723374601194e-01 1.595679047390731187e+00 1.519176539962675099e+00
2.979206845825080885e-01 -3.866122062293665396e-01 1.312271220340682998e+00 7.765707133040562482e-01
-7.441697096419269686e-01
-6.181826056489927446e-01
3.498889774546473652e-01
5.034702053617448048e-01
ReLU
0.2
4
4
1.138384451351837912e-01 -5.840648817284843641e-01 7.123476085035136685e-02 -3.924324277093888536e-01
1.905331843635385825e-01 -2.369160675443230391e-01 2.361914795677824697e-01 -7.089336685660922732e-02
-4.834307928821590661e-01 -3.227537807174008511e-01 3.873591195622589911e-01 6.970498062812964246e-01
-8.302455340981578225e-01 -8.246390189843229301e-02 5.778058790273437051e-01 2.192082805263934758e-02
-3.588743385425234855e-01
1.729450423526237013e-01
1.360427673673449966e+00
1.061852425004754963e+00
ReLU
0.2
4
2
-2.898641544890486962e-02 8.150986363536731616e-02 4.717968234274586559e-01 5.864350628351551187e-01
6.499422844485638895e-02 -2.309105545177552732e-01 6.844767141198677685e-01 8.786150162290891352e-02
2.218693398778354808e+00
2.018224852357543231e+00
Linear
0.2

ct 2024-06-11 22:07:05.704605
