noname
4
4
4
6
2.748048463209581960e-01 2.367529511226385552e-01 6.362813203356585401e-01 8.697460275049687661e-01
2.062770586613248969e-01 -4.559410396565528878e-02 9.562556702591118452e-01 9.809724693621720837e-01
9.449002870776060936e-01 3.808414719705743856e-01 9.563368495767720079e-01 1.134766905174848350e+00
9.566107283503313408e-01 5.119334925471403785e-01 6.519382059164565701e-01 9.595385650404717470e-01
-2.799117476480473266e-01 -6.282623294016252968e-01 9.212804099601663577e-01 8.550755462036482291e-01
6.482908951783231677e-01 3.522040863297695723e-01 6.793474701867625587e-01 1.362604074175441937e+00
-6.851053462050298026e-02
8.195089364220190520e-01
4.344103342960183023e-02
6.956885353781662173e-01
-2.392897937071889747e-01
4.556456758061003254e-01
ReLU
0.2
6
6
1.126471154978096190e-01 1.220651837382431132e-01 2.365924996288574500e-01 -1.724639162368573481e-02 -2.940726665713675470e-01 1.628125018790073653e-01
-2.411292756528450321e-01 -3.465568599498882185e-01 -3.177518416500230147e-01 2.021065855059046568e-01 -5.332108577663104976e-01 -2.166707978121860251e-02
1.526411907607737872e-01 4.896647616362772570e-01 6.320669966150108121e-02 8.387932374227795584e-01 2.549267792006275068e-01 8.047241499078104932e-01
-4.370699095370456089e-02 6.401788249697847322e-01 -6.418048262763201284e-02 4.048097347883033437e-01 -6.875268074397012930e-01 3.343529932411361538e-01
-8.318583621854405141e-01 -6.043291525174006029e-01 -1.027515480059550290e+00 -2.921744899557129904e-01 -8.961642830947524896e-02 -1.059895290972414417e+00
-2.391560474986454965e-01 -6.952296499276134911e-01 3.989411152102842473e-02 -3.594816044755361206e-01 -6.787374192275293094e-02 -8.251382299814644106e-02
1.261427866968408251e+00
8.478144517281416270e-01
2.878232421731520274e-01
7.809493162755657414e-01
-6.762934838832966866e-01
-4.165629640942482559e-01
ReLU
0.2
6
2
8.206063289433689345e-01 3.786568176913031047e-01 9.894951980480094500e-01 8.017684860779594747e-01 -2.922065375733772230e-01 -7.393574496934555984e-02
8.385174308644327557e-01 6.955734080315683077e-01 3.743727143905439259e-01 1.058587046585008018e+00 6.315429129271149522e-01 5.447871575495865093e-01
7.155948387170847358e-01
1.162181098209184027e+00
Linear
0.2

ct 2024-06-11 21:10:47.464521
