noname
4
4
4
12
-1.869870446602672542e+00 5.930814297316592265e-01 3.049006945134258473e+01 1.671822345686092559e+00
-1.225892135280417378e-02 5.019992922446586681e-01 2.550573657506428304e+01 9.872066232983597311e-01
4.125260943000921277e-01 6.099353392154280989e-02 2.742267351664913755e-01 1.465039819823143463e-01
-5.317041013485914291e+00 8.872262816783564876e-01 1.314722830078427585e+01 7.951222390663053030e-01
3.695817541991497812e+00 5.896800671701672769e+00 9.223177072080741112e+00 2.662926559498934864e+00
-5.566860914828627438e-01 -2.007497511843220339e-01 -5.722898328899308495e+00 8.103675190477304113e-01
-1.433080720312218004e+00 -1.869853688441268424e+00 1.778446940859949166e+01 -1.263819767920371095e+00
2.535910973768737975e-01 1.791620149399427708e-01 8.453748424687640428e-01 6.210408495040272703e-01
4.175215810534037564e-01 5.916644713122003463e-01 -7.800467189136224277e-01 7.289246772301279931e-01
-8.802609088150715744e-01 1.110919507296114217e+00 1.534284954484044450e+00 6.354528913132324597e-01
-1.579453628458056536e-01 -1.898885640172876865e+00 -3.729136978948651926e+00 1.503020030495719306e+00
5.360595088912167849e-01 2.546608008887406349e+00 6.812522315965802155e-01 3.675671050624123470e+00
-6.548103585618806122e+00
5.602286913866013407e+00
-4.606953832398229531e-01
2.773611220028948221e+00
3.250926434517347641e+00
-2.303313812352957068e+00
2.904849916454478098e+00
-1.513712615561248143e+00
-1.198106732440634925e+00
-1.416526963768207414e+00
-2.238280541100280185e+00
1.110673570514759012e+00
ReLU
0.1
12
12
-1.670230249010928869e+00 -9.150028335741421104e-02 -7.066065136767948895e-02 -5.773367277767070815e-01 -1.104710081285352058e-01 -1.382180353953862129e-01 -6.382844490354604439e-01 -2.816468960381344755e-01 -2.945015965947898884e-02 2.831456855302684483e-02 -1.473022319725374729e-01 -1.746846058272814584e-01
-1.781981901683226566e+00 3.441210967018807493e-02 -1.556476814811940668e-01 -3.325823276658622547e-03 -6.806794613567563879e-01 -2.658445397223545559e-01 -1.899328489247064322e+00 -5.764252678611258007e-01 -3.618778631914332244e-01 1.526423613372344390e-01 -7.248930617620984451e-01 5.550572365574987094e-02
-2.111151573991588926e+00 -2.918795807386836971e-01 5.038631812292367895e-01 -4.011377289719512684e-01 -3.292200644795825054e-02 -2.390801212896746519e-01 -2.050198422882375304e+00 -9.360016280302650704e-02 -7.198123263694106155e-02 4.011223262174683502e-01 -1.744511184590565867e-01 -4.208152315926953491e-01
-2.340615857021638657e+00 5.137707336509281797e-01 -2.110119464676305789e-01 -1.975917193622669155e+00 -2.683558411052227477e+00 -9.752262870867177691e-01 -4.152622896639011074e+00 2.318297989780424007e-01 -9.483390049832582380e-02 -3.584086562290733080e-01 1.200466775335307934e-01 -1.970093914775379984e+00
-1.457645411318164941e+00 -7.791303054695425390e-02 -6.658574070873609640e-01 -2.438719313802560108e-04 -9.897732852496408107e-01 -2.496290106922676166e-01 -1.267033457935527352e+00 -3.289474540709820816e-01 -7.858942225471458876e-02 1.777441609515210685e-01 -4.647306565098348607e-01 -8.189593582712410003e-01
-3.002617038830744267e+00 -1.631204164630190023e-02 4.514128084357905968e-02 -4.557335232092519228e-01 -5.659234079828889818e-01 -5.593442730554416542e-01 -1.989193991391716709e+00 -3.357640763440890019e-01 -3.665559859037501034e-02 -8.385724193341782817e-02 -2.222407993045019681e-01 -3.678810660873278460e-01
-3.614376947121932915e+00 -1.102307799408753342e+00 2.064172281698501699e-01 -1.694182952154458688e+00 -1.664735191597700004e+00 -8.653051153596961198e-01 -1.871515391620870883e+00 -1.859553826095441120e-01 -1.043541484581691353e-01 1.213240861608857052e-01 -2.139018562672589108e-01 -9.321413212441485019e-01
-2.783886194373662359e+00 -5.808466935317866398e-01 -2.994769636632828580e-01 4.800704241122845106e-01 -4.678540310580390771e-01 -9.503988643097531774e-01 -2.831508356958331252e+00 4.201467864538777769e-02 2.513125872378650372e-01 -4.010977571458752833e-02 2.352250733458162713e-01 -1.950527562687687455e+00
-7.032651822578161571e+00 -6.696674077514881418e-01 -2.580320663704823922e-02 -2.648901491266424379e-01 -1.182069944601508160e+00 -2.027834031143839866e+00 -1.586731752199694867e+00 -1.099822105739084732e-01 -6.443074779578255029e-01 1.203211348547321008e-01 -7.530471085670328302e-01 -3.734710470147959871e+00
-1.990095225314223226e+00 -1.158740460202902689e+01 -2.787120385449178284e-01 1.339066096790944682e+00 3.257143241309019555e-01 -1.251270417401737056e+00 -4.252280762553765636e-01 1.273658261163149730e+00 1.395113016692371311e+00 -8.085413779113237442e-02 -8.146478735706473850e-01 -5.771627080866702508e-01
-1.561475603261339939e+00 -1.762769221530610109e-01 -2.961140036369387385e-01 -3.825401949643312816e-01 -7.921955755670363475e-01 4.312131871566120545e-01 -8.555390992120114058e-02 1.380132955187879651e-01 -2.615598742537184052e-01 -1.281701178226120341e-01 -8.844232665270046478e-01 -8.654898998714438685e-01
-1.653566618064792948e+01 1.323225648715424585e+00 8.330527059740551812e-03 -1.221445027559511676e+00 2.350519559269484304e+00 5.635912253262203020e-01 -1.246545415512783084e+00 -1.045823543612362100e-01 -6.980098871136199146e-02 1.271631958507165872e-01 1.287922909553400830e+00 1.102477515142764597e+00
-2.152420328203763777e-01
-7.739849958181816980e-01
-1.418146375470791809e-01
-1.943217081114087197e+00
-4.398966445039705908e-01
-3.103103443054036625e-01
-1.252421690920896280e-01
-5.131091159471965479e-01
-2.245119238587054561e-02
3.138800699044982156e+00
-3.582556086839636111e-01
1.648330609139073144e-01
ReLU
0.1
12
2
4.379715004843028059e-02 1.615118999859487536e-01 4.645030191713729328e-01 6.452815708465483580e-01 6.188368061027550715e-02 2.085877660157332558e-01 -2.018129206029064537e-01 2.619210658401411873e-01 -1.268070991260858427e-01 -2.003728550627312810e+00 7.471921228584012253e-02 7.758361259603706594e-01
-1.005056425557642602e-01 5.262029608906459294e-02 7.801188176524646856e-02 6.352346559772467094e-01 7.261317703802322443e-02 2.965382907213545138e-01 -4.179723907249332515e-01 3.293792435446105116e-01 1.275128019548844027e-01 -1.597319937079714647e+00 2.972671304231800510e-02 9.217331327042297406e-01
1.057359553791289031e+01
1.116200876538543341e+01
Linear
0.1

ct 2024-06-11 13:29:46.178882
