noname
4
4
4
3
7.203089067081250851e-01 4.229773646016502520e-01 5.217738643016969213e-01 6.627710701717056674e-01
5.349757481902158718e-01 1.440048482242493599e-01 -3.180669668728607347e-01 7.760013788985820060e-01
1.714632698040699510e-01 7.263507141837550751e-01 2.770202690199759510e-01 1.217051714376715943e-01
5.863130735204518107e-01
9.995014364319113609e-01
6.775117484861563621e-01
ReLU
0.1
3
3
2.164162930633161397e-01 2.963958977494153268e-01 7.386417404367084938e-02
4.219787464190210002e-01 5.586800973323344799e-01 2.890523342837206799e-01
-1.379180761252647436e-01 8.053210808861880343e-01 3.263706145271652037e-01
5.256333545550345709e-01
1.260954137238099015e+00
2.891641322615565168e-01
ReLU
0.1
3
2
-2.640220656035650870e-02 9.996981025043402136e-01 2.905140611992769184e-01
7.458347269152848513e-01 3.627408412956854011e-01 4.902269141233612793e-01
8.763282588295878694e-01
9.338993675495347313e-01
Linear
0.1

ct 2024-06-16 10:50:45.846129
