noname
4
2
2
8
2.519536168437971346e-01 -2.073674330908436246e-03
8.076105787696485905e-01 7.685822163370117366e-01
1.519604742283487547e-02 -3.260413674390389566e-02
2.587030428677398186e-01 8.904911705346133521e-01
3.765427078781685144e-01 3.866450302637145509e-01
4.525353558584448987e-01 3.165612784197547325e-01
3.387912153053289355e-02 2.039868991324690350e-01
6.671100504428004729e-01 -6.596662872553531176e-02
2.150232030578196341e-01
4.818181833021133453e-01
-5.580940092806207370e-02
5.154184303623482455e-01
4.021261573912852105e-01
5.427725112855427136e-01
3.865659143656965391e-01
3.699871055078052806e-01
ReLU
0.0001
8
8
6.137562776256962893e-01 4.952574113091220975e-02 5.979236585125827785e-01 8.077689353029624542e-01 4.228432748083750248e-01 2.736901054665554223e-01 8.075142974785100292e-02 1.620388022103769476e-01
2.388736688891765769e-01 8.167174207021218324e-01 7.720470247301555178e-01 6.968456667615841038e-01 6.633142098634672301e-01 4.881183630748426316e-01 5.809352428535068807e-03 -1.031693315627383034e-01
7.798474296988635590e-01 2.977757631550042583e-01 2.203992409293921984e-01 7.262932365239771482e-01 4.589016459567334949e-01 8.672403371243617709e-01 2.258029601124678931e-01 3.892011596539726170e-01
4.967583835379020818e-01 9.990865064522875816e-01 1.027302337725028325e+00 6.931197861363608270e-01 3.326773658668111810e-01 8.261001342708497452e-02 8.210188524750022809e-01 5.478093628178011265e-01
4.288195144931432612e-01 6.572764772643769904e-01 9.932629079310624221e-01 2.539287086831891194e-01 8.123145782390881475e-01 8.969692587308036869e-01 9.535747952733312216e-01 8.656556906248543681e-01
8.909382999115152968e-01 6.468812264245140664e-01 5.152939935415349337e-01 8.241177912424699770e-01 4.960524839747704751e-01 4.618055590491034756e-01 3.630396963280800859e-01 8.912126089756031710e-01
6.898393260425115248e-01 8.196901142917037975e-01 3.037043750605570094e-02 1.359355464540494551e-01 6.598313741442014546e-01 8.157792402529628895e-01 4.034736432009508045e-01 1.518287422279019083e-01
6.307777754895552147e-02 2.582814597912588828e-01 8.703942315922414963e-01 2.536125494062898070e-02 4.950149460082042818e-01 6.074908881641326586e-01 3.523597990811177527e-01 2.324257726597599161e-01
8.463325381350309540e-01
2.151723527138368064e-01
3.394498215178086142e-01
5.153098784508151065e-01
2.324445581013330764e-01
1.885688673862755682e-01
1.061940294289204223e-01
3.729138202893030885e-01
ReLU
0.0001
8
3
2.912014418181199105e-01 2.032977690988160002e-01 4.455354310629522918e-01 7.933114500622692189e-01 3.496125031712110642e-01 9.493250508939669041e-01 2.689003369970225932e-01 1.070685115459320685e-01
7.957336895432544077e-01 2.955903740030236815e-01 3.603585140776924822e-01 2.434186727287337426e-01 4.068197142043024628e-01 8.255932689281195724e-01 2.168674591487850800e-01 8.932513223700530025e-01
8.541169754726205543e-01 8.559579063864440895e-01 5.061063889763394164e-01 1.530617646889747760e-02 -1.936540595358798161e-02 4.882062985351514062e-01 8.831066161838962980e-01 4.558683935150720790e-01
1.336880548833926097e-01
4.877184708517100509e-01
4.806013845437065446e-01
Linear
0.0001

ct 2024-06-02 10:37:00.928465
