noname
4
4
4
3
2.021675493849313998e+00 -2.897172578772287399e-01 -6.612436587799163767e+00 -3.173119937734953377e-01
1.766621589561376604e+00 -1.212655932703165407e+00 -1.102784437206886992e+01 -1.449289643237114067e+00
1.967534038107034533e+00 2.639466453213868413e-01 -5.153210126856960116e+00 3.713378425780418379e-02
1.923483468994133805e+00
2.326355961894409852e+00
1.618632941567393679e+00
ReLU
0.1
3
3
1.220719020960207901e+00 -1.313797403444753931e+00 8.827258411833465157e-01
4.077637307683524281e-01 -5.583206978986593461e-01 -4.530517005547087805e-01
7.542141243441793375e-01 -2.262843511833577015e+00 1.652080231215592165e-01
5.663175117199258368e-01
-1.970854427515305457e-02
-2.903820720779363290e-02
ReLU
0.1
3
2
9.342150924218566299e-01 4.609354735773037171e-02 5.687297864356255506e-01
8.429485047289471122e-01 2.047073818415736934e-01 6.257695183326479338e-01
2.484433670194452493e+00
1.864646551572076261e+00
Linear
0.1

ct 2024-06-16 15:53:31.572509
