noname
4
4
4
3
6.148239935884892704e-01 -2.645447382120305613e-01 -1.740088248863324694e+01 -5.983918291549525925e-01
6.193730417892908680e-01 -8.972397143311143797e-01 -1.984664746181418238e+01 -1.819450617273108195e+00
2.302758413756668343e+00 7.241745998343720458e-01 -5.817177575350267915e+00 -2.465145897836719391e-01
3.994368031459357926e+00
3.430507091189304081e+00
2.695555222294419018e+00
ReLU
0.1
3
3
1.519698429072901646e+00 -1.780228650519311007e+00 8.073485173499725942e-01
-3.893690241930892082e+00 -1.799632855157701439e+00 1.491899022270932185e-01
1.165427566532201420e-01 -2.460750785039816257e+00 -2.715589199591202374e-01
-4.288755225886952127e-01
1.127965918068710494e+00
-4.064850380676837127e-01
ReLU
0.1
3
2
8.245640850112074816e-01 -1.695091409160360163e+00 4.458510748607387164e-01
5.199581374815904766e-01 -8.329060804988421829e-01 3.790019281188653499e-01
3.176244644395409100e+00
2.808152506194943498e+00
Linear
0.1

ct 2024-06-16 15:53:57.264576
