noname
4
4
4
12
-2.450417856669275807e-01 6.744250635119086734e-01 4.057018863401295472e-01 3.067069089614191113e-01
2.843599032179183195e-01 4.354515705190709074e-01 -8.552114071284525054e-02 6.908206362994384619e-01
1.703692993803128664e-01 8.081268902711530311e-01 -1.195217537832234111e-01 9.998473584460345620e-01
3.263719738426728578e-01 2.705359319630774029e-01 -9.346492275716621057e-03 7.598907788727771173e-01
1.252248653999560313e-01 -6.111582616668304047e-02 -2.149349165866674266e-02 8.000051477991668714e-01
2.309559822260132955e-01 8.286034243093757246e-01 5.921159689859701869e-01 3.283763562533044689e-01
5.134493412482687286e-03 -1.219631109015210518e-01 6.113701049445494640e-01 5.711988922032051885e-01
5.263784533133693266e-02 6.667246618471021069e-01 4.527018929365740352e-01 3.346043167585949218e-01
1.423801127474454697e-01 4.995518152184543759e-01 3.253324576821978731e-01 7.479720079101244146e-01
-3.427854805399785376e-01 2.459663898295772477e-01 3.661686497863222423e-01 9.179182774975733206e-02
4.052197372306194922e-01 1.973345041034723080e-01 4.176170633024358647e-01 7.354150126849798852e-01
-1.989296288817125058e-01 7.819318122603058363e-01 4.376171537803114631e-01 4.248889079215887321e-01
9.759009807444998241e-01
1.807887270406081104e-01
2.762374834596318385e-01
1.905475309835265030e-01
9.040181946990057948e-01
5.123444483050904052e-01
6.482058454197844322e-01
9.194172692215931697e-01
5.147687522217747613e-01
2.428966377701592683e-01
6.114088216765548589e-01
5.881895577387249441e-01
ReLU
0.1
12
12
1.325632989097462466e-01 2.573127684503019319e-01 6.665686568223053721e-01 8.471234102292731771e-01 4.868494629161277953e-01 6.402975383057256387e-02 6.082577407936198277e-01 9.407819672162438529e-01 2.401914506134692762e-01 5.794504843724321286e-02 7.549050181247161095e-01 2.763243405420107157e-01
8.628300397489999107e-02 6.857352502542712891e-01 7.293693267395027213e-01 -1.695723191314006950e-01 7.153276446846965619e-01 4.786836218026305212e-02 4.162307765110888624e-01 8.352254530719560588e-02 2.198018862092661618e-01 5.646277056838466812e-01 2.313221744962492832e-01 8.189064986798377799e-01
8.245709075971197066e-01 2.294463133376359598e-01 4.024980831330702835e-01 9.248089188621130274e-01 4.593276809193564958e-01 6.007524803506276712e-01 3.124896472470035103e-01 5.027779556439164743e-01 8.052138339862610072e-01 5.299128750380550645e-01 7.850066635979436880e-01 3.788212235778939396e-01
4.987889738646561488e-01 3.744794008823765785e-01 5.174528328764524954e-01 4.451214340810878412e-01 3.315995827785642724e-01 7.868796527879913238e-01 6.226686635401648129e-01 6.044174689826766755e-01 1.996298733288855709e-01 5.818139348178136272e-01 9.653300779023014089e-01 3.999625692957844980e-01
1.058625672428160358e-01 5.996508591803345611e-01 2.496538051561811300e-01 3.388834427220486223e-01 2.232026560367544876e-01 2.619754911293405500e-02 4.453756156336365346e-01 3.856856701321326741e-01 -1.895755670347086252e-01 1.400169009309733537e-01 9.576127108743012761e-02 8.364037454501136448e-01
7.834892342201774662e-01 -3.867259541799912548e-02 3.041524390932762723e-01 4.942252662590494450e-01 -1.255487731745025606e-02 7.233422661563539968e-01 1.624604647367089150e-01 -6.694876259535105512e-02 6.341440716632639196e-01 -2.904169303916834810e-01 6.908159026479336884e-01 -1.762867490543871540e-01
5.061404809637121138e-01 8.023135049503395122e-02 -1.707518694595605013e-01 1.464331765567384036e-01 -2.242329658725473740e-01 4.299148343623316881e-01 2.495257983083588038e-01 -1.231350472444273508e-01 -2.807809031327728952e-02 4.657825376966527320e-01 4.727205383995226051e-01 2.041185905307933979e-01
7.239448391189129417e-01 2.840239176579043567e-01 2.605562830226582083e-01 7.459543773168636482e-01 5.262450466556629625e-01 4.790425835158300116e-01 7.394412633892341047e-01 7.683587118128709648e-01 4.699371119106938166e-01 3.855608139258836498e-01 6.197873609286959073e-01 2.229603072867456515e-01
2.915362854057453323e-01 1.776329549202570746e-01 8.808881074397559297e-02 5.140823636826903353e-01 1.041350622989485997e+00 6.544675587796595639e-01 9.694622582790658472e-01 6.304252051572305504e-01 8.831963618742499911e-01 -2.183275941571092421e-02 9.560247245336854771e-01 2.437357726732370666e-01
2.964295876728988421e-01 4.395095418325371539e-01 -2.184440670932113471e-01 4.025265991934191545e-01 -1.044014574015863922e-01 6.394976900843346579e-01 1.554405398284044448e-01 6.596043116383102367e-01 5.619348013088403260e-01 6.199849026216038839e-01 -1.664284199588919044e-01 1.992743884392316200e-01
5.372428359287165778e-01 -2.776418455525014525e-03 2.881930238575605152e-01 5.326031992742450427e-01 2.224744346410044149e-01 8.291953523707749074e-01 5.882104020248623416e-02 1.363704737155606861e-01 5.366401206293216486e-01 5.283964952774503759e-02 -2.547405334833336976e-01 3.138471767994668871e-01
4.996934536063422083e-01 6.087763004620546647e-01 4.901059255772287626e-01 6.327441549279999577e-01 5.927217558506610029e-01 2.537143555846142415e-02 1.122491313936931911e-01 1.103755755284962711e-02 -3.355779072572628863e-02 4.067737245484252528e-01 2.177977287759315719e-04 5.538087806906173416e-01
3.583835478985205603e-01
7.947705356902100560e-01
4.589496326815703520e-01
6.784558182202662380e-01
5.253598693825721755e-01
5.400285029340402554e-01
2.392094567983226450e-01
1.834289189538736708e-01
6.949335740118561811e-01
4.786484752090854333e-01
9.694828296850477312e-02
1.462342339587170970e-01
ReLU
0.1
12
2
5.297389930091028765e-01 3.114852916483929479e-01 9.351904760269666994e-01 8.619659217644917160e-01 3.686966858296170657e-01 3.122631924951598248e-01 1.844207728400524271e-01 6.592498658135392819e-01 1.050786501917651661e+00 2.574399808036193504e-01 2.610325296593205557e-01 2.263539517150991720e-01
5.865432740668775624e-01 8.020004906434626823e-01 1.637272696857678123e-01 9.024396670117766917e-01 6.153763447749112103e-01 5.674577920839097844e-01 1.362525260410093475e-01 1.455908479059318250e-01 7.391173571287618094e-01 7.439011560125997624e-01 4.228685620963585357e-01 1.705730259782641811e-01
1.038539297361656732e+00
7.546034190767745287e-01
Linear
0.1

ct 2024-06-11 13:10:43.415397
