noname
4
4
4
4
-6.322962989929638011e-01 -2.555256632966325547e+00 -2.047848509500106928e+01 -2.849586525974213469e+00
-8.621750326247002993e-01 7.600374935697286061e-01 1.129451927809426603e+00 5.130544217073595981e-01
7.348061514000118200e-01 -1.391278798115266613e-01 -4.200877312347378378e+00 2.832953868051136248e-01
4.965934834621179128e+00 2.057584943004895361e+00 -4.577167309845422416e-01 2.622442701284319000e+00
-4.466828215940028990e+00
-8.962971917745349293e-01
-1.088442327827968015e+00
1.049781341506078602e+00
ReLU
0.2
4
4
-8.968434021878850526e-01 -5.107584671411484756e-01 -8.478938169329358621e-01 -1.110163778409241075e+00
-1.016610230759398714e+00 -6.892531389062873659e-01 -1.233586907539005739e-01 -1.256232726751788320e+00
-1.208327752042554604e+00 1.591026252965433482e-03 -3.413738198735200707e-02 7.010921797224786145e-01
-4.873190307345754979e-01 -5.529628358393819942e-01 -2.850816912136651116e-01 -1.280838617325868664e-02
-8.328115564810716354e-01
3.924886035859326272e-01
1.292686690438719532e+00
-7.778111998017099571e-02
ReLU
0.2
4
2
-2.388207080930630499e-01 -3.250219828176451053e-01 1.064631665826995865e+00 8.339287733013735215e-02
7.085730814965652824e-01 -9.332292317459470882e-03 1.235299662539482757e+00 1.846949052793551635e-02
3.067589762309229862e+00
3.394076656119366930e+00
Linear
0.2

ct 2024-06-12 01:48:27.458845
