noname
4
4
4
16
7.222494997671414785e-01 2.220001116600889279e-01 1.565032264798889017e-01 7.425170683896220591e-02
5.128501127202768073e-01 3.428745754405911894e-01 6.962869404784027827e-01 7.139020346266717887e-01
6.325472329739274535e-01 9.453055741056336503e-01 5.314219124563436258e-01 4.840307725775669923e-01
2.591056853963791262e-01 4.932212209019076754e-01 9.556129469855956238e-01 4.100384308454089188e-01
6.157124260852521180e-01 8.382071363743295311e-01 8.718053636141601670e-01 7.736695388110967908e-01
4.640545723666745781e-01 1.182404954252601614e-01 3.196762813372430179e-01 4.619670405137490388e-01
4.284127531275782053e-01 6.380415619378254632e-02 3.146047246172235523e-01 1.694410165765763976e-01
4.437968703670803761e-01 2.270799798567224581e-02 2.426846593101932292e-01 5.500984242761002285e-01
6.318235752475404032e-01 3.359133442886640397e-01 6.867609315737467357e-01 2.409664924879142411e-01
8.514874503475140521e-01 1.530292054399615687e-01 6.324324798062572750e-01 7.215594268579837989e-01
5.824479553035093460e-01 3.147910434631195908e-01 5.091880137257549510e-01 4.433218814892950776e-01
1.642296428258684937e-01 2.530900512278618786e-01 4.503582504566612243e-01 5.382135068409447110e-01
1.755934810051626993e-01 9.559543504622188825e-01 9.813624741804198859e-01 4.482947406596824447e-01
8.663739314835338101e-01 4.663954298977467383e-01 9.397799697608151259e-01 3.799165125106737095e-01
1.017416971385600721e-01 5.114684786458590926e-01 7.439303705908263398e-01 7.893802478781031251e-02
6.312314247045262006e-01 5.702186853804946942e-01 5.461531440171202290e-01 3.885731968139306547e-01
4.693306011041231685e-03
8.416430073708539572e-01
4.178554857743765893e-01
3.652877032684077596e-01
1.790450259402036615e-01
6.378030956165174903e-01
4.067719108024838714e-01
1.660810024052318257e-01
6.717431073230828442e-02
8.824721832296833490e-01
2.941600664537857845e-02
3.114691420431949798e-01
5.247083508881550395e-01
5.821648779520816053e-02
4.278752728316272957e-01
8.674962578405218672e-01
ReLU
0.1
16
16
2.218337391555622595e-01 9.000264807412805546e-02 6.773039077543590025e-01 2.338986216968124143e-01 2.975570573023583743e-01 4.130336594489695257e-01 4.432083449678393405e-01 6.654564997981565755e-01 5.490193637194218379e-02 9.710499729449985074e-01 8.233967074883755677e-01 4.874800519355395600e-01 9.344705195773139739e-01 4.065500559619619203e-01 4.333090834116853918e-01 9.692275248119032183e-01
7.690703242062044698e-01 4.348174297130038557e-01 5.050356748093853820e-01 5.448871469466841644e-01 5.432580785909522092e-01 3.314826402680610684e-01 2.957953405425326476e-01 4.829368113253068584e-01 4.620382069299027172e-01 2.082784559643084954e-01 2.589572637392226762e-01 3.703610935449226371e-01 6.550333426451654395e-01 7.311671186290014113e-02 3.768451820489748805e-02 1.464149457869962090e-01
5.625743942772842843e-01 6.652368614710602035e-02 4.025296981768046178e-01 6.662286166101181184e-01 6.989295261398503767e-01 5.167348537602554082e-01 9.799958748440529277e-01 2.776181783936684244e-01 7.873943582740450253e-02 9.194225786549954371e-01 7.852366603609751694e-01 6.890113533355757269e-01 4.985958164098326373e-01 2.528606485834488105e-01 5.325229551285527441e-01 5.455789770757024648e-02
5.839462457065863754e-01 8.277788595474461220e-01 5.752184159078699288e-02 1.388810856379409930e-01 4.743933198270521290e-01 2.954729053371367709e-01 7.767022040121891457e-01 7.241711193728385121e-01 1.565393993221515512e-01 3.081857380098351751e-02 4.560527253657975510e-01 9.198233524622103641e-01 8.086050307070342669e-01 4.197692933673515814e-01 4.254634790710852821e-01 3.637480257287740715e-01
8.668672418519880463e-01 7.034126938084046543e-01 6.289245229974014251e-01 5.742843299226804143e-01 5.123475250168173512e-01 5.986344218187633626e-01 3.964698617325580488e-01 3.291192219470403524e-01 1.102491960679391481e-01 3.040203510070061954e-01 3.204295467535600572e-01 2.744240662355513782e-01 4.470278201708544064e-02 2.961641455413781543e-01 7.449540982490906460e-01 7.387142774099383358e-01
4.896729743981654837e-01 5.284222142460620608e-01 7.985307110408471631e-01 8.491703286942999807e-01 8.331112794353198181e-01 9.957009869021772319e-01 5.002450565307243746e-01 5.547020203072440259e-01 6.765565409928506746e-01 9.293920975194120970e-01 7.452267201024297405e-01 4.988915514999956446e-01 6.967715047577773824e-01 7.806139736959569753e-01 4.493127019600887673e-01 9.805584820674413393e-01
5.493575629626464840e-01 2.887695762634427954e-01 1.308975458003488468e-01 4.209014862444626637e-01 8.588262293432853411e-01 8.721771158161406579e-01 6.371522591067749763e-01 8.026534845514108341e-01 5.128507629510565824e-01 6.971670028954044529e-01 5.696351155409722367e-01 6.637248380783292712e-01 9.840009222953910450e-01 9.920719342567487775e-01 2.534970239058078612e-01 3.521679705655889059e-02
2.481732366214572938e-02 2.839963482509433312e-01 2.006538090240241878e-01 8.567747886187970785e-03 5.208267772438567311e-01 3.914772113296002276e-01 5.631728390360765113e-01 2.946212644245823631e-01 2.876807107933859742e-01 4.516434258837139781e-01 9.197773655525884884e-01 5.421479923713243831e-01 8.212010283161061963e-01 1.078941749298450992e-01 5.613312295287906650e-01 9.212743588819172214e-01
3.987046816329942178e-01 5.258271564046472779e-01 6.452180060741330436e-01 5.728540895472256089e-01 3.998331130017453994e-01 4.926582601828310981e-01 5.098450311549374003e-01 7.649941312694064077e-01 5.737058441965192657e-01 5.546999556971817791e-01 4.134643065205572121e-01 3.722731312500737744e-02 9.879043513777409080e-01 8.213444458089326217e-01 8.651310260624057724e-01 5.841015634568968995e-01
9.805451804083976652e-01 2.136541013795981714e-01 9.968144190545862315e-01 4.871063857091422200e-01 8.811061113816165413e-01 2.551568069192200472e-02 8.013400768146873299e-01 6.893685495652679407e-02 8.806920387514624027e-01 7.743370155728671600e-01 7.630346254968516373e-01 9.203340352032418625e-01 2.632935271864473847e-01 4.736526923004275025e-01 4.240926200399297574e-01 6.930773451264780061e-01
6.364505447800721250e-01 2.241780820138242758e-01 4.824786561925680228e-01 4.971470156463875245e-01 8.335620576870432785e-01 7.894488380116393422e-01 1.806109468620772374e-01 5.551980755336080042e-01 7.187614945235727415e-01 5.220423245137975066e-01 4.707771584566697864e-01 5.505072415785963180e-01 1.522264203824527096e-01 2.480496902543611881e-01 4.007462973862818689e-02 1.332363862473080474e-01
8.209000459318527287e-02 3.501811653291168058e-01 8.532032280259835844e-01 2.252607863990554460e-01 5.777324446915426126e-01 5.776753668282899046e-01 7.739350245075341528e-01 2.648406625833611416e-01 1.257457174083953522e-02 6.338369879734406798e-02 7.866179525515309967e-01 6.807642506053426246e-01 5.945688462229947735e-01 3.825171832516167658e-01 6.697761675957271121e-01 4.164052165047679166e-01
5.186758639990274311e-01 8.388080109402252793e-01 3.200501355139104831e-01 1.939883496347916125e-01 1.330390783913178998e-01 6.817424952589510312e-01 6.240715750161693887e-01 7.014342998797755691e-01 5.407157372656318239e-01 2.458329628148000490e-01 1.771746954688253606e-01 1.262959167366687341e-01 2.179762460078945585e-01 5.174864829962789736e-01 7.146674825679755205e-01 3.674397998207981075e-01
9.451154478854822960e-01 1.039002201724181784e-01 4.674774664236718280e-01 1.312289310050414048e-01 1.091477602943871084e-01 5.500669305968819423e-01 3.226520678647852858e-01 2.741025696535116518e-01 4.296947131706035927e-01 7.925816062017226882e-01 7.347635539763135437e-01 4.253927430215681538e-01 6.189245836918907395e-01 3.608282639682559578e-01 3.305901076124495575e-01 4.012761657530539150e-01
2.327405251985847912e-02 4.197757068995521257e-01 7.883065601337444495e-01 1.464207745589619636e-01 8.178973253728228920e-01 2.422836226547568916e-01 8.120110151998343184e-01 7.914977280854729180e-01 5.029610888975110106e-01 8.557536142043334904e-01 6.805150449659763678e-01 4.214970114664071676e-01 8.716361830911237840e-01 1.379599021879918119e-02 1.715141447195268620e-01 3.214880768886717588e-01
3.204526305558890176e-01 9.169726574765540983e-01 1.079598984494946068e-01 1.562992730850346623e-01 1.873976595664000877e-01 1.097370335311654843e-01 5.386770786056324090e-01 4.154007733690601167e-02 8.346771553124624488e-01 6.074596893423996891e-01 9.276945945605473698e-01 2.485619160118199833e-01 9.846424783572369499e-01 3.473865138968910138e-01 2.625861954260764186e-01 6.572406520356577353e-02
4.497144457475080737e-01
5.810697484852656025e-02
5.511250745772630077e-01
8.284670280087402805e-01
5.340585646010381771e-01
7.976869331313415357e-01
2.335234569522048886e-01
7.773949391547640975e-02
9.855281465105939498e-01
4.692408061412604026e-01
7.718710548572996766e-01
7.262211673907235099e-01
1.557337706064075844e-01
2.215761191993702584e-01
9.261963302653124508e-01
1.224686722511003634e-01
ReLU
0.1
16
2
6.249854283781683950e-01 5.133470412176939224e-01 7.189904863059197737e-01 7.623188876840493178e-01 5.362643303762268943e-01 4.309442721560403644e-01 9.107261000941211382e-01 7.164014504529324645e-01 9.707184017609454818e-01 2.079438823131379843e-01 1.874306766656430590e-01 4.016121888458907829e-01 1.699501484457112133e-01 4.561706817334797437e-01 7.264271115026764702e-01 1.841833633839760065e-01
8.407328646564682373e-03 1.888934262133719066e-01 9.843788507423012479e-01 5.792518860619131349e-01 6.322975136395664331e-01 1.756337281644257953e-01 4.442873176172570382e-01 9.046483367477090587e-01 7.890638003388048549e-01 4.943280274711451261e-01 9.786230985512374136e-01 9.814933660978574226e-01 8.849321022951436300e-01 8.888437513729129380e-01 1.565657569357813417e-01 9.503551276610801013e-01
5.620473153758843710e-01
4.330472835033091217e-01
Linear
0.1

ct 2024-06-03 12:37:26.346972
