noname
4
4
4
4
9.466082910938483641e-01 8.713589883459269547e-01 7.769253512584344268e-01 5.429537042968136662e-01
1.453598330793282045e-01 4.138724766678886224e-01 9.831035874645646100e-01 5.917653221917458239e-01
5.718860658331406110e-01 2.042657693324775314e-01 8.807558028645589010e-01 5.129295535092950331e-01
2.518329865176116567e-02 7.149268927416143615e-01 6.995359578624427144e-01 1.819694419273388819e-01
7.350788773897958261e-01
7.186146902881227483e-01
2.776384983335196122e-01
5.105630814281953977e-01
ReLU
0.1
4
4
3.161261233858165820e-01 1.264972440295419887e-02 1.821567480265002814e-01 1.477629574975927174e-01
1.863538522730866509e-01 2.149553713088973028e-01 8.423033316278190075e-01 7.819406781316208255e-01
2.819017281268776376e-01 9.481530239630608925e-01 2.226687454924066722e-01 4.979789403556238447e-01
4.083069748330391269e-01 7.653240621890312623e-01 1.695365714589650574e-01 4.411185394814475247e-01
8.520168387919789810e-01
7.124256547161051945e-01
9.507474596848640713e-01
8.391742765889906863e-01
ReLU
0.1
4
2
2.816218508095027495e-01 2.120020676343037369e-02 3.925311594249972780e-01 1.659521812851598721e-01
7.748576395384478843e-01 5.389892064076050593e-01 8.600183540850184771e-01 7.197291733969393146e-01
6.934669478163346668e-02
3.703295943305574545e-01
Linear
0.1

ct 2024-06-15 14:30:36.441527
