noname
4
4
4
6
1.320506360992178774e+00 -4.442670483980363794e-01 -1.579728154614869240e+01 -1.073884839566863869e+00
1.519239355930696700e+00 5.168334135629083503e-01 -1.174462296612128043e+01 -1.763421128434799756e-01
-1.945535319322458490e+00 6.187516941071188326e-01 2.409877685905844835e+00 -2.727227758372631761e-01
1.616610239988970354e+00 -1.154196608414492342e+00 -2.234930057305504292e+01 -2.092945312930456492e+00
0.000000000000000000e+00 0.000000000000000000e+00 0.000000000000000000e+00 0.000000000000000000e+00
0.000000000000000000e+00 0.000000000000000000e+00 0.000000000000000000e+00 0.000000000000000000e+00
4.810226835839991111e+00
3.310542853558935850e+00
-2.884031243276210521e+00
2.755058843266304791e+00
0.000000000000000000e+00
0.000000000000000000e+00
ReLU
0.1
6
6
-9.241055395919053339e-01 -2.040117295302452949e-01 -6.740060294283753972e-01 -4.602070770035535219e+00 0.000000000000000000e+00 0.000000000000000000e+00
2.702474450569807354e-02 -1.679982319999858142e-01 -1.613188859338600123e-01 -2.164624763366428173e+00 0.000000000000000000e+00 0.000000000000000000e+00
1.558627240461837760e+00 5.537908198299634766e-01 4.930349469953513863e-01 -1.599829942647073899e+00 0.000000000000000000e+00 0.000000000000000000e+00
-4.109157651505898734e+00 -2.142733154637531001e+00 -5.772894895422521211e-01 -1.634510586394581688e+00 0.000000000000000000e+00 0.000000000000000000e+00
0.000000000000000000e+00 0.000000000000000000e+00 0.000000000000000000e+00 0.000000000000000000e+00 0.000000000000000000e+00 0.000000000000000000e+00
0.000000000000000000e+00 0.000000000000000000e+00 0.000000000000000000e+00 0.000000000000000000e+00 0.000000000000000000e+00 0.000000000000000000e+00
-1.122628426264542068e+00
-2.342906918508461112e-01
1.688282812184829090e-03
-3.840529717926529418e+00
0.000000000000000000e+00
0.000000000000000000e+00
ReLU
0.1
6
2
5.061681648764658759e-01 1.853809358758992110e-01 8.589276788611788227e-01 -2.627852079282987585e+00 0.000000000000000000e+00 0.000000000000000000e+00
-1.711564642312349283e-02 9.915165841183488926e-02 7.011016798790828952e-01 3.038286746536145611e+00 0.000000000000000000e+00 0.000000000000000000e+00
1.257039412202211492e+00
1.414915159621568108e+00
Linear
0.1

ct 2024-06-15 15:57:19.533300
