noname
4
4
4
16
1.550823136270309321e+00 8.175253532651862720e-01 -1.908031669676317488e-01 6.504873076982282676e-01
8.664075189283871881e-01 5.982651462134304099e-01 9.987740762340543421e-01 5.618870844250311025e-01
5.602240600798824577e-01 3.082877607228495798e-01 1.116344568621175259e+00 4.931528083198388202e-01
-1.397452205151565596e-01 8.004156564446448519e-01 1.800718478777286968e+00 1.850984985322878251e-01
7.618560379900790602e-01 7.906091148409700731e-01 8.543524719136780243e-01 5.252242219290178538e-01
-8.924578097387667053e-02 6.081543511575637773e-01 1.226227861474680436e+00 5.730672349753107575e-01
1.744872706772209181e-01 4.155193005076550650e-01 4.423298130525759597e-01 5.395139210003090380e-01
9.139579670314279536e-02 8.041239655740118897e-01 7.198913971086858821e-01 6.309904047656506032e-01
7.400006809406532993e-01 3.192670660203758004e-01 1.237976426540884356e+00 1.334290425437749117e-01
1.445079133418385009e+00 2.209801165271786660e-01 -1.168000457893921595e+00 4.206792877026907518e-01
4.443127705155462681e-02 8.637717919133860445e-01 8.685473257735486508e-01 3.930377635055228858e-01
5.978598602937571505e-01 3.966534229034264780e-01 1.437612659716328567e+00 3.543527602263040199e-01
8.956797866370702632e-02 3.988798430034445897e-01 1.086694937056828403e+00 1.014221775867690523e-01
6.436604333959982105e-01 4.335298794889533847e-01 1.136761867198121667e+00 2.816576594120828725e-01
6.909350993380020123e-01 7.052100017595124282e-01 3.407578079451822339e-01 4.204025092928265761e-01
5.873420586036712798e-01 7.355778704113287159e-01 9.878835774376114598e-01 7.681145683327306184e-01
1.886555790532969124e-01
6.822080792592444265e-01
9.817797231822383841e-01
8.788273366550938132e-03
3.349282564242007654e-01
8.147803460772896633e-01
8.296713013845031792e-01
5.437679218398374648e-01
9.259055439305966528e-01
-7.315525498252437031e-02
4.334022435143879415e-01
7.987690796123115833e-01
1.500630997208226569e-01
3.295998545737867103e-01
1.594193693430955017e-01
9.675054199057762094e-01
ReLU
0.001
16
16
6.415663153969827226e-01 7.918199079129751849e-01 2.966036666288914270e-01 8.145980484049940573e-01 -3.097579802093440582e-02 2.108793706815368652e-01 4.209072641707423124e-01 4.126301690009939738e-01 8.106638421494352098e-01 9.263173642810508257e-01 -2.744217522310707716e-02 7.629802944436946399e-01 8.915597457279773597e-01 1.520084403736254863e-01 3.955377099694171172e-01 7.538693242531904204e-01
4.477294751254672356e-01 1.813041971599641533e-01 9.493471525110236398e-01 8.875885238961533918e-01 1.839888191925129202e-01 3.798245130515404133e-01 3.981423685759658548e-01 6.022603243781029514e-01 7.455673780017050278e-01 2.032325222314058100e-01 8.380527594226457044e-02 5.651805369766247367e-01 4.243461801695851965e-01 3.289671729651125753e-01 -1.016441351389162639e-01 3.791957420297048520e-01
6.377721242528349155e-01 1.016601237017728421e+00 3.033380505508858072e-01 8.000388371738161863e-01 7.064169070415488028e-02 4.691589355727582289e-01 5.152175573653412499e-01 -2.048222298970222080e-02 4.841712583098138900e-01 6.059489244390684481e-01 3.349731397986622783e-01 1.628211325479896332e-01 2.816768505356717633e-01 2.172548435781304077e-01 2.439598452278119167e-01 5.827860906091085758e-01
3.351016715834543302e-01 1.396063515481024420e-01 1.612158414895681346e-01 1.107298863129477118e+00 3.913496699306223681e-01 8.489230873129670618e-01 7.767957414932633586e-01 3.232518255270105390e-01 1.276387358691679907e-01 8.491032261765559808e-01 3.676380070082579388e-01 1.336204902398005212e-01 6.517241853023919562e-01 7.994727193129280707e-01 4.795238055435937508e-01 8.347351498773241119e-01
5.638903677005877579e-01 3.460173243401693521e-01 5.596949879674067985e-01 1.378644174017122914e-01 9.472894743829497755e-02 6.861461454415204164e-01 8.303274400004178046e-01 2.739051201263857371e-01 5.980862255475993816e-02 1.035721745927724369e+00 3.802746815241594969e-01 1.236548757096898182e-01 6.654591508627377694e-01 6.420288042391616434e-01 2.286081158953154890e-01 8.243086299127403427e-01
-1.739727620552585230e-01 1.504133202077065634e-01 9.741608252912531407e-01 2.467745467819975058e-01 5.703880733815205328e-01 2.246462515204872556e-01 1.133197933516093547e-01 6.219748580817754391e-01 5.432768543002756134e-01 6.163466097299963309e-01 3.847760408101496554e-01 8.083599250558141103e-01 3.630546113394739760e-01 2.231794695228508096e-01 2.077356614473859775e-01 3.643626982572922279e-01
5.920647803057551561e-01 9.150275814216900505e-01 1.224484453496899328e-01 1.036923292269393393e+00 5.464852459347663283e-01 9.096964412430701419e-01 3.505787425020615578e-01 6.663542068657161144e-01 1.474912880578967411e-01 9.466809027383186192e-01 6.075507823357788606e-01 1.667214171926674482e-01 7.956163390699305671e-01 3.139671328229151626e-01 -3.053529309846590989e-01 6.174028389348695800e-01
-2.284999550328430384e-01 6.692926362902436033e-01 1.900892671535773792e-01 5.758160726316390310e-01 4.938855332638729667e-01 8.696386541064318187e-01 8.689402027799014716e-01 9.153341333954211345e-01 3.934482616641892805e-01 6.597290724875976009e-01 9.243753808808852224e-01 7.741135688857124775e-01 1.970732719350042905e-01 3.933829157691653977e-01 -2.768156210575482556e-01 5.659018235352556436e-01
-1.294851293190642239e-01 8.159353861071797498e-01 9.611510989624947321e-01 1.087871500120414892e+00 1.260104917970666372e-01 4.177730257435170458e-01 2.622034605847646180e-02 4.389709201160694185e-01 3.875014671440622505e-01 1.480639258812702364e-01 7.460008081086518805e-01 5.481172844364914365e-01 6.152529266540656128e-01 6.702490481114006249e-01 -1.423738686712362478e-01 2.749602553616594114e-01
2.705582766441078646e-01 8.154432224738317192e-02 3.622665500490132029e-01 7.540795561157006555e-01 6.195995957510701535e-01 8.553060032305763727e-01 4.661602564957871842e-01 1.653139177247539005e-01 5.703643144703237633e-01 1.206804243756292860e-01 4.504700657802377384e-01 3.244638220351046543e-01 4.275998670988170325e-01 1.030758143679187500e+00 2.757895900296018499e-01 3.520179030971589684e-01
6.475343851863413214e-01 7.868069295232485993e-01 9.537437107721226104e-01 9.359381080091215832e-01 8.273785090601473713e-02 8.752997422468785649e-01 1.572981901518598347e-01 1.323255360954593007e-01 4.483264408626396191e-01 1.118417916544450552e+00 3.372269484819708230e-01 5.273648192860135309e-01 5.043678308189990522e-01 -2.088930108991549073e-02 -1.903137750406745377e-01 2.370772362344228112e-01
5.775338310387786445e-01 5.463103653649424851e-01 4.276270699213036708e-01 6.640798893247146228e-01 1.649841470226167117e-01 5.649868031452361938e-01 -3.602292275505274404e-03 7.185240063867402716e-02 9.137080663941712366e-01 7.683739652636647488e-01 7.796094000748744479e-01 2.663067286766426789e-02 2.268569639082590461e-01 6.254786813965104164e-01 -2.347871725462797876e-01 1.805424935716418433e-01
2.733182169218735802e-01 2.516355116264968328e-01 6.982844238063591336e-01 5.464628636734020217e-01 6.470480597064253159e-01 4.287586393960441944e-01 1.525074392671225409e-01 5.942426182667631673e-01 1.388673169258070605e-01 2.855910722465382912e-01 5.480953415203067003e-01 3.435397726430127197e-01 7.845759070810567337e-01 7.446665171141848560e-01 -1.914703534904508564e-01 1.843528486964410851e-01
2.279590655719276604e-01 5.574632338626777095e-01 5.066778849140088914e-01 5.618544510055961672e-01 3.279076083156158838e-01 1.543464771058072338e-01 8.667526930340526681e-01 2.810815888866129431e-01 1.799973722678891719e-01 7.147353411580085192e-01 3.251735563218692282e-01 7.275867604105666908e-01 -5.915736471613143935e-03 4.501571219619066588e-01 -1.559413385870781210e-01 4.891434595587423328e-01
1.013115656995968068e-02 2.972959674815509601e-01 4.374297056149917262e-01 3.575120141331812329e-01 7.773173263238333242e-01 6.970944888630852265e-01 4.843046890015505479e-01 1.895688792212927021e-01 7.458987279263540326e-02 7.422987463537742414e-01 2.199761971396918259e-01 9.668266622088085294e-01 3.955232414225782200e-01 2.908646519485048043e-01 1.108491807912238489e-03 8.863718958244142243e-01
3.251430953184307748e-01 7.208147351915257239e-01 8.755172090892324732e-01 4.095156556082240606e-01 7.127074080720101623e-01 1.355769642416409515e-01 3.394329700415680273e-01 6.265120549280173146e-01 8.623540744318439755e-01 5.370181825196699288e-01 3.902653165844904848e-01 9.403937062768014110e-01 9.961521720218070863e-02 5.490236883504672205e-01 4.613398934577915278e-01 4.124342334851705538e-01
7.692385804469954458e-01
3.958051159114100437e-01
1.295907152508707916e-01
5.884132888480101409e-01
7.501089647776817415e-01
5.558829666107341083e-01
8.869311181966523794e-01
7.365412577780269254e-01
4.946791955214436820e-01
3.242830555924111069e-01
8.107702833682529642e-01
3.467891511925066950e-01
-4.033077582960752777e-02
6.668666518600366855e-01
4.154020336299850680e-01
4.505552132487248840e-01
ReLU
0.001
16
2
9.098236924774311118e-01 3.683282893097937771e-01 9.272081445713958869e-01 7.985865058988985687e-01 4.391558922234737455e-02 3.999193892236055370e-01 4.343348086698120558e-02 5.945922452983808393e-01 6.820288210864554612e-01 5.075870409104781683e-02 3.494440803664367601e-01 8.869016464302502678e-01 6.148698645754837461e-02 2.643295577168440214e-01 1.667579189433344711e-01 3.108580677564132810e-01
3.481597650513401088e-01 7.844018798764620937e-02 1.328376697878035917e-01 6.065671278773439035e-01 1.031914573030457138e-01 5.766939668039414713e-01 6.781973633370852461e-01 8.173171276462307677e-01 5.231953172774655991e-01 6.455769751579601978e-01 -1.033790206426665401e-02 5.625194455924369397e-01 4.009012814024435212e-01 1.522506500011899244e-01 8.245603763100118888e-01 6.222106572422535509e-01
3.664658298053531937e-01
3.483243672701721860e-02
Linear
0.001

ct 2024-06-03 12:33:53.604269
