noname
4
4
4
12
-2.422135027401479235e+00 8.620476555311538114e-01 1.157370369042061853e+01 1.559867951676496833e+00
-1.426330802210165949e+00 1.042750866073280047e+00 1.374191834678407886e+00 6.040152462540688827e-01
-1.052056111795068721e-01 3.527650174645394210e-01 9.387263544998900588e-01 1.088482447429592742e-01
3.741759069706339869e+00 2.128516032489934595e+00 -5.174647751386312500e+00 3.005464004126606525e+00
-5.347718924708448895e-01 7.113038952364783563e-02 1.023311481472884976e+00 6.375677164073089154e-01
-4.554172901501370996e-01 5.550448511452430456e-01 1.919062045818803952e+01 9.054948797678017414e-01
-1.350483582895811052e+00 1.122019866545207023e+00 2.310519983615758388e+00 2.898227974684010610e-01
-3.440524770432467516e+00 -3.137324189398639440e+00 -6.765466610931460067e+00 -1.674987596271040324e+00
-7.017556854562834179e-01 7.066714500997047788e-01 2.825102462268464620e+00 2.092416216501259418e-01
-9.174236559999373597e-01 1.009222581355891490e+00 2.701091903878794653e+01 1.487726261276670625e+00
-1.240969401248421367e+00 1.096469144581412980e+00 2.843990413028870901e+00 6.161337277938253587e-01
5.193624452060523922e+00 4.295766128602875433e+00 5.180918107428796660e+00 3.397421706400492791e+00
-2.968226870682103780e+00
-1.158707695038314833e+00
-7.750193468116478579e-01
3.135505243238878026e-01
-3.776320977073698515e+00
4.551993567322883294e+00
-1.850207605319976301e+00
-1.094924639653938714e+00
-1.300739508515811549e+00
-5.581720632086829781e+00
-1.665379072847239295e+00
1.796448777320942103e+00
ReLU
0.1
12
12
-1.536617162917977675e+00 6.236725840659866626e-02 -1.690890570391138936e-01 7.877056750511722827e-01 9.167504147177962803e-01 4.755304714133658517e-01 -7.968167593104894530e-01 -1.017871378774714231e+00 -6.111449747454495984e-01 -9.142875117376917160e+00 -1.350771294402663081e+00 1.287960042047042508e+00
-5.464567962641165844e-01 5.672205349280700082e-01 6.349400467653245617e-01 -2.398458141272556687e-01 3.516140220062178856e-01 -1.745014652479412121e+00 7.574923695514404476e-02 -8.664329115454859620e-01 2.212466640397857676e-01 -5.471806052423940914e-01 -1.275027076225096145e+00 -2.508047753625866072e+00
1.721924261302427428e-01 -4.383848762790874126e-02 -2.490131138913262154e-01 6.234656231088304690e-01 -7.527455352647512976e-01 -9.476159374467332697e+00 -5.611783527210348899e-01 7.724255564416978581e-01 4.465359658724952774e-01 2.848889658113864520e-01 -1.495133775385268260e+00 4.060679109531661335e-01
-6.500647968390580456e-01 -1.601399446824998407e-01 1.271662381953355125e-01 6.456891020743388276e-02 1.512853293641001073e-01 -7.165702398769846493e-01 -1.078196871762640896e+00 -7.005653979578164714e-01 -3.281275183557340602e-01 -9.543915343150638497e-01 -1.695117542196413751e+00 -8.656545381434117559e-01
-1.625027647629923688e+00 -2.176778156914842832e-01 2.734725934080770582e-01 1.379033736159971102e-01 3.214276188216300678e-01 -2.653063915881119783e+00 -1.050282919425086003e+00 -4.043688311471831942e-01 -3.610664467093200880e-01 -1.736747147413552295e+00 -1.209778810321176401e+00 -1.203998862413431015e+00
-2.575712646182464760e-01 -5.226146383277074925e-01 3.757818802208381381e-01 -1.037892493249870540e+00 -9.035903433779568505e-02 -1.055866157869959965e+00 -5.131344247899441990e-01 -6.909060611259496554e-01 1.484210191100108767e-01 -5.009439838297687908e-01 -1.600066764050984247e+00 -2.919027609640316268e+00
-4.135714414173098930e-01 5.469724342241998327e-01 4.054786223139159596e-01 1.635074397093236320e-01 -2.856778145042366823e-01 -2.709037056846809843e+00 -7.427072883263545755e-01 -7.506811798686965354e-01 -4.138295788624711258e-01 5.451381241683137674e-02 -1.703290952738191644e+00 -4.181946127751806630e-01
-4.288616850364209143e-01 5.337852167666055081e-01 1.813063967371620067e-01 2.054498629194416795e-02 -3.374848296871916231e-01 -2.146966115014886878e+00 -8.293885007935998532e-02 -4.118805606627081728e-01 -1.130986882602043331e-01 -1.264944244863924316e+00 -1.870411143000470844e+00 -7.698097850424646948e-02
-6.280732835056640484e-01 -7.585322172491693049e-01 5.248231722505932728e-01 1.908497908026810796e-01 -4.347614710780015046e-01 -5.151617462655492252e-01 -9.284652477718982055e-01 -2.446968476964741790e-01 -7.454068569172186409e-01 -7.197818429855591393e-01 -1.555459269756598983e+00 -1.528521009691917953e+00
-7.363015644786221614e-01 1.926740500840058712e-01 4.094863826648895699e-01 4.496107225355028963e-02 -1.813525436925764959e-03 -1.588379189964887805e+00 -3.153991306033294695e-01 -3.200230130712136134e-01 2.656396132712381397e-01 8.621061313380635749e-01 -1.135858515873017893e+00 -9.267536959414642006e-02
1.661280070490018801e-01 9.898272504295254626e-01 -7.372858752188511666e-02 -1.848439301996535500e+00 -4.239814856486207040e-01 -1.376174823535142311e+00 -1.509627133726751946e-01 -6.862630876113988698e-01 9.429816463776503621e-01 2.515110747744251363e-01 -1.128526785899420348e+00 -5.700596883948361171e-01
-5.241080565827290760e-01 1.401908817548319086e-01 -1.735343719079438518e-01 -1.772786719988915127e+00 1.289115614364609065e-02 -2.475012609241114880e+00 -6.057246929747670539e-01 -1.432671947863397355e+00 -3.461766933616476360e-01 -1.461734089430790196e+00 -1.026269332085435249e+00 1.328099209009910853e-01
3.442933318561640643e+00
-5.563068681395001713e-02
3.064764336200649808e+00
-7.372713824421843476e-02
-4.953971396707683716e-01
-1.957433346290401999e-02
-3.584894821994871056e-02
-1.493404378339412419e-01
-4.175135777914801838e-01
-5.194627223378198710e-01
-7.759619073271928347e-02
3.112814704254630360e+00
ReLU
0.1
12
2
1.506400565219410792e+00 -3.538039139550873124e-01 -2.159780356020712055e+00 -9.548175524206592435e-02 3.336171466876112213e-01 -3.667403180082439706e-01 -5.803792148533490902e-01 -6.313904929447984316e-01 1.373041901751835825e-01 -3.647947190844383902e-01 -3.677624289757280840e-01 -7.261655584305329869e-01
1.435519126491755504e+00 -4.861509926924829084e-01 -1.250546855463313900e+00 -1.549702486525053602e-01 5.545264267178582479e-02 -3.367882419315880727e-01 -6.997236251426811604e-01 -4.911452236796083892e-01 7.339913932237483729e-02 -5.309047556377624044e-01 -2.183240821013270605e-01 -1.812163596642294872e+00
8.525622365202030650e+00
8.264959583087808426e+00
Linear
0.1

ct 2024-06-06 13:44:21.007248
