noname
4
2
2
24
6.566905878183146861e-01 1.009788029231216584e-02
2.544043372586227147e-01 7.026058670485664237e-01
8.012086352200951112e-01 -1.041648308137446827e-01
8.073167863146687440e-01 7.729796159753344886e-01
1.061903373232821191e-01 1.254861845048701741e-01
2.999941904853863917e-01 1.750915536099298120e-01
5.018527999600539413e-01 4.079532587324292692e-01
7.732970116404814798e-01 7.559080030684399709e-01
1.739551273976212009e-01 6.898382512273808498e-01
8.053153589641508237e-02 3.337934845670244011e-01
4.918482575100760479e-01 2.675136132479675188e-01
6.610061086722460733e-01 3.026392907502654661e-01
-3.364440583984010247e-03 2.205134425853637059e-01
3.155027365944844120e-01 6.753204291192239639e-01
4.774479176871038177e-01 -9.718596579626972987e-02
3.018742497986803830e-01 2.944677408230087501e-01
3.875379488218995139e-01 2.723574253324785310e-01
-7.881943022976146962e-02 7.333729292240778186e-01
7.085095907761255196e-01 3.652948496380470367e-01
5.780669848104096342e-01 8.716286967730120239e-01
-8.439026887782072328e-03 -2.926971475671339556e-02
7.916100969500095008e-01 8.594377723233899147e-01
3.739174148759869531e-01 4.237211193167796375e-01
6.348267036852749123e-02 7.471037885223207331e-01
5.086775207029478052e-01
7.909161128496531301e-01
-1.161334649686354970e-01
7.052726829052424762e-01
4.701642461193786260e-01
1.661473852973814613e-01
1.754121441386744529e-01
3.581283301009958175e-01
7.443004172010557473e-02
6.548650450668938028e-01
4.728733763658843348e-01
4.450165152994091100e-01
5.820319453763483919e-01
8.592106707485239747e-01
4.295325233291644174e-01
-1.147007584933491670e-01
6.712140321039566926e-01
-3.013668913708556982e-02
6.603395683243326042e-01
5.704973614686251748e-01
7.353407137523991777e-01
5.635535074644556358e-02
4.295607364019612961e-01
7.056620078565928322e-01
ReLU
0.0001
24
24
1.744591875907286482e-01 -3.940335078436259242e-02 3.066123077443514422e-01 7.950943634887928102e-01 6.732627981512037119e-01 3.020722307396052075e-01 4.894976846717421365e-02 5.142708527329192814e-01 6.927200582320257594e-01 7.407288728244763032e-01 7.083123191940389196e-01 -1.383545591385987317e-01 7.265231314879695423e-01 -1.412508336700522837e-01 7.814634896308837453e-01 -1.367456767031540177e-01 -1.215483721191028960e-01 3.356590699076687501e-01 3.862763759585712275e-01 -1.331020630490121759e-01 5.808187844852971127e-01 -7.110274805030221412e-02 8.572607397912015426e-01 6.805707079021707795e-01
4.034511798400552442e-03 7.635612790400186922e-02 1.283915862534390218e-01 2.430654310948724972e-01 8.151704357296771786e-01 3.448304999739598142e-01 3.676784663778507878e-01 1.812920277761254639e-01 -1.197851982019741274e-01 -3.905649037653818184e-02 3.120373136036319051e-01 7.451678762663055400e-02 3.373687167178885948e-01 -6.363470519843426876e-02 6.994198637496450155e-02 5.914152218703916386e-01 6.796607443118932723e-01 6.180312128248703907e-01 4.872591082998318224e-01 3.555247164833328921e-01 2.035564416252703679e-01 6.771200611252141677e-01 5.328209657732522198e-01 -1.142767966624840537e-01
8.710661683412539436e-01 7.718174149436754505e-02 6.341554775464643967e-01 3.097739612429880607e-01 5.425193143397551154e-02 4.128962764173906286e-01 5.567190989155800240e-01 5.483912580266472186e-02 1.420856469748136564e-01 2.653436761503296659e-01 3.404154215180196785e-01 3.943684824643003961e-01 2.404634629392063128e-01 3.605973649224684108e-01 7.216748919233008097e-01 3.149999912105596600e-01 4.353181522257906222e-01 4.193007221202840751e-01 7.487249768729510313e-01 7.036506810210516605e-01 2.400896147462674712e-01 3.384204839575437199e-04 2.675303063386189617e-01 3.647828200173046653e-01
6.584168040431743751e-01 5.930910818984924671e-01 7.000363927134903852e-01 3.622205698571722143e-01 7.787130965646069658e-01 6.224688931774094991e-01 3.549887431943483662e-01 6.490047040404435252e-01 7.111142515503523498e-01 3.852949280605230120e-01 1.693466312186427403e-01 4.474098561190106293e-01 4.472452432301543546e-01 9.624002928056088479e-02 6.818414349266149754e-01 6.426750215274270595e-01 7.338435903906588564e-02 5.141768198573936077e-01 6.162352177466960956e-01 3.868757651801680297e-01 4.675396737222618504e-01 5.350901246195700622e-01 6.092264175585034858e-01 1.301356961738890650e-01
-1.406818799573101297e-01 5.922942812571737603e-01 -1.465920077848354708e-01 2.608785327028775303e-01 7.119276797835377701e-01 4.412585876418614328e-01 4.130164714622652777e-01 3.514430256545586495e-01 1.236024099689964628e-01 5.962825789910494168e-01 6.112892557905519331e-01 2.082368349233526539e-01 2.282960905666384932e-01 7.203317817220158403e-01 -1.001757750670717248e-02 3.122595078655656109e-01 2.844546993394687084e-01 7.605566135183258192e-01 2.737850697582575477e-03 6.729048567728290742e-01 6.485214791279173552e-01 -1.109076521799548798e-01 5.921695816190227779e-01 3.775270435099546962e-01
5.969783629485635457e-01 6.737975668040666610e-01 -8.641722609192553639e-02 3.206562251481543391e-01 8.629733210480010630e-01 5.788691447641451937e-01 7.612086228792186438e-01 -6.918026774007784985e-02 4.034068146034642810e-01 2.700169535922403163e-01 6.121315504394110318e-01 2.197498325360524585e-01 -6.640208331692770694e-02 4.009976646559343938e-01 2.326919326836815460e-01 6.245394539967772385e-01 5.276631501946628111e-01 2.724052334833020894e-01 8.206873264866116902e-01 4.811055795067890190e-02 -1.932669536877660091e-02 5.762897269250011334e-01 3.794367482107021683e-01 6.741159700488580375e-03
-2.930551270207414072e-02 4.202982318210797263e-01 8.074193641934663823e-01 6.617757837820299471e-01 9.463375603157667126e-02 7.501245946573610324e-01 4.184262827728518208e-01 7.245753216688348708e-01 7.297582916557193711e-01 -5.696089826417005675e-02 5.315708397498172255e-01 4.109214966749503151e-01 3.962204290574503629e-01 -5.674729661895227747e-03 3.512521681590015654e-01 -4.702346387527926025e-02 4.605233623472501092e-01 2.100110211039490915e-01 2.922411637988117997e-02 7.106846302381986114e-01 3.519892156197487743e-01 -9.143803206440598297e-02 6.506967398315871565e-01 4.653749313765321305e-01
4.188383012852781584e-01 3.839011075054723499e-01 6.559144737467655917e-01 3.347759079186385378e-01 2.948583490526899831e-01 1.732179458772269420e-01 6.396513678130638647e-01 -1.598375700301230343e-02 2.609077765990459596e-01 4.195432554281942061e-01 2.053757186082581232e-01 -7.834064233411419664e-02 5.919896066588403727e-01 3.452523674643820373e-01 1.336158359063951279e-02 1.467457313262559015e-01 2.367434207658418166e-01 6.940690376993137178e-01 8.628362347949276590e-01 4.516764357056575196e-01 1.770605900053959514e-01 -7.188158748425207967e-02 2.478254383492502211e-01 4.258671181988344379e-01
4.151901918264027658e-01 1.847088972705997478e-01 6.386908191168134963e-02 8.209824002382645203e-01 2.810469082313797884e-01 1.165671087661876854e-01 2.560903861635920320e-01 5.028358655405548161e-01 6.276562237694189861e-01 2.293837644806461795e-01 5.977162015830093100e-01 3.629143119635664938e-01 7.540378498003205143e-01 8.152143488266682114e-01 6.195342049185648126e-01 2.312691150025376341e-01 6.886550206828458143e-02 3.586290951148666806e-01 5.478229264255910502e-01 -7.048666236258550877e-02 3.854598076609824231e-01 8.261148509798320605e-01 4.602181214145317778e-01 -8.869529198281179971e-02
1.404609594287720975e-01 2.644598669694396276e-01 4.974273937644135279e-01 9.085107182367049283e-01 1.607574751872031804e-01 4.530817668404488185e-01 7.412000734909197641e-01 7.245456543799361215e-01 4.259271947812014181e-02 5.099020404979848209e-01 5.945975519034999573e-02 2.098817102505637633e-01 6.471959854488756880e-01 3.617275772203182860e-01 -1.660552085451571028e-02 8.123502514430611665e-01 2.704197618557520610e-01 9.268296284379100580e-01 3.564036694963098606e-01 6.891811218444059417e-01 5.598515980152214688e-02 7.232317324517569812e-01 -3.891667495514543589e-03 8.535000874538557769e-02
7.364749177857663476e-01 3.674477079984707073e-01 4.901138118712047298e-01 2.617759392366292293e-01 8.686205284309358454e-01 3.264222437449185166e-01 7.019996210206787268e-02 4.451097845685807186e-02 8.300019578620944083e-01 5.189295594502335573e-01 7.146204836408359684e-01 3.274110064490840522e-01 4.435761909638271661e-01 2.689874148493480166e-01 2.727984697585660312e-01 6.332629990030036460e-01 7.857295928339155244e-01 -8.822658278754552663e-02 1.025657442277997378e-01 2.797331491788306868e-01 1.416249512588105552e-01 6.486088522055024619e-01 8.061719627989840653e-01 8.432755284355568648e-01
7.606843221508737818e-01 9.982816924378743947e-03 7.334985301535613678e-01 -5.903633500903465725e-02 5.765668337990958320e-02 8.369758314326010140e-01 -9.668840240841485370e-03 7.341052359397458593e-01 4.192062642616893320e-01 1.485254982119730838e-01 4.020662263748935317e-01 5.512344149624486267e-01 1.233312142962647989e-01 8.004390842404726092e-01 6.969673639462591330e-01 -1.301273376910352664e-01 -9.538280547690863864e-02 5.310655225777937138e-01 5.409486544897129656e-01 1.523426064203637353e-01 3.935234087404266834e-01 -1.006782201465773602e-01 5.777682877746765922e-01 4.744289615294270956e-01
3.825349565119831596e-01 7.955872198058143718e-01 5.050194157830648761e-02 6.761777088068547936e-01 -9.106488002667806336e-02 -5.850474819920147701e-02 4.755365821191022135e-01 7.185296000058509769e-01 1.006133934056809981e-01 3.786700933319022133e-01 7.342299673463752452e-01 2.497291155444800528e-02 5.056766406816422255e-02 1.244728305488945613e-01 -4.714669712656521794e-02 8.331715775078147868e-01 3.359668754854777672e-01 1.388007783521362226e-01 2.956215224329878377e-01 2.829754669363137021e-01 1.965027736267888070e-01 -2.268208662166017534e-02 6.447041273619243951e-01 7.923408555721873636e-01
8.167737712894245217e-01 8.308823306395202168e-02 5.593410255249908758e-01 3.874507671369863959e-01 6.512607862013591875e-01 5.679798046516523202e-01 4.872841488608507521e-01 3.814698691814173426e-01 3.533393186451441181e-01 7.047248519717143334e-02 6.562554851195203653e-01 8.986187277071810975e-02 4.774412206410767467e-01 7.212574856248641364e-01 2.594342905572227242e-01 6.265981897520206401e-01 6.982927599317166889e-01 4.103601656479365922e-01 -4.543961922533437670e-02 4.433259436200234771e-01 1.357591306219267380e-01 5.000072797105238331e-01 8.190396511599121743e-01 2.771163521460623946e-01
1.850933919446618448e-01 2.164217706596089086e-01 7.837424988164423123e-01 1.836572402333837839e-01 8.552561353131246102e-01 7.026715689531557452e-01 2.650311265003956751e-01 5.380972305513509468e-01 9.007240014436131148e-02 5.060238529881860847e-01 -4.473806732045593204e-02 3.561284802573032593e-01 4.052502461281498602e-01 7.819982024607020632e-01 8.494857487420571784e-01 8.711058464285184044e-01 -9.028349211743592895e-02 6.238956036964400376e-01 5.430182786039589038e-01 6.602621174910722202e-01 5.361315401167446870e-01 5.634075459182467244e-02 3.942015773184427418e-01 4.315572753209699908e-01
5.359486856964201795e-01 2.269523595830785501e-01 3.437289253832512270e-01 7.679160905243784807e-01 3.942116464337882230e-03 4.951993063044241028e-01 2.842148782196524115e-01 -9.724753303084622547e-02 3.153110804308376092e-01 2.555204848444849741e-01 3.869447645886060494e-01 2.543441374304205582e-01 3.874345744158467220e-01 3.043083035360646393e-01 5.328855785476016571e-01 5.047558846655119114e-01 6.508173990903173278e-01 7.731247260591735115e-02 6.770893520761392947e-01 -1.113529627620995777e-01 7.673423330097471906e-01 4.220538590164240045e-01 4.812507855703698212e-01 4.401452885410984117e-01
-1.202681527588173316e-01 4.889153840320562550e-01 1.825911927710206217e-01 2.157174684369496109e-01 8.002710556377241602e-01 -1.359995863480553957e-01 3.505857420559013726e-02 1.282303852592836524e-01 1.746847650005372010e-01 7.392021436862328265e-01 2.619605074798281308e-01 -1.159537820952655368e-01 6.835158911303820251e-01 -1.085316826299698723e-01 5.114782319613267458e-02 6.019131782880154935e-01 2.786343097239242159e-02 2.245665965011021670e-01 7.613678090984241642e-01 3.558041471265570577e-01 2.826086735625685797e-01 2.785646923817863829e-01 8.380921815019680421e-02 -1.487080517102057700e-02
8.178712254349589372e-01 1.554390090667661928e-01 4.456546526056924251e-01 2.923484143377206856e-01 3.472581178856269379e-01 -2.722963676512879863e-02 4.457984638518992515e-01 -8.837838058010420716e-02 -7.711924895121950729e-02 3.115115129052684617e-01 7.474628087554614497e-01 6.055670887951002390e-01 2.115533571172160399e-01 7.778303817382283825e-01 2.740142529236302416e-01 3.749233353009848863e-02 2.991648771963337783e-01 1.796898460600661884e-01 5.733089090069113380e-01 8.336210999617637007e-01 6.656792721986605488e-02 6.282751915465717429e-01 1.369854523731373341e-01 2.656332832716015169e-01
7.817380559421591713e-01 3.848437260082980260e-01 -4.688767254383294919e-02 6.283633924160845208e-01 1.755211960475741573e-01 8.454649556691178347e-01 3.631555110716317980e-01 1.626565289666629388e-01 3.061343337604952586e-01 3.116926818279636691e-01 7.813609079660168710e-01 3.181740757561403732e-01 4.123129811191298399e-01 3.575792814960143673e-01 3.431455049594542839e-01 4.871707279121215706e-01 7.756279761051301236e-01 4.531167607602113456e-01 4.481604793538664366e-01 3.790188535248359414e-01 7.112140558377652022e-01 1.741418434389732095e-01 4.542485124170307365e-01 3.555749508384434265e-01
4.165947795672911846e-01 9.264729090046085469e-01 8.026712603529110313e-01 3.311645013449193015e-02 7.838828444075295332e-01 7.256556669469629295e-01 6.513438776618586390e-01 7.197618444064398657e-01 6.415923926150032264e-01 7.558828840278239980e-01 3.111900754437020855e-01 8.619010581227990464e-01 7.921508303610615975e-01 8.352946254138852167e-01 8.226840679557628766e-02 5.246700539879574077e-01 2.604355701654474942e-01 1.331399165629257308e-01 1.235192806473501548e-01 8.856169420015775895e-01 4.688777654686221985e-01 1.050499673707632892e-01 5.458381212593933079e-02 6.852876561703882263e-01
7.302154737532134954e-01 -1.041214397291196497e-01 1.035100013410107656e-01 1.592354576005164946e-01 -3.604834319169169382e-02 8.792935009202119956e-02 2.777368421394415532e-01 4.354638231321717456e-01 -9.974502232615702069e-02 1.758375176597373468e-01 6.419975977496785724e-01 8.188520054655923364e-01 1.568112290194801639e-01 4.049738532036686878e-01 7.119953105516254599e-01 5.215363157469005140e-01 4.838410445865883314e-01 3.789039118308829002e-01 8.286733450153943581e-01 5.322864436658266696e-01 5.421171998558805827e-01 3.708574554565546855e-01 9.538539796493909761e-02 4.182838329744635320e-01
1.333202079050351263e-01 4.840978464228354872e-01 3.469157639317679842e-01 6.293385707053249511e-01 2.386875206819643880e-01 1.373257082381556526e-01 8.091540711462662516e-01 8.595565173590313801e-01 9.044975116890986711e-03 6.803266520597744949e-01 1.083699327586874345e-01 2.690901413370923589e-01 5.911719128925403410e-01 3.559612301093896258e-01 7.316403985675878907e-01 6.960841993601972755e-01 4.704297033081430435e-01 3.739339964157641777e-02 1.525328880982979307e-01 2.190098889670037130e-01 8.329228116757509959e-01 1.760897034530536642e-01 1.325550580629350494e-01 4.246573376171741687e-01
3.525313670806098226e-02 1.467818500675649729e-01 3.422251232004205335e-01 4.000414671372709008e-01 5.588928262012756720e-01 -8.619318161197066924e-03 5.456227289204971242e-01 6.988458405308797250e-01 -4.332860289276624366e-02 4.417821810137339544e-01 3.102322878912717324e-02 2.213331701018671216e-01 8.728989316033096690e-01 5.130780059087025613e-01 -6.443594247921273499e-02 5.302385205525644851e-01 5.217247915218525128e-02 7.013350753856499864e-01 5.189409318017854655e-01 2.151649259783049717e-01 7.115094083572700567e-01 4.225428813676632145e-01 8.792742621230478228e-01 1.933862283649280187e-02
4.761220373289400953e-01 3.403363403611490146e-01 6.590339109329781397e-01 3.268558120394804423e-01 7.456082987105849824e-01 -4.870494672356098786e-02 3.375016623858265175e-01 8.064792633619544127e-01 -1.345892747972550485e-01 3.116338553649157239e-01 2.549372979067361378e-01 4.559855698880088126e-01 6.327815778600519581e-01 -1.427585414243510986e-01 4.409367921412164493e-01 7.315485765485884029e-01 4.399899036866955493e-01 5.693867266005790684e-02 4.581810428993057238e-01 6.261616434769923245e-02 8.238529280669909527e-01 8.688422272598159135e-02 4.445901045837397092e-01 6.960634847097739719e-01
3.102932947388276075e-01
7.397202010201094913e-01
9.369420124307897835e-01
6.239976812378471571e-01
8.037462323775725892e-01
3.108643847974630892e-01
3.785931751695965630e-01
-6.417093371340641672e-02
8.057329770023043958e-01
4.219877211837078784e-02
8.451521084404327588e-01
5.617166829565318764e-01
6.097792996449395986e-01
-2.236223156138748142e-02
3.944178624287014018e-02
5.486556597804100738e-02
7.170319903657738081e-01
8.250452745423304535e-01
5.774054201692386812e-01
3.472978459344195357e-01
3.463889658296774865e-01
1.658487136097843914e-02
7.825691264721299500e-01
5.019157882920937119e-01
ReLU
0.0001
24
3
2.907864124844682929e-01 -2.088054648317607537e-02 2.410049413691049414e-01 2.662621443964593437e-01 4.452917091112727072e-02 5.108663576164652609e-01 3.868885533435100221e-01 7.182125174609893525e-01 4.372413894601528961e-01 8.627643340704004293e-01 8.487087565288931046e-02 8.444547952003890190e-01 7.055060002988265966e-01 4.901984064307071676e-01 3.761982425142980646e-01 2.430969916961053523e-01 2.893270015382837235e-01 5.232740415898308184e-01 6.953553343036719125e-01 8.550132709759905580e-01 2.833961675142431802e-01 -1.607013049548947428e-02 4.190961183329203754e-01 8.745987410322194622e-01
5.733726623177323178e-01 5.917405867914953266e-01 1.357993688704910995e-01 6.261983928154101209e-01 4.875881910875333181e-01 7.955445897953375423e-02 4.161535311864328346e-01 6.282537433982624542e-01 6.272456723040572557e-01 3.555395747233852100e-01 2.618203474301021294e-01 3.129692284473172270e-01 7.933151148232039374e-01 1.995703863039560988e-01 9.122308631649543864e-01 2.774390196409197151e-01 3.681920319646150297e-01 1.979479581836788016e-01 2.424185332272925097e-01 4.739595689036565362e-01 7.611740052021471747e-01 6.929942163359942287e-01 3.741592425078038020e-01 6.398695823515736514e-01
6.706848780270808774e-01 7.981888072015229652e-01 -8.897712754223660592e-02 8.043620619001466965e-01 8.579828826284110477e-01 2.851778476504125415e-01 4.050207816783323866e-01 3.679619259547871613e-01 7.184993405242190434e-01 -9.239739528647906985e-02 1.656474297030047782e-01 6.899428109742705706e-01 7.409504825088870650e-01 3.260800615034951111e-01 7.585553191771996495e-01 5.240689236573597976e-01 7.151565719617014594e-01 3.135245656043803009e-01 5.202214728330563087e-01 -5.709412875002604915e-02 6.780224761732916994e-01 4.429628189111137204e-01 2.712299516353273710e-01 7.754094989331608012e-01
-7.907845485411417463e-02
9.130231409860856129e-01
6.674397501812020517e-01
Linear
0.0001

ct 2024-06-01 13:10:38.541696
