noname
4
4
4
5
8.643338932440515210e-01 1.712454044828944033e+00 3.036486947811160686e+00 1.184309963784750730e+00
1.431738577384992217e+00 2.794215826140579173e-01 -3.319551197232697981e-01 1.277621469406924781e+00
-2.405986507958816301e+00 9.366759991326604196e-01 6.663184874024785209e+00 1.077721764201101440e+00
3.704991530759850216e-01 1.221527166547760723e+00 1.603081829663342894e+00 2.695804249903986927e-01
9.915227107144830576e-02 5.992565883255697168e-01 4.552208537484688788e-01 6.485751307859791703e-01
9.908527717275830149e-01
3.067105020855134812e-01
-1.834935091856482625e+00
3.518309178479645666e-02
7.157705932888880351e-02
ReLU
0.1
5
4
1.717883215121539242e-01 6.502252747079273476e-01 -1.192537039503637875e+00 -5.971458006516530692e-02 3.310306767887171708e-01
1.936254482484487671e-01 4.887347371935715779e-01 -5.705878281298092380e-01 -2.875847912729064260e-01 -3.650736783822095544e-01
6.949141248653045722e-01 3.251191362059121515e-01 -9.568063645761175628e-01 4.690200685488570831e-01 1.143894333726659836e-02
-1.229873625105370127e+00 -2.755990434475205086e-01 -1.205811334057148992e-01 1.441765638689625484e-01 -4.038525243481762006e-01
6.870762694697257755e-02
-3.127754994479275963e-02
2.889227431681557490e-01
5.766086308932608651e-01
ReLU
0.1
4
2
3.014730643543083732e-01 2.453205376046645458e-01 5.642881230621642485e-01 -3.927664435429472078e-01
1.674020223618779002e-01 6.389055453671046991e-02 5.726275385171705201e-01 -2.822826953367674752e-01
2.108058789545106837e+00
1.998315020358629734e+00
Linear
0.1

ct 2024-06-16 23:22:50.516967
