noname
4
4
4
8
4.708112303616378003e-01 2.621671662489892807e-01 5.834585377011668461e-01 7.749015537308800994e-01
4.876643359786265175e-01 1.195478402076120134e-02 4.570989802654951140e-01 3.091464807142799698e-01
5.767593272723000597e-01 2.666026195086328987e-01 1.241088170113118005e+00 8.104790489525777186e-01
9.186633338903695822e-01 3.637382886357853895e-01 8.052503969079874979e-01 8.718214565820596729e-01
7.593427704405950607e-01 9.068059431301157547e-01 7.902284429625814344e-01 5.404495486800253712e-01
1.231189968051255246e+00 5.048136906835894999e-01 6.266356192054147733e-01 3.932512353508930136e-01
9.769476577241840154e-01 8.792936481451656405e-01 5.388913292123490573e-01 8.291739240874678174e-01
4.119087860286936853e-01 3.976860076704941127e-01 6.469079603522048805e-01 5.956637631826240398e-01
3.685508779867275320e-01
3.547982856528747453e-01
3.895913966085350899e-01
7.652682465382774080e-01
4.330429606521197794e-01
1.393637949427338485e-01
5.667557262702814791e-01
6.948356670793142120e-01
ReLU
0.2
8
8
1.100922132247081076e-01 -5.295405236767305457e-01 -5.634917991668899617e-01 -4.483644039099362599e-01 -1.098031733242865515e+00 -4.458051188803200393e-01 -3.565406110630482961e-01 -2.537655116046546588e-01
6.853444501901383434e-01 9.733541529665153125e-02 1.358164992032799279e-01 2.382586385446200383e-01 2.445743847998032849e-01 1.815663159274879535e-01 -4.061473851456122441e-02 -2.627853952100217896e-02
-2.928097089298383748e-01 -3.564617797943901989e-01 1.944240050587624224e-02 5.432175557646985453e-01 -3.361746855072236251e-01 3.993115265886411636e-01 -1.179135554864552959e-01 1.300691049593171722e-01
6.615307078559550247e-01 -6.269563833691782495e-02 1.955051395961449889e-01 6.091309599678093045e-01 2.999118596995608566e-01 5.094859095207211752e-02 1.669114131481343744e-01 9.987269144101318386e-02
-3.188119353664656819e-01 -2.034758395842426459e-01 1.432569464146326577e-01 4.760317311400986684e-01 5.849135732892470768e-04 5.908641305179580805e-02 2.671302569281284733e-01 4.207503511454065981e-01
1.998220349507318083e-01 3.209924857550165433e-01 8.938271142120611523e-02 7.741907609800533496e-01 -2.999049256450242798e-02 -7.608096086385732204e-02 9.192897002128505024e-01 4.267819276747641388e-01
8.655419313649360680e-01 2.812135497330039424e-01 1.791930132298840683e-01 3.685443438614620093e-01 5.076083665110250331e-01 7.922042951473620143e-01 2.783665284870299669e-02 1.764738126406989738e-01
5.471228530781886423e-01 4.960816771141641213e-01 2.213303407515941068e-01 3.004142406906148421e-01 4.017947108484598573e-01 -2.487596189928055757e-01 3.592106892778073046e-01 7.630344265709870788e-01
-3.808864248723665691e-01
1.094784273279037157e+00
8.844771124196975087e-01
1.199662542851320124e+00
3.161663780720432304e-01
1.316454475643745958e+00
8.463221732135360886e-01
9.525748984407469422e-01
ReLU
0.2
8
2
-1.476249216196280911e-01 5.769341765175930448e-01 6.737233041100204600e-01 8.664434655997820256e-01 5.156291528324936646e-01 8.139856247890644436e-01 5.356430256580703153e-01 7.921704313418460597e-01
7.603669204550337346e-01 8.270989111350897094e-01 6.805478256941324133e-01 9.635849530092646109e-01 6.234012420732356619e-01 7.597031931546250894e-01 8.849057371666403382e-01 6.622509038553395788e-01
1.924102074771144810e+00
6.037465924225073888e-01
Linear
0.2

ct 2024-06-12 18:09:04.367609
