noname
4
4
4
12
2.260539613271510817e-01 3.120710253393791378e-01 4.405744397971816939e-01 4.733591144118254324e-01
5.656835768603996062e-01 9.660179089492709759e-01 9.684783293216059352e-01 3.564941823061449355e-01
9.691490244133834642e-01 2.367004535424533374e-01 1.657087193851534690e-01 4.942754990185806441e-01
-1.480654882187865812e-02 8.527395886537376679e-01 6.708893272184667245e-01 2.429733114781337522e-01
8.668417758166215847e-01 7.924860475347867972e-01 1.131658342387936445e-01 8.441434484269353389e-01
7.420570174732554758e-01 2.773884731672409676e-01 8.178889004720764078e-01 3.549929471646284251e-01
1.014002307490183608e+00 5.151900753037822467e-01 8.680424771462555977e-01 9.213002354058137389e-01
4.221326268925008618e-01 8.766108943030104239e-01 1.009187471225785782e+00 2.186708663271157982e-01
1.890859355874431325e-01 5.904719998392992109e-01 1.430843915734272276e-01 7.604502195151524591e-01
5.997628959007380578e-01 4.641007998881468977e-01 2.196754681989662727e-02 4.405398579255139224e-01
5.173674647194980158e-01 8.683477979224166199e-02 6.937657409933490893e-01 8.559624688328116848e-01
6.043158488225480740e-01 6.472482776695789308e-01 9.773872465136239363e-02 1.265954663002047120e-01
8.157782203544400312e-01
-6.354355876816561964e-03
8.784372052907885031e-02
2.184715846088405161e-02
2.372400474964697914e-01
4.636219268961767614e-01
9.923407046597080283e-01
4.145400298717697996e-01
6.879186873410191305e-01
2.949452435009294882e-01
6.665989549645322532e-01
6.845922735223683997e-01
ReLU
0.001
12
12
9.445270264528815574e-01 6.862514670699157993e-01 8.568281309008030089e-01 4.853101360178856960e-01 7.708168656686469576e-03 8.384178394261914136e-01 1.283134102128791476e-01 5.015527168614072329e-01 2.188906584426670021e-01 8.548509531435307673e-01 4.683315797903924715e-01 1.326566263711513594e-02
6.406833468376165186e-01 4.378914236681539784e-01 3.414611332104436348e-01 5.783451412536459030e-02 7.515389073111737872e-01 2.571107443227739764e-01 4.906083352533588959e-01 7.733043768233546222e-01 9.752592081659063050e-02 9.644989601882499874e-01 6.121843789625297516e-03 1.108899299738881766e-01
3.106084767642399921e-02 6.757527277022385981e-01 8.282195030559803550e-01 6.127996655660921110e-01 7.522261231785323798e-02 5.274552485593184681e-01 8.606474800029811911e-01 8.277435542801917512e-01 6.683827350357137709e-01 1.215592172253584929e-01 8.938263724371742214e-02 6.673551541259467590e-02
7.914549139990648685e-01 7.048877882551210505e-02 5.621594725548050286e-01 7.512621376599883938e-01 -2.439340549709964959e-02 5.433421396794708702e-01 2.589076312196777474e-01 9.044213187207400528e-01 9.034910383724817917e-01 4.084885578853756916e-01 5.668060059661415018e-01 7.645334138352493092e-01
8.059976248131808796e-02 3.173059198374401646e-01 7.040592391425516405e-01 2.569122941602097199e-01 3.376226609938531853e-01 4.018234745132966967e-01 3.145175444765864747e-01 7.471603147911698439e-01 5.854826503044874286e-01 8.893376871424435448e-01 7.796008174540722813e-01 6.806777426480492554e-01
3.874370026942925427e-01 7.414921919716006560e-01 5.092381686457251311e-01 2.097190540069568121e-01 7.399161591789407133e-01 1.877413972539915613e-02 1.755862491339693354e-01 2.657545780379834133e-01 8.495078284375615629e-01 7.807055812776657611e-01 4.279515022913369382e-01 8.453102589093742791e-01
9.458058210981432623e-01 2.493753959788072294e-01 4.515406296321978763e-01 8.622463051911483101e-01 5.861071630171703628e-01 9.532746197129332577e-01 5.612070929019142840e-01 -2.498722348872835231e-02 5.248331361780530502e-01 5.437130911347176632e-01 1.746140869778546600e-01 5.354970022639106153e-01
7.424858941603770246e-01 4.511357238299935624e-01 6.548916542112894756e-01 5.275095746151815534e-01 2.307853658543619624e-01 8.692898909335333713e-01 4.694382754851627593e-01 6.133969077514970364e-02 5.815787844825728303e-01 1.327493180353339353e-01 8.080449030169434277e-01 9.113103644651127100e-01
5.656216994216147764e-01 8.695970322174249034e-01 2.552745178521756420e-01 7.858208028418073310e-02 7.943280796627720797e-01 3.956721164705304661e-01 9.382030607484483919e-01 8.866822929244468909e-01 8.164954556602984637e-01 7.030255869472900043e-01 9.327675604058520420e-02 9.022600162931266876e-01
5.802232371671802724e-01 1.687484702709130258e-01 4.513067344863125850e-03 6.468906594763632611e-01 9.766868363442944567e-02 8.508255455854866200e-01 3.098122511705703186e-01 4.560208220486511310e-01 1.565612934093587039e-01 9.150793423572552987e-01 3.542308310165345198e-01 8.893755996451364609e-01
1.927450329796047690e-01 8.069956285941897178e-01 4.821967223843305339e-01 2.458257528278997017e-01 8.108406802398594460e-01 5.659781750393021865e-02 5.749569833107566197e-01 5.959281898929006394e-01 1.406761824113900682e-03 6.097093607846035823e-01 7.522329435854632762e-02 5.882316168637969911e-01
5.350688332725711538e-01 8.122948918283058317e-01 7.737696908838970211e-01 2.705891017596750436e-01 6.071166723164291845e-01 2.829677972101094507e-01 4.814490783809659002e-01 1.089629970927074448e-01 7.775350115710834009e-01 9.659352140239785278e-01 5.299924172630913199e-01 2.382765292438568938e-01
4.924277658299267002e-01
4.675090721035387586e-01
2.622071236537520597e-02
8.782337329532329262e-01
5.356965060912698418e-01
9.361179519828930484e-01
6.777498679786368996e-01
9.879631146927837504e-01
4.038374012202453067e-01
6.040461748176151335e-01
8.711151429307997240e-01
2.287226142103436777e-01
ReLU
0.001
12
2
6.310956045909819068e-01 9.683741880047772588e-01 8.434453969350014235e-01 3.732767765756446754e-01 2.585915437443767617e-01 7.450251570556428726e-01 4.183935624616399451e-01 2.798433190700460038e-01 9.246688174634847268e-01 4.696886741390633724e-02 7.705451730551441392e-01 2.086729127151583651e-01
4.831168959606336744e-01 7.963680063144717991e-01 5.082146269488421186e-01 7.142438792144789605e-01 8.928921183826594721e-01 4.675071240739422374e-01 2.284889826911483124e-01 2.192363087350999440e-01 7.629535118721400000e-01 5.188718373946257234e-01 6.395792883065953838e-01 2.484226844954484370e-01
8.968705007638384519e-01
9.193527670304788013e-02
Linear
0.001

ct 2024-06-03 12:51:35.401227
