noname
4
4
4
12
2.309977445306665267e+00 5.177747933183576290e-01 1.902961576062300042e-01 1.061529629550385545e+00
-6.023290717524956150e-01 1.084157848848694705e+00 2.002256687944882430e+00 4.252926276901203284e-01
2.749364374580239301e-01 7.612086777861872822e-01 1.287080993373372673e+00 2.873302436990762265e-01
5.412010667505298134e-01 1.421160640518601692e+00 1.983455682266225262e+00 8.867952175110049851e-01
2.829550701054933892e+00 4.994400402509205361e-01 -1.067614101811021676e+00 1.052116789170499667e+00
1.413391224622976949e+00 9.039841697848225444e-01 9.283612396122907784e-01 5.183357646530322160e-01
2.929303820626555921e-01 8.128544710326081058e-01 6.852061957042753226e-01 4.715402917808517169e-01
6.250552244931740775e-01 1.316771026118859877e+00 1.639443751931770832e+00 5.872857489397657060e-01
1.982618975907030956e+00 8.588359011163497758e-01 -8.093170190560938781e-01 7.430220620325878045e-01
6.249890104552227044e-01 1.066129113091184299e+00 1.625847949423529837e+00 1.164637893904374444e+00
9.035679454242898645e-01 1.664147029410832035e+00 1.822650758291590734e+00 1.230588356185333021e+00
1.091149700657238625e-01 1.457240941568857195e+00 2.264357379649119650e+00 5.089049078634330092e-01
6.369529513825898936e-01
-6.056604163691533538e-01
-1.168090073967150422e-01
5.859357071429973640e-01
3.274508846685115770e-01
-1.340776162145505546e-01
-8.369225669593743921e-01
-9.032554991471479777e-01
-1.732924932368549442e-01
1.160529135830670633e+00
6.306193107554133315e-01
-7.767298104306319395e-01
ReLU
0.1
12
12
4.141973892451731309e-01 1.018513148255263845e+00 5.970824716197106197e-01 6.831293766294610492e-01 4.809450219186372499e-01 2.053409085947528745e-01 1.821639328507342892e-01 3.030019218749087639e-01 3.151742018485758495e-02 5.819398449071612189e-01 1.041876062885623178e+00 5.107869045403401476e-01
1.699138621759751777e-01 5.852466548083926634e-01 5.359706018574555281e-02 2.762081599331759341e-01 8.576926411322186028e-02 -3.724206513771893823e-01 4.862390598959073079e-02 2.724049361034853178e-01 5.199335295104582366e-01 -2.027025489361158062e-01 -2.489809082956139230e-01 -2.191600753931320922e-01
8.616441571574280367e-01 -3.733379763751262098e-02 6.706812396154990252e-02 1.108590389905436263e-01 8.951349553335381515e-01 1.749031809114897640e-01 6.000150822031972142e-01 2.348063168278168023e-01 4.269263455918959060e-01 1.260747516729489037e+00 8.486724643013489056e-01 4.236339529379967717e-01
-3.423978176769374437e-01 2.086310735845850195e-01 -3.201295002119301097e-02 -8.605752600276207753e-02 -1.252516068309826591e-02 5.691495306265548226e-01 -2.257330295770506312e-01 -7.767727706707484858e-02 5.090969100037924244e-01 -2.946739575570254677e-01 7.605899048337901557e-03 -8.960862437852273529e-03
1.816439518109998208e-01 -4.034711763656981809e-01 3.751784780787392748e-01 3.076446945331118635e-02 1.177498027749377674e-01 4.495979755482990559e-01 -2.523595124100096523e-02 1.809189250894397416e-01 -3.781352931953123608e-01 5.185476959876501590e-01 -9.485531228681581828e-02 7.008729323401953482e-02
3.218435566867918207e-01 -5.155598573749727853e-01 -5.741629169481023975e-01 -6.718929518547963609e-01 -1.971232674112657346e-01 -8.447116026744347361e-02 -5.638695377752990234e-01 1.328061153398300553e-01 6.635649412966226901e-02 2.017455227178982791e-01 6.777363915452178089e-02 2.825072186951796960e-01
-1.351890746446197389e-01 -3.413882250939204166e-01 -9.620546851388300791e-02 -6.536543174202555928e-01 8.547333777133357680e-02 -7.448639339536926585e-01 -4.554611561211788229e-01 -8.748357303852106748e-01 -6.585888226716206661e-01 5.549226230490871600e-04 -9.458761887408945190e-01 -5.094615657893643013e-01
3.023650396220109449e-01 6.798351127177479913e-01 -3.789438708943147494e-01 2.929756118380770213e-01 1.166104866670658689e-03 -2.674478696447642467e-01 2.061642841986739139e-01 -2.200446050339865400e-01 -3.338583437234309281e-01 -4.961634823150213452e-02 -2.076837209391576566e-01 4.072773051145099354e-01
6.903367043706188921e-01 -1.911635793875783862e-01 -3.680006971254892734e-02 9.433973449558338276e-01 2.792510542949271368e-01 7.794077199103906228e-02 8.291465282813212379e-02 -1.890355775592654150e-02 1.721277800689204399e-02 1.231459214010418357e+00 6.860355300380904797e-01 2.687629529160364683e-01
8.000425431288470390e-01 -6.831661077482731326e-02 4.794723741266862516e-01 7.544548730358090483e-01 4.359627341570295606e-02 6.468085142513251284e-01 9.150485432667568308e-02 8.181469442064315256e-02 5.827307602114665391e-02 7.773590853325985650e-01 5.361886040028063238e-01 4.274545136820459001e-01
3.021530796416647176e-03 -2.414931232817436046e-01 2.867955358496770413e-01 8.615464164510049094e-02 2.740990213099893727e-02 -3.125754622740354316e-01 -1.646606343595786726e-01 2.699085160609034917e-01 -2.194270721106483801e-01 1.361189066775220780e-01 -4.691824590113273241e-01 3.318254889409463781e-01
-1.198333859255716616e-02 9.769504148646498964e-02 -2.570407346447796046e-02 -1.868996621290125171e-01 2.770885973366689070e-01 -4.269121520815690740e-01 1.884619820286277114e-01 3.124535328740720916e-02 3.235791448942266779e-01 -3.815083565063823179e-01 -2.478397283451979488e-02 -2.998185910029383394e-01
1.211570980692398880e+00
4.551013358252135044e-01
2.045841395682258756e+00
5.041296516973419184e-01
6.614001824346664726e-01
1.435213848255953550e+00
2.076546941071135410e-01
1.346243906906101184e+00
1.701934340876275709e+00
1.882124977019053347e+00
1.391265259859142622e+00
-3.393393165183179825e-03
ReLU
0.1
12
2
4.176896032961824323e-01 1.873228024506133280e-02 1.020483553381433373e+00 -1.084909437264528070e-01 2.570513459269276324e-01 3.993093159610255904e-01 5.226750396546197414e-02 3.172183083477211896e-01 1.143260320620655301e+00 6.209429534491578417e-01 3.165385824536092185e-01 5.732587089136852165e-02
1.025922866868863581e+00 1.121809413336032346e-01 1.054142959105362376e+00 1.024634873802117013e-01 3.183081749487964296e-01 2.567080161524774584e-01 -8.792307794187446957e-02 4.007891692068704659e-01 1.339512892197163962e+00 9.498580598187255086e-01 2.544385709202254264e-01 2.383816077453215429e-02
2.831355680863392177e+00
2.720987929040246556e+00
Linear
0.1

ct 2024-06-10 19:59:20.338590
