noname
4
4
4
3
4.592321640867219057e-01 9.123972937283245654e-01 6.117194291507304094e-01 8.868095497441190744e-01
1.416621982223219334e+00 1.062107367585059192e+00 1.088830612366830319e+00 1.258566735499628830e+00
-4.951678362466251926e-01 7.348252982527879729e-01 2.181890311418231421e-01 5.295930935105771509e-01
7.166893725066895149e-01
1.172225320202189724e+00
1.855450860553479187e-01
ReLU
0.1
3
3
-4.187885828962060186e-01 -6.163986175216507046e-01 -7.782327377436538685e-01
-5.119071138437164548e-01 3.147409439282379817e-01 3.605943297660101909e-01
5.536450125306074943e-01 6.324385149553102270e-01 -1.829958539470054601e-01
1.356786629250721354e+00
3.673108923085969257e-01
7.275980851060975807e-01
ReLU
0.1
3
2
-6.754600600647846509e-01 2.984314681358955501e-01 1.050437856511102774e+00
-6.283063572567633148e-01 1.887551050506181549e-01 7.857451479081793977e-01
2.342696681829883332e+00
2.064478729806803692e+00
Linear
0.1

ct 2024-06-16 23:14:13.289335
