noname
4
4
4
8
5.257558821847801989e-01 4.378972121225566116e-01 7.893965576240919990e-01 4.085288760439924616e-01
2.525908460453081261e-01 9.921536774784834867e-01 6.946045602665360530e-01 4.932862873109200574e-01
2.549021092956668122e-01 4.511405250466729022e-01 9.487949328370270941e-02 3.609576690150847478e-01
8.457511040237637445e-01 1.218886057186773231e-01 5.716525136787560246e-01 3.634839531728276674e-01
1.902384294345778049e-01 6.003081428242643680e-01 6.929911597738888096e-01 8.960569078436408930e-02
5.730608715903617867e-02 2.621464594384456115e-01 2.796936855452178960e-01 1.054363702518829049e-01
8.259872004395439893e-01 8.279229588478695945e-01 3.043161439213530883e-01 5.608642847280868038e-01
5.940340201580085466e-02 4.579513230582787919e-02 7.864977165927646841e-01 3.792440061809163598e-01
8.401826518091018992e-01
6.607549682603199859e-01
4.236073502253160372e-01
7.295730156391633248e-02
7.475865993694343903e-01
3.138566479370252793e-02
5.471303603543541394e-01
8.674968255527589767e-01
ReLU
0.2
8
8
7.134036006439459232e-02 6.751829579806611914e-02 5.788106937892635306e-01 3.209824544820717440e-01 4.260003702708888840e-01 2.128148187044188733e-01 9.719040522824575756e-01 4.732025127816091858e-01
2.445758943630822468e-01 9.357541392855194262e-01 8.594387920335444520e-01 9.640442265893649498e-01 2.850505808172711930e-01 4.788970281495026349e-01 7.320243859399025999e-01 2.062657456427368086e-01
5.445781243651948156e-02 8.993295264139565814e-01 3.737356595521474922e-01 8.727356586887605738e-01 5.580844102249992167e-01 6.913699094815473067e-02 2.267923091575151373e-01 9.888522218689818066e-01
4.550368800146155079e-01 6.779658327843043342e-01 6.035452797176044104e-02 9.867183654750614208e-01 9.489504932059344977e-02 2.002398765794265456e-01 8.380650284273005735e-02 7.018987099081996917e-02
6.840663399323698712e-02 1.734682558816679210e-01 3.695274787022619911e-01 8.239306502694202505e-01 7.446954387391813146e-01 9.971330486728402498e-01 7.864082754894299310e-01 4.501052624084034282e-01
5.102895335807716704e-01 7.907684256081981555e-02 2.376708220450279851e-01 3.707635639074313705e-02 2.442771190375221391e-01 3.311468283212591901e-01 3.203884790120136161e-01 5.410829233375968883e-02
2.327161016497343304e-01 8.393609754192866701e-01 1.097698399877741204e-01 4.281400150125148629e-01 6.493990147883142994e-01 8.734848118751586954e-01 6.820415226018339272e-02 5.257165170600236470e-01
8.283484600469838144e-01 4.133058172530340579e-01 4.475376082712808623e-01 9.406469497023195458e-01 5.139879136045248931e-01 7.711171856704148730e-01 5.292094336169950175e-01 1.953344245742884011e-01
5.299215559298420253e-01
9.003067085213367626e-03
6.533912646266205604e-01
7.000364155854550408e-01
6.544729954865169397e-01
3.365226484600908341e-01
1.526006307054167399e-01
7.718376220880995842e-02
ReLU
0.2
8
2
1.939040614406223328e-01 4.733141299117010758e-01 8.229414674613938496e-01 2.845889435207628049e-01 9.537150422596391008e-01 8.536298423856779616e-01 1.184213964798899177e-01 4.090875428451143936e-01
3.750152538291453563e-01 2.557130910446254735e-01 9.909437221900944115e-01 2.392016059573199849e-01 6.977248402889962842e-01 9.363547756554057022e-01 9.431754870507202959e-02 2.206508999771258361e-01
2.412117873994708006e-01
9.034438471812318294e-01
Linear
0.2

ct 2024-06-12 18:09:03.877170
