noname
4
4
4
5
-1.931600334958318357e-02 7.576352638955385910e-01 2.566113853502853370e+00 1.257026104544591849e+00
-8.246316844390209067e-01 1.076912855251306089e+00 9.870356303183005497e-01 7.193332483385238563e-01
9.873962769261306338e-01 9.361255442496493329e-01 1.961174532818233063e+00 1.701599313037590377e+00
2.624035922366913187e+00 -1.406662605770113483e+00 -8.959692055525520615e+00 -7.916789092396645522e-01
-6.232460370113920289e-01 5.947461455818515708e-01 2.116366384197316108e+01 1.229060927843109496e+00
-4.196205165079103794e-01
-1.278624319391483688e+00
1.483534904439673507e+00
-3.329203508044465298e+00
-3.851117825608554757e+00
ReLU
0.1
5
4
-1.346126290527223553e-02 7.633920178313501059e-02 1.279613008666799168e+00 -5.908053299108608769e-01 -3.146728698129536816e+00
-8.842964955934328186e-01 -8.363215550650429653e-02 -1.492446556786872769e+00 -6.513903276726026315e-01 -4.194937243031747753e-01
-6.631333742809033538e-01 -7.033534630819782141e-01 1.149150688802702824e-01 -1.095662131651412574e-01 -2.481609559255320452e+00
-5.606707474197504260e-01 -1.469367676679561863e-01 5.025376628089722741e-01 -9.371858031666231437e-01 -5.280531002936583285e+00
1.008325221734948984e+00
-8.991554867581538213e-01
-4.192172545480883361e-01
6.927286413232105478e-01
ReLU
0.1
4
2
1.300023979387087136e+00 -1.409926537747497877e-01 2.172056325188195802e-02 3.439406978934346770e-01
1.360919864949561520e+00 -1.699349441639701475e-01 4.828912594719270840e-02 -9.251534050786704988e-01
2.140119789773523795e+00
2.342686414252357352e+00
Linear
0.1

ct 2024-06-16 15:58:32.056942
