noname
4
4
4
5
9.071305568634144834e-01 7.468739616557792393e-01 1.293567769073306506e+00 1.320642426177507156e+00
-5.127116243275302576e-01 1.361306011655926351e+00 1.583458658359709892e+00 8.621356783524092293e-01
9.651631884532616557e-01 1.060643832687346189e+00 1.959574988862229361e+00 1.842760896787288827e+00
9.111177453319944108e-01 -8.108168718667240205e-01 -6.405710173520033024e+00 -4.535491585877508558e-01
-4.827068137224153066e-01 4.926216359959799673e-01 1.907929182219776010e+01 8.615856000769287482e-01
-9.559237223500272052e-02
-9.829539322634330833e-01
1.580482062336716398e+00
-1.896158822374445441e+00
-3.842702425966066926e+00
ReLU
0.1
5
4
7.861536096884025326e-01 -1.667864047750778483e-02 1.061856362188280611e+00 -4.224195166094598108e-01 -4.342501026515668272e+00
-8.842964955934328186e-01 -8.363215550650429653e-02 -1.492446556786872769e+00 -6.513903276726026315e-01 -4.194937243031747753e-01
-6.631332910461312791e-01 -7.033534630819782141e-01 1.149207732668882098e-01 -1.095662131651412574e-01 -2.481609559255320452e+00
-4.427982666883312213e-01 -2.969201851388633129e-01 9.888418145451288721e-01 -1.045532779971441562e+00 -3.751704119242243340e+00
-3.589353876617544237e-01
-8.991554867581538213e-01
-4.192125826325795446e-01
3.241634224799552766e-01
ReLU
0.1
4
2
7.196677414196303024e-01 -1.409926537747497877e-01 2.172082784089268345e-02 1.156265442185819836e+00
8.918853110763058645e-01 -1.699349441639701475e-01 4.828984189583922226e-02 2.170565552170910517e-01
3.082109101286552910e+00
3.057109682627224601e+00
Linear
0.1

ct 2024-06-16 15:58:22.401932
