noname
4
4
4
3
-4.795787102030230620e-01 6.138922338603369777e-01 1.672485620780268079e+01 8.753922555921447302e-01
8.723348769674477143e-01 2.218349024420220861e+00 -3.178083785813733186e+00 2.189239588829468008e+00
-1.480027868841208738e+00 1.299592851010150873e+00 2.187908665695362131e+01 1.590095697876516390e+00
4.079523640217323610e+00
-8.219963380858910651e-02
-4.435758146469837904e+00
ReLU
0.1
3
3
1.803364709453906256e-01 3.914864864112430620e-01 -2.433107567593198794e+00
-6.460689631234781682e-01 2.247629569221979914e-02 1.374194147558426726e+00
-2.267670216835087516e+00 4.577694091793590991e-01 -1.297729306027330054e+00
1.542065034052323425e+00
-8.776539195215472544e-01
1.569876417612703134e+00
ReLU
0.1
3
2
8.960098538907093069e-01 -8.238826289851354512e-02 -1.089667305014935916e+00
9.282471778346660374e-01 -1.724188480485255859e-01 -1.503274566066779228e+00
2.225357621051682777e+00
2.150294848055684493e+00
Linear
0.1

ct 2024-06-16 19:19:32.101919
