noname
4
4
4
8
5.793040377978968536e-01 1.324870607578652881e-01 4.966997733384169722e-01 9.029287137522357121e-01
5.281256342061163567e-01 1.807884804094105624e-01 1.011518048830457150e+00 7.505804312264243716e-01
6.738153074323544045e-01 -1.348933915060748778e-01 8.086183136071227739e-01 4.278334822728547260e-01
7.790723537860549941e-01 3.637834461688871368e-01 2.023075548491160280e-01 1.068420181976800443e+00
3.652361889790220473e-01 4.313642030753783163e-01 1.155746599520824258e+00 2.706626595534330493e-01
-9.478589332718168059e-03 -3.351032783284489946e-01 5.959154642801732793e-01 8.797576440353047644e-01
-2.713864389439140101e-01 6.616396511631337241e-01 1.164934601304695061e+00 6.288314935204103451e-01
8.062403285885704207e-01 6.371995574182093280e-01 4.536994941686019467e-01 1.106225034488902415e+00
-1.499502954943754685e-01
8.313434620321757951e-01
4.722336468084155081e-01
7.405219350329431127e-02
9.597280500776734780e-01
3.172778506849696090e-01
-1.078786917939853762e-01
6.379336001478512763e-01
ReLU
0.2
8
8
-2.307092799596047739e-01 -1.331553949160889927e-01 1.087968826587601551e-01 -4.186247500854526904e-01 3.848886392593974248e-01 1.643618456823860152e-01 5.833109884913960652e-01 3.455936782786116490e-01
-2.615264855118160092e-02 4.829394935801517574e-02 -7.622103608984284739e-02 -1.360695969262911420e-01 8.274219206817479133e-01 3.585828526357537904e-01 -2.173094586566817199e-01 5.255096900160814988e-01
1.996073501043244547e-01 7.442649862737606981e-01 4.251430301788471366e-01 -2.947733121804657075e-01 2.100963500674998541e-01 9.809116520437241582e-02 -5.163125951304767258e-02 4.520332671164962179e-01
-9.814813740305322609e-03 7.385141219471566543e-02 -6.901787419073223129e-01 2.425626331986968920e-01 -2.094671216408032777e-01 -2.483709887914678782e-01 -3.094027904990656053e-01 4.783994684613021575e-02
-1.244495235682807344e-01 4.011547762721176524e-01 1.845963115250806585e-01 -6.576359754390154189e-02 6.610221119968677783e-01 6.625792352461808976e-01 -3.873020733093713447e-02 4.416416400294743971e-02
-1.349774389612935221e-01 -3.354718915011306590e-02 7.384884844488881495e-01 9.313081785968382875e-02 4.733447662338904349e-01 4.853211785971531245e-01 2.006358604734453932e-01 -2.971295778552079936e-01
-3.282592852468393385e-01 9.680808687842883120e-02 8.866934618325672535e-01 1.103548060058210101e-01 8.461861104568705327e-01 1.688337971977654506e-01 -2.780976141358472709e-01 4.472908790825179670e-01
1.426652219436177482e-01 6.352496957359236862e-02 6.345418045521304951e-01 3.150453767006557992e-01 6.359388818734019733e-01 7.956735473440683659e-01 6.474829738725050854e-01 -7.245977924153941541e-03
7.021025319234051043e-01
6.932758296522054664e-01
6.783603969731307748e-01
2.626413552213431868e-01
3.314875007831442622e-01
4.465400485252071228e-01
9.859170818884955834e-01
9.865865717501691723e-01
ReLU
0.2
8
2
5.732034729742778723e-01 9.076789846092663261e-01 8.601944983255533916e-01 5.144953493094759356e-01 9.453991263415326696e-01 9.575884734693993483e-01 1.058287200206201373e+00 1.041890123205397645e+00
8.618920556672018951e-02 1.960970570012808001e-01 7.139833393418807406e-01 -1.606051392249016607e-01 -5.331259201851712946e-03 2.090283370018788112e-01 7.443628864484160834e-01 6.764486254485037042e-01
1.254747759878711344e+00
4.335648170226822362e-01
Linear
0.2

ct 2024-06-12 17:11:54.014113
