noname
4
4
4
8
6.912915770819001438e-01 2.890814655357848428e-01 3.501682445100289809e-01 7.457373240994908947e-01
4.888394849881697035e-01 2.124208830335138076e-01 9.851519418666070393e-01 7.128751739103704743e-01
6.754063596719905860e-01 -8.166143450788210245e-02 7.475728856159603586e-01 3.670405536125375123e-01
7.957478331793510495e-01 4.636405684358099744e-01 1.388277304903314524e-01 9.667841175297694489e-01
3.250108776794572440e-01 4.326218057100594816e-01 1.146200497849934941e+00 2.636065993370160232e-01
1.395446257496812947e-02 -2.599299761699330746e-01 5.088546832826121857e-01 7.932712007632303219e-01
-1.402404195961959310e-01 7.286406206399647090e-01 9.884998519226406710e-01 5.466412271977275639e-01
7.875004246585830536e-01 6.875777521364192513e-01 4.046449468111414927e-01 1.048809679918768722e+00
-6.113903754411126323e-02
8.563571167060675116e-01
4.395793212931332072e-01
1.611968726883287739e-01
9.171673325096245666e-01
3.265811745673311561e-01
-2.198314005485632605e-02
6.683448494814433483e-01
ReLU
0.2
8
8
-2.769472414323181919e-02 -4.078901762874526105e-02 2.333944786099858282e-01 -2.675643507815526068e-01 4.498488545255087123e-01 3.039192961958472328e-01 7.477831759041513315e-01 4.494621763270908454e-01
1.541024550079023447e-01 5.856367855483926577e-02 -8.627842068987805202e-03 -4.726867873086245536e-02 8.141308547700656373e-01 4.274650291795374368e-01 -6.649737579526063258e-02 5.530296779657140060e-01
3.586616297831141109e-01 7.542135192080863249e-01 4.815743400121008655e-01 -2.175299100423772614e-01 2.098207029961026981e-01 1.515673566984620801e-01 9.465595712893484781e-02 4.767842334734837539e-01
2.313543718732528065e-01 2.514804671405876935e-01 -4.963098041954648876e-01 4.584610969833866623e-01 -6.952934509869858337e-02 -3.650518928303519289e-02 -1.206755325978171034e-01 2.318515225457681572e-01
5.128528805140210312e-02 3.867824056301644164e-01 2.365072386676871363e-01 4.102613061643181624e-03 6.162793704611894130e-01 7.172515873764609973e-01 1.079593380295245653e-01 4.815063934647742516e-02
3.969018724021222688e-02 -4.043660325621210860e-02 7.938788857552540046e-01 1.670715379850804261e-01 4.477747059336024682e-01 5.371634987816081841e-01 3.475134491395904801e-01 -2.859243395762197659e-01
-1.687065183938508961e-01 9.063602096141082365e-02 9.336583639338892349e-01 1.778141384882157006e-01 8.297321647883391105e-01 2.112627514032173193e-01 -1.339151011950144299e-01 4.574632175044148763e-01
3.037805188962717784e-01 5.570587187527419742e-02 6.811267028131787749e-01 3.823945677588355130e-01 6.167832989697437096e-01 8.385762676070656063e-01 7.915912701449567823e-01 1.572257344389405530e-03
7.156669532395998345e-01
5.946758471440034555e-01
6.058285424545520881e-01
3.818975786482521340e-01
1.934818352758921334e-01
3.291581069987405406e-01
8.892106621894937390e-01
8.859663658143527298e-01
ReLU
0.2
8
2
3.633717899927719763e-01 7.245162579338468856e-01 6.834769706570141823e-01 2.940368008538232214e-01 8.258376835152113626e-01 8.263939681693937001e-01 8.665047891731104679e-01 8.853482539108568083e-01
1.518252089281869610e-01 2.367767071860840122e-01 7.636636711830062652e-01 -6.916801529233973511e-02 3.296124381373272128e-02 2.739469379638763136e-01 7.818889266385994352e-01 7.226174870790684768e-01
9.927204645160988550e-01
3.829869564625889011e-01
Linear
0.2

ct 2024-06-12 17:11:53.982486
