noname
4
4
4
12
7.755035895821783543e-01 8.834917037578660093e-01 1.324999083657592225e+00 6.836884349118356186e-01
1.004848697678605074e+00 1.050640084045616041e+00 2.315094011151643261e-01 1.203256910997241969e+00
1.766363448388460211e-01 6.078235837398118235e-01 2.596687326663286166e-01 3.971512372970716354e-01
2.718710652639182990e-01 7.118848454908659473e-01 4.472284768959013945e-01 4.054255661789436527e-01
-2.381126546761036245e-01 1.184178833193685110e+00 1.018865633237224788e+00 6.836119981870043549e-01
5.054323343260551660e-01 7.604531801854976791e-01 1.207803643750514355e-01 8.050032421556347906e-01
8.059441666440546326e-02 1.100838907345120132e+00 3.198683814506640410e-01 7.426016320611307231e-01
1.139313818861489525e+00 3.706591393589103722e-01 2.538098684394456822e-02 1.444088396480962544e+00
-1.790581483539084306e+00 1.174765167650389408e+00 1.007846876873719211e+01 1.275240642586667139e+00
5.203577402832301191e-01 1.235137603216522217e+00 1.960243569190553536e+00 1.025607684453220037e+00
6.341836299650749353e-01 1.127286617763533449e+00 1.470712700077189794e+00 4.168472260502967819e-01
5.303862927988287623e-01 1.661248984474471779e+00 2.426273886068946339e+00 1.595432202854553116e+00
6.054400698335600239e-01
6.643864269275259193e-01
-2.899835555402899834e-01
-4.626463433242696266e-01
-5.538207416330683808e-01
-1.593180417630239709e-02
2.896596287611421516e-01
3.284922762565651300e-01
-2.572743641137224202e+00
9.969262679881711886e-01
-1.540380914983076853e-02
1.614245857082125202e+00
ReLU
0.1
12
12
3.888831763840933653e-01 4.342953549059470619e-01 9.524657442235458932e-03 4.879160829688752865e-01 1.374546754709842500e-01 2.275390556593037961e-01 4.967909839999345989e-01 1.212036785678228812e+00 -5.189872331047781451e+00 1.270340565897349450e+00 3.253826751778179927e-01 1.767402525420968429e+00
3.124787537071271881e-01 1.232509462012527229e-01 2.289993007862414776e-01 -4.235865239369867447e-02 7.553838488219422054e-01 -1.420740744167776626e-01 -2.405860416597882800e-01 4.403015044065436423e-01 -3.517526353904712799e+00 -1.704363165573935246e-01 -5.188128298193863883e-03 1.873090169358700707e-01
-1.022378042741500515e-01 -2.784461540044522523e-02 -3.751406558666927071e-01 -9.055054177638004187e-02 -7.064804481408211156e-01 7.270057356687845140e-02 -2.731888327296287389e-01 2.301425594854331624e-01 -4.281571391601666221e+00 -4.674016298529284907e-01 -8.644717068163042528e-01 5.280489945826082332e-01
-1.170686787182195487e-01 -3.278762665201488957e-01 -3.019413305235078004e-01 5.730682165535962991e-01 3.343478241799768269e-01 4.815163393949276061e-01 3.010634329117666264e-01 -2.207785096452438353e-02 -1.975516485397323940e+00 5.686698850053346632e-01 6.311918591340622831e-01 -3.062912750460148881e-01
3.649012067276237725e-01 -1.301971779884330549e-01 1.261996535280243970e-01 -1.976139521653161313e-01 -8.254518164891802567e-02 -2.735935807631362793e-01 2.892384048763251281e-01 -3.839713093603216998e-02 -4.636469017923276148e+00 -3.478794618302280539e-01 4.119922039652972323e-01 8.868378085964481183e-01
3.259237859022843797e-01 -8.527890729159731675e-02 -1.670710927528475664e-01 -3.506972214237810692e-01 5.935948128113776451e-02 5.132564517028888051e-01 2.810247664778607324e-01 2.781611176024905707e-01 -5.520251160588834693e+00 3.257638414943792582e-01 2.806633658601383474e-01 2.269624959942965481e-01
4.121940934777584276e-01 3.509162779316540859e-01 -1.717991955231186474e-01 -4.318052555100724832e-01 -1.242982393946616138e-01 -2.596817853333697745e-01 -1.119726369438874269e-01 1.129237375449567427e-01 -4.236809259228037305e+00 2.164992917860485699e-01 1.579289562308184569e-01 1.143899634569390533e-01
1.139703535339944979e-01 9.589436836827478633e-03 -2.694761577201057468e-01 -5.671681988248974404e-01 -6.237540524168706524e-01 9.751009526328188737e-02 -7.109981667604293731e-01 1.585797800627946896e-01 -4.140510963607441752e+00 -2.997898902943456623e-01 -3.087799235347390980e-01 7.082708494633240814e-01
-2.946087589494666287e-02 1.710018112145299946e-02 3.375280347060722885e-01 4.374997444889739961e-01 3.071346844815482924e-01 -8.685278727214475192e-02 3.574625103746512100e-01 4.420420874277157242e-01 -6.570003376719145471e+00 3.706461404133815085e-01 3.114651502533336558e-01 2.115909560782919807e-01
-2.070950555703061913e-01 1.290306549375851985e-01 -2.424863346254742535e-01 -1.733402179772958462e-01 -5.025234999495845623e-01 3.241081358392482459e-01 -2.670840549212369908e-01 2.240125170894128048e-01 -7.054293276929904932e-01 -4.656135521114168063e-01 -1.654757529283732986e-01 -3.394570982591432751e-01
2.582929472443947980e-02 7.892346116748100160e-01 4.939132289234026696e-01 3.531398423981783607e-01 3.786495880730358921e-01 2.009742448073935928e-01 -1.506944578387025280e-01 5.743613885059709601e-01 -4.632012394404138256e+00 1.014889912458330490e-01 3.696669799773708714e-02 1.046449485658995870e+00
-4.803736395450236563e-01 -1.376431945485076247e-01 -4.046912860531032829e-01 1.534515419043473161e-01 1.386319853138923419e-01 2.346005011600637846e-01 1.209618549017927452e-01 -2.513670251806309763e-01 -8.919997240539296879e-01 -3.425314179388982416e-01 -2.140838930001024987e-01 -1.883077150318649973e-01
1.618635096310399479e+00
3.600980667318827710e-01
7.033331169481078504e-01
2.013679137240461658e-01
4.309179954833022852e-01
6.145255794519159931e-01
5.272935410677714874e-01
3.544659017456770478e-01
1.156315110389164458e+00
-6.796161828936959914e-02
8.042119646643115516e-01
4.260583668048391059e-01
ReLU
0.1
12
2
1.638348681599268719e+00 2.135275092367953098e-01 3.290877133084742501e-01 -8.873227553668562584e-02 3.129172048989901089e-01 4.629207790297362179e-01 4.744320808307215254e-01 3.772222852619166455e-01 6.288163823598073021e-01 3.029170214567183939e-02 9.387388290138164448e-01 -1.833773342287554897e-01
9.343406884290813563e-01 2.045216491726518371e-01 1.678489964674749202e-01 9.624706471168212318e-02 4.829120553537846194e-01 5.973748222940363783e-01 4.422622345217543938e-01 2.125897542673584328e-01 6.597281526163188969e-01 -6.676981708205943777e-03 5.747217226072860452e-01 -2.298810935042975012e-01
2.764048206772493632e+00
2.395329007502665419e+00
Linear
0.1

ct 2024-06-10 19:44:30.432241
