noname
4
4
4
12
1.002062345450928982e+00 4.768211290364872124e-01 -4.640218744280225627e-01 3.020868455622922610e-01
1.076270698073107601e+00 5.112894930693226980e-01 -6.502945977448124637e-01 2.380994925779247040e-01
9.223715298796678619e-01 6.207275291163122377e-01 2.972622240944282623e-01 2.851108346235620150e-01
5.450007672250415380e-01 3.562900372683140415e-01 -5.204841910854710596e-01 2.815384916823008288e-01
1.009818406829182669e+00 6.743446364869423171e-01 -7.304433721436680571e-01 4.295533809142599857e-01
9.394755539990693460e-01 7.202375854093532315e-01 -5.042888995684223774e-01 5.506102603221277869e-01
3.304375286505834008e-01 -6.678834952809396819e-02 -9.340483634305235539e-02 1.327300348096202010e-01
6.244490524683041777e-01 5.672538351748085406e-01 -9.065029235538342167e-01 6.068106295681419127e-01
1.004047790493926229e+00 3.708861474768817001e-01 -3.301919548753424749e-01 3.456261669767119460e-01
-5.564893453105820287e-01 5.363811808878810039e-01 1.018870435209193070e+00 1.294098687535068515e-01
7.922744870938152051e-01 3.850767130872091992e-01 -4.461008490187347575e-01 4.758768033595494051e-01
9.054256455548794769e-01 5.368297466233269422e-01 -1.673846906632435461e-01 2.751746264875306047e-01
2.619271100133622743e-01
8.492837376582069719e-01
3.552104858294919953e-01
8.978373291803404266e-01
3.253295820493348756e-01
4.136069871996093106e-01
4.352809068176256013e-01
6.441078704512008812e-01
7.386434672097381693e-01
-1.136111440837700715e-01
4.849096790747944863e-01
3.509744920216779085e-01
ReLU
0.001
12
12
4.669760864558605146e-02 1.136461337082093348e-01 7.088670970465941190e-01 5.495213558952413146e-01 -5.242569180615047619e-02 3.923871004740528967e-01 7.553696788974408882e-01 5.864004489222298666e-01 3.615016301719795044e-02 8.568431930290375531e-01 7.276768318988396933e-01 6.203108471208895747e-01
3.687598511806434720e-01 6.919617123286285754e-01 4.776542353852294420e-01 6.575601292253930863e-01 2.649106408995447470e-01 4.144783772818762535e-01 1.517202400812435459e-01 3.783189774461070409e-01 3.870758584475391673e-01 1.660261033679974130e+00 8.737182781617864880e-01 1.671081996059781138e-01
7.628431690908424878e-01 9.056805676962652596e-01 1.696924664525832072e-01 9.762897662071310378e-01 1.120296960280248860e-01 8.358742243177451625e-01 7.397324595043724971e-01 3.984842933201027670e-01 9.386962690131642195e-02 1.070123658380079057e+00 2.547613243386573911e-01 4.973825738537197561e-01
4.014069810135220129e-01 8.337706285859541877e-01 9.496306403724499856e-02 8.231544686885071682e-01 3.714310652331215268e-01 6.079630176228114635e-01 3.352358008820843782e-01 4.017413259138017945e-01 7.751775989672288203e-01 9.654634753880239062e-01 3.733521346588419831e-02 7.925093153192549478e-01
5.511114109940327133e-01 6.142246072497283826e-01 4.838550115308144078e-02 5.902638356290147437e-01 2.868424236028895707e-02 1.052722055924725453e+00 1.035783437667164852e+00 8.606214445180946360e-01 7.248785363231574630e-01 1.478792304544561675e+00 6.235362221362938939e-01 1.866836210227561244e-01
9.313094149287810541e-01 4.001042105616572364e-01 3.256546813326383072e-01 4.791381347754212761e-01 1.985283935565455848e-01 5.221087525633111293e-01 6.776552233460906294e-01 5.804612104688817720e-01 7.569682290473509489e-01 6.750974531918836341e-01 3.819723702216078487e-01 -9.644609311683012554e-02
2.017556680541603142e-01 1.357452632944571580e-01 5.797775111886427357e-01 2.853269386182024636e-01 7.039205873698564098e-01 4.030066416585404987e-01 1.910533084841863349e-01 3.868696325448316986e-01 4.110728820829931962e-01 6.955772016657498780e-01 8.285844682309159159e-01 3.156184694743627284e-01
5.328669378829857528e-02 5.983039148788611428e-01 6.760175275974178444e-01 1.911571998731469435e-01 2.587985866049778427e-01 2.953594319254272960e-01 3.084898048764527223e-01 3.102341961368092482e-01 9.254747509640012249e-01 8.236738215517042105e-01 4.031918804467975459e-01 -1.572210026830252738e-01
3.828564596603576953e-01 8.195687206229126387e-01 1.733498845472516148e-01 6.999500510391046260e-02 6.317991202752672175e-02 6.928426586783278385e-01 5.033259360590858211e-01 3.348147517882456570e-01 2.759561006050535448e-01 1.658223387349945233e+00 3.564105068701786116e-01 6.916016592163902466e-02
9.730374462505351207e-01 6.266840685636870800e-01 5.960201606986643696e-01 7.866546542604074821e-01 3.661741652406410030e-01 -5.667489198391777866e-02 6.101204814421388317e-02 1.034165540854681403e-01 7.921443253378380733e-01 2.614009949135800426e-01 2.013512468612570216e-01 7.720551510266551176e-01
6.341136238393814129e-01 5.617935777937868025e-01 4.324783284801274608e-01 1.965573683002786731e-01 9.522197286801258043e-02 6.230678587868659912e-01 6.228889073822537759e-01 6.637444691458171953e-01 4.354274553801640857e-01 2.757606786794132847e-01 5.410108458265654452e-01 7.474097680297038249e-01
3.618370128770121430e-01 7.758740893621433043e-01 -2.826593498464246013e-01 9.476178822605361984e-02 7.100189156895090337e-01 2.608987306944259288e-01 1.075539774717324398e-01 6.751109228846583488e-01 3.993294009021103319e-01 5.923280281662728353e-01 3.298095323545756630e-01 6.722809502691752259e-01
1.711812513921064649e-01
2.998653541476575257e-01
9.434200615814775093e-02
4.887524552507663267e-01
-6.564576281339140618e-02
6.071650481227272023e-01
9.432367150683838020e-01
5.475991508969951793e-01
2.282897253557108000e-02
1.151890036419365382e+00
1.007261744056630937e+00
6.165998332716292607e-01
ReLU
0.001
12
2
1.951115224397537706e-01 2.975086938959453642e-01 8.550884714287688704e-01 7.910154377690112870e-01 7.648515215185897054e-02 5.009727134142879512e-01 6.884587861378671514e-01 4.339879331494797543e-01 3.399824437162532464e-01 8.062167278497168743e-01 3.402760086326988009e-01 8.052117337457863622e-01
6.171634602141774506e-01 6.622698014401683375e-01 8.740320160930793447e-01 4.919523763287002027e-01 5.026726686886467954e-01 5.095310107739569050e-01 9.223941398190362850e-01 6.194193694058656163e-01 7.334603829495484062e-01 -1.292425781090310831e-02 2.554336166956990839e-01 1.494940925863827430e-01
4.387345895148379582e-01
6.250450875375080928e-01
Linear
0.001

ct 2024-06-03 21:00:25.605408
