noname
4
4
4
8
9.438824003976165056e-02 4.986956478555895078e-01 1.487380035328370598e-01 6.567932541895462606e-01
3.715354422467675999e-01 5.754037968843640494e-01 2.447244685826622801e-01 5.570330033392811853e-01
8.757457852834327205e-03 8.621929892243823668e-01 7.673145893634387704e-01 3.863080983468704099e-01
6.042904845693464200e-02 3.159524180950594729e-01 1.390934276157901328e-01 9.651477943589543695e-01
6.498766164139130330e-01 1.141080560852325565e-01 1.255073319716427660e-01 5.190551661095162972e-01
2.283081241090207936e-01 3.098637279999575389e-01 5.049304135168823926e-01 6.831724839763588797e-01
7.579069447764852363e-01 9.109305946990339242e-01 5.360827893872293082e-01 8.117788326107878705e-01
3.326632919243994735e-01 7.911932672715155102e-01 3.839292695123749377e-01 3.014015253955881768e-02
1.053984648759224152e-01
8.619174930533537449e-01
9.557655484994352912e-01
2.573068200570706177e-01
6.768008369216904629e-01
7.070570082523809363e-01
4.886377614073375009e-01
6.489554532435896084e-01
ReLU
0.2
8
8
6.082381855505410995e-01 6.553325830725836854e-01 8.200337067357847953e-01 9.231416726887109458e-02 6.509025057662458646e-01 8.192648387937638832e-01 8.337777542806346087e-02 4.584345624803048969e-01
6.761323564861677626e-01 1.962378583565881351e-01 3.950774533042628045e-01 2.217360598030081453e-01 6.698487105926309582e-02 8.322515706851892903e-01 2.108461766618471289e-01 8.094270310326823203e-01
3.546944316907355566e-01 7.548770921126497502e-01 5.209881757205836461e-02 1.410718244245307007e-01 2.215560281410339227e-01 4.178412623830022321e-01 8.368808737594787273e-01 6.948976586722016568e-01
6.855288191168451561e-01 7.671732202984841154e-01 5.544256206802189446e-02 4.943303683868215392e-01 4.033482584943904881e-01 5.584978137404549292e-01 4.636472999478780110e-03 6.643046335119582313e-01
1.428644509920875549e-01 1.200900974438025015e-01 1.182858945941883677e-01 9.615197039841226756e-01 5.665122940487127279e-01 2.170328386875817195e-01 7.063186248681576629e-01 8.970088399192778228e-01
8.277838692762202744e-01 5.549306604094568218e-01 9.901277945091911947e-01 6.013610886647952070e-01 8.442520154165500390e-01 1.023262771734119170e-01 7.816797168098904569e-01 9.803979993224785083e-01
7.308827108311272136e-01 2.688917109636305147e-01 9.227583262379327467e-01 2.246089125583052848e-01 2.944374266530827011e-01 4.834865672864626651e-01 2.524521414226899019e-02 7.352055898619391794e-01
1.925109423753790239e-02 9.062584973500966701e-01 3.246054469570184287e-01 9.203394306684641313e-01 2.207106778833032301e-01 9.083559703215322578e-01 3.346498560400983369e-01 5.247224762587552327e-01
5.914139499120293353e-01
9.776685410616422489e-01
5.766829996391301671e-01
8.151854943849707880e-01
3.120655088391738330e-01
7.556238904418539626e-01
7.221393621927585382e-02
9.665260315598988017e-01
ReLU
0.2
8
2
2.853417106872677689e-01 2.373902431324756979e-01 3.081270159097124761e-01 4.567168062542800167e-01 5.086896769187021494e-01 7.255884150233185004e-01 7.911853969720872293e-01 2.017907913413997667e-01
2.385524630787161371e-01 5.140205959284684933e-01 2.617684090400491659e-01 8.845693837546133587e-01 8.825226332405368135e-01 5.024680848398277444e-02 6.151167590329597035e-01 4.237327130349026749e-01
9.890563112589654260e-01
3.386116549585982405e-02
Linear
0.2

ct 2024-06-03 11:02:39.806364
