noname
4
4
4
8
3.774397718879856534e+00 5.505176075082172105e-01 -7.914557143190037003e+00 3.912113164823066702e-02
1.353774933428369298e+00 -1.751347860359806941e+00 -1.016825194144996658e+01 -1.891941288281989264e+00
1.091448105424704496e+00 3.223929525803120866e-01 -2.747402530999341508e+00 4.776505798519762314e-01
2.125484698128519589e+00 1.012604160228420813e+00 -4.019031949893234312e+00 2.666562455293451928e-01
5.711902756105021739e-01 6.339247301554227013e-03 -3.696132613284246915e+00 -5.261277297926048035e-01
-5.703182121480178779e+00 1.667597764830480944e+00 6.453538780613920167e+00 2.108989676340040642e-01
-8.060301360854442709e-01 2.010645187374787479e+00 1.941927642986350122e+00 3.334523195288228714e-01
-8.958486793655505709e-01 4.358115342239742840e-01 1.817594274484869155e-01 2.538863814375955652e-01
2.458622066002945417e+00
2.430562417961305233e+00
3.011177069468937706e-01
6.492423363022488125e-01
5.906217353369651590e-01
-2.291220560121773442e+00
-4.773495065619028366e-01
-3.889832186404735825e-01
ReLU
0.1
8
8
-3.952903861015291676e-01 -1.858523293331576509e+00 -7.396657995078183001e-01 -6.428358619048503142e-01 -9.028361675464069425e-02 -6.548317401422353023e-02 6.443840920660593059e-03 -9.566291750259124926e-01
-5.365475898052679549e-01 -1.384635910206386544e-01 -5.454390168834392094e-01 -9.090359304256132034e-02 1.217100227963840292e-02 -6.201096819093050438e-01 1.694182351813177667e-01 2.115763977668159990e-01
-2.307587595136171288e+00 -1.087950436726718983e+00 -4.625081933173902926e-01 -3.154495131578656242e-01 -7.319905412179490423e-01 -3.588208576673866945e-01 -5.400061997750276177e-01 2.021997239440999072e-01
6.726325091621325469e-02 -1.017868727751946034e+00 -2.815793289452248604e-01 1.238965788139198276e-01 -5.493063619514296780e-01 -5.631308163673957035e-01 2.727375632918603854e-01 -3.935908048312107277e-01
7.344382358469533356e-01 -7.629541058334085024e-01 -2.088719174467775774e-01 3.300579813141110153e-01 -5.238352196993398824e-01 -9.286332882719133819e-01 3.797533746524892062e-01 2.484659254181608989e-01
1.465635688290835903e+00 -1.501859552728745939e+00 1.758787597130464786e-01 2.661652503885210685e-01 4.546437506883684865e-01 -3.894194554861346580e-01 5.876510572391685505e-01 -1.738433738788612570e-01
-2.390924220501054354e+00 -1.321625237257689323e+00 5.986832917100138457e-02 -9.930675237045664128e-01 -4.366094271288741835e-01 1.284111309300218530e-02 -5.845934017114682302e-01 -4.167446291403881786e-01
-2.118252397806866583e+00 -1.358370566693050563e+00 -2.558154143811990910e-01 -6.551663526041193730e-01 -1.418844064419843010e+00 -5.908114621543602007e-01 -3.988572378081846614e-01 -3.585754758306806678e-01
-3.916254677222078678e-02
-9.741023214420396759e-02
9.744715552483729226e-01
1.166319734154229293e+00
2.569824169394096192e+00
2.813667483369039601e+00
1.641348370208826069e+00
1.416618956296891385e+00
ReLU
0.1
8
2
3.119154146490619312e-02 1.159562580568967022e-01 -5.587791981187429924e-01 -8.349103213617850572e-02 4.480389619797373046e-01 1.035440712166270094e+00 -1.056205828316417517e+00 -1.140675972347401368e+00
1.483615164668297126e-01 -9.483451187940702964e-02 -3.309122707867673818e-01 3.418951792691395375e-01 4.634421565893664940e-01 9.678730140510569679e-01 -2.870174842622500444e-01 -3.821359240595031959e-01
5.448289553764836590e+00
5.112356544762394428e+00
Linear
0.1

ct 2024-06-03 10:56:45.414041
