noname
4
4
4
8
2.619464306991246549e-01 -1.531959590416933192e+00 -1.297154930524203387e+01 -9.927940425974620675e-01
-1.188981954525241580e+00 1.349608881451767717e+00 8.444936243183162716e+00 4.626203219844237102e-01
-4.206522193395043629e+00 1.395094576171053147e-01 -3.322415763324224169e+00 -2.154768867127700716e-01
-3.299947957069798932e+00 1.571783554726519760e+00 9.683865105537988738e-01 5.320692063265156646e-01
2.402513761215189003e+00 1.683593303754126747e-01 -2.439272845627793274e+01 -3.878685875690835450e-01
-4.739751024842031590e-01 -2.240650862247769215e+00 -2.836304637402667339e+01 -2.996444195664356158e+00
-5.515704888997873923e+00 1.121833462473702969e+00 -1.823704326524085317e+00 -1.825259611003216875e+00
-2.048052068645674240e+00 9.274823539566822150e-01 7.580084005480337561e-01 4.912849101855386591e-01
-4.171350538529871699e+00
-3.077150102658423592e+00
-3.569235183028654834e+00
-1.906503535594792131e+00
6.349494007003340101e+00
5.651333080620957183e+00
-7.556330839704223923e-01
-1.484720667066828925e+00
ReLU
0.2
8
8
-1.346968889868079611e+00 -1.372525778566246135e+00 -1.181391793920338218e+00 -9.101838794883470030e-01 -1.223969764951348349e+00 -1.733070583387529728e+00 -1.313843129122046260e+00 -1.489355276646381121e+00
-9.096057213977151168e-01 -9.691103766371407247e-01 -1.449613545750155996e+00 -5.607501993990250400e-01 -1.107454108198546505e+00 -1.375656298851014314e-01 -1.294314541830981491e-01 -1.003230648171369532e+00
-1.084952978140917956e+00 -1.145539027112301378e+00 -9.434319394754548949e-01 -7.409315780716581035e-01 -4.701405378661994150e-01 -4.310823710229760297e-01 -1.024083800086493801e+00 -7.213953666502906925e-01
-2.199690280651395380e+00 -1.624594777905782328e+00 -5.830818358518160549e-01 4.225719643693143790e-01 -4.769735958811996746e+00 -3.285675056788742943e+00 1.032038714440465688e+00 -6.728828175996525163e-01
6.608777943059131188e-02 -3.319490443301470695e+00 -2.821615739846141668e+00 3.086872812930922805e-02 -5.090976223480192964e+00 -8.684677296524041523e+00 -9.392109543138085215e-01 -9.640508960672923913e-03
-9.203471807634555635e-01 -8.289910558751633074e-01 -1.093773651748724651e+00 2.243637782253644908e-01 -3.884108643472649058e-01 -1.109904696056739803e+00 -1.372786713224828092e-01 -3.529967611727601873e-01
-6.162242836035740357e-02 -2.850641218259768017e+00 -1.973875025057075794e+00 1.544094647305817580e-01 3.022622129874457553e+00 -3.021564683558825237e+00 9.651131325788029347e-01 1.038577043330971339e+00
-2.679402788569859584e-03 -2.760841731497991169e+00 -1.347945745853643129e-01 3.300870127272618679e-03 -1.194270632948984501e+00 -3.487187396622019264e+00 -2.765065516277047664e-01 4.866335099946497711e-01
-1.053966265758024212e+00
-2.300676826996522484e-01
-1.136148088257011093e-02
-1.099451034661693694e+00
-3.489185159627182786e-01
-1.515222362043017745e-01
2.642320162269264916e+00
1.886875619627825573e+00
ReLU
0.2
8
2
7.438093997631849419e-01 1.342556976375038937e-02 5.369339261519645579e-01 -1.218361756914872140e+00 -2.535766526278186994e+00 -1.916432491858247739e-02 1.177409187318543937e+00 -1.485622969298943552e+00
-4.307512414404845447e-01 -7.193115531960339593e-02 1.501892605099910127e-01 -9.654736845339660922e-01 -1.507982966158935456e+00 3.652723576809910888e-01 9.479969658808761190e-01 -3.949504278292371162e-01
6.189584944929372945e+00
4.981514720432003607e+00
Linear
0.2

ct 2024-06-11 22:05:14.231624
