noname
4
4
4
8
3.932251133090849948e-01 5.909707635860870223e-01 2.230237171533595852e-01 1.074084097588349773e-01
1.397340419640723808e-01 5.473408238103449897e-01 9.064371587497226379e-01 4.355198205756251606e-01
1.999506413799719828e-01 6.458339305136704400e-01 9.454630982528889893e-01 2.902059954425057486e-01
1.958967493711069319e-01 2.837364693867660548e-01 6.906260059136780649e-01 1.859249306033746718e-01
1.358884231620592353e-01 2.225312769325966389e-01 9.862918839619507771e-01 -1.422827049523040822e-03
2.708271769307591947e-01 8.998533030068306404e-01 4.332534818958051481e-01 8.064660405881332039e-01
3.277856906352035748e-01 8.164641717629764761e-01 9.551827868076464556e-01 4.307335776196510868e-01
5.702841270147529507e-01 3.397688461286996198e-01 2.547390168217449902e-01 4.210481021628178500e-01
8.044411971194852518e-01
8.619232163564420901e-01
7.551358303443849174e-01
2.344592715646185987e-01
1.067537686711498568e-01
1.024536800358935462e+00
8.348475284531876595e-01
5.355495311467328712e-01
ReLU
0.001
8
8
5.561263636718258851e-01 5.537385976855564440e-01 3.062166867761528244e-01 7.244721999384455824e-01 9.183341284235099211e-01 4.487162083131550627e-01 9.899099925202609063e-01 3.347996795264968073e-01
7.330796238248413754e-01 5.494079160012790286e-01 3.497272218592070714e-01 6.571992470549478660e-02 1.096217755306991698e-01 3.714002489102880000e-01 -1.365351340493979257e-02 -3.463971050344162583e-03
9.063391100620232788e-01 7.253127646552692820e-01 -3.063119985960950642e-02 4.907030168747160692e-01 3.424993547645165393e-01 -2.974255276651277535e-02 2.113149817571030251e-02 8.497000330616231167e-01
2.812767927661404266e-01 4.190564053715484238e-01 9.499647961843253885e-01 1.035408890365133172e-01 5.296835262773077480e-01 9.475754944196788099e-01 3.761497525482844217e-01 4.633876741132096355e-01
8.709789820919628944e-01 5.937604217142944396e-01 8.025274241334872105e-01 8.758223363230982494e-01 6.646649804788405946e-01 6.196692423018314022e-01 7.462692050798832577e-01 1.805401514724932210e-01
5.197015191332751138e-01 8.220763490306844945e-01 5.162730759608594733e-01 3.686375265152267433e-01 1.282621499451216118e-01 6.303571626294517394e-01 4.544170042919770114e-01 1.834640253281390465e-01
7.927067041476529852e-01 5.093229456669032817e-01 5.001941469934176876e-01 6.338709226975026700e-01 2.790539489263857975e-01 4.015485158562051571e-01 3.394771894786705602e-01 5.972582419038038326e-01
3.209736054606436295e-01 4.057669722052056338e-01 3.914788036318727626e-01 4.374180127448686339e-01 2.827049865266398898e-01 2.148891256678333306e-01 2.904085651335226378e-02 2.167136192649032067e-01
8.160710509821693659e-01
3.163870198601081984e-02
5.620273670031160629e-01
1.918666070101981702e-01
9.663368634116666911e-01
9.316238382727188849e-01
4.488817530632429054e-01
5.286128239544733987e-01
ReLU
0.001
8
2
1.059211365129192783e+00 1.489439128163669024e-01 9.263699673552373837e-02 2.443564397118715426e-01 1.023651792709889541e-01 4.256817177976730537e-01 6.624139256150257671e-01 1.776486007099897513e-01
8.009394968956312644e-01 8.590008680628077320e-01 7.031493603174672202e-01 5.540469087012229732e-01 9.829268426499862543e-02 8.335308577794539042e-01 6.006612964992070758e-01 5.131163061245868073e-01
9.807300660980955431e-01
5.718748344690470775e-01
Linear
0.001

ct 2024-06-02 21:25:25.074838
