noname
4
2
2
24
5.957291897065295494e-01 6.891831625717477205e-01
-5.643170152511679111e-02 4.200385828351935746e-01
1.845021664442482445e-01 2.426156351495376839e-01
5.006439738136471140e-01 1.886008515570773147e-01
5.754456931521949592e-01 -1.611339642073072176e-01
-1.904165303970268772e-02 4.577680145372976517e-01
-1.021709526735476055e-02 -3.882795781738545421e-02
1.238814734579801458e-01 7.088775362420188797e-01
2.067800765012170194e-01 4.581526609184427001e-01
9.259541618033696742e-02 -1.545345456566594999e-01
-1.387134502649747629e-02 -3.274932083879169425e-02
6.543868810667738956e-01 2.783929577449136689e-02
4.962197727963789662e-01 2.689998039018163256e-01
-1.524020918495158916e-01 6.522694076184524237e-01
6.484517097155123588e-01 2.866438795669344897e-01
-2.230641932669666927e-01 4.016334758526965976e-01
3.566389323331864980e-01 3.565430118959697636e-01
5.816568296735804555e-01 -3.248962330558193001e-02
2.773060044806731628e-01 1.958701649337228901e-01
7.543758316293495136e-01 5.340927871681445671e-01
6.180479592504637409e-01 5.255855699544396270e-02
3.591613519604642257e-01 6.916470460772037310e-01
-1.808385310707854021e-01 1.098039174602331858e-01
3.599397811566552585e-01 -5.589115242557945312e-02
5.011790272931766488e-01
9.713304865714222913e-02
4.883871925299648198e-01
5.947140604874848746e-01
1.859434709080217962e-01
7.813744787932791480e-01
5.955269644814840113e-01
-1.889269575969492188e-01
3.284002270453090233e-01
2.266377117973459032e-01
5.678418316197431093e-01
2.198524942028326212e-01
2.710992873846208018e-01
4.870626833322349025e-01
5.634722624421720782e-01
-1.719440469754175416e-01
7.318203390940163366e-01
6.980328025781371570e-01
5.582603289218455167e-01
8.445318004359143524e-03
5.723821099006625585e-02
4.420950778242418999e-01
-1.415505183592094818e-01
1.488620825031350958e-01
ReLU
0.0001
24
24
-1.860087915324325492e-01 6.919116926094992515e-01 5.184869831975158494e-01 2.433886252690639629e-01 4.843323376465343000e-02 1.328626594578425635e-01 5.985680849947512261e-01 8.232035098300392872e-02 3.504927453837249351e-01 9.574676502953671786e-02 3.096336933363133537e-01 2.991442431431056148e-01 -2.223507336230133302e-01 3.999827973610546317e-01 -2.472715692416526112e-01 3.563941541073459840e-01 1.932681459969474158e-01 -3.483865494725771339e-02 1.477166498763846647e-01 9.708088613052916205e-02 6.218357343307437946e-01 -1.913756704968821443e-01 2.617667595330567809e-01 4.798381319478588480e-01
9.596131113833902826e-02 8.661908358229365446e-01 8.446620870250226565e-01 3.907450887715998578e-01 9.167211390149251904e-02 1.030314132803005212e+00 2.066057746089320635e-01 3.846536294874337569e-01 8.464539918441845723e-01 4.782921187300706589e-01 7.822857130047318197e-01 3.077774948623636098e-01 1.034319172428817879e+00 4.552677984111621612e-01 7.731332239223738245e-01 9.430491761646115911e-01 8.150793553086039811e-01 3.807937987852133555e-01 7.607170739601686327e-01 2.738842891963648163e-01 6.615409417723170371e-01 1.029345843486284107e+00 5.000567921750708189e-01 2.227394181952564722e-01
1.824870972290797925e-03 -2.273006923674131263e-02 3.229870095475417258e-01 1.942028844789991660e-01 6.261821828346059160e-01 9.284576633092473941e-01 2.923995862410431745e-01 2.255739556341894714e-01 7.544262752851168541e-01 1.400452899106889235e-02 6.386328479939340497e-02 8.535303840140539000e-01 2.911637981062940028e-01 4.729904532336208778e-01 3.585717277120319957e-01 5.958260269362610773e-01 5.758604678226164619e-01 4.410624542517490587e-01 9.606623705059023077e-01 7.833010859982559859e-01 7.798745285617146583e-02 5.859719776442475769e-01 4.991777941150029041e-01 9.211421793132030800e-01
-1.164055812088112402e-01 -5.080638172694453697e-02 3.030399474735221976e-01 -2.542857149073358691e-01 4.445025707036864837e-01 -7.432724268124368816e-02 6.697965687604182650e-01 -2.167129383803862441e-01 4.617835578202310054e-01 7.135046093092456410e-03 5.174600321919788914e-01 8.881831040897772422e-02 4.434148245069689520e-01 3.502686418499532661e-01 8.548056759921594805e-02 -2.187599740213956867e-01 -7.815349488225060981e-02 6.632265551449814112e-01 5.845043494944237583e-01 6.483193310350421346e-01 6.272521758596416586e-01 4.713144898718926723e-01 1.208632560625750446e-01 7.502692375538166925e-02
4.876301517768675819e-01 7.867569423872340650e-02 -4.050635864883584368e-03 5.616023215504986066e-01 5.350375100356804525e-01 -1.090695877724847940e-01 7.215759755176560930e-02 -1.382001574728964344e-01 -9.800874886433970368e-02 5.509872538755277160e-01 1.444832255992406778e-01 3.557981805982409762e-01 -2.274181949863903762e-01 1.074070211481408313e-02 5.627445031721126645e-01 5.143646263611750813e-01 6.810456947162100150e-01 4.576572205721147757e-01 -7.399522971687198108e-03 3.271974826472927034e-01 -1.556971440312835131e-01 4.476196252877669424e-01 -1.290119107771144358e-01 -2.003406402811088172e-01
3.505878233803032540e-01 5.873466593500298316e-01 -2.210516331914750554e-01 2.629175965890829247e-01 3.028291553903690939e-02 -1.720624750672388736e-01 1.188010621800951877e-01 -1.355579637071192001e-01 2.891717796729296741e-01 1.602014490267824609e-01 5.568568686288860462e-04 2.581905375147652490e-02 3.860540068999513963e-01 1.426749634016039325e-01 -6.355349464435326723e-02 7.369360934848671885e-02 3.194708162041774435e-01 3.015040846118537954e-01 4.978516260983802399e-01 -5.340379310783469058e-02 4.048597655431523390e-01 -2.295759844664214261e-02 4.937016157049037290e-01 6.702245441819237870e-01
1.033455468193341664e+00 2.740337974220002915e-01 9.974945966693503641e-01 1.354916322031498033e-01 7.692629384214166866e-01 7.965690831611788036e-01 6.189623561558806886e-01 9.477652850189499656e-01 8.926126919051490249e-01 6.218443062232399399e-01 5.567821742468409552e-01 8.972207622216115119e-01 3.352517972510852262e-01 8.289529073478744126e-01 8.275749300858528112e-01 1.131094469038308042e-01 8.824909636159670168e-01 4.021938631651671980e-01 3.920501883108157282e-01 2.392998137078574949e-01 3.473994037669511092e-01 4.379954863317513380e-01 2.576579698611177194e-01 7.515402344949671798e-02
4.624127649173592203e-01 3.248595947954201479e-01 5.055212481229538479e-01 2.751130024920874773e-01 6.505890946709154132e-01 6.437587064794835223e-01 7.070167655296577536e-01 2.631762412258509265e-01 6.965293821797969853e-01 -4.036573580478385742e-03 9.099310799506004077e-01 -4.339241310570014776e-02 7.939939746800298015e-02 3.700117909723992238e-01 8.945686070809971691e-02 6.390380265942060545e-01 3.954015152189376825e-01 1.610042241923939355e-01 1.962328361415986711e-01 -4.467885591051639488e-02 5.669285883891320710e-01 1.442969304429187263e-02 6.203797562468599258e-01 2.171746198764738234e-01
5.018051111702689360e-01 -8.877212585414107071e-02 5.970184350861205136e-01 1.527843178436810723e-01 6.305378703068186264e-01 -1.413549423237567271e-01 2.927031531778023776e-01 5.336338380908990375e-01 1.842112806335153077e-02 -3.969226849894054443e-02 5.036804824541379899e-01 -1.456566652446511685e-02 9.297316342537194356e-02 -1.340870527294089343e-01 4.937499874732185212e-01 5.461337385616829576e-02 5.259051009850431724e-01 4.228379730854353036e-01 6.103830047818724625e-01 -1.369899831740453156e-01 5.858717221102978101e-01 5.721517412990862611e-02 8.474898274716011759e-01 -1.444891391773422684e-01
5.632893460734903490e-01 -3.727632226846994135e-02 6.762439019493332593e-01 -2.233083155787366492e-01 5.439225577076933771e-01 4.584530547762187824e-01 2.993708063875678005e-01 5.991638574932880434e-01 2.076853096670062127e-01 4.618766644889471529e-01 7.484685028849795418e-02 2.188554317803650673e-01 2.311137957212548166e-01 2.959490380564400724e-01 3.607498508426301154e-01 5.374605662120510718e-01 2.779790043746228623e-01 6.712042864445577628e-02 6.888633503665555491e-01 -9.229787447136070244e-02 4.897343221033076399e-01 -1.817467168769611729e-01 1.430118086389692844e-01 9.908406387111493019e-02
1.379585637579715529e-01 -1.185315688037395232e-01 -1.158718729186067609e-01 6.201414037629034981e-01 -8.440067568018709554e-02 7.313519391440135298e-01 4.563581666287646055e-01 3.310545705119535831e-01 -5.322754591271739583e-02 1.528411321061489692e-01 1.585143505130587882e-01 4.778582751956803598e-01 6.243236637613317486e-01 4.727499044430436559e-01 7.192983965312748085e-01 -1.649376609038616728e-02 -9.875664723592358918e-02 6.019612215246611386e-01 4.946643710718331283e-02 -1.629946908363023306e-01 3.377095720365806408e-01 6.908012320673676543e-01 1.843355281584909411e-01 3.600687166350491908e-01
5.670142917399947358e-01 4.642316598886946921e-01 4.626500460620079913e-01 -1.839719727427733542e-01 5.506553656710420075e-01 -6.130641132806308527e-03 2.880661391322276166e-01 3.019783897181109733e-01 -2.493452602328745382e-01 3.883669513037162901e-01 3.476841143928289801e-01 6.502650644951671888e-01 -2.043738399292869753e-02 3.116996445180936770e-01 4.819590099790748705e-01 2.350126459200963247e-01 3.733327137019952224e-01 5.730573906920780614e-01 5.375291031569375821e-01 5.287422447533639547e-01 4.083703422327933374e-02 -1.029064298134190619e-01 7.718645988122161405e-01 4.679552405203329934e-01
-9.610205576586738907e-02 2.242902318614653223e-01 8.124355873266496386e-02 1.890120657240010604e-01 4.090559426799170728e-01 1.634943465959506625e-01 2.071239083790287483e-01 2.433309214601582227e-01 6.737911887978609293e-01 -5.970411407783281915e-02 1.059911360930514412e-01 -2.806545895495309306e-01 -1.174635238779141444e-01 -1.364331206377464023e-01 3.976403684353665424e-01 3.208305359846640448e-01 5.048109928262333179e-01 2.151016205746764109e-02 3.099981258422319641e-01 -2.155851747838997412e-01 -9.439686122149192754e-03 -7.176350665067997292e-02 8.769393128587242847e-01 6.252588380864335660e-01
5.169830983123129275e-01 1.294912249793787329e-01 5.196884581701642913e-01 -3.703771604159281083e-02 6.157974587077118533e-01 -4.751875408712871729e-03 2.134389185875867623e-01 2.211078899096592387e-01 3.607469242289137457e-01 2.055298492489600060e-01 6.472898487162224157e-01 6.604300550848800355e-02 4.381498684114565334e-01 4.214251767653606207e-01 -1.215646531550780562e-01 3.022085094178141862e-01 3.919270991402244025e-02 -8.802857451377593678e-02 4.477800616083574270e-01 -2.474560399067220196e-01 5.468624840880766946e-01 2.053456363619755032e-01 1.611530479847527592e-02 3.404650426419642550e-01
8.652012583506021315e-01 2.623179789063970757e-01 6.424403593618690511e-01 6.103332771347628194e-01 8.581828510893707573e-01 1.053885944069142599e+00 1.112963442668587002e-02 1.097875117994557614e+00 5.608676291955160265e-01 2.281119244456549801e-04 -1.460801802674802780e-02 7.867758814880144724e-01 1.059116993571438181e+00 6.657169860597462741e-01 4.766576812818336673e-01 1.915074973218718057e-01 8.454620722633671148e-01 5.561664307002962548e-01 1.083670548029995073e+00 9.405563683464248648e-01 7.743476222578906665e-01 1.205608594517325827e+00 3.319548564151563186e-01 9.595404500459595587e-01
6.505737445052726109e-01 6.381398003413818465e-01 6.594644942619158900e-01 1.254769074789388594e-01 6.949698552536182072e-01 7.553226382405833217e-01 1.654675237235195273e-02 5.104329189920412402e-01 7.327557873814286582e-01 5.447179333751989150e-01 7.407738079451618718e-02 9.364982561640515513e-02 6.758910022051998201e-01 2.086038582468707769e-01 2.959029880291073611e-01 3.988070211130219089e-01 -2.140950818394858901e-01 -9.623895932316803292e-02 -3.575150873974236587e-02 -2.303022833958555948e-01 3.350623269739818055e-01 2.426752666775340295e-01 4.420358469894336562e-01 6.448434271305599763e-01
2.824478783171591179e-01 7.619799595661956859e-01 -5.492641377358592480e-02 2.347612648672578115e-02 6.906202151404671197e-01 4.413064066234970162e-01 4.841660962895925624e-01 3.565420085059823330e-01 6.470656853605513126e-01 2.192589562756364074e-01 4.699673426810111465e-01 3.411887608337124678e-01 -8.012811209637556165e-02 7.171238074986938660e-01 2.031489841547157726e-01 2.014992121572535891e-02 5.787546364274882560e-01 5.131091040590921581e-01 -1.543537615909841010e-01 4.031121047930132373e-01 5.053563494552734126e-01 -1.776796230995132328e-02 7.281780151219718888e-01 4.336779571357265439e-01
3.547177234316584160e-01 2.150313623752703185e-02 -2.097232636250791482e-01 5.354740378144464685e-01 5.505484521161414513e-01 -8.006736162449272498e-02 4.743285022528941353e-01 -2.934713210692606600e-01 -2.857657834187000701e-01 6.203311657392514000e-01 6.260049097683656472e-01 2.848960728048376967e-01 9.851821854065045958e-02 -1.083804984275126004e-01 4.213860291851334594e-01 2.748102513243457640e-02 5.364925793124349918e-01 2.756199949918828329e-01 3.451104773229924927e-01 -1.463805061741006996e-01 3.176199890807885895e-01 3.269811972481159734e-01 8.371807460817569657e-01 6.712410073410712830e-01
6.658655738819058145e-01 3.967456280960108828e-01 5.463138062982990650e-01 -2.092293629113030073e-01 5.581767079812464116e-01 4.860833875148541927e-01 1.863967569769362231e-01 -4.680994327202542271e-02 2.223743740006630110e-01 7.811538016623322811e-01 8.094316246896665623e-01 1.048782466009497982e-01 1.470559017025201143e-01 6.929999110697800946e-01 1.792126800056906832e-01 1.119848629420762548e-01 4.080571163553401992e-01 5.743540646399339922e-01 4.556798267529006408e-01 5.501393683224323206e-02 5.710155567154496792e-01 1.104422846209507647e-01 4.682518263306460482e-01 6.022322992270474629e-01
1.009667904464380817e-01 7.024699989324026950e-01 6.417576002861473672e-01 -1.905180394860245263e-01 5.726856944007240047e-02 1.496766961713367206e-01 5.995472893059337061e-01 4.827476126349566354e-01 6.230139300499196731e-01 7.873134515382186338e-01 3.208349290866630010e-01 1.146462568640178132e-03 2.433884526723042660e-02 3.608122607802691229e-01 2.724407082286487425e-01 2.336739842879070328e-01 6.721064019504485731e-01 -1.424723545974205530e-01 5.782575694682711397e-03 -3.179392455526307976e-02 5.787150444186043435e-02 4.140585104341734102e-01 1.254320968194075625e-01 3.360355114746856331e-01
-8.622806132735137685e-02 1.768366519484172381e-02 4.942507237953856492e-01 1.006594112105920480e-01 2.283694610964280280e-01 2.154970707814017339e-01 3.871016473548669068e-01 -2.964083916220985188e-02 1.143858788764766377e-01 4.397942435034109532e-01 5.814631570064657806e-01 6.180634397585076378e-01 -3.008486386625730535e-02 4.530199407459923333e-01 6.536088313399651684e-01 2.290675118256135512e-01 3.476500983132062572e-01 -2.846957082918590287e-01 1.426721447508029483e-01 -1.601553904337251477e-01 4.185383745688499024e-01 -9.918459790693004430e-02 4.489610720454080828e-01 5.291007793896246699e-05
4.199274975495768253e-02 7.251171353630441185e-01 -1.091830814999529831e-01 5.574591092649913149e-01 4.176144680833080436e-01 2.454844339293302813e-01 7.425892464875401278e-02 3.592286809474326548e-01 -2.159056089188541028e-01 7.751118918983105344e-01 4.303589752849024674e-01 3.704659227159965429e-01 5.948055038754387347e-01 2.046120778622971190e-02 -2.807755298570301927e-01 2.425931561135925285e-01 6.974179505616077968e-02 2.618490664098556686e-01 2.749441779060171620e-01 -2.055069260833971845e-01 -2.173131161179995274e-01 1.363852927402448567e-01 4.628772385983174198e-01 -2.481224284130360280e-01
5.682752636190205875e-01 -8.094043279589445417e-02 -1.438543450607840946e-01 1.913324963619157659e-01 2.724971434944635784e-01 -1.037493438739125334e-01 -5.801756521801280063e-03 5.614225095914147090e-01 -1.142601349807021299e-01 -2.470514017275261820e-02 7.224982094711441816e-01 2.341947928111540456e-01 6.634090391085907257e-01 3.843072694472073891e-01 6.391065926603984870e-01 3.639004972397007487e-01 5.492201420277655899e-01 5.376728786756235223e-01 4.094660347548702561e-01 3.967542364729820248e-01 3.285805486698848976e-01 6.151883392286992130e-02 6.079581705614917064e-02 3.822875567888271431e-01
1.720931967736221216e-02 -2.489242643648840181e-01 5.382883817788901570e-01 3.349058224401403605e-02 5.328663959321809918e-01 1.416276297697321163e-01 -1.933239583761646105e-02 5.981770765573560800e-01 -2.080539141725179231e-01 1.304735762056364601e-01 6.879493103914393615e-01 6.930687207950667617e-01 6.390440770617679123e-01 4.797599126445831752e-01 1.166665358678461301e-01 -2.468820454791221530e-01 -9.511195309049390312e-02 3.767338195952311675e-01 3.836120783867452144e-01 5.376548478870160630e-02 -2.576781031053301807e-01 5.695560566948296710e-01 7.009092272317154482e-01 6.782399922057856800e-01
-1.224492495002531961e-01
4.097521940618762404e-01
8.125037795134308627e-02
5.981875364349819035e-01
6.306973696432782717e-01
-1.289155739293489367e-01
1.101591430942125305e+00
2.473429177653130029e-01
-2.213610086213478323e-01
4.623630339809225998e-01
6.236987338203727749e-01
2.396497682703746246e-01
-1.562758752326255662e-01
-3.144312303688707733e-01
1.184168570694938083e+00
-5.384656803055457019e-03
6.054829389896711905e-02
2.659579439091914743e-01
-2.893864019976159496e-01
2.143508759811847131e-01
6.379755983314592260e-01
4.859568995175366224e-01
-1.504197729164608033e-01
2.521382413966885006e-01
ReLU
0.0001
24
3
-1.725401724093887645e-01 4.800849317309408004e-02 -1.571746902480221086e-01 5.684905099698461806e-01 1.878384427021360104e-01 6.458939999602448800e-01 -2.095633502747264731e-01 2.000470121216266495e-01 3.853084519119034934e-01 2.918354324419763501e-01 -2.538007960170312605e-01 -1.100370550024504096e-01 6.790499073717908285e-01 6.079522305418626482e-01 -1.220658220981900161e-01 -3.405181203693376235e-02 -1.603440625983522938e-01 6.818354310171657051e-01 7.023048212191974615e-01 2.486745391058249877e-01 -9.005255785320881445e-02 3.508737829421776366e-01 -2.181027691788247069e-01 5.428443370992556138e-01
2.963374531002122003e-01 -2.039282228519231355e-01 -7.900775266424971133e-02 -2.055148690426484778e-02 4.494660702047204026e-02 5.153517227360658870e-01 -1.132501878923986294e-01 -1.999979443920190392e-01 6.108582689338206695e-01 3.835333666184003176e-01 4.869401939248713673e-01 2.389226232674881711e-01 2.276686528015912092e-01 2.578030719792903103e-01 -1.894718710962511321e-01 -4.600774232727222052e-02 3.274393434163220817e-01 1.125960812042374332e-01 -5.590227690503223046e-02 7.063704357226015251e-02 7.622765070949834021e-01 2.854373781598320003e-01 6.256182752274765946e-01 1.014369532100446586e-01
6.564335926295916668e-01 -2.845891453869586196e-01 -1.163431203895841926e-01 6.894092185983683452e-01 3.046626276747568252e-01 7.114671236026650636e-01 -1.647851379974861752e-01 6.006335631135184538e-01 2.485627334486631423e-01 -6.433734921679452878e-02 -6.838663756579940745e-02 6.186433162847295719e-01 -1.452421558577632610e-01 1.965309096198118444e-01 -3.141244940870122071e-01 2.246558020841987469e-01 9.067730348512574590e-02 1.728008783995598763e-01 4.745110559758690116e-01 3.436729051405050805e-01 2.509611327716054774e-01 -7.519440279216475786e-02 -4.871970452667532571e-03 4.193517475019221674e-01
4.184007515378645459e-01
-3.221789101115048459e-01
3.264170584779215734e-01
Linear
0.0001

ct 2024-06-01 13:41:54.100433
