noname
4
4
4
6
-3.205695362496195355e-01 -6.684268249970273801e-02 -5.095171160866858173e+00 5.679333293241699554e-01
-9.141689138150735916e-01 7.351415072736078304e-01 1.669936370401867709e+00 4.858255731462424176e-01
2.613336327242078205e+00 1.135269245511932423e+00 -6.933054806325151809e+00 2.821010804388613957e-01
2.076198885037130459e+00 5.486895935549684911e-02 -3.071140462582876296e+01 -1.908244705921991136e+00
-7.851254659616969667e-01 6.306070631913422986e-01 1.869832945579608108e+00 -5.886765880147599994e-02
-7.430365889041729011e-01 2.847852879371932100e-01 -9.335707700537281273e-01 1.784093229503460887e-01
-3.534884998943269796e+00
-1.079227810834866741e+00
2.909631936819827125e+00
-4.025883963669404153e+00
-1.602449476308097864e+00
-1.267556053138374772e-01
ReLU
0.1
6
5
7.347697487952092876e-02 -6.953588881862778071e-02 -1.671560225793393251e+00 -1.516799585685451701e+00 7.224071427495848408e-02 9.621975874551991215e-01
-2.314434376152469497e+00 -7.478478561468987484e-02 -5.867584669593409741e-01 -9.014026908482398737e-01 7.224071427495848408e-02 2.992828599739124629e-01
9.907830321508291904e-01 -5.683090793483417391e-01 9.916494466905031446e-01 -1.631319197886651695e+00 4.967594882990315069e-02 1.185259258160116375e-01
1.622085832236400682e-01 1.622085832236400682e-01 -2.533139381305900883e+00 -3.790090270909907133e-01 -4.504520805004126882e-01 1.691703772046642962e-01
5.239647730895992117e-01 5.239647730895992117e-01 4.081944419020195336e-01 -1.532046540512203903e+00 5.239647730895992117e-01 2.735859267448729204e-01
-2.095198772982345581e+00
-9.053198509964304197e-01
2.623437741736064144e+00
-1.277669810882123169e+00
1.342808803684176100e+00
ReLU
0.1
5
2
1.992294088309060074e+00 -1.459392865703790509e-01 1.515389782218872439e+00 -2.668847643184308338e-01 -1.040299302558802763e+00
-3.595895342271303308e-02 6.867419421097134546e-02 1.080006043377240488e+00 -1.273532560052976326e+00 -8.633370944454578366e-02
1.522065545824242472e+00
1.606466388362528530e+00
Linear
0.1

ct 2024-06-16 17:38:39.591986
