noname
4
4
4
6
-3.205695362496195355e-01 -6.684268249970273801e-02 -5.095171160866858173e+00 5.679333293241699554e-01
-9.141689138150735916e-01 7.351415072736078304e-01 1.669936370401867709e+00 4.858255731462424176e-01
2.821713490542205438e+00 9.925489501349564758e-01 -6.984769260768338484e+00 1.841923568840934111e-01
1.885616740114310907e+00 6.940191921505135808e-02 -3.164002651940025856e+01 -2.224823402625034863e+00
-7.851254659616969667e-01 6.306070631913422986e-01 1.869832945579608108e+00 -5.886765880147599994e-02
-6.555536225104209302e-01 2.831240115164152527e-01 -9.670934505670962800e-01 1.102071469919982394e-01
-3.534884998943269796e+00
-1.079227810834866741e+00
2.591912022718613429e+00
-4.304498457699192038e+00
-1.602449476308097864e+00
-6.373672875051956677e-01
ReLU
0.1
6
5
7.347697487952092876e-02 -6.953588881862778071e-02 -1.671560225793393251e+00 -1.516799585685451701e+00 7.224071427495848408e-02 9.621975874551991215e-01
-2.314434376152469497e+00 -7.478478561468987484e-02 -5.867584669593409741e-01 -9.014026908482398737e-01 7.224071427495848408e-02 2.992828599739124629e-01
9.907830321508291904e-01 -5.683090793483417391e-01 9.896070151504119394e-01 -1.567876088018971048e+00 4.967594882990315069e-02 2.682035329699064205e-02
1.622085832236400682e-01 1.622085832236400682e-01 -2.533139381305900883e+00 -3.790090270909907133e-01 -4.504520805004126882e-01 1.691703772046642962e-01
5.239647730895992117e-01 5.239647730895992117e-01 3.470911997022793627e-01 -1.575490197318653252e+00 5.239647730895992117e-01 2.993324446693014229e-01
-2.095198772982345581e+00
-9.053198509964304197e-01
2.952087101717364437e+00
-1.277669810882123169e+00
1.304533605221308568e+00
ReLU
0.1
5
2
1.992294088309060074e+00 -1.459392865703790509e-01 1.508779053313772156e+00 -2.668847643184308338e-01 -9.884089399267357301e-01
-3.595895342271303308e-02 6.867419421097134546e-02 1.076594118500247665e+00 -1.273532560052976326e+00 5.383084271915396235e-02
1.526371954730987301e+00
1.438604289655678103e+00
Linear
0.1

ct 2024-06-16 17:38:53.596417
