noname
4
4
4
4
-8.622033126634959244e-01 3.627401908247532281e-01 1.786455988093796776e+01 8.710328279129031515e-01
6.529854872982320257e-01 -6.865213129027296635e-01 -2.136275318382951838e+01 -9.999794450535037793e-01
-8.327554820650610035e-01 8.367058856862326088e-01 -8.079724892971720251e-01 6.072702668473272114e-01
2.030573869641698614e+00 1.148161274685124411e+00 2.094817736883763271e+00 1.429653248155698719e+00
-3.584609656882793427e+00
-4.431136467014761493e+00
-6.748734793834360035e-01
7.021606294826094885e-01
ReLU
0.1
4
3
-1.448226832300009592e+00 -5.468084311343771597e-01 -1.617556759293522217e-01 -6.288554821550794705e-01
-1.558028494905574046e+00 -1.448427653194955145e+00 -5.865182647492608869e-02 3.429359287941514123e-01
-1.332909622877181288e+00 -7.490420775262188191e-02 -1.683613849443308663e-01 -1.972819048907429457e-02
-1.575563029560173023e-02
9.470126104566286562e-01
-5.980833543623555182e-02
ReLU
0.1
3
2
6.513302174386953469e-02 1.303839302923452292e+00 1.380317872530385237e-01
8.541514432547112068e-02 1.189802481398878564e+00 8.761694466775790668e-02
1.377664888982546687e+00
1.426188669576061496e+00
Linear
0.1

ct 2024-06-16 18:56:52.557575
