noname
4
4
4
4
1.789881562494014755e+00 5.347262607420061320e-01 -4.008852737734370231e-01 1.056838949246465376e+00
-2.039950846942569562e+00 1.108655349283073965e+00 5.833385181708702127e+00 1.178666077090468667e+00
1.025371865070546784e+00 8.963781795713334777e-01 1.709973170616166938e+00 1.042550094897499946e+00
1.460391041690696223e+00 1.247467186142790840e+00 1.943478899272635285e+00 1.119955545162244270e+00
4.178097206414280729e-01
-1.699747592339380109e+00
9.347276699813794609e-01
8.041992327148149711e-01
ReLU
0.1
4
3
-3.091716668579232996e-01 -1.057059496797446360e-02 -2.405138254725788793e-01 -1.188733013174348846e-01
3.199518605951966466e-01 -1.569899042173590775e+00 2.642075064234279402e-01 3.897018778783738480e-01
1.902606794721288797e-01 -1.371404146797936985e+00 6.701904283637560855e-01 4.226362135592198754e-01
-1.089397154559525738e-01
8.676054627380937884e-03
9.507981024117423755e-03
ReLU
0.1
3
2
2.751495083802764086e-01 3.889389898908706678e-01 8.476317183104511432e-01
1.759689712838800879e-01 2.427788719459852418e-01 3.666278794081551107e-01
1.866613396466082264e+00
1.260947818604002180e+00
Linear
0.1

ct 2024-06-16 14:00:41.775433
