noname
4
4
4
12
6.997929471750150565e-01 4.914406829222199291e-01 9.772170687637098396e-01 5.088369346141463634e-01
1.559089959563151551e+00 3.697928468239807254e-01 -9.742225326239374594e-02 6.008562218996217341e-01
2.434519858235574818e-01 7.700210367107496179e-01 8.143629135131958963e-01 5.689854232784690158e-01
7.886804972713012951e-01 3.024423272042523481e-01 7.671683465449358197e-01 4.055723296464557870e-01
7.307886777645458132e-01 1.004819555724977720e+00 4.881198553791727957e-01 5.944847552022327619e-01
4.943359810973703139e-01 8.873226628280969086e-01 3.970083811633690618e-01 8.067491265895082586e-01
1.151630971649995616e-01 9.778273238022596736e-01 5.765332678773358310e-01 1.605461121917627632e-01
9.409959006848223062e-02 6.472730434935746180e-01 6.903461379795067243e-01 4.005944600971590996e-01
1.376585091889430679e+00 2.991439229713824810e-01 -2.711528572144428217e-01 6.796420055434683194e-01
3.147898906056268986e-01 6.196939377012431471e-01 1.370839239018206479e+00 1.005585384299882562e-01
1.052434588190775733e+00 3.136075629691246758e-01 3.648780158100352056e-01 2.852335342960481968e-01
6.373306394301442301e-01 6.717005720085401643e-01 2.746003974473792963e-01 3.306994649351098214e-01
1.106581098973555388e+00
6.202549282149698584e-01
1.028246853892231139e+00
5.887907555946576554e-01
1.099479801705042226e+00
8.182557939452710372e-01
8.807718784636430209e-01
1.056493665767432200e+00
6.540353557656333194e-01
1.975991098512702160e-01
8.416029910470959052e-01
1.126190136886391580e+00
ReLU
0.1
12
12
5.423447075170880760e-01 4.708827156334463027e-01 7.881600244220688944e-01 2.441402423305086278e-01 4.350500903711367884e-01 2.387290898625654689e-01 5.303751254441453344e-01 6.524867690957339983e-01 3.816226439024451578e-01 -3.562834924079448518e-02 6.498959918778171030e-01 5.737803741632190313e-01
1.021661078254201716e+00 7.220101874729177860e-01 7.798583281286326496e-01 2.495703953714110274e-02 9.730223692981629924e-01 1.639219790640720487e-01 4.858532360076567302e-01 1.500176864165666812e-01 2.532983155645843892e-02 6.727969153394156576e-01 4.489777454772365672e-01 9.306887806675466779e-01
7.514062834188527384e-01 6.265979759008335481e-01 9.187892467913233441e-01 2.883992590245238463e-01 5.682412117651775008e-01 3.981126238442123100e-01 6.072626061750378001e-01 7.581486604609999347e-01 3.157711570518333399e-01 3.148972057494547339e-01 2.731625402615063813e-01 3.156221751773120032e-01
6.672263260315604017e-01 6.028490231932627230e-01 8.154783929351111516e-01 5.045243223688878897e-01 3.908900030271750953e-02 2.321519839820033460e-01 6.863601121115103787e-01 6.533764110894627608e-01 -2.352546679586751260e-02 -1.661916429615965252e-01 -1.152658608679194008e-01 5.512514962471366520e-01
2.767192013904373749e-01 4.671486303176947685e-01 4.723909924456944354e-01 -2.678440613196036435e-01 1.065557589522366372e-01 3.184253418696331717e-01 1.405668251305187133e-01 3.111599752256994367e-01 4.768495434459853466e-01 4.537645814401325972e-01 6.255273378517176575e-01 -1.566881928090311515e-01
2.640696649560493880e-01 7.047202098680074300e-01 7.532632632285661822e-01 6.190471731858877558e-01 5.408249626763529383e-01 8.545989967199564274e-01 6.121188031392140738e-01 8.806443733826897768e-02 2.213011180607834805e-01 6.207115775811280489e-01 2.850339695607432763e-02 2.748818794244881070e-01
1.485046609505722426e-01 -2.929753231596736729e-01 3.636649941294770594e-01 3.761470523028308532e-01 5.084670372324054943e-01 6.666147328693030616e-01 -2.133021041593254064e-01 2.110886761162974468e-01 1.988772288989746895e-01 1.140512517598237657e-01 4.781633176996047951e-01 6.678690964815586772e-01
4.111581469317208970e-02 -1.426542659363454757e-01 2.339139307893807473e-01 2.058441198003322370e-01 5.203491061947803642e-01 4.220658470452237077e-01 3.873740035667041504e-01 7.169448751118793206e-01 2.454654754753988477e-01 2.100692779731615778e-01 7.322778579542279509e-01 2.769822162200848981e-01
8.039460586139798304e-01 6.908389526230490629e-01 3.902806243672284903e-01 -3.588985560497010702e-02 4.766444565608186634e-01 2.359622763980571275e-02 3.338293096149575478e-01 2.812501398779439499e-01 7.716791906173313675e-01 4.760169601934350903e-01 6.897431117171042292e-01 8.262419752119390948e-01
7.307094371844524705e-01 7.932686494965798807e-03 5.257616464441230431e-01 3.753828781302476769e-01 2.922771799490861966e-01 5.841570484008602460e-01 -1.942035898929567531e-02 2.770070611118519155e-01 3.443340869018251538e-01 -4.100729778912633877e-02 1.071816724063570231e-01 4.871709720705115765e-01
2.605187006787787474e-01 7.587425441461755904e-01 5.133734635435468485e-01 5.547118038016424224e-01 2.681559725633597124e-01 4.720568586166297154e-01 1.652432197928984381e-01 1.784602964636675670e-01 5.404968792383989529e-01 -2.829692387896544647e-01 2.280969586194252774e-01 3.104635182377096236e-01
7.175175224440314414e-01 2.383225363454077594e-01 8.325525444657093654e-01 7.702758641595285338e-01 2.882529352617578255e-01 8.490000771410360914e-01 7.989883912917689068e-01 6.135811670780513261e-01 8.737176387549209222e-01 1.020127613763734814e-02 6.755843683712638992e-01 2.057919840881334284e-01
1.213917364527746789e+00
1.390322222737892188e+00
7.099164271500743029e-01
4.024237683567183366e-01
4.147834805607443776e-01
6.227621981832149878e-01
4.197517213561159921e-01
3.684786888271383565e-01
1.091971755503173158e+00
1.245579150744564156e+00
8.056370244459954977e-01
8.639939298567135273e-01
ReLU
0.1
12
2
6.291576801522196227e-01 8.511074107894490703e-01 5.809118185077044583e-01 7.365758781887739026e-01 -2.092473814589894399e-02 1.818737666629298422e-01 8.000034825260646243e-02 9.503185792003915333e-02 7.842794430859171273e-01 2.876780991362446471e-01 7.903004499787784631e-01 5.470567658605040018e-01
5.736181029914695362e-01 9.920124404668928531e-01 6.651299641917196581e-01 3.046345881847588311e-02 3.843859110150768532e-01 4.768178340452816633e-01 2.871219666429272732e-01 5.880590026076508714e-01 5.296899168847197803e-01 4.267466519775192646e-01 6.516353053718743071e-01 3.978724029834084241e-01
8.806656220416744230e-01
1.497464879883049216e+00
Linear
0.1

ct 2024-06-10 19:24:23.917926
