noname
4
2
2
3
1.827796078782953637e-01 8.685572757296694535e-01
1.794151008298483230e-01 5.061347355194897313e-01
6.552119426725021567e-01 3.896519941716849456e-01
2.336590684563165377e-01
9.636719891851019959e-02
8.495838100778743129e-01
ReLU
5e-05
3
3
5.048600311994820844e-01 8.171675403987903596e-01 6.278155131604882255e-01
1.248617567438204679e-01 2.189829652737707577e-01 2.077841996458688195e-02
8.296875163473492742e-01 7.537401329631737701e-01 5.064732097950870315e-01
8.005673024949955252e-01
7.434653036155522976e-01
8.567104594591046229e-02
ReLU
5e-05
3
3
6.291023622055053055e-01 5.721704788160272281e-01 4.997772744392444122e-01
9.052707039546895040e-02 5.226564687946909649e-01 7.066199024132999718e-01
2.359199759976963739e-01 3.256386774497468384e-01 9.039091420121958542e-01
9.022884828812398617e-01
2.578624344663440482e-01
8.058411327554548809e-01
Linear
5e-05

ct 2024-06-02 11:06:30.963563
