noname
4
2
2
3
2.270583450559638394e-01 9.147177604505498660e-01
2.268431250836133728e-01 5.558524086987529644e-01
7.026700334441982054e-01 4.395382476265218274e-01
2.805806568538444234e-01
1.465876688811501849e-01
8.998489907464013449e-01
ReLU
5e-05
3
3
5.487928229715979267e-01 8.598791614534873062e-01 6.703430654515002418e-01
1.692836600157817672e-01 2.621731235585156861e-01 6.401356814533851192e-02
8.560549905785201918e-01 7.790184809670347432e-01 5.319954614251838354e-01
8.461349772404844760e-01
7.901462805328335337e-01
1.140034228308100805e-01
ReLU
5e-05
3
3
6.699979020203961078e-01 6.105795945429910443e-01 5.420375318816341714e-01
7.779077227734870759e-02 5.104029233057252313e-01 6.929871992192191410e-01
2.495553052659232607e-01 3.390077731585765530e-01 9.185704984052935895e-01
9.472267476731293101e-01
2.430436183626010216e-01
8.211533607310320670e-01
Linear
5e-05

ct 2024-06-02 11:06:00.616220
