noname
4
4
4
8
-2.079996263686588076e+00 1.002761852423896149e+00 4.516825982234928816e+00 6.466447511288783145e-01
-2.277944428265505916e+00 8.431754039230802134e-01 4.421152437789968581e-02 7.964121120667553289e-01
-1.184722319355549836e+00 1.312121528848528396e+00 4.359492974633775830e+00 1.315876313151209454e+00
1.379454150964008807e+00 4.725460712147317999e+00 5.876433461545325976e+00 4.663056932134722388e+00
-2.196957533263780071e+00 5.765238967373201850e-01 2.472672370344771053e+00 1.543240106698563041e+00
-1.315670952927196158e+00 9.996449602989974093e-01 -3.890681495035250848e-01 7.055906351562014622e-01
2.381098729854642215e+00 1.186127934155538188e+00 3.381319860253015719e+01 2.376537705150034707e+00
-3.895761192792361882e+00 -9.712649153966926296e-02 -3.042586539658612033e+00 -1.292461125548904688e+00
-2.373612162370698275e+00
-1.737740242341816010e+00
-2.211605166665778111e+00
2.216669776799997660e+00
1.499908341802324241e+00
-1.011744184275309211e+00
-6.643932423543693844e+00
-1.113990360469233032e+01
ReLU
0.2
8
8
-1.531624865056332885e+00 -8.202503314783690103e-01 -5.038734720305180215e-01 -5.319841558456371855e-01 -1.107657631409361798e+00 -1.112063739554512543e+00 -1.562548623990957619e+00 -1.004695878106037110e+00
-1.870211240458951707e+00 -4.200280500886253710e-01 -3.276355356196653523e-01 -2.743313507251496919e+00 -2.948976802821710930e+00 -1.425041374413381357e-01 -1.665582137128678530e+00 -3.204833293233534164e+00
-2.241241767099141580e+00 6.328051648297121183e-03 -3.978429283141434181e-01 -1.890961530396243206e-01 -3.793258406927700888e-01 -6.432082378345065354e-01 -1.658974847360874305e+00 -5.300053242385672769e-01
-1.655918818806686676e+00 -1.187746510190093252e+00 -5.523456111711628758e-01 -9.082771315011266555e-01 -5.217733254551876199e-01 -8.308764495848796061e-01 -8.907744240274009240e-01 -9.817797954662130788e-01
-1.809972918948161258e+00 -1.020597361901518507e+00 -1.004591785734205711e+00 -1.133737975395616937e+00 -1.218901046072724315e+00 -1.194847474582790836e+00 -1.043726550065804615e+00 -1.063794242501840515e+00
-2.331626650496553044e+00 -1.933665022243881149e-01 3.082203629352767149e-01 -8.664525961604892246e-02 -1.719469029708187435e-01 -4.811931594962239322e-01 -1.151543603269824967e+00 -5.689594050567775563e-01
-1.744169620590884318e+00 -1.444948842492048469e+00 -2.647596480552298973e-02 -7.438046535052058594e-01 -9.785522820574189540e-01 -9.840993170334334517e-01 -9.144688875065309919e-01 -1.287064954642840986e+00
-1.446398592358860480e+00 1.367900586730584900e+00 -1.256406991195150279e-02 1.326069411295147660e+00 3.139589038315859781e-01 3.276513844712214407e-01 -5.018000156027953018e+00 3.255997211689155790e+00
-8.210421742764035802e-01
3.288964335094150815e-02
-1.037455060773646159e-01
-6.633065008446206723e-02
-4.742177190904411921e-01
-4.826707279637829084e-02
-1.281722741477200334e-01
-8.904286539761971375e-02
ReLU
0.2
8
2
5.260900933798100254e-02 -2.444786083845497671e-01 4.186200858906234390e-01 -1.449623096906884900e-01 2.737265775958428252e-02 3.904082379332016184e-02 7.671310007192498892e-01 8.727598177125336365e-01
7.623920068999257005e-01 -8.383258642861792787e-01 -2.272816111266705991e-02 4.149385264232459403e-02 2.871134646896582598e-01 -1.506790879983563869e-01 -4.731400919587831766e-02 1.172587687372879994e+00
5.770832085826585356e+00
4.599352347331608470e+00
Linear
0.2

ct 2024-06-12 00:44:23.956691
