noname
4
4
4
12
6.447606548893887179e-01 2.990246333101138632e-01 8.077960224472090500e-01 8.359430515687239494e-01
5.503702089328682545e-01 4.439413737549646743e-01 2.893576289666372481e-01 4.849851434048595422e-01
8.798277686120190011e-02 5.004730039382111473e-01 7.767378501558245274e-01 6.393898384177355565e-01
8.402831827482931670e-01 3.934781615350623207e-01 3.776805176847571333e-01 3.249517465420347917e-01
6.607825356004274342e-01 7.630063853700880250e-01 1.997783355442612763e-01 9.743561410041462478e-02
3.403932124464924547e-01 4.281631827309794747e-01 3.161972533932841944e-01 1.445911002189927963e-01
9.749075399747192394e-01 8.196539490396346217e-01 6.213455326296029035e-01 4.888078423690229712e-01
6.266373508133235015e-01 4.486725185552514761e-01 8.620681164417682840e-01 4.929028447884976627e-01
1.630915466686963244e-01 4.687019674048764628e-02 4.340321968865643032e-01 2.275599098021129085e-02
6.067143472256558701e-01 2.578244601542969971e-01 8.298009794374640036e-01 6.745868099058958123e-01
7.795608389438201113e-01 2.263828881577498453e-01 1.641543577511322682e-01 1.078954744796760540e-01
2.284577359226730442e-01 7.377354649878131720e-01 8.605498587504750718e-01 1.731722564123038266e-01
3.807315735896025788e-01
4.790988104398817282e-01
8.009961732168213722e-01
7.819770504328512617e-01
4.712861882116498036e-01
4.556382826813149545e-01
3.296141240949544415e-01
9.658599757015248199e-01
7.902569989828792663e-01
8.901742767054893202e-01
1.522874321835494260e-01
-2.634489264972216319e-02
ReLU
0.0001
12
12
3.485877201579659634e-01 4.459006536197743786e-01 4.567653484422597443e-01 2.701575315427136026e-01 9.183846540702586547e-02 1.057574328525195118e-01 7.486888893313747850e-01 7.678749533636397562e-01 2.182740201423826187e-01 4.890460103962441241e-01 2.530326137752174631e-01 8.767967462676576895e-01
9.083652497420363625e-01 2.075921561660757919e-01 9.842072819180105459e-01 1.877450016458984683e-01 7.050490753885650941e-01 2.718936246508835142e-02 2.568818420036914629e-01 5.451515275321716647e-01 1.801157014740285278e-01 5.949147185879438693e-01 6.648098590538970010e-02 -3.929932045374470717e-02
-2.996194967053385921e-02 2.140568305832225848e-01 2.712965304914337628e-01 9.210590542270353787e-01 3.376031705283933926e-01 7.711202571550664076e-02 2.524976004729764245e-01 2.499208796269977995e-01 3.156490253571653803e-01 1.625207075863237260e-01 6.721318012994065283e-02 5.494122361693271756e-02
1.889897478644383677e-01 4.905885058691866751e-01 4.116521845786010325e-01 4.450395410491513881e-01 2.116359338104478460e-01 2.975482185032133353e-01 9.451397280481805829e-01 9.045563572516304163e-01 9.223536175549063021e-01 9.018816450103872562e-01 4.735652821843154836e-01 6.224671524340961992e-02
7.097046722632215365e-01 3.370663294849368663e-02 9.067479414854373587e-02 9.261543989201641569e-01 5.539177065531510902e-01 9.911454383552092962e-01 6.255220021679537279e-01 3.261477021523829789e-01 4.376559500654614299e-01 4.504679840824985515e-01 7.691604158382754353e-01 3.760562076857680291e-01
6.356910043820609424e-01 4.766875086893126445e-01 2.576039381350961333e-01 8.943717149178770365e-01 5.363671018986305716e-01 1.333152216358424458e-01 3.015384457910437466e-02 7.485550741944170250e-01 1.994216417463469671e-01 5.700554293206866463e-01 7.007104550835839829e-01 5.342965440883256090e-01
7.582308090190150729e-01 9.453978431917534619e-01 4.656671072030681979e-01 8.589224367830554652e-01 4.885690452989493449e-01 1.477884752488607678e-01 6.507919195880671470e-01 5.945170290136360114e-01 1.021704463011985364e-01 4.740460807941391241e-01 8.739391401620945077e-01 4.688919490084944575e-01
2.462800236312606417e-01 4.588187753524838319e-01 1.224892613195152913e-01 5.958854079225647249e-01 2.095015323521364492e-01 5.829167331954495657e-01 7.360346012670111460e-01 8.178894791772027828e-01 1.488164910524905349e-01 7.969709498311136620e-02 1.223271594977421994e-01 2.689433173829121060e-01
6.027541922423009790e-01 3.765899007805560972e-01 7.680742037477398254e-01 8.918947292353517353e-01 -3.067138664950095489e-02 9.861303178688202165e-01 7.002942893323234330e-02 8.182524453969722278e-02 2.037861481077690717e-02 3.108538309698463328e-02 7.933774397156998504e-01 1.860119991869401412e-01
2.161693950552316390e-01 6.792368869578409019e-01 2.483210189522109812e-01 6.398328903303769355e-01 8.412306001123227572e-01 3.233783732137713307e-01 3.986815113686835721e-01 3.564564752154183447e-01 2.861523055935878967e-01 6.396927815164429321e-01 1.816151279617395642e-01 7.707512365974032997e-01
8.274912847338928845e-01 2.094797922707350435e-01 6.299750219276321062e-01 3.038174257777834786e-01 1.554838636544345343e-01 3.514084515116388530e-01 3.955926929848406770e-01 2.941244829222748949e-02 1.413456361147171492e-01 9.218567158726799216e-01 2.163207439975984303e-01 7.197361259890290575e-02
2.451617000964533832e-01 9.481911850449930013e-01 3.381786240201055671e-01 5.716429882035863885e-01 3.385579226601066472e-01 8.008566030381918388e-01 3.563847507738993753e-02 9.224435520087111984e-01 2.638457237060936600e-01 4.700141503606443116e-01 7.056594241368060461e-01 8.092322729122717329e-01
6.784311684400927411e-02
2.536051893126852752e-01
7.586165480819770934e-01
3.059616164731167043e-01
5.659139393858920730e-01
2.674194183712547690e-01
5.372757177066174172e-01
6.586049496777456325e-01
2.734450662330829562e-01
3.222212230520855591e-01
4.264061207027480815e-01
7.568086315012249043e-01
ReLU
0.0001
12
2
1.405291257827349372e-01 4.641651028954189573e-01 5.864769523816327768e-01 6.853481185516355767e-01 3.479789156088031743e-01 5.520093367740840362e-01 4.649311205949154258e-01 9.757492172209173420e-01 7.324541628718546082e-01 2.076597721708988153e-01 5.326335842233580475e-01 9.038889450622374921e-01
8.409964898425976720e-01 3.645893971361814923e-01 4.669131381685442395e-01 4.282438334058937257e-01 8.568308723846788100e-01 7.658498094995432881e-01 4.390264796343626430e-01 4.207920705015116836e-01 8.247991179497655700e-01 4.526456065872777601e-01 6.627813909118945856e-01 1.024507791431725490e-01
2.047891934454851570e-01
8.827730547750952672e-01
Linear
0.0001

ct 2024-06-03 12:52:55.569739
