noname
4
4
4
6
7.434218519894132404e-01 1.149621039557167990e+00 1.330429844534261274e+00 3.414624846246347434e-01
4.156404362157371524e-01 1.073286548420624875e+00 1.493124430261999702e+00 2.619799419147783581e-01
9.673859145190591979e-01 3.952348969548168944e-01 1.170151824121019812e+00 1.005196981458716110e-01
8.124001758548691221e-01 9.549133392894545436e-01 3.278859227562488377e-01 4.586648129130066476e-01
1.208157516910387974e+00 7.668742235659855577e-01 1.321395729836204680e+00 2.141280700661746250e-01
1.127264959907697373e+00 1.143025071328696463e+00 1.338473005244236624e+00 4.729529206889389603e-01
2.302219112817867896e-01
2.361972128851884678e-01
7.763957051822747979e-02
6.518549726237089781e-02
7.403902792527632393e-01
2.922113481246290112e-01
ReLU
0.1
6
6
4.336357698809163996e-01 5.052168625589732454e-01 2.351432488520384667e-01 4.911835390676810853e-01 2.675918386374539493e-01 3.051245337541707014e-01
8.070177356768385435e-01 2.982629807270807398e-01 -9.690578300983879179e-02 2.742011398108054610e-01 7.444267832678258534e-01 2.717969093551776960e-01
1.405156807444317424e-01 7.545627287760078294e-01 -1.525562232893783732e-01 2.201635457519017167e-02 9.574349118298322581e-02 9.674905975143945902e-01
-3.326740359140976933e-02 3.789573632354739097e-01 2.340344884495645650e-01 3.063163649823094636e-01 3.066329941583220142e-01 5.552290005655605709e-01
-4.755970316737669068e-02 -1.307600258283644346e-01 -5.042223907131154759e-01 3.307603523642821952e-01 3.599555755656432821e-01 1.169067937971171312e-01
7.962881943844679622e-01 3.279418109937332626e-01 4.743856819916836831e-01 3.327811958302533402e-01 1.215883361322748490e-01 6.361438517321279518e-01
1.072078837408144691e+00
7.870416391058463468e-01
8.010778751244580498e-01
1.183800192319480526e+00
5.820550413896140585e-01
9.946758820995401651e-01
ReLU
0.1
6
2
2.942833488795075225e-01 7.540172713397992332e-01 6.358239032886766617e-01 4.579764529598767120e-01 3.051535658042323629e-01 8.893698036606201285e-01
7.085241508134179078e-01 6.139452412023018724e-01 5.053414753337307497e-01 5.771200083389798063e-01 2.483682588165347926e-01 7.068394517329974480e-01
1.078791920484801992e+00
6.193117512820039972e-01
Linear
0.1

ct 2024-06-16 15:48:56.479576
