noname
4
4
4
16
9.424812349291581404e-01 4.734018316668860415e-01 5.372662010775123287e-01 3.410119999958963755e-01
3.469899073664841072e-01 1.043990605453854609e-01 1.736367279199783065e-01 1.136374675999868855e-01
6.554741326392984901e-04 7.554578573325695379e-01 4.031352060251814917e-01 2.056384897559735692e-01
5.876073842970285233e-01 4.735521625111409616e-01 8.769426488336258263e-01 5.281026498425062110e-01
6.198295225872978431e-01 1.273747025117445864e+00 5.975339370822683183e-01 5.935575602779235016e-01
3.410274246670126352e-01 6.425838012846674108e-01 5.956356091799523689e-02 7.057202962471635921e-01
7.941674201097168595e-01 3.965584667728236368e-01 -1.451540615573535531e-01 7.146645743208390744e-01
3.248882017744672002e-01 4.962514113566324214e-01 2.494454756519609850e-01 4.691993608089777279e-01
1.951534483053137536e-01 2.729687260715485952e-01 1.675776872737771983e-01 1.520149242467291606e-01
1.519571053171380748e-01 2.676956209358971606e-01 4.485650914359414765e-01 4.987272410288522417e-01
-1.776119870896759600e-01 7.130074510627839590e-01 -2.074685400427940807e-01 6.908322378630902261e-01
4.167244964067315371e-01 3.905832903446910254e-01 2.852344511478228650e-01 3.975420115251882547e-01
1.070240899528321465e+00 6.772110483274496051e-01 5.339608088130098906e-01 6.257780856197181496e-01
-4.166944025558448894e-01 8.550460505588000082e-01 3.747444317352027765e-01 5.355833074413602901e-01
7.847288061304331652e-01 1.347565486278532898e+00 4.937937364943693619e-01 5.400800988387993717e-01
-3.956082308466954411e-01 4.513984331426662555e-01 1.811009350364498061e-01 1.933218683324617881e-01
7.434924275738441501e-01
2.835321106184875983e-01
6.801880723321594713e-02
7.423942453402675445e-01
1.145501698691999276e-01
2.173425320467099187e-01
4.671029663791887443e-01
2.166798495862558988e-02
-2.115677111714283354e-01
6.774486161833616071e-01
-2.188683452551121456e-01
4.005720887193212620e-01
5.094691899832042292e-01
-4.057883905223870769e-01
2.517284526821713109e-01
-1.245135133122045878e-01
ReLU
0.2
16
16
-8.252613380975555579e-03 -2.387205627417428866e-01 2.361344356632031141e-02 6.586478604765573508e-02 2.010439982862598507e-01 3.781652600726645441e-01 -5.603633539151831738e-02 2.588163377871022797e-01 1.740139498644003857e-01 2.299593906830618151e-01 2.474993709871456948e-01 -1.990984138469689690e-01 3.151398599326851735e-01 1.217104116190557583e+00 2.199213323440012413e-01 4.351547729225067607e-01
9.473776742264630180e-01 5.094883853877240076e-01 6.960141522861107433e-01 5.676002461933727927e-01 2.174118040957815079e-01 8.173092899598398686e-01 7.714516868371914526e-01 7.671136998584029421e-01 -7.551485369464211450e-02 4.498562972231302526e-01 4.903794926117864827e-01 7.633073949671693725e-01 1.096289061728120462e+00 1.168922423270120220e-01 1.948653882497052292e-01 4.524594849671388364e-01
1.159380735143481056e+00 1.883095676699158560e-01 3.792797385250461506e-01 1.181354304493103191e+00 3.899633949994416038e-01 3.770814693311507204e-01 5.309926980619439352e-01 4.565850339692986704e-01 -1.198606290745678760e-01 1.068020663553250316e+00 1.443159410807678678e-01 4.751413324346703271e-01 1.185261605082699399e+00 -4.191002469403254937e-01 4.822789439873687023e-01 -3.981402158485851661e-01
-1.034660934761123974e+00 -4.328466763806007034e-01 -1.107112464364315985e+00 -1.150047891179736492e+00 -4.235780157681096059e-01 1.755643931999180951e-01 -8.096603432262007294e-01 -4.644869856858666601e-01 -5.642817357055246452e-01 -3.363452264454308005e-01 -8.414121385519296448e-01 -7.645436627503675586e-01 -2.975293232003640154e-01 -8.612017085970942176e-01 -1.689352831540174571e-01 -4.795522025800084687e-01
-7.661446534427936994e-01 -3.660654685272707876e-01 -4.786161863473747391e-01 -5.939955599032356037e-01 3.445357260411704425e-01 4.498949559909726573e-03 -2.499735799454022023e-01 6.670639861984187235e-02 -8.954771618625426144e-02 -4.164324045012102182e-01 -3.365735171779012935e-01 -3.806881433221825928e-02 6.876496957082176703e-03 -7.078717698960871330e-01 -4.722266984584538307e-01 4.029511849404157631e-04
8.991769968234264443e-01 3.099650062636842840e-01 -1.627202621687232620e-01 6.242630706165995802e-01 2.505138857887110881e-01 5.737306504890062886e-01 1.098285115294709957e+00 8.426980340546327830e-03 1.899025205907678426e-01 9.566332004864932514e-01 -8.581845729517077748e-02 5.887721726961022695e-01 1.449338210318205089e-01 1.681558003550232827e-01 5.847528725273221095e-01 -2.194034878431466440e-01
-6.151207717795299512e-01 -6.190678472181239123e-01 -6.518661949471408201e-01 -3.216181105464840373e-01 -5.323415758347362914e-01 -5.417935542721412367e-02 -4.043141581150784813e-01 -6.219519483582617303e-01 -8.065111689175605836e-01 2.078362789741160233e-01 -6.604638206991614302e-01 -2.646223870234190589e-01 -5.502660804166422670e-01 -2.431033446896507799e-01 -6.772416939867194341e-02 -7.250137228223660912e-01
-6.922029302874145307e-01 -4.255386012765367543e-01 -3.172350688517051875e-02 -8.264119526431132901e-01 -4.148246869795330083e-01 -6.615408570972826086e-01 -8.954749058661326533e-01 6.994114467986220496e-02 -7.277148242389373800e-02 -1.595878332011773093e-01 -2.655107248170684997e-01 -4.769593710761271255e-01 -1.119435439606436544e-01 4.958414721878475762e-01 -6.290643177359545035e-01 -2.717834400091282965e-01
5.788831047407800856e-01 3.923697273276575692e-01 -1.725802647920375577e-01 5.740928791169145340e-01 1.202191185711031368e-01 4.810730867673375655e-01 1.727694956788073388e-01 4.063696135367673157e-01 1.584953018497584354e-01 6.180835841605104575e-01 -6.414786596749235681e-01 5.102301893794660703e-01 4.880528019232572290e-01 1.288569166289526002e-01 5.916249543762015506e-01 -2.946116714560449434e-01
1.488778959504734323e-01 -4.109512344583768906e-01 -4.408918434286324128e-01 6.704468392963400802e-01 2.185500192413036002e-01 5.819350146971210558e-01 9.887526494809036892e-01 -3.870237385840435418e-01 -2.124879440507952688e-02 3.921861101995720023e-01 -2.234569128233523383e-01 -3.314467553264776462e-02 1.052597567508694709e+00 8.994034566238879869e-01 3.261574116248577293e-01 -1.567815649132156264e-01
1.312799600612918893e-01 3.453704459425191997e-01 7.025976745757818442e-02 3.753024896515539388e-01 1.625317308197354827e-03 3.620015710351849325e-01 -3.700265113171166687e-02 -3.163913996435782638e-01 1.263943446610413801e-01 7.647880865698883923e-01 -5.173165506267161096e-01 -1.692119895286462450e-01 1.780554847763612947e-01 -1.862967853282463671e-01 -1.546495636029974474e-01 -1.962029350855245269e-01
1.088315122087004427e+00 3.784820571373730957e-01 6.692739640018340319e-01 1.755908043163806886e-01 9.824369289579005793e-01 6.274294812096442575e-01 2.002235687392528718e-01 3.293451828662963821e-01 -5.992108178603420265e-01 1.548504564852104526e-01 -5.535496143453685347e-01 7.371757924802440076e-01 1.713640458446468451e-01 2.761641247394791207e-02 1.405427063217008499e-01 -4.348111869307615951e-01
-5.371000691676972583e-01 -1.021780110043968293e+00 -4.331074165109436991e-01 -2.914065856359019380e-01 -4.062655061340764151e-02 -7.120265092083466474e-02 2.807916148662949890e-02 -9.217978501458852225e-01 -2.266314518193255356e-01 -2.051465993671974519e-01 -7.061767847942935772e-01 -6.570156733972508656e-01 1.359652731010727207e-02 -7.330762856496642055e-01 -4.998449073950139709e-01 -8.400826111904212690e-01
6.659042265691542672e-01 6.093522205278009141e-01 3.567279170632287055e-01 8.323805821356020651e-01 1.279476336944584292e+00 5.195038042941477752e-01 6.557788842162999288e-01 5.619265910190373026e-01 6.884639114053443809e-02 1.212050156562719749e+00 -4.623767979060267597e-01 7.116375222847149962e-01 7.118151067240083840e-01 7.506435800369591904e-01 9.080665505867491216e-01 -9.861192914057784198e-02
-4.720138359966432051e-01 -2.154982660760642044e-01 -1.923321881411350076e-01 -4.828182289767083413e-01 -5.307594595069798915e-01 -3.505712005999751801e-02 2.037752198330705367e-01 -2.583001503409351196e-01 4.818385441973337124e-02 8.885107238405427765e-02 2.780256969864886574e-01 5.208393352832662443e-02 1.555033857758075788e-01 8.303202841437794524e-01 2.714810742259591847e-01 -3.748988850780368143e-01
9.404740455342655570e-02 1.528641737008190338e-01 -1.302410968608273545e-01 2.039941763015724885e-01 -5.899287733335571021e-02 7.631627832290749369e-01 5.968855008609327273e-01 -3.094290318140748841e-01 -3.487775615998540690e-01 3.631564593240258487e-01 -3.230367167216916524e-01 2.268130793152731972e-01 5.753583301554241608e-02 -1.996692511844304074e-01 7.345439187315249141e-01 -9.709291755808482360e-01
1.609591299458445757e-01
7.557112560806994450e-01
1.399274917446843070e+00
-1.045305598054406815e+00
-6.683624257077810382e-01
9.769283926947242014e-01
1.016321608401742627e-01
-6.477400345241475232e-01
1.198773795789273233e+00
6.341700038743319778e-01
8.619956993647779342e-01
5.519642101054859085e-01
-8.462292717605234271e-01
1.932017880519744990e+00
-8.833469662339873962e-03
5.749237518562112514e-01
ReLU
0.2
16
2
8.439019710476950431e-01 1.425713701736236683e+00 1.168969695310204449e+00 1.334710314647131524e+00 1.078222966002701844e+00 1.332272668782828573e+00 1.205265541956385356e+00 5.740894812171417616e-01 1.237941456670601958e+00 1.420016260150579690e+00 1.066208405818403149e+00 1.446396264619155936e+00 1.209374416211655978e+00 1.743043418899319796e+00 8.217163291145512805e-01 1.286609471899720525e+00
1.906509454699618633e+00 8.263666926151411740e-01 1.017163770923164678e+00 -2.081669086535686830e-02 2.695399771241596687e-01 8.076625936729098232e-01 2.517936810938107284e-01 9.387306021109811383e-01 7.976865305273153073e-01 1.162349058378854050e+00 3.998680036477459399e-01 7.107704345870893281e-01 4.218417913874970560e-01 1.195803235276041487e+00 1.255448805422004765e+00 9.200769369510700679e-01
9.085801888961642092e-01
2.189722316646694367e+00
Linear
0.2

ct 2024-06-12 01:32:58.897138
