noname
4
4
4
5
9.058476793070682764e-02 1.238976319535667558e+00 4.497632599663220709e+00 1.353534246719464429e+00
-2.307406712970557772e-01 -3.966303823581103782e-01 -5.635742500418363221e+00 -2.058782637828718981e-02
1.934477651951395927e-01 5.413812413689808034e-01 -3.298121564982221976e+00 1.127858360547154604e+00
1.138850626542388333e+00 7.010748623972252735e-01 -1.799300624632697065e+01 2.193518598508150952e-01
-1.037518855028369158e+00 7.269964673582207659e-01 7.963186020553182365e-01 3.696234224348909914e-01
1.825230102389129971e+00
-1.653808839110334272e+00
7.613329941345113594e-02
4.118043105311373075e+00
-8.287949347922051180e-01
ReLU
0.1
5
5
-3.494620268473726254e-02 -3.880685137459828904e-01 -3.251684214117688265e-01 -5.745340744847518000e-01 -1.184556322054066968e-01
-1.265715812798733797e+00 -7.147158045006365978e-02 -5.134067436716134303e+00 1.159900583242216288e-01 3.026614976545506930e-01
-1.586136144220205990e+00 6.995659977565180654e-01 -5.367511959030554225e-01 1.498280701474125065e+00 -2.653284768427182083e-01
-8.789053265227853018e-01 -2.525763600802360953e-01 -3.478773807651257960e-02 1.749703978917578118e+00 -1.907393589011648904e-01
-1.223602375580869484e-01 -3.239662659769246278e-01 -2.408440388197957693e-02 -4.102645693270913219e-01 -2.112757129389848318e-02
-2.399493270928741706e-01
-3.402600218275180666e+00
3.346038397701015743e+00
3.438727273142339502e+00
-2.755278586588460425e-03
ReLU
0.1
5
2
-1.611916766442816895e-01 -4.205404003305097671e-01 -1.794073718686325591e+00 1.616368509576135315e+00 -8.697580322001749811e-03
-5.085238781700373439e-02 -3.569808977074535039e-01 -1.548167440855005461e+00 1.359004206267814041e+00 4.111422151648544410e-02
2.666437601380448275e+00
2.740871999656168789e+00
Linear
0.1

ct 2024-06-16 23:24:58.608008
