noname
4
4
4
10
-4.079126386948881411e+00 8.039758759478322636e-01 2.651704786661707516e-03 1.613672868490173551e+00
-1.704301549448601572e+00 -1.330010850102324449e+00 -1.020609215938210568e+01 -1.676051106111793310e+00
5.833398724118600276e-01 -2.796880504543969304e-01 -3.390489930154613063e+01 -2.702573480412421514e+00
6.417607866359140711e-01 -2.690651655312790991e-02 -1.752234981304340522e+01 -1.288862898418805747e+00
1.498430842180815903e+00 -4.526666356171991090e-01 -6.749829169203455770e+00 -1.361381400247084317e+00
1.121075548942985112e+00 -1.068401404747224559e+00 -5.313937448625634552e+00 -1.898758852714814427e-01
-8.427662580135911741e-01 -1.420331691514824302e+00 -2.490401334301082681e+00 -1.300271632785136466e+00
-4.503710220435998557e-01 3.208559852038062599e-01 5.134955548641002565e-01 2.520154371523247727e-01
3.524718766373435841e-01 -1.936868337929820161e-01 -1.244201719756372199e-01 3.319694307079107398e-01
4.430671116923802222e-01 3.714046146511953417e-01 3.070285560518106749e-01 1.894543358516913301e-01
-1.119705295017752888e+01
7.429458479143294936e-01
-5.697448639357562072e+00
4.786281613153208880e+00
-7.607075289930037343e+00
-2.798040636165242567e+00
-6.142678300974408145e+00
-1.013673826624831076e+00
-2.036534679305165962e+00
2.310740815909057277e-01
ReLU
0.1
10
10
5.753022463304575673e-01 -2.999941183817644408e+00 -4.116324205420759386e-01 -2.122749225493216318e+00 1.441553220243838307e-01 -1.118824310523078625e+00 8.391531427202429949e-01 3.725428199863739520e-01 1.646122780735801427e-01 8.723806057689484916e-01
-5.670180868949508124e-01 -6.859641916463214972e-01 -3.070044338561026986e+00 8.140793068596987592e-01 2.590621779395026469e-01 3.013667490696711138e+00 2.373440040962867759e+00 9.369802388740650079e-02 3.457739417380095714e-01 8.547651953379371559e-01
-3.551198725727065519e-01 -2.510585797716452738e+00 -1.031559079737919049e+00 -2.523049778303914970e+00 3.492359521400629774e-01 -1.117404996930894789e+00 8.391531427202429949e-01 3.725428199863739520e-01 1.646122780735801427e-01 8.723806057689484916e-01
-5.934160208714891471e-01 -9.747452210820986007e-01 2.138737111980786587e-01 -7.516292837908910007e-01 7.913246432841369860e-01 1.106010370897290290e-01 8.391531427202429949e-01 3.725428199863739520e-01 1.646122780735801427e-01 8.723806057689484916e-01
1.448505485394609105e+00 -2.232533614300956870e+00 -2.278772100009184065e+00 -2.374927075810895349e+00 -3.673629223483989126e+00 -2.580940320824832490e+00 4.460578960795916204e-02 8.258335167963033463e-01 -5.698027417555813212e-01 8.197523083038248393e-01
7.394845848509952191e-01 -7.376669357833703922e-01 -8.370411119535103861e-01 -8.382521436811301019e-01 1.394739292290600452e-01 -5.231797832896223355e-01 8.391531427202429949e-01 3.725428199863739520e-01 1.646122780735801427e-01 9.891658776069232051e-01
1.124215695940214088e+00 -1.246072152603677541e+00 -3.239577120379055319e+00 -3.443141763365736185e+00 9.354207995159399269e-01 -2.651984510992744237e+00 -8.749062722861904451e-01 2.892843257204139595e-01 -5.868121910141275155e-01 7.411541187459436131e-01
-2.504338104113806640e+00 -5.380211599822296575e-01 -7.341420137508545274e+00 1.565786250073284980e-01 5.405105332322586165e-01 5.405105332322586165e-01 4.146515860852575258e-02 2.036438167412462641e-01 -4.752996464171914126e-01 8.396194076437377696e-01
2.902591654380610731e+00 2.924587407646172532e-01 -1.085564798020017596e+00 -2.534986355431649296e-01 2.788639531227461443e-01 2.788639531227461443e-01 3.013150199113205918e+00 2.788639531227461443e-01 -3.533327720755964352e-01 8.723806057689484916e-01
3.016434354872793433e-01 2.782153126452903136e-01 6.044390747397970776e-02 2.821409706793772121e-01 3.016434354872793433e-01 3.016434354872793433e-01 3.016434354872793433e-01 3.016434354872793433e-01 3.016434354872793433e-01 2.797575310809476412e-01
-2.900154841723654897e+00
5.120686857023754257e+00
-2.906254656213210996e+00
-1.037184741234268515e+00
3.960689176557744329e+00
-4.894187976155568998e-01
1.874615178636705792e+00
2.269409031270467114e+00
-2.021795631862689291e+00
3.014066816194003740e-01
ReLU
0.1
10
2
-1.751759804525963471e+00 1.536081712955089662e+00 -1.564908832397064575e+00 -5.680523179529447519e-01 -2.153790389202183242e+00 3.220678347295465871e-01 1.322355473571701578e+00 -5.830937085703966627e-01 -1.406931876050892746e-02 6.568506473957934633e-01
1.524236955226193846e+00 1.138175783804323382e+00 2.009543582639881087e+00 4.980245989394415651e-01 -1.196078132447952802e+00 2.146854133671955989e-01 -1.103141863748745122e+00 7.358946888227038130e-01 -3.847003700774915408e-02 5.898904630658649006e-01
2.401655551104410424e+00
2.548375787655292157e+00
Linear
0.1

ct 2024-06-16 11:36:00.435028
