noname
4
4
4
16
6.980160956763422631e-01 4.921076840984323075e-01 6.899515126927177056e-01 6.316520349004930424e-01
3.821397854727230647e-03 5.251062380517963479e-01 2.504690627580493101e-01 1.202875276587220682e-01
6.429703705991508533e-01 4.804541546592819290e-01 8.327462663586034930e-01 6.550179366413548809e-01
-6.337443629301746373e-02 9.247739801478701560e-01 4.689233569111146971e-01 1.818888190303956098e-01
6.144673415502676095e-01 1.155479392440226100e-01 2.478651310415854181e-01 5.180402237972553392e-01
3.493037518760853666e-01 4.156245713222820881e-01 5.339803500024200567e-01 1.599422806649899442e-01
9.833448964798778835e-01 1.665853250963298393e-01 1.088750670008164223e-01 6.922881304275021463e-01
3.744124153832588120e-01 7.943991571389089623e-01 4.896861066172448207e-01 3.828484879291206844e-01
2.902984296294634503e-01 6.025667569721919747e-01 8.033026895333225115e-01 2.816148493268370578e-01
-4.704935000603391315e-02 5.388534524468646669e-01 5.463975414663392316e-01 6.327735121508541727e-02
7.402189252024098387e-01 9.047721037441326664e-02 5.362041838741113953e-01 9.703406229586313270e-01
3.644934538401135571e-01 3.685746494288018593e-01 1.526873309906505993e-01 8.254466797086040808e-01
2.045652631313838454e-01 5.013217745205792442e-01 7.428488519951452762e-01 6.297936091142543047e-01
3.651073024698834324e-01 4.911853545207906652e-02 8.335153974621276052e-02 4.325039774730157216e-01
8.149798752976108451e-01 5.152051216685790691e-02 6.167374369292916159e-01 8.857723415613407703e-01
8.462294909203911253e-01 5.595379670526055838e-02 6.912863804808503376e-01 5.150270321025222087e-01
8.008862692692121643e-02
1.699493887458579933e-01
5.851203371071808101e-01
3.063800754860843134e-01
4.261834769222069830e-01
3.247646996375109785e-01
4.864974314190744220e-01
3.677363912720323369e-01
5.106339202188674431e-01
6.008699718035740434e-01
5.105618511505829460e-01
7.139316372296100610e-01
8.581605566173441391e-01
6.339121379496516218e-01
9.255422243768961499e-01
5.323413526437702492e-01
ReLU
0.001
16
16
6.511325698196964717e-01 4.512052152938426652e-01 8.073918693391383128e-01 7.673643798818117201e-01 9.686159713377376912e-01 6.844501358664214496e-01 9.978713393135800747e-01 8.134319353475218950e-01 4.256294535628380449e-01 2.486792791164285088e-01 9.073864966554436862e-01 8.798913762364726221e-01 9.726721755557908855e-01 2.952716040255292662e-01 4.227646142823700548e-01 8.573030175200510028e-01
6.116572915304663294e-01 3.959442854160094005e-01 1.305550914665983275e-01 9.016228121124647554e-01 3.241389674755429384e-01 7.666452561941112798e-01 2.816541516671650647e-01 7.719375978157559937e-01 5.835644777999926536e-01 4.361222747003366818e-02 7.969041316196870950e-01 2.049153667553413605e-01 5.651997655907544660e-01 6.847553273195614021e-02 9.042392528378039307e-01 1.627150690766158633e-04
4.684170327223914354e-01 8.492380495541891339e-01 6.054541905931309920e-01 1.176066485084877739e-01 3.847674788071003271e-01 7.627928786282364149e-01 9.458670104164616788e-02 1.212608930459541795e-01 5.526829412628182780e-02 2.168558206122353782e-01 2.426663523072032924e-01 1.832179096062129253e-01 1.798253969635120741e-01 9.859073420338474447e-01 5.228872358314153035e-02 4.429560827434060877e-01
1.851887616291800487e-01 7.140393781212338586e-01 2.905860856758906152e-01 2.354234119577316153e-01 9.907523800906912204e-01 6.798650473450276177e-01 8.206744331367706868e-01 4.869372391755422136e-02 8.657111063475610158e-02 1.966288662309819413e-01 5.070725828531907897e-01 8.735638040310118591e-01 4.693118649647785579e-01 9.793132914790314558e-01 5.314283985844849845e-01 9.677156545833037748e-01
3.423013975596518321e-01 9.358793567220469178e-01 9.551894794641783148e-01 9.075461474932577932e-01 8.957447267579442540e-01 9.110351233774540702e-01 8.974498086195207280e-01 6.786532758602070725e-01 6.607701686595822688e-01 1.307796146237046875e-01 7.773263791493690844e-01 6.409282637310248498e-01 1.366606532114685024e-01 4.876869458450797112e-01 4.949464213063728968e-01 6.889238305753190295e-01
8.334127047706689773e-01 5.039588051032201088e-01 6.611996443970946657e-01 4.818699035850327883e-01 4.820037526909444758e-01 1.017647427838782148e+00 8.619660346451704092e-01 7.555361528220604361e-01 7.151583833744741270e-01 7.809173636782698047e-01 5.680243122775818776e-01 2.100004956399745826e-01 9.056429232735480062e-01 6.930649737543423949e-01 8.298962465091117569e-01 4.013717825380661575e-01
7.512159292051584503e-01 3.449722579788565557e-01 3.772579153652050321e-01 2.482653072051563825e-01 2.570871509257402487e-02 9.476220345158101188e-02 2.164792203428965445e-01 5.999174690569177848e-01 2.209112504077851702e-01 8.195936236877753300e-01 9.723540851910472682e-01 4.220764435951412374e-01 9.422405288833023418e-01 8.587516313490056730e-01 1.082167889438943736e-01 9.158619292928546485e-02
6.661620621678677745e-01 2.079393508095971899e-01 8.455786517693069104e-01 5.884116223637124721e-01 4.751732647633911122e-01 1.839077790114770350e-01 9.355896821617092352e-01 5.685224422268945199e-01 8.815567768304828355e-01 6.780558466610471235e-01 6.475881617676612079e-01 4.528034363957137987e-01 5.680123454190721954e-01 3.042213885557034092e-01 1.197284557522310111e-01 6.931053824810469166e-01
9.021973078463233486e-01 1.520577075388810373e-01 3.067601163731731861e-01 9.061547366170771278e-01 2.928476526049741402e-01 7.449983522788723445e-01 5.193045174839530098e-01 4.436183496362534617e-01 5.570550948971810801e-01 5.697744010627848743e-01 -5.839315541757252731e-02 1.379869368853692824e-01 1.708597521052159784e-01 3.244815539240750168e-01 1.729426027533521315e-01 6.492158859992118725e-01
1.597476112200800213e-01 3.393500390274585832e-01 7.778931418622503369e-01 7.630796020862097573e-02 1.343439991632538466e-01 2.004550879287589626e-01 6.347417995735543661e-01 3.135720300117967319e-01 8.438474947233166601e-01 3.539285260177866266e-01 7.847878008038436937e-01 1.781429923979057084e-01 4.002845883330900523e-01 6.828597461841322547e-01 1.741192669291198591e-01 7.894382943079989445e-01
9.226041850337033390e-01 1.745993887136271794e-01 9.206177258015831866e-01 3.904904494645584229e-02 -2.991769574597302056e-03 6.130933514230995085e-01 3.226393441419854180e-01 7.237184220710468630e-01 3.512777234912632940e-01 6.499757422482782543e-01 6.010366361398985502e-01 9.014746402360227506e-01 6.193056552266140713e-01 1.711923300623638400e-01 6.269385295336404873e-01 6.480835046026083290e-01
4.500431965352045260e-01 5.790429733168737242e-02 9.557879846676459179e-01 4.165354832564230891e-01 1.694578042524632899e-01 5.747205357365055001e-01 5.087212713667645936e-01 7.781477928896121110e-01 3.802850273066515907e-01 2.041486473970914040e-01 7.967164461318029245e-01 6.693967315630575676e-01 9.543399614286390831e-01 6.041900657233005845e-01 3.079811602829400918e-01 5.367097101532696257e-01
6.859842964472833149e-01 2.979573128693888129e-01 4.211333837912149547e-01 6.015087981924929217e-01 7.819554216741233521e-01 4.628528347036224844e-01 8.386494031186076947e-01 7.129992108600726741e-01 2.012561011400243738e-01 3.238369247068993428e-01 3.776500108748733209e-01 6.629086694141410607e-01 2.956513941967159331e-01 8.538021768242478604e-01 3.207991983848990092e-01 1.271352363211608882e-01
6.668859712341872470e-01 7.677057729954053222e-01 4.776022317504403647e-01 4.062159505428289963e-01 2.165706090785229215e-02 5.435445277389057139e-01 1.795719221665600385e-01 8.307832660954320159e-02 6.116065084285974285e-01 7.640806920605702768e-01 7.894054609774829867e-01 5.271607153513427901e-01 7.982217817544704497e-01 2.027330489694831872e-01 4.165869237770245676e-02 1.944799460975640826e-01
4.255235055452168957e-01 7.804748971232132737e-01 4.545499941795481114e-01 7.065346762549528092e-01 7.403698781033382081e-01 6.723021107225131132e-01 7.964919944385308037e-01 1.305241863384369871e-01 2.893308806480809903e-01 6.063849310183885843e-02 5.143452297633988035e-01 5.160688130492221415e-01 4.088652261030649160e-01 1.874167697134586086e-01 6.021253972888073180e-01 5.995560675096960751e-02
4.522670394665962573e-02 2.136139582873718967e-01 3.765109988281516440e-01 7.258776037409363502e-01 3.530371691295161596e-01 6.095676283118716121e-01 3.214966899706630521e-01 6.372287693577974865e-01 2.153909007590653346e-01 5.616887749529049234e-01 7.060532783918371802e-01 6.785022841341382949e-02 5.844530387527314963e-02 8.478764419182711620e-01 8.613428332742427695e-01 9.078394474774209577e-01
1.916091349940669541e-01
6.892119030158122550e-01
6.698972000426801632e-01
5.733264395177664063e-01
5.580936763511245013e-01
2.785252960280003021e-01
6.175416583984442154e-01
2.118884463002962404e-01
5.354398460549429917e-01
9.364303936160937036e-01
1.186117036460165725e-01
3.867756534317605133e-01
7.549425992915301808e-01
3.049304855417365734e-01
3.209808387408027430e-01
-5.002699456793920779e-02
ReLU
0.001
16
2
8.545398834903125129e-01 1.623556282228184600e-01 9.537357099490970658e-01 3.339092675863612469e-01 2.545752413769050704e-01 8.464509478088799721e-01 5.436317510794264063e-01 3.020333302132186537e-01 1.207446275250114720e-01 3.510760662276896649e-01 7.485382523112012187e-02 6.392859546282866345e-01 8.126442815428807087e-01 6.065975507825493995e-01 2.505780961744367152e-01 5.972276267052947785e-02
1.460355630187359366e-01 2.489755785977421920e-01 2.450005433417331013e-01 1.033788633646990848e-02 6.411822905649096072e-01 6.358947739216569417e-01 4.801411819305231310e-01 9.078431209279297365e-01 6.850363818651491465e-01 7.228712909403542941e-01 2.641667995065720698e-01 3.385660234935556900e-01 8.115693949525116802e-01 1.704409965805599170e-01 7.141040002648516571e-01 4.002231616230639832e-01
1.039490128598345553e+00
7.504794266637040412e-01
Linear
0.001

ct 2024-06-03 12:16:53.128427
