noname
4
2
2
5
4.862188770016233064e-01 8.469151503990237639e-01
6.508669937399731431e-01 2.360352277793476283e-01
1.837356896056603073e-01 8.136455928639897694e-02
3.695241129559824755e-01 -8.408759737782145471e-02
2.626589978059963304e-01 1.344337554843262061e-01
7.551233991000125823e-01
7.504178232149618655e-01
-3.602288214886062434e-02
2.710857841446020489e-01
3.914095387036332085e-01
ReLU
0.0001
5
5
8.643056832159632386e-01 3.921713679332953367e-02 5.947253898132156547e-01 4.490230686928879944e-01 1.265132144105545475e-01
2.942007343454156043e-01 6.128090240709620495e-01 -2.253775706338334295e-01 7.282729030189252217e-01 7.126229071852197006e-01
5.939083905281706821e-01 7.684975766314272594e-01 -4.389086169479344823e-02 3.662482884515018133e-01 3.432179011030049298e-01
3.245616526343779173e-01 8.670774536174292724e-01 5.484722999716076242e-01 2.376137503994422140e-01 -1.089122564770749757e-01
7.731337489896796811e-01 2.634694004071473361e-01 6.950630666329663532e-01 -8.899392651875026941e-03 6.518407257035949698e-01
-5.613072247033209367e-02
2.087453416066519518e-01
9.885684232635406216e-03
7.581749179355998791e-01
5.985291526691016717e-01
ReLU
0.0001
5
3
1.000088164744230151e-01 2.491350133290246571e-01 2.470748115405847420e-02 4.313277376868303037e-01 7.689547957519206056e-01
1.659438461998972436e-01 3.969897404174024813e-01 6.843439813128102678e-01 3.244358438203555628e-01 1.553533899032043426e-02
3.232555607808099696e-01 4.617960643305112078e-02 9.115316730632294293e-03 3.095445763755643731e-01 8.401734680269440370e-01
6.087371485520396419e-01
-1.060450183104076766e-01
7.835755409113027703e-01
Linear
0.0001

ct 2024-06-02 02:00:31.008380
