noname
4
2
2
4
-1.677385321240429730e-02 -7.033587207866971724e-02
2.112303945792777249e-01 -1.510239534199748490e-01
6.770530253582944524e-02 7.556154991645674945e-02
1.207245968359235422e-01 1.349341481336700233e-01
4.221514357130031758e-01
-3.557812308705687876e-01
5.662661234653668108e-02
1.296842617651396412e-01
ReLU
0.001
4
4
-4.134836614051649178e-02 2.431112662107394462e-02 6.601297518219760574e-02 9.090739987630411245e-02
5.200050987710290729e-01 3.999868127193725864e-02 9.078283109681462015e-02 1.130866064296713602e-01
1.513442806346666780e-01 9.076984176762158130e-02 1.882766005013625787e-01 2.934628605740451368e-01
5.828773337637008917e-02 4.760418465112883218e-02 3.169595363283934930e-03 6.305344641019607239e-04
-5.706725334800234473e-01
-7.494229122513125230e-01
2.962592333997597915e-01
-4.422887182177648313e-02
ReLU
0.001
4
3
3.800473395023624690e-01 2.253198111039281804e-01 -1.754024043956164125e-01 2.321830716209392562e-02
5.238711316102925286e-01 1.158342508855130376e-01 -1.753757843697938135e-01 3.820662251316063462e-02
5.559282601777217891e-01 9.718513020682451042e-02 -1.785675837766922680e-01 3.584142141935545145e-02
-9.107268168452510082e+00
-9.104586681806972948e+00
-9.098698188799334119e+00
Linear
0.001

ct 2024-06-03 18:18:20.903657
