noname
4
4
4
14
-1.461400961122244047e+00 -9.778556158697294665e-01 -3.268864440059414456e+00 8.972972814759140325e-01
-1.282607108727043421e+00 2.761145953036397316e+00 2.376818047682632162e+00 3.513573790740114333e-01
-1.167036772428705182e+00 7.576584739755758413e-01 2.225083949639479641e+01 1.126857818091226981e+00
5.709739792565401463e-03 1.802578491590066112e-01 -1.903128995090272335e+00 3.667057518928766857e-01
4.202450665178735889e+00 3.534358529180499975e+00 5.687273551266873284e+00 3.610499183204415985e+00
-3.462097121071145422e-01 8.278861389875938337e-02 -1.291580321690517508e+00 5.452468819603147887e-01
-7.983577511581101405e-01 2.426896224790446865e-01 4.117154489542881879e-01 1.576899749235771420e-01
-7.476127576400676267e-01 2.416606808724410527e-01 1.491048305510375149e+00 4.180192954760918456e-01
-2.352481063482189327e+00 9.644282586290963133e-01 -2.246930368393881494e+00 1.044762462281295212e+00
-2.681673006487742761e+00 9.884806764732708695e-01 3.253502592756194467e-01 3.332831827280006709e-01
-1.825474678196425726e+00 1.417684101889185255e+00 1.099069769737895053e+00 1.022183683295255108e+00
-1.627457928399494325e+00 4.258242600737178751e-01 1.542452964772835555e+00 2.812954570607211768e-01
-4.259878610853752301e-01 2.680256661276732011e-01 -8.236764211986605799e-01 2.750189954176158746e-01
-1.431482536498467351e-01 2.955913412539948881e-01 1.449567753927025471e-01 4.365634368225114192e-01
-5.653223039166779262e-01
-5.350957599066537007e-01
-4.741014814952231760e+00
-5.180919499572136377e-01
2.715960268209429707e+00
-1.969532608625660375e+00
-1.774039887840032748e+00
-1.896892909026617335e+00
-1.250417837563751577e+00
-1.328277196976265895e+00
-1.179388756523847448e+00
-1.506568090150778305e+00
-2.840954273497001137e-01
-7.638599257206203363e-01
ReLU
0.2
14
14
-3.669358504766481177e-01 -3.072317771045193213e-01 -1.284158228963913961e+00 -7.932090401966740423e-01 -8.633076130257160141e-01 -1.009800637388003519e+00 -8.964689563598379207e-01 -1.411673507140531969e+00 -1.106838270388219858e-01 -1.118110573495056270e+00 -6.940478783746433233e-01 -1.263727001946265638e+00 -9.757752209494617857e-01 -1.056181498330285295e+00
2.009575359074219914e-02 -4.822866754251897148e-01 -4.341578323212432089e+00 -9.959186686165956148e-01 -4.078589287446267586e-01 -4.206495941424724383e-01 -5.622381805108646047e-01 -6.170510654012657525e-01 -1.623589302127786682e-01 -2.073175301993101238e-01 -9.971830074835842661e-02 -2.568359532701277037e-01 -1.586578750950951022e-01 -2.020500266895439712e-01
-4.024365904660332505e-01 -5.770594965112538777e-01 -5.859082984586943432e+00 7.444714446679177033e-01 8.367375409352022231e-02 7.153747751723502635e-01 -4.467474406028673073e-01 1.290035265878987647e-01 3.297155310136433704e-01 3.021859642485357211e-01 5.840363022284694727e-01 5.184949065083480080e-02 3.792487481675578254e-01 3.657689263206864716e-02
9.633097451044007886e-03 3.012962230319869705e-02 -4.119619574100805148e-01 -6.449574345630820771e-01 -2.893326663664617104e-01 -3.167679994067532645e-01 -1.443030651557894117e+00 -1.514874661370489095e+00 -4.800882857188554231e-01 -3.351645527973574623e-01 -5.966576126645419809e-01 -8.803513638890531068e-01 -9.717834117531785054e-01 -5.014215616415601540e-01
2.377439173446221077e-01 9.285577292774083169e-02 -7.473165126794234503e+00 2.367826612114300733e-01 -2.231079212842017878e-01 1.653003613997735988e+00 -8.824251341277126182e-01 -1.868303243647375655e-01 4.787879498181383253e-01 -6.250304944026239262e-01 4.233620073808087581e-01 -2.714026816360413097e-01 5.010321489445882515e-01 -3.702940334322736837e-01
-1.477211870388025483e+00 -8.287671481020630893e-01 -1.305371637186945044e+00 -1.334716343225850199e+00 -5.974709201841374995e-01 -1.342623644724886489e+00 -1.318109540505209232e+00 -2.339673233207396397e+00 -1.017888244628635919e+00 -8.812037817831079867e-01 -1.509808395528470903e+00 -1.168561683116079442e+00 -9.017115793868117901e-01 -1.121568112395380235e+00
-2.283768296425322253e-01 6.277160677280283485e-01 -5.148799627118797240e+00 2.216968947748029772e-01 -1.329971150784346134e+00 7.354683792025790146e-01 -2.248846895394151502e-01 -1.386871703203051753e+00 1.076780377280310841e-01 2.269042643835615936e-01 1.275673791229163245e-01 9.353861698573567862e-02 -4.940191340130677955e-01 1.658954755403876102e-01
-9.883078406981951614e-02 -8.646791578946537715e-01 -2.985145186646615212e+00 -8.411605411056271020e-01 5.089716962304637743e-02 6.678726446170243913e-02 1.190992324451656398e-01 -8.866923683376300991e-01 -1.155505951829467054e-01 3.097395829911721576e-01 -5.260649722309242993e-01 -6.794961543648945224e-01 -2.833523326440158252e-01 -2.321269935990977473e-01
8.081443306596051979e-02 5.897754504948344856e-01 -4.922645721177369538e+00 1.732369202753785559e-02 -4.304600482039427911e-01 8.467932774257057593e-01 -2.085327680061101197e-01 -3.138788944717684770e-01 -7.383559182543486532e-01 -4.363775703217183111e-01 -1.477559638780790996e-01 2.385493510472194989e-01 -1.392742391046719874e-01 -5.266006217066502293e-01
1.050582472366269782e+00 7.644350747469840224e-01 -9.092333337048334130e+00 1.463877095237269277e-01 2.650104048359236852e+00 2.361864369920794182e+00 -2.143328723372454725e+00 -5.269723875980248939e-01 -4.052492667377962654e-01 -4.817237668791152783e-01 -6.341746068036956119e-02 -6.806327514997420614e-02 4.239621333338378650e-01 -4.535727889669897150e-01
-8.034814727534732581e-01 -6.998730170242586923e-02 -3.307809666206654065e+00 -4.574999595395864982e-01 -6.661176216827824348e-02 -2.111349495137509191e-01 -2.720474141151799641e-01 -1.154530377256689277e+00 -3.845469713011572810e-01 -1.374844689108191131e-01 -5.968111994019122957e-01 -4.474873359106872894e-01 3.122408283461514111e-01 -9.593730191198653889e-01
-1.152431069112116013e+00 -9.892355032073520960e-01 -5.615538712953099143e+00 -3.367799568618742856e-01 8.526439372766194680e-01 3.328473010491821843e-02 -5.586875225259488875e-01 -6.944641496327539354e-01 4.072427427610866846e-02 -1.150968444797153323e+00 -3.991822665248550561e-01 -5.865720381149943652e-01 -4.308324938793046677e-01 8.156002382356661307e-02
-5.987939936828851062e-01 -1.658243584784609981e+00 -9.945550305265712154e+00 -5.193880408791592407e-01 1.495709268986898488e+00 -4.192578843462126392e-01 -2.280617262608550799e+00 -1.091127186193428189e+00 1.092134184550817566e-01 -5.850860414316261249e-01 -1.376395671608355631e+00 -3.632629819124928439e-01 -5.856768711830262486e-01 5.125063495312193185e-02
-4.745611862640809475e-01 -5.611512416022423899e-01 -3.515406386088099300e+00 1.396336565307711164e-01 -1.759059683162733367e-01 4.562869323496999141e-01 -5.131575411960326294e-01 -9.821409060251186096e-01 -1.367040693898859682e-01 2.159433551858601641e-01 7.906483160900937279e-02 1.598110015978292942e-01 -7.049115781934796321e-02 2.684639536077815802e-01
-2.924625840335786653e-01
-1.304277079047609367e-01
-4.695290923407293149e-01
-1.495242835833884842e-01
-2.970037001506553032e-01
-6.443576795720967754e-01
2.388468344270940347e-01
-7.951802124465965349e-01
-4.029172861331295485e-01
4.993716585477948611e-01
-3.543752870059169169e-01
-1.837515358077314476e+00
-2.263291135146904054e+00
-4.200268628685343564e-01
ReLU
0.2
14
2
4.184232158065988028e-01 1.707186723784126225e-01 -1.580126087883567190e-02 1.145685647973926580e+00 8.258081179346821177e-02 1.791729832622030449e-01 -3.007133577571456384e-01 1.496931704160263943e-01 -2.899916694767000203e-01 2.310636930589703653e+00 3.664519744698971904e-01 2.241778696871521981e-01 7.897871188653090568e-01 1.493761024224812654e-02
8.050217848282228417e-01 -1.207938310980327494e-02 8.338382572862147735e-02 3.984955648463275879e-01 1.161204468095146658e-01 9.107042730618598592e-01 3.854237213182025168e-01 1.653003702826424393e-01 -1.408119792129930437e-01 2.294148852582148734e+00 -3.808355757765006372e-02 5.463565822874724143e-01 9.685656907096170665e-01 -1.669397842566978096e-01
8.020938141474314165e+00
7.847693911593573546e+00
Linear
0.2

ct 2024-06-12 11:05:04.270740
