noname
4
4
4
6
-1.416240203947292775e+00 -4.945134412637829380e-01 3.312809673070281624e-01 2.017419474782338629e+00
1.438000711604403792e+00 -1.329006757348382556e-02 1.071595205322201316e+00 2.618348962467857977e+00
-1.747067175354993784e-01 -1.977742182246151614e-01 2.605317690904766503e-01 2.509275874509930837e+00
-2.424443879538030533e+00 -8.102916613316346606e-01 -5.476206488965438268e-01 1.388089127537219136e+00
5.077232817763418504e-01 -6.926559986121227919e-01 9.315031522141944409e-01 2.414706449993180293e+00
-7.593559261064898314e-01 -5.795543001117349213e-01 1.341406023827329888e-02 2.444793722029293459e+00
-1.476269259261855649e-01
1.010577075157369720e+00
1.171210046736470556e-01
-7.368925254807281444e-01
4.238934111005087102e-01
-1.594141536249193691e-01
ReLU
0.2
6
6
2.798863133332241682e-01 1.165850029154623435e+00 3.225973343545862071e-01 -6.333541216747410330e-01 5.552812611486545036e-01 -3.023614496693843301e-01
-5.699190828022595579e-01 7.788459198857432542e-01 6.478477085289179038e-02 -5.149165035632898846e-01 5.032830510371503197e-01 1.617132777459928950e-01
-4.052601365062151184e-01 7.835414888243604770e-01 3.961064492134473425e-01 -6.621459091109359596e-01 4.945155204523243864e-01 6.201041076375219535e-02
-1.624559231515342872e-01 4.436075279742868888e-02 -3.017015010259962438e-01 -1.410464128720205768e-01 -1.584814174244986440e-01 2.957625942777901695e-01
-2.995132597399275953e-01 -2.594649661806393282e-02 -2.837927320500102657e-01 -4.451499674378701643e-01 -1.586436269919207567e-02 -3.428984999077522300e-01
-6.784709219162309290e-01 -7.498539466586185975e-01 -2.199098017048198572e-01 -8.396017841117036085e-01 -5.679117402928026692e-01 -1.381100066540951743e-01
1.338345308527534527e+00
9.928878873778437253e-01
1.483553179528759980e+00
-7.550500299046101205e-01
-2.665179950091692840e-01
-4.832341660277951756e-01
ReLU
0.2
6
2
5.705026052870302289e-01 3.132568460787684139e-01 4.367738071473153960e-01 -5.686158185657762543e-01 -9.005969912930763058e-03 -5.049933026704911398e-01
4.292290870189520158e-01 1.628005211608531955e-01 3.816393978268241560e-01 1.345845076888002867e-01 -2.873500802123610254e-01 -6.009378601517746388e-01
3.277916530682341900e+00
2.812444983284064115e+00
Linear
0.2

ct 2024-06-12 01:50:41.354940
