noname
4
2
2
3
7.485532225802880857e-02 -7.185960177927024073e-02
3.485421809332234777e-01 1.850986926493310425e-01
4.756179423914417281e-01 8.687314228059183074e-01
-1.197147137437994252e-01
7.010273417440776589e-02
1.292855896910105051e-01
ReLU
0.0001
3
3
-1.122299685629384175e-01 1.226045120204469485e-01 -8.398857309771834423e-02
1.924086264955645054e-01 1.545442113942483431e-01 -7.552926683009833497e-02
3.560526600437601275e-01 3.483218206319657617e-01 -1.450607938791277640e-01
1.547978172181149470e-01
4.450466716311676785e-01
3.570044871758474292e-01
ReLU
0.0001
3
3
5.693706433069120054e-01 7.538496653034383321e-01 1.921163612108594543e-01
2.262388430208600865e-01 1.812439903947726805e-01 5.380718686176727550e-01
8.963552491234086927e-01 -5.817319948222827997e-02 7.269209191955027238e-01
6.177438069227544348e-01
6.237389193289910594e-01
5.443763500349986240e-01
Linear
0.0001

ct 2024-06-02 11:11:48.656465
