noname
4
4
4
4
-3.269629755385243364e+00 1.400152661775817098e+00 1.277601899116053374e+01 6.258570143389674545e-01
-7.235220982974430726e-01 -3.025010672363758424e+00 -6.009287571250957249e+00 -2.925142584002029533e+00
2.904963796047160596e+00 2.686692251347337468e+00 7.235206316642774027e+00 1.515574009077463868e+00
2.289212396724353837e+00 2.794992127101279422e+00 1.748357728125321531e+00 3.345924899360871230e+00
-3.787344774011144999e+00
3.960375336263664559e-01
-2.471203764995377306e+00
-3.983190992668103059e-01
ReLU
0.2
4
4
-1.665886730114213288e+00 8.951595537861054552e-01 2.745144000876066359e-01 -8.655565734704948611e-01
-2.038610327480649520e+00 -1.179237926789816315e+00 -2.302560023388018795e+00 4.980085233621027174e-01
1.459923356095277347e-01 -9.332799192569545266e-01 -1.004509958885074772e+00 -1.320743908860960270e+00
-8.508042878920728525e-01 -1.051866999779778933e+00 -7.569395011655177807e-01 -7.542935203241425413e-01
1.183249227167109119e+00
-1.113013319956938973e+00
-2.665179701636669063e-02
-8.651139720930413057e-01
ReLU
0.2
4
2
-8.307960822663518208e-01 -7.027893584444920849e-01 -2.653635869426711480e-01 -6.573923208871367274e-01
-7.794230762005562863e-01 -2.313225669612549162e-01 8.969865163119410123e-02 -8.245708396656705741e-01
5.553262799667487037e+00
5.142829686251655374e+00
Linear
0.2

ct 2024-06-11 21:58:03.397149
