noname
4
4
4
3
3.053434865365476369e-01 1.353230981633240515e-01 6.776568470003251354e-01 4.911764139790765760e-01
8.874349945045171273e-01 8.111722767653096744e-01 3.896880742301388478e-01 1.003145992954811661e+00
5.666133088077892621e-01 7.719494983401280486e-01 5.601484994193435263e-01 5.110986648923436793e-01
3.990325377590678291e-01
2.688822432268830331e-01
5.707092919020340105e-01
ReLU
0.1
3
3
4.447491109011580401e-01 4.433352537184566677e-01 9.088967097493051428e-01
4.216032594395461297e-01 2.715198384519144637e-01 4.154105547202923132e-01
3.569426251242756032e-01 5.589104022864659349e-01 2.773321573170952070e-01
1.699180620813123821e-01
9.769317635930302446e-01
2.244412587289752459e-01
ReLU
0.1
3
2
4.968658418897461959e-01 3.147857321066743208e-01 8.571144691314362962e-01
7.650974017087874834e-01 -1.217617163253434734e-02 4.833371770540518808e-01
3.859498336219032710e-01
9.398511833141521832e-01
Linear
0.1

ct 2024-06-17 02:53:58.873779
