noname
4
4
4
12
1.940732000370737120e+00 1.331376775128464862e+00 3.550321057858651486e+00 1.291586479349245309e+00
8.424203562873773532e-03 1.221265622749906354e+00 3.012374441205810882e+00 9.908000661513037821e-01
-1.271980135292503977e+00 9.082913937697260076e-01 2.436400900225402566e+00 3.808741769202553251e-01
-1.085050845318220158e+00 1.150013119431655184e+00 3.059821933567183905e+00 4.019650639030163952e-01
-4.964926425222760398e-01 9.950201784349201883e-01 3.886310595785944511e+00 2.005823717855451660e-01
1.693208654043747152e-01 1.794117360815846052e+00 1.296769426651043000e+00 9.408803493331722168e-01
4.065184842949959965e+00 -3.508968762958115661e-01 -5.483035257295856724e+00 9.567984695297854225e-01
-7.616385923928675750e-01 1.125145380381860516e+00 2.084847312587652546e+00 4.477111532429338125e-01
2.714675421421981039e+00 -1.009623372835442012e+00 -3.940201628682549639e+00 6.797416847545915131e-01
-1.209388174286965545e-01 1.816832133398759819e+00 3.081848275336724896e+00 2.179290367818061680e-01
-6.894169495213814391e-01 1.479692310338887484e+00 2.838883539287348157e+00 9.124640974175080022e-01
3.849198952241320359e+00 1.029484706258256832e+00 -2.770364232250150938e-01 1.838555330440231339e+00
1.713776640669675499e+00
1.130531233303043726e+00
-1.352149372203681477e-01
-1.059287843165409027e-01
-2.169980920126000967e+00
1.734475374888785892e-01
-2.645846060996427940e-01
-3.463290376618410327e-01
-1.358965101892368965e+00
-5.211405308479182263e-01
7.635205379521383673e-01
4.528209739598752503e-01
ReLU
0.1
12
12
-5.435011862357913559e-01 -1.007680264793630931e+00 -5.214942972724908588e-01 -3.655372054313935637e-01 -1.263379175297218715e-01 -3.597319577687019820e-01 -4.599284097256906012e-03 -5.502962876396302327e-01 -4.443668101479881227e-01 -5.032081254911966450e-01 -9.929524376166033450e-01 -1.002245595055965888e+00
-2.290595321301292842e+00 -2.933245893892720613e+00 -2.028948234443810339e+00 -2.222719017461474156e+00 1.698823717264861810e-01 -3.905321146335343774e-01 1.536986272642763884e+00 -1.352342528419191447e+00 -3.608855045034126796e+00 1.170897099925114704e+00 -2.421759471236279548e+00 4.319392591637259415e-01
-1.617949927498817941e-01 -4.743919796673454203e-01 -4.332408753333556461e-01 -1.941412123463897021e-01 -5.196136901079781989e-01 -1.212183240737937061e-02 7.767405501192236050e-01 -7.004333782945714182e-01 -2.675188912779705719e-01 -7.031829335039195827e-01 -1.044093605107150102e+00 -7.001949433708456461e-01
-1.564461490717162784e-01 7.129269224366530100e-02 -4.057032956729081929e-01 3.908219512274861002e-02 2.653351001211408100e-01 -4.076692571758941397e-01 -1.320741553746732910e-01 -5.842036645022313790e-02 3.950220488596369317e-01 8.760378011000690135e-01 -4.039412351114982092e-02 -2.413274731103665083e-01
8.998588786278217677e-01 4.110322521326409961e-01 -1.916083315865032000e-01 -1.005642020334554659e-01 -1.435499030239481222e+00 -1.370195606855423298e-01 9.195804726166210141e-01 -9.113485754862100940e-02 -2.005282964251144107e-01 -1.549481160673439606e-01 2.593174850140577137e-01 6.605342739526351981e-01
3.388805925469750568e-01 5.942319843216462699e-02 -5.566574790182639010e-01 -7.049970122224266111e-01 -1.116398109816433282e-01 -7.900549206034545024e-01 3.995101460228206447e-01 -4.295283876513560917e-01 -4.251089261786025197e-01 -3.237464621425683586e-01 -4.236731455955742298e-01 -1.668051486291391994e-01
-3.817512135301463494e-01 -7.311789613159960233e-01 3.332744163235763502e-01 4.769580758053008906e-02 -5.328958026542629511e-02 -2.186345578908965859e-01 -1.269776374561329080e+00 -2.417441150496052182e-01 -2.263539203904226527e-01 -1.082201712369200153e-01 -2.143316810425743291e-01 1.866232022963366100e-01
1.386980284256160156e-01 -2.117923677993183706e-01 -2.760681423232114878e-02 1.947868179792423271e-01 -6.292509949624512933e-01 2.006940696170822214e-01 6.564803843416942009e-01 3.992872671522827432e-01 4.104270178039121642e-01 2.480213116840468135e-01 -3.160392826851784465e-01 1.644503497918985424e-01
-2.443874207697208367e-01 -5.907386302168851078e-01 1.638148182712313161e-01 -4.723594280985824456e-01 -5.293400866943679395e-01 3.886280254036974524e-01 -3.043990189227155918e-01 -1.385394777552984291e-01 -7.922285865727298759e-01 -3.575560669942058900e-01 -1.425669446426111320e-01 1.685228616429119697e-01
-1.644113446486668906e+00 -2.195064937625827106e+00 -3.688271609067284573e-01 -6.383149047492934214e-01 -1.955040796425379368e-01 8.043355563685589127e-02 -9.714261185707480373e-02 6.816757822067553985e-01 6.572200848649766280e-01 5.896044254631166437e-01 -1.484081763386008390e+00 -1.135245146057879406e+00
1.364635226833480930e+00 6.664532725141523173e-01 2.012977215538051534e-01 1.864377621843308075e-01 -3.680647201255787815e-01 7.634425677206976291e-01 3.566842018882807608e-01 7.556819866930269969e-01 -4.826001072681793680e-01 4.458968307092474603e-01 3.707836570461338077e-01 6.152011099003773520e-01
8.957941526539331401e-01 1.780127239965750563e-01 6.527945901245095772e-01 3.638877097097278357e-01 -1.636761407165068516e-01 1.681531884121994780e-01 -7.028606462067875649e-01 -1.999125475547390285e-01 -2.629283362664822654e-01 6.838937308614816413e-01 5.278268589717148851e-01 6.237285793949427504e-01
1.612056004368079165e+00
3.539448330727060554e+00
6.998306331440343753e-01
1.406096482449139984e+00
3.133874268294154497e+00
1.060642351974324882e+00
5.600032098455597351e-01
2.612908470809427008e+00
-3.512041662272017417e-01
1.041649647352188124e+00
3.631563729329486012e+00
2.304879440746903541e+00
ReLU
0.1
12
2
-5.672796668511546070e-01 -9.064837962634137991e-01 -1.929687132657973703e-01 5.982139742974178914e-02 1.181091607360656548e+00 3.477282998341116316e-01 -7.930344079338298713e-02 5.256441041978900941e-01 2.312769752540538293e-01 -2.086511599640830661e-01 1.363044198002314689e+00 8.179847410635050498e-01
-5.476050222585857608e-01 -1.227623696902531369e+00 -2.508206446452784788e-01 2.259390834542938653e-01 7.499387811246599478e-01 -8.314713751821087295e-02 -9.750663955769109381e-02 7.140243440033472444e-01 2.286529796078212440e-01 -3.777383903823630096e-01 1.391052173108103807e+00 9.710787495655380797e-01
3.598834784607156223e+00
5.383767983149542857e+00
Linear
0.1

ct 2024-06-11 14:32:58.201804
