noname
4
4
4
4
-1.502370549679068912e+00 1.314512977335488220e+00 8.816753610900551763e+00 4.416253474557616521e-01
2.206641554290448504e+00 -1.382454359743721939e-01 -7.909682674455017271e+00 -1.034535504453915622e-01
1.485219038720569706e+00 -2.153218859268692387e-01 -8.529517155265736505e+00 -1.096137633438450942e+00
1.545380988943529488e+00 -6.981572261003466950e-01 -9.604837347085190657e+00 -9.287098007802079280e-01
-2.986417658530371444e+00
1.846378106579039668e+00
-1.909535000369778190e+00
2.042909792576911965e+00
ReLU
0.1
4
3
-4.971553527033613640e-01 3.744292783832477850e-02 -1.223478185723263278e+00 -1.746055754753044198e-01
-2.784936316121233713e-01 -9.187901084049096001e-01 -5.477506526837769979e-02 -3.911977526091405810e-01
-2.754314392473968809e+00 1.194790166859626801e+00 -9.281386506891137200e-01 -9.362961738546634605e-01
-2.615348648983580326e-01
-7.116001457497135307e-01
4.749177026983812944e-01
ReLU
0.1
3
2
1.895302042409384088e-02 5.025006897733559352e-01 1.082876683591925904e+00
5.684285941136225928e-02 5.420961421688069715e-01 9.553820700772591712e-01
2.044206801291162279e+00
1.929525558923045336e+00
Linear
0.1

ct 2024-06-16 14:27:06.655756
