noname
4
2
2
7
4.594878375032482309e-02 9.088980560533622965e-02
3.756890939446658195e-02 3.416192568585644795e-01
3.985883740397211938e-01 1.367507653006655721e-01
5.089771190281383584e-01 2.504680811443563138e-01
6.758993644826440939e-01 5.043551132798955727e-01
8.817423023812671623e-01 5.038706111667474730e-01
4.879862527547453865e-01 2.146972741288514230e-01
6.571035768145188083e-01
5.944535181713341832e-01
8.428316485285157755e-01
7.765870872995092045e-01
1.590675559189144717e-01
9.550845887401786527e-01
7.221309942982765406e-01
ReLU
1e-05
7
7
6.207257608265989157e-01 3.481808344946021871e-01 3.783192032795243409e-01 1.734311655681644027e-01 8.945396102016666129e-01 5.787714003503943161e-01 6.385526189394193919e-01
6.019499154131644492e-01 9.051779161165567356e-01 5.591932881722427862e-01 6.075232346429977337e-01 3.703487685631083881e-01 1.625356008259558616e-01 2.253820034357712637e-02
1.832901187208997029e-01 6.944553575952487900e-01 2.991034047231265758e-01 8.950607801563752464e-01 4.760758934380155960e-01 2.776743707260247440e-01 4.905986721468897499e-02
5.011118260935654156e-01 2.423045901539681302e-01 2.168365603535886699e-01 -1.603915404914493673e-03 1.255290314873484803e-01 3.101138740574581609e-01 2.327308427493188225e-01
6.913604417644172995e-02 8.813967512447856700e-01 3.555748266068666230e-01 3.651797960838239487e-01 9.323880489765451474e-01 1.401755012872423455e-02 7.904085753327600994e-01
3.608698839642592304e-01 7.097475094348352220e-01 4.617548036538375311e-01 1.019569762798670648e-01 6.029215298297908587e-01 3.935762180745611682e-01 7.764962472683376027e-02
5.906391314107333201e-01 4.038812195212198031e-01 4.557088871601892022e-01 9.876402403541171271e-01 8.354061145959773560e-01 5.882298706891944118e-01 5.797746326009544093e-01
2.601069828336791678e-01
3.694481710411182118e-01
1.063210466200975313e-01
4.043876551282500342e-01
7.013933490654211678e-01
8.010148002909019960e-01
1.185533690538650986e-01
ReLU
1e-05
7
3
9.028309403809011702e-01 5.720750308505296866e-01 5.326135089594464800e-01 5.339100332310968700e-01 2.277671346040375799e-01 8.131636412353058230e-01 2.333685770422300187e-01
3.676872755642542900e-01 8.040546135235763225e-01 9.161318857966628537e-02 4.924447085635243471e-01 3.533987456631860757e-01 9.132906694014640558e-02 8.980460536337619981e-01
6.033357000405330517e-01 5.092346678345377464e-01 6.610001140522692165e-01 8.703354272235113154e-01 1.619384523773853002e-01 8.160559559452361666e-01 7.788419887233131167e-01
4.028672511422218272e-01
1.393145767683747760e-01
4.809503732632137152e-01
Linear
1e-05

ct 2024-06-02 05:34:15.357129
