noname
4
4
4
4
5.063516733942764469e-01 1.177470677699233637e+00 -4.753139917342219967e+00 1.901738492792108159e+00
-7.282648339055419751e-01 7.866282830302689932e-01 3.368149618895124320e+01 2.290787306043786664e+00
6.679574204450947073e-02 -1.473160741318301492e-01 1.192190066058586773e+01 3.935145279176002209e-01
1.991611661932136679e-01 3.732667617196052667e-01 5.446827760360237747e-01 7.686882232487629585e-01
5.250674504616078542e-01
-5.695388844973921394e+00
2.889672560528328216e+00
-5.174566428135746854e+00
ReLU
0.1
4
3
-1.900781695898551060e+00 -1.135196317559193480e+00 -7.776451757638331852e-01 1.897794027251032967e-01
4.696799575893212952e-01 -1.220710638259450587e+00 2.954624312078800719e-01 7.026426789280409979e-01
-1.086167872810780838e-01 -6.417105617689090602e-01 -2.734538875168609273e+00 2.788941895364028589e+00
-2.098408084508046834e+00
2.324505797023185494e+00
1.808729829639550868e+00
ReLU
0.1
3
2
-1.729657592745288408e+00 9.449432431401960653e-01 -1.218949003360703554e+00
2.049542559808615216e+00 7.497293414085360874e-01 -9.026076405285586857e-01
1.393199268360467480e+00
1.598164424602345424e+00
Linear
0.1

ct 2024-06-16 14:12:53.060163
