noname
4
4
4
14
2.322078433482066995e+00 8.307997048574879972e-01 2.465901915287732393e+00 1.335287947133980690e+00
-5.253113262635784597e-01 6.343461095355622525e-01 1.901530353190168832e+00 1.599698791353007521e-02
1.292445926938328604e+00 5.805905779851984194e-01 5.166468698752605393e-01 7.888517661733991382e-01
-8.440202751565653028e-01 1.809800498960522752e+00 2.202431236323879382e+00 2.078056410001629106e-01
1.503726346698901706e+00 9.199748218562942004e-01 1.228654863638114492e+00 1.525214714288220197e+00
1.602604127066303619e+00 6.650248328663154185e-01 -1.561287285159090599e-01 8.668392359164809324e-01
-6.993835005215994771e-01 1.078773082962876328e+00 2.936177709364406585e+00 1.099342726547543614e-01
-5.863403594115278450e-01 1.338697313051673943e+00 2.345162159264925439e+00 3.140842499420971046e-01
-1.008095733112621822e-01 5.760632111742506334e-01 2.179935431987084726e+00 -4.135027280804089433e-01
3.765533851428882084e+00 -1.647632017716804231e+00 -1.042310132980646920e+01 -1.213591793297625232e+00
1.546264237664847219e-01 4.013515101458395296e-01 4.080699845679107707e-01 1.296484795647331878e-01
9.160784402976593910e-01 1.918900568318526179e-01 -9.955213027888507593e-01 2.792760471650456156e-01
1.242114806313157294e+00 5.262124029736461317e-01 -5.493444996329741592e-01 1.160199326135346931e+00
1.299369867253333144e+00 9.914691951971603689e-01 2.367722312747917890e+00 1.070572945930044151e+00
1.260436935203514297e+00
-3.641231088638234858e-01
4.713482500084323346e-01
-2.717247513658032076e+00
8.493667555470993946e-01
2.212214747888596456e-01
-2.499976050871118016e-01
-2.769490437321096010e-01
-3.639127135133087831e-01
-9.931691038846305331e-01
-1.240229315844834507e-01
-4.703140633494895528e-01
4.349836360061459239e-01
7.710462142585967626e-01
ReLU
0.2
14
14
-4.336904029212465539e-01 -8.223195776038119131e-01 -1.513821251928671174e-01 -8.403517026154513347e-01 -1.521646533486630537e-01 -5.752051709801339063e-01 -9.640059216619579763e-01 -1.486920831309487545e-01 -5.875688545967777676e-01 -5.852190066862331674e-01 -5.007180798612810291e-01 -7.047778518117371327e-01 -9.436866758203606986e-01 1.329749996827287450e-01
-4.693607411141466068e-01 -4.563258517875570797e-01 -6.663037870996338929e-01 -8.724381295182395135e-01 1.059152985515912360e-01 -3.265590493486058565e-01 -8.411015407072327532e-01 -5.114081492674864560e-01 -4.930270284004855119e-01 -2.849757864248586792e+00 -3.153438566264682996e-01 -7.640545259375571829e-01 1.663265993247290409e-01 -5.385625729342979895e-01
1.339010599720101280e-01 -5.084495858547887215e-01 3.616169665750006978e-01 -1.730544069600918444e+00 1.835277786485589244e-02 -1.289169723907122034e-01 -8.633664111661953910e-01 -1.293652500083966483e+00 -9.486800026774528938e-01 -5.663462390988324380e+00 -1.222645478131815511e-01 5.804844556738083527e-01 5.412672491540785336e-01 -4.244015633614444116e-01
-2.333137137946007245e-01 -4.855065006827425367e-01 -5.099883514911430771e-01 -2.896297869385290324e-01 -1.540532547178818656e-01 -7.147779882265371809e-02 -7.881941086113554151e-01 -6.745569023747273185e-01 -7.016104304318038221e-01 -1.547312473434182989e+00 -8.282652345627083967e-01 -1.315024035187832840e-01 2.329273633897483431e-01 -2.084342209883548458e-01
7.030472397466087653e-01 2.742557144178469630e-01 -1.171790476896642230e-01 -4.202909218197699026e-01 8.873946544994786301e-01 3.804760497024271548e-01 -8.819463989826187636e-03 3.018767938372781123e-01 3.602712255839338878e-02 -7.690923759418988315e-01 6.945436265754729999e-02 5.303308290788149026e-01 7.239480525691709412e-01 1.065213308584250784e+00
-5.652911109673082191e-01 -1.282492403724603935e+00 -4.918487456150513748e-01 -2.226289477579125542e+00 -9.130107323293428223e-01 -1.387919041483139493e+00 -1.027263523020627956e+00 -3.181426011363315265e-01 -6.565723681276728341e-01 -2.231215740151766713e+00 -9.577121408548637804e-01 -1.397112926723420356e+00 -1.556713702965311752e+00 -2.838466261784459710e-01
1.365214974571472561e-01 -7.589336646919703222e-01 -3.498158081098352579e-01 -6.889975250461033429e-01 -1.818084309280338651e-01 -2.668421510649087169e-01 -4.791444061161818091e-01 -2.180471438938185458e-01 -2.372956302563352382e-01 -1.859095760032059674e+00 -2.544592800693264434e-01 -3.992283013529017155e-01 -4.223998597120739440e-01 3.871404326858104983e-01
-7.153719078447642876e-02 -3.948574335721710682e-01 3.030412582174097924e-01 -1.082411322176551005e+00 -2.317244335054290463e-02 -3.342522736130259520e-01 -4.865716494717891583e-01 -4.017459622833527977e-01 -2.804713270262008118e-01 -9.878593627717745518e-01 -3.767486603870912054e-01 -9.850361274430174952e-01 -4.643049989952166556e-01 -2.173397967700847477e-01
-1.651842718012714595e-01 -8.638548731238764322e-01 -3.419321061228429715e-01 -1.206589900848928254e+00 -9.799504878451330558e-01 -1.051398149371851609e+00 -5.917396962255951909e-01 -6.022006081998368954e-01 -1.029904653259091363e-01 -2.636892738020960802e+00 -5.661348805639784265e-01 -1.639331434123595166e+00 -8.560158863006224195e-01 1.294226066881145609e-01
-7.606691930516845668e-01 -1.163134210438617977e+00 -8.535503269482669353e-01 -1.343047678387353283e+00 -1.256960128491185769e+00 -6.924179850040262929e-01 -9.046380239175141336e-01 -5.340919313315101169e-01 -8.238151116083813896e-01 -7.740284866066774461e-01 -1.637670642403086019e+00 -1.781942376780880632e+00 -1.016162339150858740e+00 -1.141499775220551127e+00
9.368308921953294455e-01 5.724837329399994346e-01 5.622502864837241043e-01 -1.340420975667731218e+00 1.092304767100809038e+00 -3.596877854758464554e-01 -1.490241176078989371e-01 1.098912815516702585e-01 4.333134562483857422e-01 -3.824010391326091440e-01 -2.071772957206862165e-01 -2.203010060800993930e-01 5.892054515183836605e-01 4.882241779741421372e-01
7.553316195333780181e-01 -4.364322775676210964e-01 1.891353350379632037e-01 -1.928256439158034352e+00 3.773568148869379524e-01 8.060996353137539483e-02 -3.253988187320616121e-01 5.601843310433670536e-03 -6.984262123141256051e-01 -1.470081361183035007e+00 2.794049410462065008e-01 -2.178234393249639522e-01 -2.734595904904380537e-01 3.383062210461340036e-01
1.262648179559947348e+00 3.004623308895682660e-02 -1.626299761502903174e-01 -6.273362786180465278e-01 9.306552306916398010e-01 5.496624471712557858e-01 -1.001276358860714033e-01 9.455481755924922682e-01 4.562280129775592163e-02 6.258645212076890951e-02 3.608704045258562809e-01 -3.347833349128803149e-01 2.178039914073587324e-01 6.711635882901094696e-01
1.505367654593548821e+00 4.817819087053246685e-01 7.712522972564032075e-01 -1.264805149935139594e+00 5.416087507599619544e-01 4.511648102406428662e-01 4.871926959251554612e-01 4.369871879637451939e-01 -2.955064910871968986e-01 -9.017977873760397722e-01 -1.533955987647476205e-01 5.854388181286679371e-01 3.484544803009129166e-01 3.555392987233467195e-01
-9.078563874567376069e-02
3.050521162458604829e-01
1.766934968487171576e+00
5.572638205939987044e-01
2.017663139735772493e+00
-7.506833981355811591e-01
9.029969239457871222e-01
-4.427366241703944300e-02
-9.557321615042976837e-02
-7.748575159804482748e-01
2.542458475826863573e+00
1.871533145337600956e+00
1.984010717268665625e+00
2.903348876095622977e+00
ReLU
0.2
14
2
8.124642643636429407e-01 -2.374236541239795224e-03 5.603649677040269950e-01 1.032666955165437994e-01 8.726291452339812738e-01 1.869068174847511588e-01 1.534112190608686865e-01 7.271087058367904365e-01 2.230104406852312926e-01 -3.624406058514906270e-02 9.976240075418304487e-01 8.226830864834350221e-01 8.132824088786139161e-01 1.112145246466359927e+00
3.981220501275694046e-01 -3.412742255290628912e-01 2.475910959412613854e-01 4.919721243599942812e-02 1.136122326827475604e+00 5.376538396284912258e-01 -2.216974833124611688e-02 7.374585155183500662e-01 7.054308190922853328e-01 7.558271591601100070e-01 1.072807297088375300e+00 6.208810479152021555e-01 1.154968889758534623e+00 1.230115291153891510e+00
4.368865053388534925e+00
4.325974256705102050e+00
Linear
0.2

ct 2024-06-12 17:24:07.577328
