noname
4
4
4
12
8.516928364865148371e-01 7.703233529393128665e-01 9.779974289002272281e-01 6.332005328511514097e-01
9.352099682132491987e-01 9.062406396304534262e-01 2.440534310909761029e-01 4.491055923908754410e-01
1.368444626495785910e+00 8.075723202295309600e-01 8.297926141726077454e-01 6.227455055958542873e-01
-4.904857109612886096e-02 1.060997824316699534e+00 4.016937661530092796e-01 6.638833706203167706e-01
-3.427565717364341319e-02 2.916843808304240282e-01 1.207324496091335408e+00 7.233097285097375151e-01
-4.035221982787914885e-01 2.628466310888988300e-01 4.442573780488257018e-01 3.781256445342156547e-01
1.018795535898873450e-01 6.406626137342743554e-01 1.063424398588096231e+00 2.099701250936414354e-01
9.514073130531210953e-01 5.059217598431925422e-01 1.255097984913045694e+00 9.449797009627521061e-02
6.738156803929279404e-01 3.947836731573478586e-01 3.630675833768221006e-01 5.093753174609338963e-01
-1.233401270097047364e+00 8.939133152187109799e-01 2.027312940177437017e+00 8.894577762468297566e-01
9.313452925569366547e-01 8.129477763638399690e-01 1.401093284635386294e+00 3.442403890697531832e-01
5.332711926368655098e-01 3.476082093579380139e-01 1.088423992213817693e+00 5.856483433844027892e-02
6.514600980146720843e-01
4.732577664738570056e-02
6.653142872004496056e-01
-3.680548234100607941e-01
-3.020374952048585082e-01
-7.927022992713780303e-01
-1.983944771818885455e-01
2.706994759050269650e-01
7.290039936254749664e-02
-1.614991498763620470e+00
4.614058331839543947e-01
-1.215972201311319167e-01
ReLU
0.2
12
12
-8.406828014979088604e-01 -1.474956033142780454e+00 -1.310450411377671820e+00 -6.322188095867229407e-01 -1.292903001098060667e+00 -6.584165442800365975e-01 -1.281582655572165885e+00 -9.522048879377026376e-01 -1.384785560811944372e+00 -1.582981359806216126e+00 -7.945949520734709726e-01 -1.218117115249301996e+00
5.022046966054009021e-01 2.770540966929184792e-02 1.893554992495405931e-01 5.582066001409596856e-02 -3.599374097060045741e-01 -6.596880740345460563e-03 -5.066145212359945277e-02 -5.921190136220368938e-01 -4.298299683975433383e-01 -4.320012244617340014e-01 1.504281234124242306e-01 -4.023908428433486395e-01
-3.133467999359711431e-01 3.850388524954346803e-01 1.498770451143435489e-01 -5.375076557899611807e-01 4.816739105776220164e-02 -4.251905957995178453e-01 2.917514539417783159e-01 2.005901201025061531e-01 -8.971741286119082337e-02 -8.662276247921427696e-01 3.158015761462210635e-01 -5.848107328040327291e-01
6.861948092091049167e-01 9.798190928741723482e-02 2.084392712082240029e-01 -2.474759705031920332e-01 -1.887152140961682878e-01 5.109166713864875531e-01 1.946963602781163205e-01 1.082217256747373541e-01 -1.680779083581971367e-01 -6.398769123363970968e-01 3.418143073089426887e-01 -2.137552441151818194e-01
3.757423851581094265e-01 1.830464245227405445e-02 6.085330026535354930e-01 3.134194559886998577e-01 -2.016092312198773939e-01 3.586541222612612406e-02 -1.201586736664592148e-01 4.549623626677234967e-01 -3.318887157648985897e-01 -6.510281769094591331e-01 -1.188713801619296559e-02 3.778787614466308509e-01
3.088001249192612874e-01 -8.773935019323890472e-02 6.530160925678790695e-01 4.060895153168544991e-01 -6.073451220570842413e-01 -2.025468131185686194e-01 -9.983137321024156130e-02 -3.577247273268153172e-01 -3.143753194947324636e-01 -5.595923096033357247e-01 -1.586883642926259219e-01 -4.129824331586073871e-01
4.775648180988685820e-01 -2.558122545937658865e-01 8.002255655506920196e-01 3.645013693951115186e-01 -3.553386756676914504e-01 5.883109973926824443e-01 3.198050469055578882e-01 5.603183134480709260e-01 3.670291854259076780e-01 1.192547524934017660e-02 2.173328495841603605e-02 3.706910978073391094e-01
6.662494168286224872e-01 1.065860743018159473e+00 3.499934709222654594e-01 8.234290344739229051e-01 3.088749110368170792e-01 3.527670354492576932e-01 2.765414447753882232e-01 9.251978709771224718e-01 5.582355086082213536e-01 1.912533485795065713e-01 8.231019630905015427e-01 4.947097747138156087e-01
1.055952323796414127e+00 4.227942699417663319e-01 9.166895671309139848e-01 2.162564655521154455e-01 -4.926101662000625936e-01 4.273694639377325077e-01 1.883319719054079022e-01 -2.367005057146007174e-01 3.562233274148507434e-01 -3.401807835136559932e-01 5.423698994561183540e-01 -1.769232024694271377e-02
-4.391463190455714427e-01 -8.461720554252685211e-01 -9.438175855771120670e-02 -1.278551144577073639e+00 -5.164020179123341991e-01 -1.491005210254833679e+00 -9.768462739649589333e-01 -1.115182839713229734e+00 -1.210194831903421697e+00 -4.013469240988072895e-01 -6.023189354806690599e-01 -7.523547339750087382e-01
-5.946761530386542038e-02 4.187428263286291363e-01 3.346299239753783850e-01 -6.832917884243684334e-03 -1.840250214532339612e-01 1.985385024749193594e-01 1.727059343374031664e-01 2.226660757739629681e-01 -4.535610267464628698e-01 -1.051350109842627556e-01 2.711035292913805406e-01 1.235700599920975390e-01
3.944371261247045513e-01 -2.267843490588459798e-01 6.298560703367864777e-01 6.326341863361173434e-01 2.098362291737677909e-01 -6.014270361675105175e-02 3.119883951645863185e-01 1.019404004748820924e-01 -3.519941041455863090e-02 -4.059852067564576616e-01 7.211665999222176548e-01 6.813443479790255441e-01
-1.441449724695958556e+00
1.279304461985633967e+00
8.001212910261223943e-01
4.976848848456683072e-01
5.190404575355427319e-01
7.533814820292807912e-01
5.052655932776314307e-01
1.495476403140030497e+00
1.455617951504180052e+00
-1.823754287922176726e-02
3.115543472892325361e-01
1.314090906804506353e+00
ReLU
0.2
12
2
-5.575880603804018731e-01 1.107153332132968071e+00 7.214443941895086754e-01 8.407950073608981834e-01 9.170535019319666636e-01 8.725157594562614749e-01 8.248480907870407997e-01 1.287825431143730492e+00 1.332198091578004062e+00 5.387041740814846325e-01 6.586971145054664190e-01 1.240330786115623418e+00
9.255006131461394059e-01 9.305028381781463853e-01 7.575414588058150267e-01 9.357683212800865791e-01 1.231434520881293571e+00 7.649006597644385508e-01 8.840973754531492590e-01 1.303100136999172376e+00 1.391229566356376735e+00 4.663404746308768001e-01 9.175527843863396926e-01 1.364088188289172665e+00
1.802974152218809190e+00
2.139960351542913752e+00
Linear
0.2

ct 2024-06-12 18:24:52.419772
