noname
4
2
2
8
-4.848159279993621840e-02 1.855540691056856706e-01
-5.761625873652594099e-02 1.267089436125556079e-01
2.372956807970990623e-01 8.376384029042623913e-01
-9.365095527788214191e-02 8.712795817075494886e-01
5.079443103831339235e-01 2.151137807267985286e-02
3.324407309708292124e-01 8.464871353416496547e-01
-8.786953338726770368e-02 5.077838898558720282e-02
1.165827576357974793e-01 1.148641805143928683e-02
7.236219746872192549e-02
-2.352522774791901763e-02
4.253930458416566585e-01
1.043119374158165899e-02
2.723061183093219428e-01
2.143898541327420026e-01
5.809187794074779365e-01
7.680910797010720437e-01
ReLU
0.0001
8
8
4.244920705111109305e-01 -1.856305400555882234e-03 4.327144971764552706e-01 3.583849253699132875e-01 5.083248050293099896e-01 6.202996370941622484e-01 6.829088150129157819e-01 5.020818140428259246e-01
5.830340206588875418e-01 -4.953205463147179050e-02 8.098815305110681484e-01 1.077536830221162284e-01 6.155508569817542686e-01 8.805812805178581115e-02 6.925489012157557411e-01 -3.749187512029218683e-03
7.241852041058596257e-01 6.964348531868415348e-02 -8.929765140194090289e-02 -1.615693761239152537e-01 -1.051442055488947258e-01 8.180175804504798975e-01 3.667781215223097080e-01 2.403489773173912436e-01
-5.340504213044774962e-02 3.899562563190787645e-01 3.467924034230039643e-02 3.695896243144103366e-01 4.673419209064979540e-01 6.224166213152425575e-01 6.320305611332419637e-01 4.912892042336723941e-01
8.767293275139617093e-01 8.400046496505574334e-01 9.383399957067350972e-01 7.215934113481733414e-01 8.134973651491288205e-02 6.220835872540957379e-01 3.947898772566231784e-01 3.762063871855999414e-02
-3.036338651149314213e-02 3.354208445914196868e-01 3.724287496247494778e-01 5.933452463517064901e-01 1.779582020130638376e-01 7.248706782864999809e-01 8.382520618233159082e-01 5.141726796600576410e-01
5.070976134773679256e-01 3.098641835646941400e-01 7.412008151409006373e-01 6.950364729903593108e-01 4.005511284700759012e-01 2.443803042838644246e-01 8.202060442922380901e-01 4.212601830459336560e-01
8.276517480207004063e-01 9.014139463606014591e-01 -2.996500872476515545e-03 8.318669993090885839e-01 4.077872310694301955e-04 5.834271974188904863e-01 1.388922124556580540e-01 2.879178789968035446e-01
3.393396695479273251e-01
5.806397506592000379e-01
2.977882910624211552e-02
4.152638079223952561e-02
5.594685353627246865e-02
7.325801959027234966e-01
7.666346523532570068e-01
3.173000377089613133e-01
ReLU
0.0001
8
3
5.651940697453143869e-01 8.349983893820073222e-01 7.433216060917970935e-01 5.925542367713833025e-01 3.088855929738731215e-02 3.025590956141586685e-01 2.468044080345489222e-01 4.908348408287406262e-01
1.127664950970096586e-01 3.469392297158230831e-01 8.947182464535731461e-02 1.820630468999325513e-01 7.176622983451480531e-01 6.443009396397468835e-01 2.441355778062523352e-01 6.171566894744749954e-01
3.457263732195132722e-01 4.319031088221772507e-01 5.313049031485796991e-01 9.226299425593532666e-01 9.553763538300519276e-02 1.372372639299270503e-01 3.187421656093025746e-01 9.539911872552141459e-01
-8.132301943862776938e-02
4.746046216561456421e-01
2.935966520714272665e-01
Linear
0.0001

ct 2024-06-02 09:01:42.870710
