noname
4
4
4
8
3.665135157089557949e-02 3.564107748244998430e-01 4.595127111770698214e-01 1.384598021309356719e-01
7.202606443870749331e-01 4.174147684798327207e-01 2.747371468532124883e-01 1.813702138186660817e-01
3.819871545177188077e-01 6.643311942226624023e-01 1.284653471193901164e-01 6.117558764613839628e-01
-1.571499925058419400e-01 2.535327970262330477e-01 1.115032869897869539e+00 1.141894140042680528e+00
4.536192306701052335e-01 -1.347418925871823880e-01 1.493868678261071614e-01 1.337188674191315485e+00
1.847617737064564114e-01 6.557981438058768653e-01 9.058354963089417788e-01 2.363684552951548778e-01
7.091342722644595753e-01 8.330878728111386078e-01 9.835372549070222625e-01 7.981511285003906053e-01
7.894241942437125736e-01 2.005316277222048971e-01 4.784238662000801501e-01 4.229507475979455977e-01
-3.630904533310486126e-02
4.619247488717095895e-02
1.913291566700281443e-03
1.384390582865289987e-02
-3.049378767514054900e-02
-2.379490997412606057e-02
-3.019041555623833140e-02
5.904480690249802599e-02
ReLU
0.2
8
8
1.153678843373291685e-02 7.748242828408982708e-02 7.642305369359881917e-01 8.469033075407204070e-01 4.594581814491062732e-01 2.059344304499694522e-01 6.772705981671331976e-01 1.771350284843706824e-01
2.588681971610499177e-01 5.680194121192367884e-01 5.124814086234037724e-02 1.804562787011732006e-01 7.575864316400453546e-01 2.300435590318186674e-01 6.206813645361431986e-01 4.381670863607519673e-01
1.227581047086424987e-01 4.683656123283885808e-01 6.707263749281031084e-03 5.093821858107976386e-01 -4.722506000011157667e-02 2.659727053676529396e-01 -9.544138300440943579e-03 1.904559378472849840e-01
3.089294133096646966e-02 4.429786506774645582e-01 5.658496518053901525e-01 1.105188203156853982e-01 1.621779908283704219e-01 6.572965585144510126e-01 2.570005497996785127e-01 1.029392579350838499e-01
6.235075636040197100e-01 -1.023101790416020007e-02 1.782350687210147722e-01 6.647848587695964762e-01 1.234685876331544363e-01 8.344624626181529337e-01 3.680131539962305798e-01 3.902216922822973055e-01
3.436604602215663773e-01 3.013678494042976164e-01 4.582253438042075411e-01 3.302875169464644656e-01 7.573969945120717639e-03 6.560622301652406785e-01 3.051992379002563816e-01 3.100491422767044924e-01
7.296047625213459842e-01 6.560240555613835456e-01 4.191721536710578400e-02 1.016456549306021112e-01 9.903572143190272903e-02 5.169295545007409620e-01 4.992617605006184900e-01 3.295425555023120956e-02
5.606035175576230545e-01 2.463137554224931192e-01 3.152511804333634204e-01 -3.327536096047037373e-02 5.302478494068463277e-01 1.549024666915296000e-01 8.528882287141873464e-01 1.393092372816364388e-01
5.550591922338286022e-01
5.428421356392161279e-01
2.113077325746668400e-01
2.077735392520171087e-01
7.101702858391818474e-01
8.488356662970231170e-01
6.630097363582960757e-01
7.319116595881551834e-01
ReLU
0.2
8
2
8.038048616878429309e-03 7.129045859870430935e-01 1.643919931540106794e-02 2.676612500761345048e-01 7.055955839786540729e-01 5.914685963043172512e-01 2.257781230737081479e-01 1.540981604372523850e-02
4.167527826606202135e-01 7.904008154216508597e-01 -6.451202656151909520e-02 8.598755616169299065e-01 8.734561625060981438e-01 4.355420698599554719e-01 7.856434448564342254e-01 -6.441791956183545720e-02
5.182413487853447798e-01
2.017820619370735424e-01
Linear
0.2

ct 2024-06-11 22:13:43.284861
