noname
4
4
4
10
3.200168388597413482e+00 -1.375482047772190075e+00 -9.186379994207218402e+00 -9.802675696712336295e-01
-4.475540569944541858e+00 -2.864172815164152675e-01 -4.611703300776871295e+00 -1.103176106957843183e+00
-3.514745602411852854e+00 1.441918447191649522e+00 4.392338909279068559e+00 8.295568685290944932e-01
2.729220209874585024e+00 1.501110764216946780e+00 -1.403468461249596899e+00 1.594244752877586047e+00
3.996521312843380525e+00 2.185081166587481860e+00 -1.243882132323615775e+00 2.574632702905307990e+00
6.774902866753040875e-02 2.680061525787826415e+00 -5.135208651223704956e-02 1.459802970447111381e+00
-1.291820721286240037e+00 5.343678244126747190e-01 4.832918883430251666e-01 3.245348280574731348e-01
-1.514661740559231751e+00 8.429731882337165860e-01 3.563734522454811704e-01 1.605203852195250802e-01
-1.977980703896280890e+00 9.101395249483990035e-01 2.076472792872379003e+01 1.290614757960491188e+00
-9.310949319779997513e-01 5.158325980114432108e-01 -4.740477548599679736e-01 3.279465610140127607e-01
1.530809326798571623e+00
-1.048741432363468951e+00
-2.460765417002660271e+00
1.932954685460150257e+00
1.374047535489592242e+00
3.700547772897277987e-01
-5.144326692648124588e-01
-8.846878643845562662e-01
-4.351615361213735156e+00
-5.251031705022947138e-01
ReLU
0.2
10
10
-1.238883520769318292e+00 1.263085998891474160e-01 -3.858705905908117462e-01 -4.286191799108665101e-01 1.544332201676224502e-02 -5.602742144287686799e-01 -2.108972244351309533e-01 2.034710838788070242e-01 -5.158148791359521645e+00 9.327624222322761227e-02
9.156235711208746686e-01 1.280339460351834990e+00 -3.290983248746166545e-01 -2.032759711105244449e+00 -1.221338798591701247e+00 -2.906676558826161716e-01 -5.907430418891643220e-02 4.631891089112988302e-02 -1.617399783706295224e+00 9.715860169314925743e-02
-1.697269932382662772e+00 -9.353677752109194055e-01 -1.009218897670528303e+00 -4.530406268189707930e+00 -2.402759018818207082e+00 -6.445059363875536018e-01 -2.567949984746019654e-01 -1.989709938038713988e-01 -1.342863784211391742e+00 -5.430096348957503816e-01
-4.611445616930359148e-01 5.241037903790175534e-01 -4.358017771630734449e-01 -1.596007088572759747e+00 -6.810221393009554536e-01 2.067800448250675105e-01 5.268109390301330963e-01 1.957412841545490834e-01 -3.594417332503128559e+00 -3.323003966341905313e-01
2.215461397741188554e-01 -1.008615542271251053e+00 8.165663207908220589e-02 -3.117747034116401528e-01 9.270670453680726619e-02 4.907051749167131716e-01 -1.619207343519877829e-01 -9.554555557326645243e-02 -6.034526247506597052e+00 -3.043506714047608530e-01
1.141168732118220536e-01 9.001426173441091638e-01 -5.912074612462420165e-01 -2.123634268231558320e+00 -1.394544890717567043e+00 7.471641621045842507e-01 -1.007495466322587407e-01 -1.743303090695439705e-01 -2.483826102470140462e+00 -4.076803567883993118e-01
-1.005663656898010849e+00 2.444339958035122648e-02 -5.852710227527072595e-01 -4.638012939040365157e-01 -1.146482638484536271e-01 -2.539946328440084722e-01 1.340105874315351830e-01 1.569832589920445165e-01 -9.184582196520792996e-01 -3.222071451109708717e-01
-9.529052590200320916e-01 -3.124859650874495243e-01 -1.250621262895144525e+00 8.922499505165292222e-01 8.735035068096084210e-01 3.449292741610320845e-01 -4.317051491674174166e-03 -4.189769773057518132e-02 -6.447209413516255871e+00 5.238207233863041434e-01
-1.160986224486207918e+00 -1.669635592585611894e+00 -8.449220319548250702e-01 -9.574723108004792316e-01 -1.029546754109679885e+00 -9.314673198249123764e-01 -1.129886082993101448e+00 -1.689352081568722186e+00 -1.277475271351734998e+00 -8.154321798066461735e-01
-3.872232107277167601e-01 5.803451616087404452e-02 -3.057112516966014604e-01 -2.295991279572309196e-01 -7.948735840617549009e-01 -2.555580094049313827e-02 3.792177557392666931e-01 3.536153323208076071e-01 -1.910603910164231145e+00 -3.885106064539573523e-01
1.112374274926790862e+00
8.709590765805199641e-01
3.514449443700234266e+00
1.757253377999428823e+00
3.047689185034518911e+00
2.410965971281850528e+00
1.628255934594225351e+00
4.644202161240703397e+00
-1.484771297910736587e+00
4.836942230650896901e-01
ReLU
0.2
10
2
2.168922410122370997e-02 -7.718087127620684162e-01 -3.636760923129642165e-01 -3.246524528635549856e-01 7.967163447538334609e-01 -4.753618422322610226e-01 2.667045698633979667e-01 1.543095463584988059e+00 9.797213227200816110e-01 -1.113656526897419119e-01
2.834732905698986172e-01 -3.822062683919238424e-01 -4.776985998853552906e-01 -4.693039544629737381e-01 -1.376383903901935712e-01 -5.982930595846915889e-01 1.529861312387572891e-01 1.618276403499641303e+00 9.717514428735324339e-01 -7.664381656671682974e-02
9.486315716283819199e+00
9.349592189726218194e+00
Linear
0.2

ct 2024-06-12 00:46:58.341189
