noname
4
4
4
6
1.251212476354213621e+00 -1.511855411324863008e+00 -1.512218748863590534e+01 -6.251228250276498200e-01
-5.794067156297381116e-01 3.968505642833336511e-01 2.551209365511650518e+01 1.097340310431092814e+00
1.521802458244809086e+00 2.073431483720517665e+00 4.187054255514944145e+00 1.850315829551419267e+00
-1.862008665863582380e+00 4.047714438117613334e+00 5.371451069519723731e+00 4.788456671235767903e-01
1.022494593976147059e-01 3.607770018821792934e+00 5.830322655207470284e+00 1.936449120869785157e+00
1.689675220462035332e+00 1.122962129953720023e+00 2.688011066434932594e+00 2.511754414003811164e-01
-4.167829440518372230e+00
-4.628878148905390510e+00
1.452200090029852841e+00
-3.305100743991593149e+00
-4.990930402845646929e-01
-2.055806261382196354e+00
ReLU
0.1
6
6
-1.008772119042768756e+00 -2.094261492396729096e+00 7.819548448931505913e-01 1.210195263399891849e-02 3.874355649278305447e-01 2.206769257093922632e-01
5.978280940802559867e-02 -1.597629007709879811e+00 -3.940189353136482053e-02 -1.598654230741842763e-01 -6.925306031534542717e-01 -5.949276366611888633e-01
-1.110820765420511780e+00 1.888357398077950222e+00 4.389024849231597941e-02 -2.064521222959026403e+00 7.259227029305396206e-01 -5.972824207196133495e-01
-4.978983817286929958e-01 -4.400585271459425130e-01 -1.248516567248935338e+00 -5.319835405732599165e-01 -2.296967291378508025e-01 -2.888669557403773513e-01
-4.715818616970846588e-01 9.936954882720086535e-02 -1.601211575377452734e+00 -6.692612845398572263e-01 -1.693487485844492602e+00 -7.582369800811411542e-01
-5.478670964398160148e-01 -1.718473915966114429e-01 -1.879401142857313189e-01 -2.072205735925183312e-01 -9.489408635800240799e-02 -1.461169290396694409e-01
1.333635983415624171e+00
-1.030515081934117588e-01
-2.370236064930953734e+00
-1.299433067578914747e+00
1.546621881124551123e+00
-4.146811342576267601e-01
ReLU
0.1
6
2
1.164554418169344796e+00 1.544726966934932555e-01 -6.641529320572789885e-01 -1.837735288781341958e-02 -5.069067449372045564e-01 -8.980832566817985307e-02
6.883967368342838178e-01 -1.703892056549991540e-01 -4.078276082546548054e-01 -2.829892011027916876e-01 -9.921156618602587907e-01 -8.243384217664229130e-02
3.529656352790756291e+00
3.931594560533271387e+00
Linear
0.1

ct 2024-06-16 16:03:10.712473
