noname
4
4
4
16
-2.984365781736700640e+00 1.537227238131368301e+00 4.903635114174387688e+00 -7.403044743698509178e-01
-2.858257396886989099e+00 2.395741884608658445e+00 4.220122095516638971e+00 5.801650485986519223e-01
2.206447986798079977e-02 -1.977678605017794577e+00 -1.900816917184052812e+01 -2.706338367863962091e+00
-7.552526105378682963e-01 5.662549447801021874e-01 7.082944694611674752e-01 2.032954340596002663e-01
-1.063065986174221295e-01 5.075551708172960641e-01 8.581363135278421983e-02 3.420593233833659763e-01
3.410237037935440085e+00 1.342861531185926438e+00 -1.357664754946365449e+01 8.872970010611032077e-01
-1.245577256793642507e+00 1.524423914702627281e+00 4.896138235943477746e+00 -2.131628401397836839e-02
1.639377435495828372e+00 -1.691631436327875049e-01 -1.228329445727037061e+01 -8.446173883429392015e-01
6.238546852839799844e-02 1.108235169945061271e-02 8.195797438206866570e-01 2.206821852060972811e-01
-9.452640751704881605e-01 1.175862366564907724e+00 4.209134195906123033e+00 4.291457944535293501e-01
1.232290215744419548e+00 -1.802753966114853279e+00 -1.749124910129233967e+01 -9.526604879587833308e-01
-2.185773577703317816e+00 9.214292549640374919e-01 2.709590412914751223e+00 -3.197421801143771752e-03
-4.018256038894254978e+00 8.508752277700710742e-01 1.514421821195726992e+00 -2.283333958148720255e-01
-2.293432733115313482e+00 1.488308922629240527e+00 2.925956683028472582e+01 2.251414939236981105e+00
2.423869683249762375e+00 6.324912965684971189e-01 -1.184582478723029730e+01 1.460956443347324551e+00
3.021806750802967789e-01 3.475994727262574191e+00 2.822476103579551476e-01 1.340222697072084523e+00
-4.828829468291520044e+00
-2.672801080261479001e+00
4.237231793274745861e+00
-6.896141716588949366e-01
-7.479495026844611427e-01
3.302201776955628443e+00
-3.783142665981381825e+00
-2.272658983644115782e+00
-1.641717709597690034e+00
-7.254455742989525113e-01
-5.239607503558236345e+00
-1.937926359089203521e+00
-1.679549274384247504e+00
-5.750221064896428480e+00
2.065029852226506257e+00
3.261904257804280616e-01
ReLU
0.2
16
16
-9.143907302138949422e-01 1.466708811713276051e+00 -2.091255519647304162e+00 -2.133061946708899592e-01 2.043164608215229383e-01 -4.078460822723948276e+00 -4.965169165144553975e-01 -7.529440899171675472e-01 -5.835683345930293697e-01 -3.444195582777801468e-01 -1.587066599545872370e+00 4.012422098161795292e-01 -1.304707212884467671e+00 -2.885815049866416349e+00 -3.213340925539976300e+00 -8.359461136009531668e-01
-2.060686457783962755e+00 -5.872142491269980447e-01 -4.950971557587641181e-01 -1.341832454738761005e+00 -7.173508254427936048e-01 -9.844686963405405722e-01 -1.377852969350218393e+00 -4.697470964660935833e-01 -8.159091958617353812e-01 -1.570352901875769147e+00 -1.967205993937743980e+00 -1.432712933104316688e+00 -1.296801199036580199e+00 -6.722819307706512371e-01 -6.954182359671997604e-01 -5.992057703791232592e-01
-7.009576353989013242e-01 -7.026335401008606540e-01 -8.489834168273927006e-02 -1.476796898577137584e+00 -1.223428513228677517e+00 -6.264943397519845414e-01 -1.164920898772796365e+00 -5.860627669117340899e-01 -1.490505482451993435e+00 -1.183082816227835954e+00 -2.032121569113451987e+00 -1.857108283423819506e+00 -1.063426146357962399e+00 -1.742287671493922274e-01 -1.190905849055444943e+00 -8.370670890385807361e-01
-7.508669786914186350e-02 -4.713085531335559075e-01 -9.018501829287849603e+00 1.394719168022151567e-01 -3.967459888475735608e-01 1.140186626733253883e+00 3.221680170938538978e-01 4.341579959752817075e-01 -6.530160453597698700e-01 3.589317251060633041e-01 -4.384107055784026152e-01 4.957248002377284690e-01 1.218024177685554793e-01 -1.763224915703276885e+00 -5.632175985108226479e-01 7.576937377222581205e-02
-1.171017223512947014e+00 -1.108492929611831546e+00 -1.405340673981441690e-01 -1.812503320598321643e+00 -8.611330547062990837e-01 -3.656451873246603368e-01 -1.408139363461584859e+00 -3.720908131075164604e-01 -1.707365507998886089e+00 -2.201376454949090622e+00 -2.154867345973336512e+00 -1.084866929582704698e+00 -1.121865199196937279e+00 -6.636006873164052022e-01 -1.037019059986578506e+00 -4.220244956505065925e-01
-2.059160072803064012e-01 -4.637695526719488037e-01 -6.031155010959831086e-01 -1.177370194626725652e+00 -4.145483046946218941e-01 -8.036431276776765387e-01 -1.015417984333926382e+00 -5.102981045355700074e-01 -1.101373978230017592e+00 -9.304681503152102406e-01 -5.331974145064541926e-01 -1.737149171880013332e-01 -7.575672594612009592e-01 -3.974052332801722431e-02 -5.995277881020094624e-01 -7.778599887496610021e-01
2.137826243761202782e-01 -1.578998344641405538e+00 -1.212843853428303698e+00 -3.628439389941985893e-01 1.418829635858015747e-01 8.823861841371216652e-01 -1.383375769577127157e+00 -2.797429846575282930e+00 -5.618962488002245959e-01 -6.798915428736650446e-01 -2.423606328471951343e+00 -2.026199533852207413e+00 -8.543522679188911839e-01 -5.323718456380638564e+00 8.540451570404222759e-01 -3.089874486689830335e-01
-3.173326925770758589e-01 -2.029452805529009252e-01 -4.935155923017208401e+00 -9.303740638853934264e-02 -2.426772819761183475e-01 -9.697110148800289209e-02 -7.990895009056423470e-01 -2.596835179950952519e-02 -7.402570385341769033e-01 -4.564007740942795377e-01 -2.014255191901693554e+00 -6.808449912513935276e-01 -7.245590899090730286e-01 -2.354363425114898600e+00 1.033080849075241336e-01 -2.399509904877623334e-01
-1.771898843138162594e+00 -1.065984746741630573e+00 -6.716957959309350912e-01 -1.899593996661868012e+00 -1.264551221036972262e+00 -7.751807239406108829e-01 -1.049791796329714977e+00 -7.163316661884907566e-01 -1.412255095579536990e+00 -1.659126555219496035e+00 -1.338187526920419756e+00 -1.602754948782141753e+00 -4.423033757080660489e-01 -1.022191697605799865e+00 -4.017785258213079636e-01 -1.141144162100973913e+00
2.485698656808016604e+00 6.126167141084237766e-01 -1.936755824155607764e+00 1.475475626780165667e-02 3.631711534683694231e-01 1.101246178737614878e+00 -7.976271898483613398e-01 -2.327670186944976738e+00 -9.262500983271995114e-01 8.267035156488377057e-01 -3.774353499290335368e+00 3.574823477872390298e-01 -3.971816578075219040e-01 -5.386568985225833828e+00 8.645846559559314803e-01 1.072538257731213474e+00
1.613483083523736150e+00 -1.292756096860707693e+00 -1.514009608397578477e+00 5.594447997715819021e-01 2.879385947206364316e-01 1.501442108461065850e+00 -8.321666785231062180e-01 4.625856009680130443e-01 -1.504449239535781985e-03 1.998949011241029153e-02 -3.671698922577162905e-01 -2.764940334761526453e-01 -4.288515394212553677e-01 1.591336046862740217e+00 5.809426699652112669e-01 -6.181252798421675854e-01
-3.369635708461283796e-01 -1.167998562549661390e+00 -8.939504544092762295e-01 -1.074239970753626316e+00 -9.140278792099422178e-01 -1.236322665698034395e+00 -1.468599230882168261e+00 -1.154025435140672684e+00 -1.731447613249216477e+00 -8.177846066329902408e-01 -1.039255220061546137e+00 -1.251744622867501655e-01 -6.064700984847600784e-01 -1.343120616295238268e+00 -1.213946517129988134e+00 -8.930843913430447367e-01
-6.242495712651880968e-01 -6.169354827244079020e-01 -3.218574582036652032e+00 6.067649773820490422e-01 6.088494200819526414e-01 -1.733520786569249461e+00 -6.349745876598075212e-01 2.077900989235574841e-04 -3.443001010772521187e-01 -4.246572405621004687e-01 -1.012564231638494405e+00 -1.342677776319570471e-01 -3.991411460627641850e-01 -3.540573932391605894e+00 7.830401722483086857e-01 -5.800989479320487474e-01
-2.414454995957445171e-01 1.503249069811493643e-01 -3.169685847206778373e+00 -1.555536635163729198e+00 -7.249049406914147564e-01 -2.136335676335445743e+00 -9.992193806308428128e-01 -4.609572211780972317e-01 -1.032243659775336830e+00 -9.712943292427403952e-01 -2.421268063180430197e+00 -5.053261321768403036e-01 -1.266681372686581319e+00 -1.371512822971961976e+00 -1.539691092437938780e+00 -5.008254793074445876e-01
-5.634251895434911894e-01 -4.036515502657340160e-01 -6.812222385520745327e-01 -1.470614186793271161e+00 -1.421665938570935150e+00 -9.663751169943808339e-01 -1.557706517131338231e+00 -5.654377939662418306e-01 -1.303640237525404366e+00 -6.708217763657562394e-01 -1.229876838267824679e+00 -2.571618485255642850e-01 -1.212609130775928801e+00 -9.733395318767696924e-01 -9.052396877979613787e-01 -1.139887602551254542e+00
-2.924393145920232695e-01 -4.820538118067815847e-01 -4.035764894197544916e-01 -1.131956362527327453e+00 -1.297499556724557079e+00 -5.517509894848432461e-01 -7.507734134467336506e-01 -2.737746916041897127e-01 -1.854222537334016208e+00 -7.219211780873411310e-01 -1.394131955270470735e+00 -1.232721745946025793e+00 -8.725596283896650540e-01 -2.377892707418294838e-01 -3.464163645126878688e-01 -7.749798890395716011e-01
3.442270189495126420e+00
-1.478331264335164486e+00
-1.369703311191778905e-01
-8.839825137834872448e-01
-1.067816123510688220e+00
-7.162112462304882909e-02
8.232395796666091670e+00
2.845918944079028012e+00
-1.270955677436197639e+00
1.187604901617960351e+01
2.255628456127026116e+00
-1.702160340443296688e-03
3.183102511450291772e+00
1.350789170077236978e+00
-4.650015747476918260e-02
-4.398180078749946292e-02
ReLU
0.2
16
2
-2.657971841412405833e+00 1.537672959432741404e+00 5.532833696082389840e-01 3.846556514002381078e-01 6.937471899149214583e-01 1.187190024510043074e+00 1.743939423450445947e+00 -1.180639691181756490e+00 1.418553251486216471e+00 2.260898178016712112e+00 -1.575014174470950046e-01 7.527400342650790721e-01 -1.663302608978320718e+00 -1.344655240687409270e+00 -2.008169489403059393e-01 -1.686170129078648217e-01
-1.300930905705711016e+00 -3.056779753913802522e-01 4.307103314401646843e-01 8.112491018720879854e-02 4.300175982132138919e-01 -7.510505882796805199e-01 3.519314265197524549e-01 3.675020050387767800e-01 -2.398043340695748815e-01 2.594980374913946619e+00 1.005843420372743102e+00 -6.080230770510375304e-01 -7.730596997881022947e-01 -6.321835557733882505e-01 1.184073611716826679e+00 8.801875157362509805e-01
1.269331196636578696e+01
1.258707261296240532e+01
Linear
0.2

ct 2024-06-11 17:44:01.997121
