noname
4
4
4
16
-1.047377775704530389e+00 1.648778635677208060e+00 1.704652653489642589e+01 9.190795611567442736e-01
-9.013925851758375352e-01 7.845654457826211070e-01 8.166937322078612893e-02 6.475453463161734424e-01
6.408513126233526869e+00 2.825162372109469189e+00 -8.614700000011284331e+00 2.929396487068323562e+00
-2.761225671192428788e+00 1.209639670894644192e+00 4.760373515929961385e+00 8.546670849453481544e-01
-1.253496321271422003e-03 4.213543071913767313e-01 2.635719486118072788e-02 4.050034307499711383e-01
-6.564197982792036035e-01 3.761569366225264499e+00 2.018294976613166813e+00 8.559282967204130399e-01
3.777669313372559845e+00 2.660950345033145759e+00 -4.442768644008022072e+00 2.964641949878656479e+00
-8.470907206713820248e-01 1.072611283453397957e-01 -2.824506536210150132e-01 -3.611880342513892894e-01
-4.840583856734242962e-01 3.464857691307745569e-01 4.863940744066412303e-01 1.102695918534794262e-01
-7.362889406012542715e-01 7.574354534247155213e-01 3.227489663937236486e+01 1.426514786300843163e+00
5.834804755503932849e-01 -7.553495123328971550e-01 -4.673648849211664014e-01 -4.495318751250394484e-01
-7.856772909845251007e-01 2.002703119752045069e+00 4.429941716576163202e+00 4.008684231318010438e-01
1.595058531253948919e+00 -1.796492569642547776e+00 -2.057996196655203747e+01 -3.069801305091330867e+00
3.084524569494559443e-01 6.812986052568573703e-01 3.542375728010753178e-01 9.986830734208404503e-02
2.252585743905815008e-01 1.099487910194011153e+00 -5.226699582493152363e+00 7.838940061418866456e-01
-3.730986068550426804e+00 3.351903716637381958e+00 1.090739478386510442e+01 2.917529130545819596e-02
-5.294376849070952851e+00
-9.522763411229704378e-01
4.248319849639280221e+00
-3.892474566493709265e+00
-1.399094943107453748e+00
-5.119786024433813365e-01
2.873981803242506294e-01
-1.441810839552270629e+00
-6.701930488189785651e-01
-6.504999354293630631e+00
-1.423336886146149283e+00
-3.869656103204071940e+00
3.419978867818942003e+00
-1.447057724120864197e+00
-5.816314902952707255e-01
-6.771783892082584799e+00
ReLU
0.2
16
16
-4.760582762314544136e-01 -6.461935487566419223e-01 -8.172009268806180060e+00 5.466397147461084849e+00 -9.868809047860154227e-01 -2.473470539859350392e+00 -7.852459496318640042e-01 -6.598784748624301200e-01 -5.296665600208029234e-01 -4.571805934109745451e+00 -1.215739839717352222e+00 2.098863500551547967e-01 -2.728683982762980076e+00 -2.729804622686047774e-02 5.841482072387174096e-01 -1.155867913328064045e+00
9.483002066990587897e-01 1.201751048737931815e-01 -2.083944770761019250e+00 5.046432212856019062e-01 -2.339716313606277631e-01 -5.593773291064153136e-02 -2.413661114168402122e+00 3.777672876598252572e-01 7.425385289872312722e-01 -4.111012465077674705e+00 -9.844188108572140550e-01 -7.584094141789078369e-01 -4.441748489204718986e+00 -8.021577242650472506e-02 -4.653582123747170840e-01 -2.075071868409112397e-01
-7.652294951057949657e-01 2.759877759346162640e-01 -1.033424687777844797e+00 7.908799450459003122e-01 5.859263514865552941e-02 2.809817471848008452e-01 -5.512328698511494984e-01 -4.174182340760708709e-01 6.420952842700954344e-01 -5.918928696466123629e-01 -8.867219831221979653e-01 -2.754485198977176807e-01 -2.923333701565683729e+00 -8.688509920662597363e-02 4.196497920758850420e-01 1.243152373890643037e-01
-1.542472481951483232e+00 -1.253089359828114091e+00 -1.420730042375013102e+00 -8.801211034095852703e-01 -1.814186136901740021e+00 -1.090338952356627589e+00 -1.240754630640316991e+00 -1.018926259521280242e+00 -1.122096671554992930e+00 -1.395996286807084985e+00 -1.323421948157529116e+00 -9.080136781428496118e-01 -1.493267722588158763e+00 -1.352172705373282158e+00 -9.074984047615247684e-01 -1.390043237503537865e+00
-4.706078852418808189e+00 8.977208533565252113e-02 -2.000841816365010573e+00 -1.119090981583592104e+00 -8.810900506499010909e-01 2.580976575299309683e-01 -1.207660629210541625e+00 8.988456757971424738e-02 1.565858024946349403e-01 -1.893880993843206628e-01 -1.689672345981896528e+00 2.099773291141139031e-01 -3.157273325765871164e+00 2.907256015424700690e-01 -4.424939372565814821e-01 1.104800655716274838e-01
2.014918881635814896e-01 -3.765522433783317080e-01 -3.061996623765131265e+00 -5.275722298356525508e-01 -9.248687686621219761e-01 -1.410344124841674596e+00 -3.518406134080073411e+00 3.135399482819108963e-01 3.622487496621603492e-02 1.817954465806098652e-01 -4.294194947373720095e-01 -6.254154538451971446e-01 -1.772583901301325371e+00 -2.036350304623619212e-01 -9.053587388699743110e-01 -2.290077552610869649e-01
-4.330930197637294476e+00 -3.366989261434577552e-01 1.804608778639724465e+00 -2.592411601461762860e+00 -9.263365977470051915e-02 8.158687978352817671e-01 7.112558045586150346e-01 7.019072976964413346e-01 -1.786013927107173715e-01 -6.784720286302778014e+00 -1.225451984421414897e+00 -2.655105648170803079e+00 -1.653835534695254683e+00 -6.088964612803273724e-01 -4.612635906984505763e-01 -2.130018695271306051e+00
-4.443007551503304065e+00 5.046059746826029313e-01 -2.503888670542665729e+00 -9.366375552786146974e-01 -1.121663557910945075e+00 -1.227435238101838078e+00 2.686305643477072125e-01 -1.973408049427649580e-01 2.680701574213824601e-01 -1.811610023932994362e-01 -1.019817127658654732e+00 -3.544932642152789359e-01 -2.726100145339527714e+00 -6.519474981364101196e-02 1.039173807128924015e-01 -2.240147886786857112e-01
-5.216930897625514874e+00 3.652428988660885723e-01 -8.224727539551839328e-01 2.381544367929794070e+00 -6.727099911520925124e-01 -1.085759914818191341e+00 -1.297002729221342854e+00 -7.740608827954946480e-02 -3.493673817550218413e-02 -1.473627001411746740e+00 -6.288261190451963634e-01 -1.561592866779954077e-02 -2.375988198944624319e+00 -1.181146080368013079e-01 -3.993748193747249653e-01 2.561570105451789203e-01
-1.861929785113844993e+00 2.040949690411217043e-01 -7.303356943123376910e-01 3.852986052199253719e-01 -4.999692991874883363e-01 -4.267263659935464915e-02 -5.118224688523370647e-01 2.566810258861145222e-01 5.599397324223288619e-01 -2.734270979035441362e-01 -1.001731584917865625e+00 1.238418213856972150e-01 -1.475789428925076807e+00 1.441354166442004002e-02 2.702970276253898185e-01 4.908463792178599516e-02
-4.568381291179138159e+00 -1.618429309824444551e-01 -3.920559738481212531e+00 -9.190950173723971828e-01 -1.035915407050528758e+00 -3.100347770569336081e-01 -6.515571073576177374e-01 -6.942029665573231645e-01 5.179158797562068151e-02 1.822806305848073682e+00 -1.703157689396306296e+00 -4.224063728744212876e-01 -9.405298081964106327e-01 4.623611208221559687e-01 3.366015488814045331e-01 2.022877825895978698e-01
-4.646378952209714974e+00 4.247528109331342172e-01 -1.111653230890379263e+00 1.468440052605773483e+00 -7.002276206748366816e-01 -8.873885954978840696e-01 2.330428265346259076e-01 1.438184404762941349e-01 3.833885811425943313e-01 -9.722019663415761848e-01 -8.331483652661954009e-01 1.108075988571132486e-01 -2.020811845744004742e+00 -2.863482742872039966e-01 -1.954973082997835468e-02 -3.146878060741531979e-01
-8.189886168559231905e+00 -1.635519514963741095e-01 -2.368067183220853078e+00 -1.618851054886625507e+00 -1.521299254792390920e+00 -1.065219957047830679e+00 -6.819058748735228326e-01 -4.453818869789821222e-01 -8.192240750542106875e-01 9.495920645312759811e-01 -1.792607315916762367e+00 -5.702377468032140406e-01 -3.386155035299550420e+00 -3.352190435776842836e-01 -7.664678629460641712e-01 1.607200925619733656e-01
-6.656152689614300400e+00 -3.953313535039304494e-01 -7.554760901174724097e-01 -8.610636259261293945e-01 -6.086115512170080510e-01 -5.253207725112130078e-01 -3.146389283288489325e-01 -5.357009790160133234e-02 -2.390660288612075912e-01 -5.857412510662280969e-01 -1.001480227741314399e+00 -4.054236490115814551e-01 -1.699618678804257099e+00 7.717797907645845834e-02 -3.123486991393136791e-01 -3.301716892960011029e-01
-4.699663101496455830e+00 -2.958610675880025687e-01 -1.991510391439739402e+00 -1.453663802485088530e+00 -8.053364674173447701e-01 -1.189825080683531988e+00 -1.058098418356888670e+00 -5.233597702665523377e-01 -9.654023699033280337e-02 9.348478943445597267e-01 -1.053820917214494113e+00 -8.544738665540233535e-01 -4.210398605853538534e+00 -1.677805384100876721e-02 2.335567493319009869e-01 -1.555153192260534389e-01
-5.181878101343851961e-01 2.511114369637270083e-01 -2.989916837530748772e+00 -1.170747588851108328e-01 -1.007571368039677617e+00 -1.086997724213609962e+00 -2.333525161630245481e+00 1.911652517279508606e-02 -1.775768224423856234e-01 -3.298860800471981602e-01 -9.493763531633507835e-01 -4.775436443061463754e-01 -3.323654263617187077e+00 -6.605044720291473048e-01 -3.856567048964162914e-01 -5.764098307922362885e-01
3.668423917389277200e+00
-8.818763093440750156e-01
2.969532753921546586e-01
-1.264805927014355236e+00
1.077708538032797092e+00
-6.764793560303786757e-01
9.951939296585743833e+00
-5.901684649032931107e-01
2.761471896455300001e+00
1.803302530468376130e-01
-3.551688831073849695e+00
1.619409061725777699e+00
4.609929712267270552e-01
1.558304063628373148e+00
8.248351648877756404e-01
-2.896074859200250748e-02
ReLU
0.2
16
2
-1.245738676519186239e+00 1.698462018965480880e+00 1.893494791947276379e-01 7.638459744654149119e-01 7.400654524088801089e-02 -1.543617027359393434e+00 2.266335031049664828e+00 4.242748449634870522e-01 -9.425965041681217960e-01 -2.179701269943500608e-01 1.960029981417549028e+00 -7.111761686255154702e-01 3.035917577838811443e-01 -4.961738335212219630e-01 -3.055363968714743250e-01 1.841120898482806467e+00
-1.069368896429869542e+00 1.376442517425825907e+00 1.923589124255102034e-01 7.625136321589943700e-01 1.601001130866480382e-01 1.785552602655586352e+00 2.248467603814245930e+00 2.347757094505019126e-01 -7.550092060289044227e-01 1.022586477957302953e-01 -7.033673287328771895e-02 -3.009019139156792755e-01 -3.193811160398416504e-01 -1.703580163623142352e-01 2.478375670224077787e-01 5.430915831450260356e-01
1.511090000711418035e+01
1.296071500653482822e+01
Linear
0.2

ct 2024-06-12 15:07:26.775847
