noname
4
4
4
8
-2.159616934131513677e+00 1.261112077910029106e+00 -1.417896364396248776e+00 -6.258503200360819585e-02
-2.105371157480961930e+00 2.153209449296770384e+00 1.330544410226219609e+00 2.134453011154461066e+00
2.092170788218248756e+00 4.998681063700547433e+00 6.299056088308073953e+00 4.464005589789822537e+00
-1.863586171095273913e+00 1.534931768234008675e+00 4.381332639918505123e+01 3.627422530279859725e+00
-5.502551479380390909e+00 -2.351139569009530472e+00 -1.010060481536162769e+01 -4.605961051845623544e+00
-2.544052341122234218e+00 -1.633425935172799992e+00 -3.001271092792474171e+00 5.552933062653164775e-01
2.086373312038654504e+00 -1.824374713159001016e-01 -4.601564304459938626e+01 -2.008509915756492958e+00
-5.498631264579080913e+00 1.033705155915675133e+00 2.339348020338490208e+00 -1.034871119802046185e-01
-5.822234499359416837e+00
-5.652987893376472783e+00
3.125513129671132706e+00
-7.905265990904598361e+00
-1.260215483486381771e+01
-9.887312746502018967e+00
-8.735081338279623964e+00
-1.189203077351665527e+01
ReLU
0.2
8
8
-1.065049028379371432e+00 -6.580871612111901525e-01 -1.447322407469510797e+00 -1.260803546229310124e+00 -6.185562661984730370e-01 -1.337601528575498966e+00 -1.101937889458574293e+00 -1.629445357503048530e+00
1.240293410889033998e-01 -3.735894302023087921e+00 -4.965652916026806807e+00 -2.601204681131997543e+00 2.276353993109700782e-02 6.195122954115390296e-02 -7.058638866757802610e-01 -3.302972988716958991e+00
-3.489571140232382573e-01 -4.463574002407400876e+00 -1.481000758514319449e+00 -1.136544271927851923e+01 6.200485665482966979e+00 4.359218391003690241e-01 -6.090637769233713250e-01 -1.821061293950106741e+00
-1.221559861514693202e+00 -1.089169508775183148e+00 -7.485734697911795577e-01 -1.355905017403843837e+00 -6.409941241674164125e-01 -8.046491003247587814e-01 -1.180624227924228054e+00 -1.429689198374366477e+00
-1.021449158654067491e+00 -2.992721754452097649e+00 5.963003160433919536e-01 -1.939147686245132007e+00 -1.878942018150993487e+00 -2.994854645787352165e+00 -1.215829827782202166e+00 -3.591529766266123858e+00
4.159506870809244750e-01 -1.700116065495912432e-01 -1.024250508765120471e-02 -5.480115231618276184e+00 1.279059048610790006e+00 -1.536901425807631616e-01 -7.063710365868420826e-01 9.638073966730000344e-03
-3.587939668853573072e-01 -9.562109734276651452e-01 -4.620740176089175866e-01 -1.419294514206916658e+00 -1.338736691520489686e+00 -9.284500710315123362e-01 -1.027372580508910227e+00 -3.911028268082876735e-01
-1.094993657495169082e+00 -6.842799040256468679e-01 -1.183013230708504837e+00 -1.222500758702826928e+00 -2.769460483358632263e-01 -3.060755557817858574e-01 -1.023028056798390928e+00 -1.413074298396499229e+00
-4.827652143621311877e-03
-3.233919784113596041e+00
2.431144113476029212e+00
-7.025162498369899033e-01
4.518799180739279109e+00
-2.434566172546774876e-01
-6.060428346723736870e-02
-5.544960021356565294e-01
ReLU
0.2
8
2
1.776075729662274574e-02 1.582592019299148944e+00 1.250967322523313108e-01 6.101742734834374460e-01 1.582062218090177996e+00 -1.148081206383338992e+00 8.203763532392175373e-01 -4.807148051847965897e-01
1.729931304778094425e+00 -1.766140491201916074e+00 -6.616818530034703771e-01 1.858663060404978085e-01 1.562113743301690949e+00 -1.219493542347388937e+00 5.596290291173307008e-01 1.314142176408245488e+00
3.089033915736432601e+00
2.354827364208394336e+00
Linear
0.2

ct 2024-06-12 17:04:20.806015
