noname
4
4
4
3
3.597352810428219083e+00 1.402120415429467526e-01 -3.095169428113620391e+00 1.218906074085789104e+00
-9.141689138150735916e-01 7.351415072736078304e-01 1.669936370401867709e+00 4.858255731462424176e-01
1.339264283927941390e+00 2.000672453058037092e+00 5.317854639210811918e+00 1.439804160872810712e+00
4.552811515303334389e-01
-1.079227810834866741e+00
1.545264173048535250e+00
ReLU
0.1
3
3
5.703803058375926938e-01 -6.953588881862778071e-02 -1.527662663496003548e+00
-2.174493193306996641e+00 -7.478478561468987484e-02 3.795540040546529492e-01
3.449236380370376276e-01 -5.683090793483417391e-01 5.168343419990559795e-01
-5.762757140398193645e-01
-1.361174156191921336e-01
-4.697625354257539687e-02
ReLU
0.1
3
2
1.033357086333080155e-01 2.130717130816624227e-01 6.357003757448466130e-01
4.967611700668062708e-02 3.450235361589036875e-01 6.847242416109272645e-01
2.229994294250221110e+00
2.336200014473953868e+00
Linear
0.1

ct 2024-06-16 17:34:20.591524
