noname
4
4
4
12
1.559868978720893251e+00 2.712121509085855475e+00 2.077624961201296472e+00 9.690356313220237494e-01
-1.718652086776515653e-01 5.797987194933075239e-01 1.719808448691136959e+01 6.767145809431492076e-02
1.782498682187620753e+00 2.122888488468932966e+00 2.964199048827512950e+00 2.020206659838309271e+00
2.432488463372948662e+00 1.152259653944454065e+00 -2.040930466013493039e+00 1.902458472885304896e+00
-1.647563900147819005e-01 6.539845075132010022e-02 -5.896795425188331441e-01 4.694169234206650720e-02
-9.344637856380315633e-01 6.991637874762828275e-01 -2.383601452916238594e-01 5.502419389410555528e-01
2.872798046656603321e-01 -2.159574216849013517e+00 -1.401014107348070503e+01 -1.402364608961048864e+00
-5.871688116734155471e+00 -1.478399843227993782e-01 4.900554599477587203e+00 6.080210414244929806e-01
-2.571614583223896577e+00 1.845340077150449565e+00 3.467229106480234968e+00 1.688292177210968248e-01
-6.526233293430089288e-01 9.073784669358146981e-01 -9.169986592389564595e-02 5.045046821268639459e-01
-1.243776896305655910e+00 5.201861004522375653e-01 2.389926461400905186e-02 3.738356727425117820e-01
-2.139648096457303694e+00 1.618418679621434819e+00 9.415078042870665964e-01 6.627506235248915578e-01
-8.735860310260359918e-02
-4.299299698681712023e+00
1.666955883753165724e+00
4.084713203310338381e-01
-2.253515107404220341e-01
-5.405811440321326433e-01
-2.934156497007336828e+00
-1.645998544763666915e+00
-3.151381435853202184e+00
-7.695798326218660224e-01
-5.102246635010626585e-01
-6.579435507510122960e-01
ReLU
0.1
12
12
5.183035209206313665e-01 -1.412214080552466910e+01 4.498266055895462912e-01 -1.490957990167704195e-01 2.039779545466889332e-01 -3.822788126434853440e-01 -2.035578187738205092e+00 -1.199196300877712451e+00 -2.894803758015977724e-02 2.026038906931784955e-01 -1.576149433114879816e-01 -2.022368777060952194e-01
-9.383403215021970389e-01 -3.277184725772084306e+00 4.686123070170586380e-02 -2.662214580619003401e-01 5.202001900505705267e-02 4.085753217978704832e-02 -9.725147420986252067e-01 -5.797014003999982901e-01 -6.161985481472675996e-01 -1.037904957568707598e+00 -4.309700684529360615e-02 -6.351362348474451913e-01
1.313190671342688021e-01 -4.307203103136949984e+00 6.388976848031130418e-01 3.060248887232273618e-01 -2.568894315094227485e-02 -7.341879284166151765e-01 -2.356314785907921205e+00 -3.560921889326146839e-01 1.183885097733812231e+00 -3.475207490746977101e-01 -3.091673110394166368e-01 1.054965642887457644e-01
-3.331159302205193851e-01 -9.229550931502371824e+00 1.923291203274040684e-01 -3.810011712582225263e-01 4.162884963819907247e-01 1.929620336146948278e-01 -1.726660624333329119e+00 2.028297421679778889e-01 3.324992399316551439e-01 -1.364123912842567787e-01 -5.016996161002114096e-01 3.299756879036337409e-01
-1.192212094190767235e+00 -3.586422663565391744e+00 -2.647255372602292933e-01 3.806634680562187012e-01 3.593040795323848569e-02 -6.411956985021777244e-01 -1.314205823019138242e+00 -8.460230195580492607e-01 2.145617881256707549e-01 -2.944111874639182558e-01 -3.978406499652531458e-01 -4.889447692978814985e-01
9.560990855690526535e-02 -2.301167922398252852e+00 -7.087102301240922886e-01 -5.210110969085971488e-01 -5.886768488023939039e-01 1.440547063700472474e-01 -1.337031116214578264e+00 -8.721203426726940044e-01 3.907378464464181939e-02 -2.908914513583347738e-01 -7.137489321832085620e-01 1.270647820843526787e-01
6.341949391684555959e-01 -3.276156942341202694e+00 9.890249206460397513e-01 1.196002624238398093e+00 -2.546368207255917185e-02 -3.101417189213534487e-01 -1.175372514055456064e+00 -3.793448440835091029e-01 1.231903065089232641e+00 -2.083369838259704343e-01 -1.140503702778254552e-01 3.659838754285057449e-01
-8.189349303151201021e-01 -5.408007529752134168e+00 -9.155132168457454089e-02 -4.457805853005157408e-03 -1.673270202372527729e-02 1.972227614661448136e-01 -7.999286817516521042e-01 -4.222149968722135882e-01 3.253071219540195069e-01 -4.812348622623362493e-01 2.361610678526412377e-01 -2.441752877629803642e-01
-1.031464107148019949e+00 -1.606567122311836293e+00 -2.274287598270750443e+00 -7.734432657684112145e-02 -2.579768653407890286e-02 -9.473910691899565251e-01 -5.221842305365430370e+00 -3.501595020722456209e+00 -2.278562660861489952e+00 -8.283615975793220398e-01 -3.873261599859123550e-01 9.072990438941324065e-01
-1.022827938862317598e+00 -2.929145876244030333e+00 -1.432867039000463860e+00 -2.392361219833307184e-01 -5.463372915580665401e-01 -5.530219395665887383e-01 3.103436412471304306e-01 -4.436925247446650844e-01 -5.526646976292488578e-01 -4.920401179363180222e-01 1.588189098439230507e-01 3.415913004074984383e-02
-1.597578927229946141e-02 -7.202997533090557347e+00 -2.448314150391718846e-01 2.354135241680631041e-01 2.122947742466699539e-01 1.765010580283900288e-02 -1.720592187155339348e+00 -2.939708877718123503e-01 -3.732322542785884018e-02 -5.216442127222146175e-01 3.429562887245304892e-01 -1.652016121254919201e-01
3.166910316936840109e-01 -2.128509177952721654e+00 -2.642553870825077311e-01 -9.169736412448442620e-01 -1.806620128462243791e-01 1.192035177170945454e-01 -3.993414660096009094e-01 8.162388626941712022e-02 7.444577707692395796e-02 -2.374487750028204391e-01 -4.625341638400966016e-01 4.078198603111305998e-01
2.601135741482182961e+00
1.118609969402649534e-01
3.608425918889805573e+00
1.055213645842901116e+00
1.089053937569147257e+00
1.680853091477473082e+00
4.059441420130858624e+00
2.994686451782809233e-01
5.727835352877296060e+00
1.200468580612331221e-01
3.591915051570263029e-01
-7.473967088186218855e-02
ReLU
0.1
12
2
1.266563342540462100e+00 -3.835988755053272581e-02 1.446157977011433893e+00 2.586685855332000461e-01 1.831145213819637407e-01 -5.520171473815963514e-01 1.776030032873000097e+00 -2.479206005987904388e-02 -7.729718641805557455e-01 -1.323986511238491592e-01 -3.902685603260153124e-02 -2.428570353134723234e-02
9.582037805850665002e-01 -5.717139964509155431e-02 1.226241228659753935e+00 1.888873631101292971e-01 1.587561654993311366e-01 -1.963433146304469079e-01 1.865449970187307516e+00 -2.188107933086604062e-02 -9.335192760960211444e-01 -4.130163663456770107e-01 2.593133117280196562e-02 7.808216195211306609e-02
6.921258095556741097e+00
5.929817407328425105e+00
Linear
0.1

ct 2024-06-11 14:08:16.304368
