noname
4
4
4
22
-1.655331885625282995e+00 2.024212578471215718e+00 2.918853518999915853e+00 6.832962627011147649e-01
-1.765836581079319456e-01 2.808089207943587629e-01 -6.670456305893142090e-01 1.642105211126539122e-01
-7.126847984922547452e-01 1.020387917364549368e+00 -1.498241461884822212e-01 6.175415464890587902e-01
5.005422174810721714e+00 2.375834525566705935e+00 -2.422489517146644289e+00 2.467955272981161130e+00
-7.486034788103229642e-01 1.069089220092301007e+00 3.485181586355313721e-01 6.918334699141760469e-01
-1.887077139742633580e+00 1.386313143090841304e+00 2.718765654402668375e+01 1.675188243741046135e+00
-1.761568076364913304e+00 2.539758738285775586e+00 3.207363600134897297e+00 3.188875670079298619e-01
-3.591243988707418233e-01 5.336483519254698882e-01 -2.399244537765651053e+00 5.230500613976724056e-01
-8.908795596909742098e-01 2.067782116231116074e+00 2.481973437194254561e+00 6.499299746427650293e-01
1.024943323269826706e-01 -7.368553389995811942e-02 -2.063966088648977681e+00 1.530600130819221028e-01
-6.527073095907895972e-01 8.381774383457185618e-01 1.013532119677416299e+00 4.232525663213849154e-01
-1.356254485105708563e+00 9.366131485209506780e-01 1.968309724002143435e+00 3.233914732275196546e-01
-1.632497906987720793e+00 8.006948039687398211e-01 -4.184046528716588220e+00 -7.914324557830602069e-01
2.323404722498064512e+00 -8.754744467470760849e-01 -1.231327515349816615e+01 -4.630615178517166197e-01
2.706853522387330013e+00 2.511873127484463897e+00 2.101981266252852087e+00 8.670426562033006768e-01
2.394343945020946940e+00 3.441877693566322893e+00 6.218696756002048076e+00 3.335576780989886636e+00
3.653733356311933189e+00 4.051577658536653082e-01 -3.585396703429064580e+00 1.242990342533744769e-01
-7.545923015631559316e-01 5.458261853610504311e-01 -2.018452192734495609e-01 2.285893780207827464e-01
-6.941427816620207025e-01 7.396108138867147908e-01 8.699573504453305128e-01 3.300706767354769644e-01
-1.512715728722360264e+00 1.726551012949862463e+00 3.368115331009498559e-01 7.023430147638373144e-01
1.264635061693775597e+00 2.315296199184308179e+00 2.870294961487637408e+01 7.033311691494723572e-01
5.278299551490781560e-01 5.974471165404224848e-01 1.092194640344974044e+00 3.827826224978322922e-01
-7.492973371470191823e-01
-1.083490208415699207e+00
-5.898560268373996829e-01
-9.286819958062244099e-03
-7.069046125762710187e-01
-5.526578063059461421e+00
-5.387077142539629937e-02
-4.913712391719217143e-01
-7.889065980032878844e-01
-2.290576088915474262e+00
-8.402518085865456898e-01
-7.532704925150291997e-01
-1.249802989412058807e+00
-3.260392825214525558e+00
-1.184090180615912230e-01
3.183180823898954070e+00
-4.862310383977725969e+00
-4.784855051439251272e-01
-8.721207189410405958e-01
-8.688625141326484780e-01
-7.559845652044945297e+00
-1.656571608725506684e+00
ReLU
0.2
22
22
-8.061479010535469447e-01 4.508364866425247919e-01 3.033384430082330940e-01 -2.883191380077698707e-01 -2.404340644870669452e-01 -4.196941844327149340e+00 -1.084072298404549217e+00 1.901971870169660572e-01 -6.364711623511101202e-01 -3.182303645526911029e-01 1.922076087032912883e-01 3.020081416837585020e-01 -5.246379449934895217e-02 2.350728685917407301e-01 -3.525310269871862467e-01 -1.071492026706017731e+00 -3.881363133318980196e-01 1.906873385562135037e-01 -6.727601434521174317e-01 -2.283355619877134313e-01 -1.019196439090990003e+00 1.038778159703291903e-01
-1.822912710224193766e-01 -2.695221011775048581e-01 8.140662888187040480e-02 -3.964650002187224964e-01 5.405718077809844591e-01 -1.032032321476630798e+01 -3.652702029148393592e-01 -1.988613683607760030e-01 -4.283235967180558101e-01 -3.407518124606158660e-01 -5.684818473071168166e-01 -5.763285449118575876e-01 2.144008411218149279e-01 -1.610854765271812594e+00 -3.352326214897142775e-01 1.131981803034710909e-01 -1.515767352310243843e-01 2.702623620154163686e-01 -2.823797629904472098e-02 -5.354977808752746649e-01 -1.040085633142811972e+01 -1.049810814151332705e+00
-7.872786199815715036e-02 2.776350356861104762e-01 -3.790187653700431009e-02 -6.014850828703550700e-01 5.032708227153418479e-01 -2.955405045762816929e+00 -8.832192461274558370e-01 -3.777479423426883254e-01 1.949984545506372458e-01 -5.877466146284383575e-01 1.862927654646232833e-01 2.657398782944392357e-01 2.200797918146604470e-01 -6.200222361492589984e-01 -6.609561625671539487e-01 -1.712235264641503107e+00 -9.569396014297656405e-01 -3.287210880018833214e-01 -1.018669825718025584e-01 1.023383835806674635e-01 -1.001505352995147424e+00 -6.560398171770019937e-01
-4.402795931071332158e-01 6.739892138259344356e-02 -1.196568056427721044e-01 5.561007560755525381e-01 4.725020802123775510e-01 -5.246923956881235362e+00 -1.860293463184828355e-01 3.150954006245229033e-01 -4.883777291800077136e-01 -4.496167026558760549e-01 4.248663127161830810e-02 3.989319935405580275e-01 -8.300949631462171963e-02 7.393537741934293195e-02 3.118347711707600278e-01 -8.640119688196810088e-01 -9.758447859139723901e-02 -2.309911768778818153e-01 -4.455110193388155393e-01 -4.571200774236151565e-01 -2.546774566035491794e-01 -9.349859238963149910e-03
6.899497675711260478e-03 2.017088692663369098e-01 -6.695880702725138800e-01 -3.695439635022468305e-01 -8.877022524127876901e-02 -5.445891251088616158e+00 -1.971615996962556572e-01 -2.518964367703145288e-02 -4.293678332013869947e-01 -9.395339918838276905e-01 -1.996524709464735370e-01 -7.398553071709434992e-02 1.251878208836438022e-01 -3.525119020771988465e-02 1.200646125216966592e-01 -6.977093157867313433e-01 -3.448418998284131787e-01 9.313938742682993654e-02 -1.390127990827180748e-01 -7.538606256421022112e-01 -7.881387311198029266e-01 -5.527543637948259536e-02
-1.257499376045140949e+00 -8.712263849684787065e-01 -1.034655091675827698e+00 -1.222671355268803328e+00 -1.375291274374689454e+00 -9.908900640249821423e-01 -1.430721586381978216e+00 -1.257620816610912184e+00 -1.412222928828258173e+00 -3.656887494574971864e-01 -1.042131334246756857e+00 -1.237066255390347314e+00 -1.805880321910085629e+00 -6.989148659144346354e-01 -1.314516422412241869e+00 -8.573793232316508917e-01 -1.396276087757316597e+00 -1.025656936627646454e+00 -1.089103757025228880e+00 -9.843292835769239524e-01 -9.322747273389765388e-01 -1.419063630157199274e+00
-2.334221856076713342e-01 -2.114379696051217894e-01 -3.319332720551422811e-01 -3.083263815007162845e-01 1.570183941931872426e-02 -5.905230069886538757e+00 -7.014504810570602045e-01 -1.977670077003445756e-02 -5.806042830180727643e-01 -3.725349959030712088e-01 -1.640998255232765657e-01 1.139060554659256930e-01 9.607174352852558552e-02 5.336147918386474620e-01 -7.605198583305821103e-01 -4.974709714161003604e-01 -4.853911009814568245e-01 2.761703020602699898e-01 2.945181926166909880e-01 -4.593221165792039234e-02 -6.419663827418462532e-01 8.566431430708765227e-02
-9.076088090506607697e-01 -2.798944823235722246e-01 -1.576896465920579748e-01 -2.494559147934869714e-01 -5.440726861950422322e-01 -3.797359847653139386e+00 -7.632219441445932118e-01 -8.343419996646681547e-01 -1.526473403282364028e-01 -8.102981217802243674e-02 -3.155460065064062403e-01 -7.393762366048799439e-01 1.192835364568583245e-01 -3.799050932252455715e-01 -4.440278432633319450e-01 -5.750733632514539728e-01 -4.400017312775478251e-02 1.142741506212752445e-01 3.245806396788536996e-01 -5.951335447428985903e-01 -9.761475528953843239e-02 -6.388887079599530061e-01
-7.794959283026932084e-01 -3.110239818262736100e-01 3.655648488090322834e-01 3.530162790018904762e-01 1.015377700384661463e-01 -9.783612424121436391e+00 -1.028658798076278247e+00 5.346535232259053139e-01 3.786711983973601453e-02 -4.964738760881319268e-01 6.782986781263193876e-01 3.968642296624044219e-01 4.077882533235475428e-03 -6.054518567069149260e-01 7.834588425021787872e-02 -7.775404564396701246e-02 -4.489366456815275241e-01 -5.883941473214662765e-02 -3.651048560113907548e-01 -8.221047086748248800e-01 -4.209604648005130123e+00 -1.015762775797094397e+00
3.849684548163987419e-01 -5.292083903721811478e-01 -1.290091170687316102e-01 3.679540195729991137e-01 -1.398122279335850537e-01 -1.119447938275171062e+01 1.242515933310400778e-01 -2.834981168186488931e-01 3.252753801339532402e-01 2.898640153440911749e-01 -3.853478752930465379e-01 4.112655995996293279e-01 -3.488596188617137384e-01 -1.318920299961563236e+00 -2.578307266551623303e-02 2.759354885646422950e+00 -2.561377702460505001e-01 -2.827566680388711728e-01 -3.672012318209050274e-02 -2.525859583932833427e-02 -7.835175885178989219e+00 -8.251774526310652613e-02
-7.743495942844256241e-01 3.774688545042014232e-01 -4.672791207779351530e-01 1.095726555736926677e-01 3.388740757364157585e-01 -5.683331999300704318e+00 -7.551003667477058645e-01 -2.006145968506662658e-01 -1.139061383314691867e+00 1.901725544387206784e-02 -3.269201775256028175e-01 -4.334516596361845941e-01 -3.212048110845095450e-01 1.553772590300099565e-01 -3.862960995202156522e-01 -1.215460067110292419e+00 2.841489803628822197e-01 -4.152174624517295243e-01 -4.342214122610906779e-01 -8.499805066928054487e-01 -1.168288785247043382e+00 1.622797361588744769e-01
-6.335107155985265047e-03 -1.857138870793579588e-01 2.311844025833713623e-01 8.165818051718437554e-01 1.231610315178130882e-01 -1.138883732869177834e+01 4.050505821789130434e-01 -2.473118395483930865e-02 5.435607845590629816e-01 2.029389030698578456e-01 1.468948973225163435e-02 -5.880184109540923659e-02 7.074357002347180234e-01 -2.373892885377953732e+00 1.512585240968217448e+00 1.550616595907567952e+00 -6.077942163844256562e-01 6.006369338526847956e-01 -2.272683559108042983e-01 1.564224488480789876e-01 -1.249172407529762374e+01 -1.777058944051479239e+00
-1.377310768837749722e+00 8.185987802144084613e-01 -9.783948035115386244e-02 1.319705968030809640e+00 -3.569809664688308737e-02 -3.297036387822368741e+00 -3.159650004316095551e+00 -3.458159151909108719e-01 -1.880004329937815521e+00 -5.272335176117340927e-01 1.734441605919964380e-01 -1.055267085224257828e+00 4.148307199473498796e-01 -5.559521571469435569e-02 1.037544654829537505e+00 -2.680524170968552777e+00 3.492360721122762524e-01 -1.929070075896044678e-01 2.520212572802186246e-01 -1.363664018089925323e+00 -2.313167787377154561e+00 5.889335823734568320e-01
-1.040151797883097862e+00 -8.081420423184411117e-01 -1.544442447936377472e-01 -4.162548596293841330e-01 3.668411304844634846e-02 -1.167537526367916989e+01 -7.992605410729228810e-01 -5.763239489820569661e-01 -6.087050133618656655e-01 -7.009050397503486796e-01 1.421893244641322385e-01 -4.237828364735919950e-01 -5.249707111721333419e-01 2.884982999769146739e-01 -3.862572296966720886e-01 8.177788015636103247e-02 -2.255290381158989721e+00 -8.735075001288253272e-04 5.805546513227163308e-01 -3.648906253733453786e-01 -7.468947377149450340e+00 -1.134278323044052073e+00
1.995111002210806506e-01 5.134514921445076929e-01 -1.697496374646778605e-01 -3.251901543784085913e-01 -2.840789641255900833e-01 -2.258209905876217505e+00 1.267605050661332333e-01 5.093727170987490116e-02 -8.532769810385648634e-01 -4.569617112172291162e-01 3.347920807224940010e-01 -1.237993142207548525e+00 1.100167386013345627e+00 -3.109965055027639202e-01 1.958410027348297389e+00 -7.014550845573197080e+00 1.049260181567926720e-01 2.844834703685555355e-01 -7.024725349161851096e-01 -7.518794528319507897e-01 -2.793433728084314005e+00 2.628316506373273409e+00
-9.257209478787699064e-01 3.590870631270586810e-01 -4.703916959790958585e-01 -9.361220543795970572e-01 -4.880463237823255973e-01 -4.795925050327748629e+00 -1.663406501022024253e+00 -2.040611964011390944e-01 -7.288044308031196294e-01 -3.441015781086314562e-01 -6.300158054520009765e-01 -5.146259667821447836e-01 6.699538445798025599e-01 3.013219678906465249e-01 -8.692808147626862603e-01 -1.816518277765626133e+00 6.543835967793902586e-02 -5.500959313064920364e-01 2.231421769919874343e-01 -1.431459073609188559e+00 -1.455229536856302852e+00 1.277213667811094855e-01
-2.024483569866324661e-01 -2.393786185169420322e-01 -6.136156256615273863e-01 -6.986821387272251771e-01 3.680506231119046734e-01 -8.256839438781312879e+00 -5.814101156051231234e-01 -4.647010243207506247e-02 -1.125402380840544447e+00 -2.377106592945534003e-01 4.438011209970656457e-01 -2.967456099676147874e-01 3.317729475395084227e-01 -8.506502532833470909e-02 -5.261934368800880168e-01 -1.749158056813592821e-01 -8.559069459679148340e-01 -3.763516896902484093e-04 4.200143907485301975e-01 -5.337296583927042537e-01 -3.211707358573294258e+00 -6.497490437740817137e-01
-4.421469498365048212e-01 3.880544608141591745e-01 -4.487417290965302064e-01 -3.145140449602363275e-01 2.174062088711488927e-01 -4.457068045066697515e+00 -1.812991422798551522e+00 3.114899772673030975e-01 -4.841714919797614480e-01 8.142050655402566922e-03 6.716935141618766147e-01 3.577694992935948615e-01 7.660840901020823379e-01 3.005973377547972447e-01 -1.068224840219116789e+00 -1.010521891088306479e+00 2.444040626451974563e-01 -4.146101481077742457e-01 -1.710671224471187746e-01 -3.705895174062942554e-01 -1.181444191375246699e+00 2.203292782395729899e-01
-1.136801689779339819e+00 4.221043754563405526e-01 -1.845750221323510520e-01 3.700284893866453984e-02 -2.722212077599694968e-01 -2.417525249711829360e+00 -1.704182751359538006e+00 -8.140874492464189593e-02 -8.646434341413145042e-01 -2.521142255567485613e-01 -1.283236503425294051e-01 -6.140413285213172090e-01 5.407630662503742913e-01 1.109622050412007344e+00 -9.472286774254924380e-01 -3.594744688576394065e+00 6.968561790289931612e-02 -2.632142508260542080e-01 1.242837522639749920e-01 -1.391065219304284284e+00 -2.370734010870510389e+00 -1.366682631564784645e+00
3.119055150410883145e-02 1.619678194030515772e-01 8.064962980478670995e-02 -8.841404313310525787e-01 -2.301975825446748447e-01 -1.078513662422404984e+00 -4.738553517646537649e-01 -1.800848696005841465e-01 -9.940621868389463156e-01 -6.126164241461184989e-01 -4.819253445155143867e-01 -3.684687670978015195e-01 -8.489756151040087767e-03 -5.798647715402265312e-01 -1.216527311455995353e+00 -2.803476858275494976e+00 -7.751527537195505024e-01 -9.254954162010433846e-03 -4.987477098261023506e-02 -2.872816579416982430e-01 -8.600265256264378877e-01 -4.032936506256028508e-01
9.834741547436420817e-02 -3.813811577934147490e-01 -2.104015171462291223e-01 -2.241492294941462293e-01 2.682320479419647019e-01 -5.616906894465464539e+00 -1.082322636444124492e-01 2.733441380330135506e-01 -6.928802854277128498e-01 -4.091402059028471927e-02 3.761067998441396942e-01 1.443734962975932457e-01 -3.595757434341750880e-01 4.495019148287766886e-02 -5.290261543718887127e-01 -5.446076997804615294e-01 -4.873551518046984610e-01 3.590427996680743972e-01 -1.929291548110924071e-01 1.616413130004066834e-01 5.112138442494081891e-01 1.100795897696860426e-01
-7.744346185924499970e-01 -5.993164570107580857e-01 5.611964018934382237e-01 -4.580775954142755624e-01 6.917077675097482725e-01 -9.249154055048107281e+00 -1.243910206480726366e+00 1.506304311375913918e-01 1.293504669412901820e-01 4.003580945360835086e-02 4.443131509934800105e-01 -6.533133679479372069e-02 -1.904043445917520394e-01 -6.840418985265201979e-01 -5.228047791539931072e-02 1.703584495518387087e-01 7.510644851851396853e-01 -3.466490092605409856e-01 -3.760224203585105784e-01 -5.041447857143287470e-01 -7.805895226967527023e+00 -1.836986359005862435e-01
1.196773518055589847e+00
2.636038032898498695e+00
3.343555829210035912e-01
1.076422624544645767e+00
4.393619633269754687e-01
-9.442954184959039265e-01
6.558032154154168625e-01
-3.569999710111639302e-01
6.195984458131147399e-01
6.808931940700987617e+00
2.299625587328691712e+00
3.783295611745593146e+00
5.238784496481169839e+00
6.690614621765460512e-01
3.252968817630192078e+00
7.309383466558210252e-01
5.055382960775273160e-01
1.504656318702693119e+00
1.267016949333142239e+00
5.563288907822878659e-01
3.218820542978665933e-01
5.340211381807727919e-01
ReLU
0.2
22
2
-2.377428055069143731e-01 6.716955872300452990e-01 -2.230832075235955059e-01 -3.595009675590166154e-01 -1.102372684379966938e-01 8.750879483839500983e-01 -1.454612710453079549e-01 -5.311330336255213475e-02 1.434093260723918462e-01 2.566395179200225307e+00 -4.658765721582002750e-01 2.090101961245044659e+00 -1.143324998829783556e+00 2.239025248345471175e-01 -1.013977881940602899e+00 -2.451790054779753592e-01 -1.125762110041099613e-02 -2.743505117285598982e-01 -7.914490760927366253e-01 -2.370486197183116206e-01 -5.150095749883259327e-02 3.018329139530586680e-01
-2.394904148643993425e-01 -7.654346947666406109e-01 -8.431674005272399297e-02 -2.626936598714644799e-01 -7.838297555235622383e-02 9.819924252114760055e-01 -3.024469119634746184e-01 -1.266338400119749186e-01 -2.030678096538006960e-01 3.014497997191407208e+00 -4.907876285454431109e-01 1.047060455762824693e+00 -9.776379766365729251e-01 -2.754805695494439433e-01 -1.664872748761242027e+00 -4.671828818109263204e-01 -1.358194178346492087e-01 -5.180328502894505638e-01 -4.609634338648210816e-01 3.634577457034254278e-01 3.478204575884827343e-02 -3.723451333176806544e-01
1.178094236065649802e+01
1.151762463513761681e+01
Linear
0.2

ct 2024-06-12 18:59:16.498914
