noname
4
4
4
16
3.074926586600884026e-01 -1.532388525334436868e-02 7.625240448684595940e-01 9.768556974485727018e-01
2.839530513406675061e-01 2.683890605991990502e-02 6.101073795093825414e-01 6.915630903489244918e-01
6.960501136443822956e-01 1.000164109058792938e+00 -1.674858407793168302e-01 2.271405722225696699e-01
5.242369990556258186e-01 1.205299041685449629e-01 2.976355938134286339e-01 7.375415627602019963e-01
2.505620918195945457e-01 4.212220827994764827e-01 4.937428599748996949e-01 4.473312201471602023e-01
5.511402139861490967e-01 6.081697977027683555e-01 4.866506517619182959e-01 8.696876304010119352e-01
6.614185225233689680e-01 5.190423870286760000e-01 7.746608934248959688e-01 5.016138611287976889e-01
1.617415267380279201e-02 5.749326825550801073e-02 -1.047914461277998921e-03 8.384283834045328510e-01
7.711263540825505913e-01 2.679194534657777238e-01 6.661117503432097964e-01 6.785674848390702008e-02
2.411198460166854574e-01 2.053554479903123009e-01 3.980669500119125570e-01 5.704737076512309546e-01
7.331513639957630835e-01 1.795644093420708520e-01 2.698133341166272792e-01 2.378495919511297296e-01
4.570556996001711725e-01 2.232006327373756982e-01 8.604255672418745782e-01 1.029531850300743123e+00
1.773029479804965058e-01 4.374931105125814401e-01 2.625001153331837367e-01 1.832266937472859514e-01
3.456321087438443684e-01 7.911311552999473751e-01 6.075518317015892178e-01 5.539507978886042405e-01
5.395832135150518960e-01 7.202877978303007245e-01 7.995768474136315529e-01 5.950839831466432361e-01
6.822889125364111074e-01 1.248126724110525942e-01 4.171281871003986730e-01 1.717643289614322888e-01
4.914510175085156640e-01
-1.779734887452981695e-01
-4.541432889756799596e-01
6.361618688795236953e-02
-4.815142292144229397e-01
-1.014941750329514947e-01
4.788067754903583273e-01
7.306231528903632810e-01
6.878522470191054117e-01
3.411033158830872325e-01
2.499692234382379641e-01
5.004258440065633140e-01
3.134123260961472202e-01
4.245414850553134167e-01
-4.006181666610889591e-01
-5.458489290155498219e-01
ReLU
0.01
16
16
-1.497949347339532777e-01 -8.646987718540734280e-02 1.231291827555936469e-01 -5.004384020794973020e-01 -3.212791357927516356e-01 -1.956606500947764005e-01 1.655369351135413392e-01 -2.360877890988763994e-01 -3.854399492943005878e-02 2.361935722871628118e-01 -5.639403295095566371e-01 1.111696529889207308e-01 -4.803216672447628843e-01 1.118003437908534625e-01 -5.584296139337047160e-02 -5.655234044429507945e-01
5.252973236273994484e-01 3.476454528814981182e-01 -4.583539436359591879e-04 4.649993175465721440e-01 -1.759925674741025237e-01 2.631783312859452550e-01 2.393076219745778332e-01 -2.920337408594529949e-01 7.262407617281385619e-01 7.202678831225297479e-03 1.946352109417161247e-02 4.354381335052238122e-01 2.367609133795862963e-01 1.266632828639370489e-01 -3.020912803620008358e-01 1.958585172568945709e-01
7.322570263491506859e-01 6.209601896657898079e-01 9.910831532775574715e-01 2.121126530120841513e-01 5.180005775804835677e-02 6.191902743028906420e-01 3.073830644671304846e-01 9.378553853942523943e-01 4.620188974282556926e-01 9.176330773256768936e-01 4.703739561354160492e-01 7.914122600538757712e-01 5.933293440921714179e-01 6.291135520618343913e-01 4.283142758585765097e-01 1.260862719179250413e-01
-2.353561207411802858e-02 2.870865012622639822e-01 3.269840306764842941e-01 -2.097535192781892210e-01 -2.081516379478319800e-01 -3.099691994150558516e-01 -5.563814648717793077e-01 -7.704235874993051181e-02 -5.817417723827174036e-01 -2.406493580618474792e-01 -2.354287698745869128e-01 -5.453187800183765255e-01 -5.461039479483632553e-01 1.875111903325288876e-01 7.266215933958282414e-02 9.718800074208222561e-03
1.011258753111790920e+00 1.424117263496546271e-01 5.325751179087189202e-01 8.694398788812938150e-01 5.449393365491633778e-01 6.177352272674632161e-01 1.624198785303977988e-01 9.264599611050950978e-01 4.157655914707776845e-01 -7.415493985952666123e-02 2.049430610815579368e-01 1.130114359031545890e+00 -2.968006769061322103e-01 1.278794549535957892e-01 -1.042250648226477477e-01 -3.347776338205942781e-01
1.226029148771009103e+00 3.846139896355230126e-01 4.184095390252565716e-01 6.331808085927130847e-01 2.776246884311517338e-02 3.794388060844965382e-01 6.470081354471537427e-01 4.107603263746772981e-01 8.959657330195426317e-01 7.324953445770714389e-01 6.915818981587146252e-01 9.218702288623328300e-01 7.608028996060819393e-01 1.055904826546042008e+00 5.073379422114857595e-01 1.567568408651847656e-01
7.880277553255011780e-01 6.287792034129814356e-01 2.558059664956965906e-01 -2.260870541993823535e-01 -2.308264133104913074e-01 -2.981535016295114304e-01 2.294613602098452831e-01 7.676429574319126869e-01 7.680728838295990402e-01 5.197933786124734334e-01 6.151144342862573389e-01 -1.157983016173338153e-01 3.498834636139751542e-01 -3.875534588221004606e-01 -3.370682267185001191e-01 3.334641587057908807e-01
5.211175609408906784e-01 7.506108606284730422e-01 1.224545777966714377e+00 -2.528281506802458889e-01 9.627041521622070608e-02 3.159107104568706359e-02 5.538598124654101618e-01 1.041565525596652275e+00 9.625241224061459322e-01 7.536945500159288880e-01 2.639117804899742126e-01 8.432251899216433033e-01 5.832850601077997910e-01 1.854511906827978618e-01 9.125488837753600313e-01 6.330002588036034439e-01
1.854512448605953878e-01 -5.399870858751225633e-01 3.144076394893732807e-01 -2.223076772581069477e-02 -2.619790555941060584e-01 8.838106530891469692e-01 3.789277781056413774e-01 1.835651489383379187e-01 8.064999850667675663e-01 3.484709881904932693e-01 5.544518785553385065e-01 1.529256180476842031e-01 4.571932951144214718e-01 -2.851865900620460526e-01 -1.335749919195862168e-01 1.878613211273106876e-01
6.564953831146486118e-01 5.638283288546448030e-02 5.973753896678216657e-01 -1.189776538798436312e-01 2.827762122158625768e-01 1.014647158825285445e+00 9.820547999210821333e-01 7.210400422600210524e-01 6.214659373162019218e-01 9.542909578755248701e-01 3.314828005948172729e-01 4.342957353830184664e-01 4.200300731441791724e-01 7.998256640971168618e-01 -7.817427873490281898e-02 6.489711838232457009e-01
9.006183374994667368e-01 2.919306430050042089e-01 1.586873503353418147e-01 -3.081787731523829010e-01 5.104714368521455770e-01 3.829145691431195542e-01 -9.470400577211314508e-02 -1.267320598380170527e-01 -3.633266895162316767e-02 3.155208273307603117e-01 3.548360964436093057e-01 3.856473480012523325e-01 4.690455929229363219e-02 8.869243583808694709e-02 2.899691849163228419e-01 -4.897708850164876893e-01
5.278866638234853692e-01 2.873793367809819935e-02 8.419967629871701054e-02 1.856213027721846098e-01 1.581411547569355203e-01 4.885187867529439676e-01 2.238888399502856619e-01 3.688476879495981020e-01 -3.014520843825199137e-01 3.551835475442813306e-01 -9.749084503538472946e-02 1.170603314693146046e+00 2.994480601427945143e-01 -3.827396013851698531e-02 3.578725798993142027e-01 -1.119809407936674384e-01
9.119697204930277135e-01 7.499236160538347296e-01 -8.239904935756023341e-02 1.098522725015673274e+00 2.907344270764589678e-01 3.707088216783965828e-01 4.637881154552554452e-01 1.725525043586507157e-01 2.495621854199141787e-01 -1.956168976768125067e-01 -5.053429187028734004e-01 9.343872676969514623e-01 -3.513339665441863047e-01 5.256002662858491048e-01 -1.343393178559216250e-01 6.862633236965620664e-02
8.843383880674176023e-01 5.953044936602586157e-02 -1.452353905356910946e-03 2.028932781131716490e-01 -5.974204417862433170e-02 3.012478167113615823e-01 5.019208640951760003e-01 5.922031635615658818e-01 3.525749008865398104e-01 -3.484634491454800809e-02 2.425421928335373400e-01 1.202242121342641523e+00 2.776257254025945587e-01 -2.166675457768729163e-01 -4.007068299939799960e-01 -1.178477961658597195e-04
5.765474423012684202e-01 -1.887249049742777407e-01 4.281248828881249469e-01 3.561570555536587857e-01 4.425187682199976935e-02 -3.850217086427208946e-01 -1.827917981876965303e-01 1.496122962013839430e-01 -3.416746970702210229e-01 -3.183938246308231079e-01 -3.365890040637380398e-01 -5.380397718466263246e-01 -3.308237272649686700e-01 -4.106729953680136602e-01 2.529644046621552789e-02 -4.483347081308645121e-01
5.061120651487324151e-01 -1.820884975822910368e-01 4.184697688813416860e-01 8.322083483581749208e-02 5.420272301349402522e-01 5.715448856668577937e-01 1.192790102608509289e-01 4.676966826404970190e-01 -2.044406022975545356e-01 3.618658885045621942e-01 9.697781214905330793e-02 9.589454271874462421e-01 -1.220738596586499504e-02 -3.078569773467894621e-01 8.913577617762533101e-02 2.337389862769131965e-01
-3.743085817583641228e-01
5.761540679675279941e-01
4.246167467941940887e-01
-4.546051075825061072e-01
4.286598690958015601e-01
1.093351527897526321e+00
1.012005196640217042e+00
9.832440017955392797e-01
7.827093061183968414e-01
7.173139964666549462e-01
-9.726027947202060819e-02
1.189873985449819482e+00
8.917517292591323752e-01
5.903724420534041117e-01
-2.180182706504300016e-01
-4.068432745359651936e-01
ReLU
0.01
16
2
9.608631097543518518e-02 4.804314121228446255e-01 6.858111202230922077e-01 2.012010622655946435e-01 5.627130871910101390e-02 1.002302197260789729e+00 6.071875507185673371e-01 2.925340202581561688e-01 1.592888847301595356e-01 6.545247293413425371e-01 -8.072460966152342210e-02 1.590839641912450420e-01 6.364408167020634277e-01 8.328928030880943245e-01 -1.550673378185069562e-01 -6.428929606000660657e-02
2.288886544290740233e-01 6.213421890102708289e-01 2.507340890994169125e-01 3.761800738496202112e-01 6.531951859411161410e-01 3.980360299783878841e-01 6.028689446354483783e-01 2.886825994411892915e-01 1.890708720008169585e-01 5.864503201243015384e-01 2.965947817006833187e-01 1.071285915667064881e+00 9.360534866729810499e-01 9.110642175578749224e-01 1.527805665169100213e-01 4.958426051909488597e-01
4.067119264453680771e-01
5.355190635000581789e-01
Linear
0.01

ct 2024-06-03 12:38:59.057918
