noname
4
4
4
6
4.235888283768209917e+00 1.139331085543765054e+00 -3.533384793121533973e-01 1.154865576888976619e+00
-3.436909131750888746e-01 1.657642381376206453e+00 3.030517741222036321e+00 2.176524682757846607e-01
1.344191951358335135e+00 1.714037650645185096e+00 5.277138877572755682e+00 1.382906146389992763e+00
-2.620813132795477784e+00 6.863868496197355062e-01 8.699627849861145679e-01 -8.401098998361931913e-02
-1.606813859521419641e+00 3.784330275196750026e-01 3.279059522294147655e+00 7.494823303046177498e-01
2.418325212506362121e+00 9.149315156113450032e-01 6.486398298766254955e-01 9.387004353345879126e-01
-4.570986801410701350e-01
-2.942221091326944205e-01
1.644645119822664592e+00
-1.681002453113709105e+00
-9.008646990271935717e-01
3.641065304692260862e-01
ReLU
0.1
6
6
-3.277470089768574346e-01 -2.253608044766815810e-01 -8.593186859494513774e-01 5.402211461227730827e-02 -4.424667271235067090e-01 -4.592439062237159697e-01
-2.270985033937515107e-01 -7.094748866572756496e-01 -1.444498042844332808e+00 -4.791082816260260752e-02 8.049285531962209472e-02 -6.499901247735282439e-01
1.250584004923201986e+00 3.879107420934009287e-01 -2.965298645983098780e+00 -1.880408628924578884e-01 -1.505502111625270478e+00 -1.120106094891279769e+00
2.484370064743034456e-01 6.932515604792690578e-01 7.690303051961835390e-01 -2.856707995837114433e-01 -1.094332791030710128e+00 1.004003309095080898e-01
1.747745967544724055e-01 3.173531614188649375e-01 5.265821791944867991e-01 9.024920739511348433e-01 -7.337450495433353037e-01 4.259224930841518098e-01
-5.144035945457908765e-02 2.850359551693065589e-03 2.588813934206282696e-01 6.492454879949542956e-01 -9.383055136291713616e-01 1.567155255188431573e-01
-6.613567338381823868e-01
-3.441236264227907626e-01
8.365935335338127166e-01
5.290965556013136339e-01
4.692913552291422263e-01
2.119925763552697462e-01
ReLU
0.1
6
2
-3.854061879233363630e-01 1.317196078358419953e-01 -6.163095850042850099e-01 6.569697788987037823e-01 6.140523519682177245e-01 6.413590363002366068e-01
5.599113037173322205e-01 8.779836276970570674e-01 -5.371444565672660598e-01 8.607787240367905657e-01 5.280307693271946157e-01 4.571054628473312231e-01
2.722334028549183937e+00
2.535205778745751815e+00
Linear
0.1

ct 2024-06-16 12:38:12.788955
