noname
4
4
4
3
-6.593445205991104174e-01 7.479913400797816303e-01 2.007776591487848261e+00 7.883456075075981895e-01
-4.800687685237220448e-01 6.752485171164543942e-01 1.872448208114382506e+00 7.751201990436522582e-01
1.977693492361135563e-01 7.196822129249599298e-01 1.302837810973996202e+00 3.586083116788524872e-01
4.675093891762478471e-01
1.364504178935606493e+00
2.542655303443707715e-01
ReLU
0.1
3
3
-1.426610968535421131e+00 1.321894663562328098e+00 3.907840792048352663e-01
-1.486025732750922146e-01 -5.345956759962077615e-02 4.973296785531636788e-01
-7.934775791779877796e-01 8.246295964320525806e-01 3.130731468675900797e-01
4.453523535888140317e-02
5.130786936891236216e-01
2.279898336479207477e-01
ReLU
0.1
3
2
1.070756768878377896e+00 3.014649808452535273e-01 7.706283051263332906e-01
1.690473703903561331e+00 2.270094163848435098e-01 9.251364997707967053e-01
9.700667722412142924e-01
8.055133649998441614e-01
Linear
0.1

ct 2024-06-15 20:34:12.007234
