noname
4
4
4
12
-6.207457674448138008e-01 6.009508003680671395e-01 4.623917636747954529e-01 1.394701026389708332e-01
6.251606256531501149e-01 1.643420789271138049e-01 3.414796512023967057e-01 2.470825674984648002e-01
1.181424318529674444e+00 3.981868775244803427e-01 -8.009753723584295271e-01 4.380931535342093008e-01
8.462115189489542999e-01 9.983664526157336461e-01 1.036491842966182242e+00 9.829185067416327248e-01
8.300961107435628206e-02 4.123201861222589582e-01 1.493432566297353770e+00 3.832031697647721559e-04
-1.206970715901667379e+00 7.209289196774905095e-01 2.102967253986276042e+00 5.960159355550190829e-01
6.883803846436344909e-01 1.054312409833391584e+00 6.657422298952156980e-01 3.415799610209617754e-01
-8.827568740138434789e-02 1.008324229124328175e+00 7.102406564632315344e-01 6.641310331409738810e-01
-1.226236851976314352e-01 6.095583851111028295e-01 1.848104779039835055e+00 4.775922825337512445e-01
-1.452158302894257513e-01 4.762943300468894803e-01 2.138207847984036736e+00 4.115539748018911537e-01
1.753222749343898101e+00 2.306826241568246116e-01 1.289451507817455767e+00 9.009362326462571069e-01
1.116539856495415872e+00 6.578494939702391742e-01 6.324743387824308671e-01 1.262640908344000668e+00
-7.123746413625262619e-01
-3.750458245131886859e-01
-4.780999712151396408e-01
7.680538914632840664e-01
-4.064091204581958550e-02
-6.361147574332766119e-01
-1.783847292753771852e-01
-1.028296858806205583e+00
7.140121426298773333e-01
6.096318848113194688e-01
6.131885686685727421e-01
4.352158303815882312e-01
ReLU
0.1
12
12
4.721648060742746345e-01 3.967020870468208615e-01 -1.639379381737400831e-01 4.148846441082007508e-01 3.431192404084391079e-01 -4.980954504807129091e-01 6.260328854629674256e-01 -6.921280969413812212e-02 4.579552927912811655e-01 9.452219521604190433e-01 6.037904440045896992e-01 7.314245336441297374e-01
9.956196888128132638e-01 6.130851423077681162e-01 1.027996324292117958e+00 1.386930225443070708e-01 -6.502638035359770141e-01 -3.655530353375773672e-02 4.312202616069422678e-01 7.611693911523862432e-01 3.707660014820529093e-01 1.480450449256668355e-01 6.047432296525221407e-01 2.498468917894043906e-01
3.582041680968109376e-01 -8.117389570957461720e-02 3.230190409833216258e-01 7.583203262045792870e-02 -6.309392988501523192e-01 -6.140185037133519819e-01 1.179099917005050832e-02 2.697651162425915294e-01 2.349473883559325127e-01 -2.942239713648490684e-01 -1.936624003446573150e-01 7.380831583764196901e-02
3.893376562593021672e-01 4.339754484032911641e-01 -4.437686287477392577e-01 6.387845945483667798e-01 -5.399312899666659504e-01 -2.438729794281924435e-01 -3.844341235122404887e-01 -8.410391622483111007e-01 -2.801756498493950323e-02 6.528721489953356882e-02 7.366840159878361716e-01 -1.685763007095565646e-02
1.009186828266152164e-01 4.241937506539053548e-01 -5.550729041017393728e-01 4.874684438405567644e-01 5.313239701592035180e-01 -8.958734876865225294e-01 -7.378974072152441957e-03 -5.504959245009062307e-01 4.360730160616055340e-01 9.736566227544249941e-01 2.713397420423964701e-01 4.162885866007661195e-01
-2.065447691801916286e-01 -6.067514531054225557e-01 -3.991872802195669395e-02 2.222032044946801455e-01 -6.408837101457252050e-01 -5.167523518713984521e-01 -8.173659273222640131e-02 -9.524199129597266111e-01 7.086696576579751272e-02 -4.510467445553342225e-01 -4.575190264631917580e-01 -4.187314094318543845e-01
6.815857948697936486e-01 7.133768355761571645e-02 -1.249470770151226151e-01 6.909551130079197856e-01 1.851242465715614502e-02 -8.269197102857800408e-01 -1.918754928682197547e-01 -5.901272326574752425e-01 2.609671119800798245e-01 -9.912152366405341253e-02 7.317471898268310682e-01 2.856588765039446143e-01
6.604838227772330539e-01 4.524721955223937053e-01 6.483460069793813840e-01 -1.424218785447497193e-01 -7.053571813833541260e-01 -7.138684877826703135e-01 1.242314437148179379e-01 5.833642247917094625e-01 1.394505451162304233e-01 -7.928079750833026962e-01 -3.687233091473474805e-02 6.449354873309043334e-01
4.478464043697066299e-01 6.602069855945134069e-01 9.148150491511639060e-02 3.881083792384818487e-01 1.961677637777271832e-01 -1.903796066157611711e-01 2.049887637368324189e-01 -5.481566708572638280e-02 1.013398334674037171e+00 3.573921505898357276e-02 8.408243087967353091e-01 1.393007691857230668e-01
4.939281248113268075e-01 6.167349841762244100e-01 5.369062654751857178e-01 1.799701913649637275e-01 2.706791559561414484e-01 2.618320472078514843e-02 -1.993025264295735788e-01 1.405294121557023601e-01 4.486876072329639698e-01 4.083214578025235603e-02 9.874630654330162072e-01 1.089632811346912034e+00
9.430773827887510841e-01 -8.529709508332997125e-02 -5.516765210309974021e-01 6.296240463966608081e-01 -1.320959581471958522e-01 -8.335082288741022527e-01 -3.891759756205520060e-01 -9.480444700666814661e-01 2.883736338560628498e-01 4.082114206545223167e-02 5.457220108541892545e-01 -1.839976819947637121e-01
3.420262678836179515e-01 2.898184869117189505e-02 -1.544484056963188745e-01 3.121404247829829282e-01 1.321769200987361892e-01 -9.475406065998018823e-01 9.172511565056840066e-02 4.468608661030748497e-02 1.823444256773750494e-01 4.111344607823433916e-01 -1.787236196760133566e-02 8.048544546269532640e-01
1.528036262201579065e+00
1.262568815256106536e+00
1.192714222881130270e+00
1.464220086809764121e+00
1.712997428145768719e+00
-1.767829227733815622e-01
1.395700392781804577e+00
-2.153160116266223112e-01
1.548919601674832336e+00
1.161953614033935711e+00
5.858251208336706650e-01
7.190361736199285536e-01
ReLU
0.1
12
2
1.170530234520789969e+00 6.063829890603422701e-01 5.098672577858411881e-01 9.147441362165956713e-01 1.116517988194287270e+00 -3.182597395347998293e-02 8.790738951874049745e-01 1.219835576913832764e-01 9.966037522406697713e-01 7.994347603524150081e-01 5.525089916045474725e-01 6.747104007094777423e-01
1.216190761519848840e+00 7.665060457606693856e-01 2.542027822705195117e-01 8.775844969971413612e-01 8.903697866534340255e-01 5.962423547135883295e-01 8.820658130071884484e-01 1.904864284489328763e-01 8.918231197517246800e-01 1.157866364899479139e+00 3.844689315564482346e-01 6.541655393945082775e-01
1.962252704159093586e+00
1.001832550020780976e+00
Linear
0.1

ct 2024-06-02 23:54:47.600636
