noname
4
4
4
16
-4.326589549806910129e-01 3.068772541948656118e-01 3.886093545935590532e-01 2.936178240136895212e-01
-3.364076228175276739e+00 1.808140362970177994e+00 9.121081094585312243e+00 1.423261068439114707e+00
-3.337486184427258529e-01 -6.453746117595879905e-01 2.613487369014411699e-01 1.249191940700392189e+00
-6.989415169538338191e+00 -4.123397328799717876e+00 8.100921303961138520e+00 -2.690755686811666880e+00
-2.518990259291385980e-01 2.133430698316921281e-01 2.720900330957595759e-01 7.499079503915145883e-02
-2.867625863875481462e-01 7.703693663884462195e-01 -5.704555756673523881e-01 7.714866991774336213e-01
-1.441540264783210734e+00 1.004804970063140290e+00 2.489360995989241232e+01 1.740830493443112470e+00
-2.280556520202889459e+00 3.103611697003176850e-01 2.323679916573675897e+00 7.444546439204244859e-01
2.228789069225528330e+00 1.195890444605035796e+00 -6.023037840814243538e+00 2.684023915809044425e+00
2.256930082344506872e+00 -5.655191784007284062e-01 -3.412413587306645901e+00 1.766736008369858224e+00
-4.262704861588128225e+00 -6.506485072074060794e-01 -5.744403740261044611e+00 -8.950481709200866498e-02
-2.069820331770977795e+00 1.216687776764173501e+00 3.775865860617547032e+00 9.109372220285345545e-01
-5.261532771016308452e-01 3.559132023860304278e-02 -9.341805466503556588e-01 1.276856928126277047e-01
3.338718610186090091e-02 1.883030232025542539e+00 1.436081949611386932e+01 1.722439609296819496e+00
-1.481484852143247544e+00 8.463898565096269477e-01 2.951250926054873602e+00 4.263413394542728274e-01
3.474222130974113032e+00 3.365283635916477500e+00 -2.631782684048634025e+00 2.603727180565199806e+00
-4.308307573384041467e-01
-2.853978321356926084e+00
-6.685088886961516152e+00
1.771871589969377991e+00
-3.539282688496807605e-01
-1.118455104551537405e+00
-5.166679064404623212e+00
-1.071123726312931179e+00
-1.696891700306614736e-01
-4.959511417794522536e+00
-1.638352878442942195e+00
-2.273252275888457685e+00
-6.793682096152990901e-01
3.978156188831226459e+00
-1.515793608012937721e+00
-1.169744271575047456e+00
ReLU
0.1
16
16
3.415184882490809870e-01 -2.003081067355402256e-01 2.162974383657421396e-01 -9.345160856268095451e-01 2.298344770455294783e-01 2.457317636164096653e-01 -2.851456687920644661e+00 -1.039130690693385456e-01 -5.558305675138421886e-01 -5.646621492066712378e-01 -8.470839452820884130e-01 -2.354436143050999686e+00 -7.126558872646374665e-01 -1.051823654485080306e+00 5.346227487795885969e-01 -4.542673474652317300e-02
-2.676805531377006719e-01 -4.360534442698678625e-01 -1.298745884968426911e-01 -6.902588077457322280e-01 2.849571894452510717e-02 1.676676939017864854e-01 -3.335644017469079792e+00 -7.447125334809137076e-01 1.151059084161207835e-01 -2.362570212358131583e-01 -8.120921118315117537e-01 -1.377952004371789219e+00 1.325190228339203358e-01 -3.285212418158359182e-01 -1.509550978215647432e-01 2.383351084403970491e-02
-3.477301481137061168e-01 -8.347092628202753550e-01 8.586187448820643553e-01 -1.343535348060661327e+00 -1.363974035048245437e-01 1.300098616558769959e-01 -2.325370540397975194e+00 -3.894742327044223851e-01 1.613735549174724337e-01 -1.026180778509773628e+00 8.549573864584396610e-01 -1.663012593828700147e+00 -2.660518373858561381e-01 -5.046274805857684953e+00 -9.853842193239199798e-02 -1.719971044510850422e-01
2.987215773315045342e-02 -4.493328934799621699e+00 -3.131558098625610853e+00 -1.451268808817084977e-01 -3.967913253335312307e-01 -5.546266584832976188e-01 -4.718196753234118468e+00 -3.407240645485797303e-01 2.275816985633812850e-01 -2.219747279638261794e+00 8.143622265758914125e-01 -3.211981728728267038e-01 -4.150060041847666858e-01 4.547281167478152697e-01 -5.562902862693307471e-01 6.668797002731722268e-01
-8.317915227847232362e-01 -2.296794892862510096e-01 1.745126222344800249e-01 -2.151138785153084765e+00 -3.540262593493607307e-02 4.516397059795318469e-02 -2.772952076544395461e-01 -9.797478680926445804e-01 -7.032793305622575541e-01 -5.637211532522781177e-01 -1.280580195491572981e+00 -2.024504017112723542e+00 2.481003005029214503e-01 -4.360526079734208693e+00 5.381400484760177905e-02 -9.835799233326737445e-01
3.749851813143463275e-01 1.663248148154594930e-01 -1.510745932931092606e+00 -2.123668864000354262e+00 2.440520074605804501e-01 -6.083371006588864649e-01 -7.671693061583147788e+00 -1.548743749750663458e-02 -1.664867600583398000e+00 -2.238005833654703292e+00 -1.302688779650538420e+00 -1.718230606025435092e+00 -4.904569766258072838e-01 1.450885751966255466e+00 5.790036420146280616e-01 1.059406948353012634e+00
-1.066000518318681867e-01 4.441405251891814010e-01 -4.017296717327362821e+00 -4.048039929416136218e+00 -2.105474144419420268e-01 3.154047801872915391e-02 -6.541128096686928295e+00 -9.622061710174405202e-02 -3.529251317455270875e-01 -1.437117943911108142e+00 -5.104534030559805258e-01 -2.409455828232677455e+00 8.861572836068686010e-02 1.248685678591440640e+00 5.318964072913860974e-01 -1.196736962479103550e-01
4.568747139885302039e-02 -4.540686799732296941e-01 -4.083850771346944630e-01 -2.672489781154729349e-01 1.397745509066494751e-01 -1.419330669193522299e-01 -2.290830525562715270e+00 -6.799549956697356068e-01 -1.092274859968191125e-01 -1.703520820123823609e-01 -2.435845851202077805e-01 -1.754349047987507459e+00 -3.511063708075604639e-01 -1.901147566443299186e-01 6.513184967067868480e-02 9.515776679563842100e-02
-3.778836359120749666e-01 5.387953300753456354e-01 -3.377008317933258397e+00 -3.679162464477489625e+00 -4.054053684093729126e-01 2.217347787813701121e+00 -8.777345440471323590e-01 -6.251485531247379379e-01 3.592357624941660554e-01 4.539702684087455253e+00 -4.157814750087029054e+00 -1.937685488728328354e+00 -5.105652705727761198e-01 -6.869281302224767849e+00 1.895946381047281415e+00 3.613311876281251056e+00
-5.393326470683206253e-01 -2.552111811289490828e-01 -5.898983896213858547e-01 -6.415710263098446664e-02 -6.355769838892288970e-01 3.282970588055090372e-02 -1.448869592407746598e-01 -3.673909064908365552e-01 -3.511489952859267460e-01 -3.990301074128019820e-01 -1.846620209315383010e-01 -8.688728899500464120e-01 -5.062988868336267823e-01 -5.358028284931185548e-01 7.675402787253943031e-03 -1.704180208450787604e-01
2.342911243861958703e-01 4.180764645708241745e-02 -2.628611375766226055e-01 -2.504021476891042375e-01 8.207282426184306368e-02 -2.398764320167702802e-01 -5.497701690194770618e-01 1.247840817483683029e-01 -6.372847663983013944e-02 -5.163703605901059923e-01 -4.031080143841742625e-01 -1.770320086163103213e+00 -1.230747654812427982e-01 -1.284589772044933298e+00 -4.998214394897593782e-01 -5.239065133649422057e-01
-6.083280690012231318e-02 -1.965068510380447497e+00 -2.812961985314409219e+00 -1.393671864693371676e+00 -5.963991189716247865e-01 -6.697580501900345790e-03 -2.774605090439127508e+00 -9.578148650585845969e-01 2.293003134119552477e+00 -7.095444270318651547e-01 2.010371813092830251e-02 -1.378755177619304106e+00 2.146159750758384333e-01 -1.281274589868539593e+00 -3.787366138531230164e-01 -5.672788309680054653e-01
-1.334904684400687602e-01 -7.085259305194382407e-01 -6.737537535490649709e-01 -1.035190998587271816e+00 5.510715977436145829e-01 4.511365747554388905e-01 -1.184424098560691974e+01 -1.729999184416117219e-01 1.192392095781157568e+00 -1.634133493734631626e-01 1.576658407737195344e-01 -1.984188283871897718e-01 -6.213876059175500038e-02 1.942824680629440470e+00 5.457488416942090081e-01 1.813559249658102335e+00
1.121418174594512041e-01 -1.023812895271777546e+00 -2.128979288793594549e+00 -9.979502756411463560e-01 -3.610259224099096054e-01 -6.550609583455712093e-01 -7.946559235528479981e+00 -6.764609396301940036e-04 6.815255802076670699e-01 -2.022411099271536727e+00 1.219288208040983923e-01 -1.878796488095057837e+00 1.228721099645199849e-01 -4.793574353729154747e-01 3.080120703051747455e-03 -1.029891436316762304e-01
-4.678454611302205746e-01 1.656599522885135123e+00 2.934053932932592090e+00 -2.000570640347472118e+00 4.077383095035338467e-01 -2.856768977583604707e-01 -1.067325477718754412e+00 -1.748837885574699991e+00 -1.437391351721341470e+00 8.490863490047658724e-01 -2.992573129842228230e+00 -1.799759777808504602e+00 -4.766007129360494976e-01 -5.321291444421962780e+00 -5.738498589836215080e-01 1.995660054820161511e+00
9.986161143014411767e-02 -1.029853630535990217e+00 1.116749400219154031e+00 -2.495022736510244865e+00 5.532210068196599106e-01 -6.131634358067754587e-01 -1.544429374830433188e+00 -8.400250493979841693e-01 -5.282322209264857932e-02 -5.272482789478055709e-01 2.340792893443501277e-01 -2.166534422784313296e+00 -3.613370176917472532e-01 -1.618136357360020927e+00 2.550056531327350440e-01 1.358565480789759514e-02
3.588206434255862276e-01
8.383240863532884224e-02
2.340908944151969706e+00
2.671686280044857753e+00
8.308858148720634773e-01
1.928089109445926486e+00
-3.249020983516447969e-01
-3.139355057145478134e-01
-1.431483279792705066e+00
-7.674057359744909101e-01
-2.961632668201715779e-01
-2.119397933429381931e-01
4.696508667700209472e+00
1.162284903316934459e+00
6.003907633849123293e+00
-1.284267694799446913e-01
ReLU
0.1
16
2
-2.043652970496955823e-01 2.695249377729023663e-03 -1.413056900221560275e+00 8.845182221464931160e-01 8.089978008721043778e-01 7.720767129669781070e-01 6.872895784974311084e-01 4.228390558017564721e-02 -1.861765469272020246e+00 2.008025299224111271e-01 1.549096658615322086e-01 -2.546278960674390190e-01 1.862684362159126694e+00 1.399043503590647330e-01 -2.154492436494753971e+00 -6.352250347907351102e-01
1.872850392282103191e-02 6.612248699138426056e-02 -5.450867201272375784e-01 -3.396414017158597143e-02 1.054529808353362963e+00 6.902731608120039608e-01 3.918825895699030726e-01 -3.305410357690468509e-02 4.931125027726481203e-01 2.734314599933102552e-01 -7.072812832803003491e-02 -2.330302337148215663e-01 2.129539467565153554e+00 -4.607456131700011781e-01 -2.160488774536928780e+00 -3.071275385279821982e-02
8.486816025953610065e+00
9.228605978723473768e+00
Linear
0.1

ct 2024-06-03 18:56:12.540869
