noname
4
2
2
4
-1.522585702107812355e-01 7.135118921071052778e-02
4.693145112218886084e-01 5.457643803018367157e-01
4.953744469299591335e-01 4.884839461460612209e-01
3.216923793783432184e-01 -2.516350173036538962e-01
4.637644150604444127e-01
6.165099421858604156e-01
-6.525883340551436040e-02
2.867603838193871768e-01
ReLU
0.0001
4
4
2.793189905547335261e-01 1.918151069413903675e-01 4.072282691758680739e-01 2.104675191323255312e-01
5.118946989023941407e-01 -1.761995544634770428e-01 -7.660894629744768869e-02 6.385212142155869408e-01
1.384123291868356864e-01 -2.881776479077134967e-01 3.051687967870784224e-01 2.469749469820941568e-01
1.011269590336812824e-01 5.503946826956046534e-01 4.750142526445730873e-01 2.699134663954638746e-01
-3.852590725988205844e-01
7.739760834733452333e-01
-1.018565014878752006e-01
3.779807980937393425e-02
ReLU
0.0001
4
3
2.689425682215521030e-02 4.497835248856214552e-01 1.930412469053429669e-01 6.854326896885827580e-02
2.168835085132093665e-01 5.761352615391487353e-01 2.896504894666551144e-01 -6.835244810461255094e-02
2.697207445819098104e-01 -3.149807795704352015e-02 6.271715008527868618e-02 -9.760124611420195606e-02
-5.420277675746827395e-01
-1.386445284362135821e-01
1.551214938201700699e-01
Linear
0.0001

ct 2024-06-01 08:50:27.430515
