noname
4
4
4
6
-8.033101805482194546e-01 1.764506913375334829e+00 7.454134575646391703e+00 1.197053450912497707e+00
-1.677095702069270056e+00 1.447081333806501613e+00 1.038556158393029882e+01 6.712830190511661632e-01
-3.953680787092780924e-01 7.493510935085762048e-01 5.013982787899005089e-01 4.311275550261840506e-01
2.647844001671910252e+00 3.215032313435862488e+00 3.135236822924609967e+01 2.949848104837170304e+00
-9.483785158191981868e-01 2.000599845848511027e+00 1.256012201918205129e+01 1.934408218951588987e+00
-1.237184231770774723e+01 2.938768995579570387e+00 4.261665104561696182e+01 3.926203373095210836e+00
-5.025888174020473720e+00
-3.750759060773294351e+00
-1.245011973884939671e+00
7.734934508042562662e+00
-5.928498119744158856e+00
-1.049673670040867002e+01
ReLU
0.2
6
6
-9.086422839388800243e-01 -2.439647205663115326e+00 8.746008528271781435e-02 3.442112772287895250e-01 -3.534983011334650538e+00 -4.792491104965065141e+00
-1.476872922350971784e+00 -1.498406970299224428e+00 -4.450811049448163415e-01 -4.885479835452553043e-01 -7.418894182788089431e-01 -1.376144509844901886e+00
-6.571883737331366548e-01 -7.022885281174785499e-01 -4.078342246028055507e-01 -1.304517291628303655e+00 -1.448133962161814559e+00 -6.271566584667398470e-01
-1.178874084669428557e+00 -1.030800094818492996e+00 -1.477945428557622343e+00 -1.342059226978178366e+00 -1.054544087982684397e+00 -1.566677119299781262e+00
-1.087036905261683506e+00 -3.116449101453477422e+00 -1.330008929541010854e-01 -1.309284679186113742e-02 -5.189527735321591839e-01 -3.336555436060034685e-01
-7.362374977362370343e-01 -1.641553856209337914e+00 -6.267847033611366747e-01 -6.769767738532620482e-01 -7.665206802691055810e-01 -1.448002612239114029e-01
-2.016320848950023392e-01
-8.773571087463634122e-01
1.769301949862984946e+00
-1.044509375533109186e+00
-6.264609702456486184e-03
-1.264875130493532673e-01
ReLU
0.2
6
2
4.983397416365113464e-01 1.614264593513780599e-01 -2.200199329772122514e+00 -5.539006240669576142e-01 2.283278074013159187e-02 7.817936335349792154e-01
6.321490305578401081e-01 5.296519240034287535e-01 -2.476050657181468218e+00 7.338831487878251236e-01 1.937372568046866542e-02 -7.206654779815258038e-02
7.193389529704234064e+00
7.790759316728541606e+00
Linear
0.2

ct 2024-06-11 17:38:29.211409
