noname
4
4
4
5
4.159691118675804544e-01 8.808609158186484489e-01 1.938871056464819720e+00 5.317800172046143192e-01
1.220839978265739978e+00 4.972407678565880507e-01 1.610595037401509222e+00 4.855028236074023784e-01
-2.045336939683708000e+00 9.743558875296718380e-01 5.247123856323292479e+00 7.756160167668300076e-01
1.002071637548879623e+00 9.006771264523528719e-01 -3.187198020915892327e-01 1.116320953470058885e+00
2.973437711445511278e-01 8.116768539616110445e-01 1.991834915794830074e+00 5.224548186892047363e-01
7.393243484979615809e-01
8.302120315833583231e-01
-1.404455983914386197e+00
2.290954372298131536e-01
8.216354032182675571e-01
ReLU
0.1
5
4
4.200510657778857571e-01 2.599996334427653322e-01 -1.519766287354972212e+00 2.908999932728975613e-01 5.379522386185991989e-01
-3.810953404355870711e-01 -1.101046290997490518e-01 3.949776618820021595e-02 5.555597560757502551e-01 -9.383715388275860880e-02
-1.383384686873809499e-01 5.161297146422013649e-01 -1.327299555695317990e+00 4.098016549591848579e-02 -6.935968302157263787e-02
-1.520295428937020743e-01 1.282222329685242523e-01 -1.001075182533598618e+00 2.449223261114809314e-01 -1.749914880828631336e-01
1.372993478049510330e+00
-6.290504879843428210e-02
3.954111464866450487e-01
5.542804321775917087e-01
ReLU
0.1
4
2
8.004294539617999860e-01 -1.008981984037453650e-01 4.474695509332760057e-01 3.231051939915589588e-01
8.739779811042950319e-01 1.591357935598405882e-01 2.575062642980454064e-01 2.229198888353134400e-01
1.277806192070893410e+00
1.425360383206019543e+00
Linear
0.1

ct 2024-06-16 22:07:38.036017
