noname
4
4
4
5
-2.984253682946027109e+00 1.402491581702413281e+00 1.229278900963722698e+01 1.217690349432630992e+00
2.874962326406923285e+00 2.113268559649501110e+00 -7.884585030564474906e-01 2.152290418522468052e+00
-9.081151012382213672e-01 1.095671307268405004e+00 8.483988046527842997e+00 4.033935494869093641e-01
-2.465093561422876611e+00 2.047446075072606231e+00 1.920646865169455708e+01 2.446033650222025457e+00
1.486974870611868227e-01 5.031395796841319212e-01 1.622424738839770697e+01 7.659679869768117877e-01
-4.520545295629265325e+00
9.700430187422862671e-01
-2.913879281323745296e+00
-4.645567442425062588e+00
3.918033305044003267e+00
ReLU
0.1
5
4
-2.448469252310399025e+00 4.524104431060894105e-01 -2.499109500438455367e+00 -3.039632699283886019e+00 1.195430015146288633e-01
-4.223186244426080926e-01 -1.946540682208161566e-01 -1.082087215012053627e-01 3.368604453822523492e-01 -2.232483368989324202e-01
-4.395711280786775976e-01 -3.602908375205919334e-01 -2.157235659286438789e+00 -9.898988580482388500e-01 -2.766695881786194189e+00
-3.748768521381311003e-01 -1.271717429739184668e+00 -1.428208944917154444e+00 -4.700300311636551598e-01 -2.954656763872004710e+00
1.709844106731640112e+00
-2.113242514588628551e-01
1.845001872458426728e+00
-1.811154978147015149e-01
ReLU
0.1
4
2
7.769317260426994443e-01 -4.377591817378503891e-02 -1.030225385710720865e+00 -5.018831086697090882e-01
8.099817845810953765e-01 1.622937876024719284e-01 -1.065709319331223703e+00 1.233048604925414793e+00
2.485613183022295392e+00
2.398100096153420235e+00
Linear
0.1

ct 2024-06-16 22:08:00.710939
