noname
4
4
4
8
-7.851216284213005103e-01 6.118140565741942982e-01 1.486204558914091223e+01 1.049337940268719072e+00
4.897832998512282598e-01 -1.191414614530084265e-01 1.307986714459141053e+00 2.226906982370370436e+00
-1.031779429694329009e+00 1.279154086246635957e+00 2.334911514364776153e+01 2.238409039801807054e+00
-3.929406926166884584e-01 3.460534868369324335e-01 3.664236398804828543e+00 3.175629606254431470e-01
2.019462980503033744e+00 2.325082633891569217e-01 -3.682409025939311853e+00 -1.076257985666418726e+00
1.415095387583030551e+00 -9.004643865643785494e-01 -4.508154083228355979e+00 -3.107342086205598375e-01
-9.712259635573681216e-01 2.848904158757206706e-01 1.682936485946414962e+01 9.361685123247177609e-01
4.132137826796506430e-01 3.290214051384041660e-01 4.673821226840112475e-01 5.224393196403068901e-02
4.278503038107475120e+00
-7.546239106066158442e+00
-3.208403695300666048e+00
-1.500567761811512968e+00
-1.130844498932863296e+01
-2.209813716682011986e+00
2.832439295888708131e+00
-7.265321087945918466e-01
ReLU
0.1
8
8
1.855713820878182707e+00 -8.895881635954340227e-01 -1.143353944745854278e+00 -3.175418774509939923e-01 -3.372922698337982084e+00 -1.233532637057715098e+00 -1.454783453147412420e+00 -5.155102755987741592e-01
-8.354630821715147704e-01 -6.829856538576563052e-01 -3.887443785260183415e-01 -7.684943593641379023e-01 1.000000000000000021e-02 1.000000000000000021e-02 1.000000000000000021e-02 1.000000000000000021e-02
-1.284791644930318943e+00 -6.922094167312184965e-01 -1.585445052461047222e-01 -4.553375984494535400e-01 1.000000000000000021e-02 1.000000000000000021e-02 1.000000000000000021e-02 1.000000000000000021e-02
-4.983937111865165415e-01 -1.184151916471831156e-01 1.000000000000000021e-02 -4.968496690128864635e-01 1.000000000000000021e-02 1.000000000000000021e-02 1.000000000000000021e-02 1.000000000000000021e-02
-5.069582677614525856e-01 1.000000000000000021e-02 -6.305376910653585076e-01 -4.943160213128883207e-01 -5.807760427241691614e-01 1.000000000000000021e-02 1.000000000000000021e-02 1.000000000000000021e-02
-4.774525666426369663e-01 1.000000000000000021e-02 -7.001217075752240726e-01 1.000000000000000021e-02 1.000000000000000021e-02 -4.683003402462769804e-01 1.000000000000000021e-02 1.000000000000000021e-02
-4.641510339947003128e-01 1.000000000000000021e-02 1.842025864088196185e-01 1.000000000000000021e-02 1.000000000000000021e-02 1.000000000000000021e-02 -4.564439909274595197e-01 1.000000000000000021e-02
-4.622174211407388267e-01 1.000000000000000021e-02 -5.301931541864186581e-01 1.000000000000000021e-02 1.000000000000000021e-02 1.000000000000000021e-02 -4.524199972723829677e-01 -4.942921299976227867e-01
-3.439237635253600527e-03
-7.885595346032647779e-01
-1.194474221894794783e-02
-4.232080873359101991e-01
-4.889382369377732740e-01
-4.790409234555651485e-01
-4.682939938346920017e-01
-4.749183326326505972e-01
ReLU
0.1
8
2
9.787663189302516775e-01 -7.145203070095862419e-01 -2.557813367120443937e-01 -5.212209959618137045e-01 -5.253253500777447238e-01 -4.872715436067325823e-01 -4.814603209182302113e-01 -4.599114840787020819e-01
1.014952859896170567e+00 -6.813314948878774757e-01 3.569825600149968692e-02 6.246444962016999281e-01 -4.536589603548472627e-01 -4.587445477012933592e-01 -4.444491812817037979e-01 -4.639890340567544014e-01
1.365042282865227552e+00
1.239755405588965465e+00
Linear
0.1

ct 2024-06-15 19:41:44.074090
