noname
4
4
4
12
-1.543941993582858885e+00 7.317755212721537283e-01 1.720501043416451159e+00 4.973738348773349416e-01
-1.414846170215392185e+01 1.184323538025984501e-01 8.322699175101909930e+00 -1.046712001356132404e+00
-4.457375326533149495e-01 4.571279657284600395e-01 2.911981735686127726e-01 3.339460378466853618e-01
-1.323023553315377521e-01 9.223462306417971046e-01 4.023367698383503721e-01 6.601077129451397019e-01
4.872056504123509768e-01 4.489877503388522428e-01 6.202684596700587250e-01 1.797081756617346648e-01
-2.352237003784993341e+00 1.823099638658688848e+00 1.194081980893455430e+01 1.812131096214113057e+00
5.353828520380106148e+00 5.161089453306024311e+00 4.068903044055753426e+00 2.806762665016065306e+00
-2.320432853566200826e-01 4.717280314048014067e-01 2.120935407936006822e-01 6.267703225970110426e-01
6.421445873447851227e+00 6.815182480300914669e+00 1.371136069299139315e+01 4.360545591855570891e+00
5.633648691892791938e-01 -1.444026142225321108e+00 -3.565916115850363610e+01 -6.681033602465772381e-01
4.120227753663804199e-02 5.675491975100112052e-01 7.073609478009103002e-01 4.153013855616882744e-01
-1.821212621412903632e+00 1.570194350068800482e+00 3.339287699247365993e+01 2.226391290930853195e+00
-1.261576277355424436e+00
-4.376695734304896668e+00
-8.789250316163729204e-01
-1.899194033293985839e+00
-2.118251404386121806e+00
-5.324314110106493914e+00
-1.258725407494346360e+00
-2.148174302799930047e+00
3.158049423049938298e+00
-7.940906754838361614e+00
-1.138698508083309413e+00
-6.975287188016026541e+00
ReLU
0.2
12
12
-9.180966947066252493e-01 2.339047589925735346e-02 -2.813698477809427612e-01 -1.823301010502621056e+00 7.495128493117201307e-01 -1.255191819711683199e-01 2.671874331261039556e-02 -9.854110931125317219e-01 -4.703956541082974889e-03 -2.991527468851527871e+00 6.727975781545197931e-02 -5.313971175735196617e+00
-3.075966240425075937e-01 -8.688601862260670883e-01 -7.481613575793345516e-01 -1.399435369166414977e+00 7.528675672876947167e-02 4.145942590480712342e-01 -1.431693508442133167e+00 -1.558558850296013931e+00 -3.022866670940605349e+00 1.901970431992243915e+00 8.456833547866576817e-02 -1.176532144133016766e+00
3.234001741940216723e-01 -2.043017665276675388e+00 -2.230632454439243906e-01 -1.868012671300563365e+00 -3.429967299218094623e-01 2.740063879493985222e-01 -9.438580417698240188e-01 -1.347600394064449869e+00 -7.769568046284540230e+00 -6.741113359857865417e-01 -4.384637651519006640e-01 -3.129984831122472944e+00
-8.487657781696680281e-01 7.309649806383075599e-02 -1.067080277134520694e+00 -1.114532445692815399e+00 -9.092783402984637720e-01 -7.746082199310931893e-01 -1.005773896614609919e+00 -1.068154914370589736e+00 -1.196126035184732261e+00 -1.469258729993783819e+00 -4.508032637739897153e-01 -7.040811644123222690e-01
-1.202710577786223478e+00 -2.072313400838944553e+00 -5.341273864699300766e-01 -9.416395795610431607e-01 1.046001050942108185e-01 -2.718163255913481180e+00 1.208495347900532924e+00 -8.907593457703526507e-01 9.771578658258067707e-01 -2.460258355950160070e+00 -5.491669204602180887e-01 -6.010578846138458609e+00
-6.179667052529744797e-01 -1.324435326187003714e-01 7.007715350546459554e-01 -9.838755696310215182e-01 3.827255584323496773e-01 -2.841107862384285587e-01 1.217164884684465986e-01 -8.575822310824348094e-01 -1.789211534531351400e-01 -1.162882618890830777e+00 -2.042062891165651040e-01 -2.924649595841321670e+00
-9.056942509574961164e-01 -1.700523852961073890e-01 9.610421751058739748e-01 -1.204586110482542605e+00 4.517770200467606245e-01 -3.623524231602810036e-02 -1.188559437486980536e-01 -5.754395965127931944e-01 -3.931154683724351340e-02 -2.409681418792870122e+00 7.598088564053374905e-02 -5.176603532825703624e+00
-2.394051325640112957e-02 -8.149428862007862540e-01 -4.165630911309252116e-01 -1.565694017967799390e+00 -3.417819490074845978e-01 -1.103412269670711154e+00 -6.986998912172089904e-01 -7.489242522065395757e-01 -3.280222292167727094e+00 3.393945968439112115e-01 -4.180628142264986580e-01 3.210979567019150438e-01
-1.392543963252746153e-01 -1.198483026904701987e-01 -6.462550292340332181e-01 -1.128959392258753969e+00 5.550870757202088779e-01 1.103107321248941314e-01 -3.019311508817246192e-01 -1.613032873268155587e+00 -3.119415403973901380e-01 -2.566389330684696546e+00 -5.504193692601075383e-02 -4.641167510388440220e+00
-9.706140932723416048e-01 -1.170029391204597147e+00 -3.345384260361375928e-01 -1.890777341688238300e+00 -1.067718679977690988e+00 -1.314310627535837384e+00 -8.094307137228283766e-01 -1.843559523224892027e+00 -9.470701256749307628e-01 -1.772178430247600245e+00 -1.178660103960925687e+00 -1.178717531861058321e+00
-6.567284043692808160e-01 -1.142207668704536383e+00 8.592363420723593548e-02 -1.259589372062265067e+00 -8.944895669067002286e-01 -2.691345666453929739e-02 -7.144260249722926837e-01 -9.320974567559607848e-01 -5.593016199618423834e-02 -8.624093428869860078e-01 -3.046055245628734864e-01 -1.053248342412217209e+00
-9.864503322207375247e-01 -1.067186268190267295e+00 -3.301212016596877241e-01 -1.060416382535988244e+00 -3.631412579421628983e-01 -3.240773033512477919e-01 -2.733470245903845686e-01 -1.141644081648244935e+00 -3.993832363459277612e-01 -1.587814883143311206e+00 -6.803674970491635499e-01 -6.207832861136405311e-01
-3.766844868296038151e-01
-1.138778638993170222e+00
1.860575616612494265e+00
-1.448129733270595576e+00
1.452826159665926653e+00
-1.881275623978715950e-01
-3.011768867895725510e-01
-7.482024357032414086e-01
-1.034614521752838107e-01
-1.015952961074229943e+00
-2.376816894604354136e-01
-9.943485927444555283e-01
ReLU
0.2
12
2
6.520702027600189243e-02 -4.078502934389210410e-01 -9.446656893061400329e-01 -9.230988980423547596e-02 9.056510156863406547e-01 1.277416236635632307e-01 2.066800102817592244e-01 -5.841264235300152041e-01 1.806807368635087174e-01 1.350271374056204177e-01 -1.296773485842447546e-02 8.107983231522819523e-02
4.404400806445578007e-03 -5.381688049056505552e-01 -1.683950899445731952e+00 8.766665612614994441e-01 1.048784418128279272e+00 -7.004738825165864394e-03 2.850516692541706365e-01 -9.625353669474874252e-01 2.595605187891291687e-01 7.092914405218924134e-01 3.708503820856259847e-01 4.378879262488185597e-01
9.973012848562142096e+00
1.014340866199300351e+01
Linear
0.2

ct 2024-06-11 14:44:36.770723
