noname
4
4
4
5
6.431540178176082811e-01 1.561209352348077006e+00 2.027081730989627406e+00 2.411599342260829282e+00
-1.763023015785435188e+00 -8.770540995786137994e-01 -6.796925764272661041e+00 -2.153226516961892933e+00
-9.180557562782496461e-01 6.349600666017577444e-01 1.949360028465813954e+01 1.044740371041819937e+00
-1.808865577726891827e+00 1.061098547511800438e+00 2.251067399934864266e+00 7.305497603312377519e-01
-4.463649736667895662e-01 1.454094303514807285e+00 -6.403811637945155955e-01 6.402339163568389058e-01
1.386660473926530912e+00
-1.543415595673612195e+00
-4.049344082405357703e+00
-1.270308070126866085e+00
-1.159685446644485585e-01
ReLU
0.1
5
5
1.558955499818465151e+00 -1.627946232130025317e-01 -3.819826460658694689e+00 -9.768230274260038259e-02 2.702039309987266935e-01
2.029050019395349166e-02 1.014710571318164778e-01 -1.095067050248608842e+00 -4.454304555425825929e-01 -4.946879375105273785e-02
-7.795068733022181284e-02 4.121534943802146467e-02 -2.355352404944380140e+00 1.382515888224265244e-01 -1.611631638388140719e-01
4.986497017938033571e-01 -8.998802196191986180e-01 -3.858393115448426780e+00 -3.857484632428692106e-01 -3.310118722246688794e-01
-2.541768793614030894e-02 -2.870991958197582350e-01 -1.708846460437502879e+00 4.174166333509463089e-02 -1.884479672934717132e-01
1.530317297705881437e-02
-3.516655400478468918e-01
-1.719397540880230058e-01
1.487900449979581818e+00
-1.407855212939277401e-01
ReLU
0.1
5
2
1.029665100851314685e+00 -3.019888741800123844e-02 1.897780696018595281e-01 1.592571535180787423e+00 1.649378139742821714e-01
1.291064906197319839e+00 4.509016579032572997e-02 -7.084399446530770250e-02 6.169812813291969400e-01 -4.873790086436918800e-02
3.072204000364801235e+00
2.754326306457489437e+00
Linear
0.1

ct 2024-06-16 19:13:27.580150
