noname
4
4
4
16
1.318982253806595395e+00 6.059192958336366841e-01 1.262441094173874623e+00 5.513049724305534305e-01
1.255218140789874592e+00 5.847848883949655630e-01 8.488213887923869994e-01 5.048779940526911814e-01
-1.181438981068612531e-01 4.833184835719731565e-01 5.540450573056556749e-01 8.044274757207492410e-01
1.465277064185525058e+00 2.803735133661544587e-02 1.390534997666721173e+00 7.970767797586953973e-01
6.906848783498216182e-01 3.588880740902301025e-01 1.308275143655756922e+00 4.609998956518446822e-01
9.319303687617221943e-01 1.071866737265012581e+00 1.267012052142554079e+00 4.000701122386099429e-01
-4.338104907215758477e-01 6.678419689789095726e-01 8.687050996344128917e-01 3.740175928653038939e-01
-2.601817985669774846e-01 3.634600525098939383e-01 9.360186573288542533e-01 2.050244807616029841e-01
2.233142610698282571e+00 1.104450347190861326e+00 1.110721471590877307e+00 1.543735206909315316e+00
-1.134083732224798330e-01 8.605102391066020429e-02 5.755328784509435858e-01 -4.461817874119521771e-02
9.485876231025499594e-01 2.752628262559171923e-01 5.927715085947580231e-01 4.501055944138274145e-01
-1.291461094770926521e-01 3.121692563036461143e-01 1.848494857532459179e-01 6.571628898278139563e-02
-8.276737021840945285e-01 6.534201969718454739e-02 3.693640512057575487e-01 3.643290886248799487e-01
6.429872153159494896e-01 7.408015767135072149e-01 7.261029943953817289e-01 7.803787351271201933e-01
2.090085110154503045e+00 7.873208194668421811e-01 1.400388396505386934e+00 9.381456598386758161e-01
2.501408365556277325e+00 1.495612239534381827e+00 1.380348610759838168e+00 1.424347583298625652e+00
5.383481300394640234e-01
4.022856721615890030e-01
-1.720451479686945451e+00
5.723219559751778762e-01
6.280345845113600722e-01
-4.606418621787405354e-01
-1.960638281028207475e+00
-1.176131370439764234e+00
4.672626097780162024e-01
-1.816605117480931897e+00
5.149837230135362320e-01
-1.594490288207735418e+00
-2.299195618247216188e+00
4.985505676043001100e-01
9.487631043409814335e-01
1.003279918927511449e+00
ReLU
0.2
16
16
3.343900723885134263e-01 4.225831208899739622e-01 -7.787396027304333002e-01 -2.504906426803993891e-01 2.446715548168931775e-01 9.080430519113839027e-01 3.531685371536458923e-02 -5.930684178843935728e-01 8.308911631917116347e-01 5.464851463910129770e-01 3.294029163649005443e-01 -9.809207619865496497e-01 -4.108134806833426134e-01 6.680919960358077114e-01 6.085324109737527687e-01 5.207052661385520587e-01
5.967348728133949065e-02 5.371679448053030548e-01 -1.325507716708695716e+00 1.471101245488068976e-01 -4.812786196995733623e-01 1.634938407074397471e-01 -4.615198167586485184e-02 -6.358540359495934435e-01 5.137700447934854253e-01 -6.029969527469325463e-01 -5.635829728227546020e-01 -3.635877590499428935e-01 1.020107832995681835e-01 -6.046631527989390076e-01 6.082199526784344279e-01 -2.580045132829399124e-02
-3.673375228380965640e-01 1.443807924024300693e-01 -1.191982686300216754e+00 2.163885824924040580e-01 -3.408836310706134243e-01 -1.528175672275508268e-01 -2.759885414324704245e-01 -1.779914879780272630e+00 3.778862365695987990e-01 4.010831537296476179e-02 -1.786016928161190120e-01 -4.914016751325845922e-01 -3.503740978529964467e-01 -2.838777099212966837e-01 -2.665068425316920453e-01 1.800700797003007836e-01
-1.066520817713512592e+00 -4.794406044427862446e-01 -9.615894183037072551e-01 -1.538015640876513324e+00 -1.131807185179721564e+00 -6.833783652133257336e-01 -1.097812843064708943e+00 -1.847529046387598628e+00 -7.097337912913207481e-01 -1.514435628642431420e+00 -1.007962201092151400e+00 -4.238014569030692513e-01 -1.313518762505153425e+00 -1.231575407361932495e+00 -1.741579097652245611e+00 -6.512881663889260597e-01
-1.482204332431160454e+00 -1.028777515964777844e+00 -7.853253010512837307e-01 -8.111853765484653422e-01 -2.511332743650094290e+00 -1.287297646947564767e+00 -1.916024733629789534e+00 -1.207993963549091054e+00 -7.354584405201668451e-01 -1.804181364202017912e+00 -1.847857387898506065e+00 -4.966979770401481753e-01 -6.193722944251502938e-01 -2.212376337623441547e+00 -1.163479627046837050e+00 -5.499343203246185308e-01
7.472348732828331119e-01 3.890380423710371738e-01 -3.406006189803296724e-01 1.492381839469578142e-01 4.311867583378483637e-01 1.845927793364731340e+00 1.400831294190502119e-01 -2.551696541814966745e-01 5.491442184483188438e-01 3.920871422619983115e-01 5.812130074285202230e-01 9.124122538490111456e-01 1.103818228145434288e+00 1.261279033789116211e+00 5.211956332448046680e-01 6.579865755594822563e-01
-1.242644939383772185e+00 -3.681157673608216885e-01 -9.927488747197178443e-01 -1.551792772226064709e+00 -1.575115966761311492e+00 -9.122743371586057304e-01 -1.435460864724082963e+00 -1.545767914397796483e+00 -9.031639819189979379e-01 -1.707684650168741936e+00 -1.129644724413219503e+00 -1.127331411189984145e+00 -8.099005529480017840e-01 -5.942956391136555716e-01 -1.560400389910536534e+00 -8.585342896932239842e-01
-1.337254194816685837e+00 2.902882830906465816e-01 -1.484751111316872541e+00 -1.547240800125141647e+00 -1.858883131101874087e+00 -1.277933854443862316e+00 -1.591882395907058045e+00 -1.433782200906222215e+00 -1.183158152740978020e+00 -1.498613037276668392e+00 -1.568789178154564867e+00 -8.620713699363526938e-01 -6.562947739531990177e-01 -9.938508320279414443e-01 -2.090701833733097814e+00 -7.153712519119407309e-01
-7.200894400881039381e-01 3.201977706944552637e-01 -1.568722546999470557e+00 -2.319972933585562058e-01 -2.446120140537247079e-01 -3.033232720911975266e-01 -1.157249652404825024e+00 -1.813081183036927779e+00 2.791630237256621516e-01 -3.831720928293046446e-01 -3.534681970022057196e-01 -5.649567922192916258e-01 1.027133242535752944e-01 8.602957799980714970e-02 -1.405566890122932899e-01 6.331938160996304354e-01
5.377716286603129170e-01 -1.842766825463491576e-01 -8.411444876174822838e-01 2.171314235902806894e-02 3.349252913376338237e-01 1.107626988339514229e+00 -2.546064443002972189e-01 -5.253434206178747568e-01 4.991829848727934171e-02 2.841494367582102221e-02 3.495714641644029896e-01 -8.989434111686754880e-01 -1.323300733338536594e-01 -1.196805874758796739e-02 1.763622031181156236e-01 9.019366401923123444e-01
1.648289250054144062e-01 6.247517463146805561e-01 -7.373272133098057735e-01 4.361442197510565499e-01 6.862352316971692331e-03 5.876992333002121205e-01 -7.666005254534002944e-01 -4.375200264086531177e-01 8.248521259020512586e-01 2.725258980459472902e-01 -3.910723309836295902e-01 -1.023670520423457742e+00 -4.019598020980709174e-01 4.025533447057213499e-01 5.649590268353165134e-01 5.407602692812957246e-01
-1.018480429415865363e+00 -6.674077801325746240e-01 -1.171528874342207649e+00 -8.055611057009541831e-01 -1.694981000351820422e+00 -7.386413869268371180e-01 -1.507219328756658872e+00 -6.485524735360937987e-01 -7.838824887416770970e-01 -7.294767640448762691e-01 -1.049737788870718003e+00 -1.653712678123625768e+00 -1.323022231586954645e+00 -8.669142184202754953e-01 -1.191143694330521363e+00 -1.275995201012783298e+00
3.874921067038261668e-01 3.968117141280499416e-01 -1.173334110771116379e+00 7.936299823447179325e-01 3.862411367720119948e-01 1.655647048705897739e-01 -1.717445856769234946e-01 -3.167081885219799608e-01 8.510137582437664605e-01 -2.221965332589008191e-01 8.974353444445374306e-01 -8.922874404771620194e-01 -4.079874169043264387e-01 5.087733855050214915e-01 8.547352023831722434e-01 1.582338558923577221e+00
1.161445121248304291e-01 -2.841143721719269211e-01 -7.118182852882729561e-01 2.836133239602933176e-01 2.575577890028344918e-01 -2.289238911317005021e-01 -3.828916114287906347e-01 -1.036208360173737519e+00 8.686005909142852088e-01 -7.584215632210781211e-01 2.965155153182232883e-01 -1.085933868234860267e+00 -4.499482310005002428e-01 -6.628164898652549875e-01 4.045717438580393455e-01 1.033124831918729392e+00
3.033502714499273223e-01 1.635794568419556561e-01 -1.133930296019739936e+00 3.784634679042055416e-01 -2.951021372413217270e-01 -5.238991273165736207e-01 -1.360376543293412115e-02 -8.869340271434865697e-01 6.264305673110734940e-01 1.156743146242550542e-02 -1.670876446600959297e-01 -3.880047386670352760e-01 7.151244887817471974e-02 -6.117205914560644442e-02 -2.755545666457930726e-02 5.926209631585877685e-02
1.324874580703075122e-01 2.182251750306550275e-01 -1.513219068259950451e+00 4.769865142510297806e-01 4.014423025089247088e-01 6.962777288600399128e-01 -4.336912767255873824e-01 -9.481496190402823876e-01 7.807785168760228434e-01 2.356326345093765762e-01 -3.305326175292876978e-01 -1.155872888086953765e+00 1.496183728921943734e-01 2.150724669677391843e-01 1.602255355249897761e-01 5.166778390206566707e-01
1.411810241080299289e+00
1.207121936616700086e+00
1.480680736438965805e+00
-1.840290528704907613e-01
7.423814968317691276e-01
5.770042817019719328e-01
-2.482316740751723538e-01
-1.213558486014767318e-01
1.361943597399617678e+00
1.315030619794822275e+00
2.079421700610135648e+00
-3.675205302620312281e-02
1.800432276486333860e+00
1.701671042247781429e+00
1.353556404464066221e+00
1.860901264247201814e+00
ReLU
0.2
16
2
5.706374351726313243e-01 4.681014953557363634e-01 2.488406139466943501e-01 1.373840539622287783e-02 6.499955092801137368e-01 7.042775116628546828e-01 8.689228896391296142e-02 -6.454059519936098353e-03 1.657498147398314137e-01 4.575620271980424536e-01 6.895389372044705700e-01 1.526545875410771635e-01 9.600977142338874559e-01 6.701603222390742909e-01 3.242080804566510599e-01 5.398383355249745108e-01
7.687720966583024840e-01 3.408755748750335601e-01 1.317964104578423779e-01 3.482608919034208550e-01 4.868658444444624034e-01 8.763459220838976105e-01 4.582282519722618019e-01 8.049664965239889947e-01 1.397135395392624102e-01 5.629301298613877957e-01 8.755016613460316899e-01 5.451594110888546840e-01 1.397650349138941150e+00 7.637054986015824332e-01 3.847848002233716924e-01 6.745710340506683167e-01
1.903201242870577792e+00
1.672864586650461671e+00
Linear
0.2

ct 2024-06-03 18:52:20.892548
