noname
4
4
4
4
-7.189318520360248321e-01 2.241665450651798841e-01 8.234522315607513132e-01 -3.864328818931038190e-01
4.355323851437745697e-01 3.431223217265381709e-01 1.081083566897875547e+00 9.021398149718511394e-01
6.292563699920827869e-01 2.647867614746270970e-01 3.354520679891465074e-01 5.586247734060070247e-01
-2.641496914122993256e-01 3.503342912071977788e-01 2.697593452310550477e-01 -4.464983898769855353e-01
-3.980252390424438708e-02
8.715263979764891200e-01
6.783815710556796441e-01
1.771505189470202746e-01
ReLU
0.2
4
4
-2.602253323449268962e-01 1.021190945523574145e+00 1.274261183512883921e-01 -1.225039051125376005e-01
-6.427918622730055542e-01 -9.577077355420560850e-03 -4.418575542534608491e-02 -3.998570936338549098e-01
-5.456374757983623036e-01 6.490086178447354026e-01 6.273303381146512203e-01 -5.461624547316402678e-01
-2.186443891238068135e-02 1.672179102484880886e-01 2.985469099683420446e-01 -5.626945281159224932e-02
9.901759569217819523e-01
2.975103045555578807e-01
8.446039981444877220e-01
6.478703195255023362e-01
ReLU
0.2
4
2
8.533016536330967350e-01 2.568291419049572033e-01 9.646792902782123091e-01 5.285758400151134850e-01
9.736426639765430879e-01 1.658492932612323500e-01 9.894622092213400943e-01 5.134959817636378654e-01
1.903828637408351288e+00
1.670592084435009728e+00
Linear
0.2

ct 2024-06-12 00:06:36.847549
