noname
4
4
4
8
1.334186404010377247e+00 2.601627235462312671e-01 -4.699942477882801395e-01 2.436740262895907838e-01
1.231932660593327400e+00 1.306417864096619252e-01 -1.296848013990732573e+00 4.987095639791804258e-01
1.127185303379952153e+00 2.081043793199590097e-01 -8.178644969025243849e-01 4.920986096860811565e-01
1.315531971097420927e+00 6.174185399051441703e-01 -1.205928576068955094e+00 3.575741184281668872e-01
5.023155834661389152e-01 5.746748028213872761e-01 -5.233332280520310853e-01 5.605451697020653601e-01
4.344851485966894633e-01 5.822983637815044577e-01 -2.432896439658358279e-01 4.068817254707551845e-01
1.565841212808770366e-01 6.415779360153863742e-01 1.496227824292799095e-02 7.125385085401870766e-01
1.078939672231621127e+00 5.468670185718492727e-01 -1.305477620119567694e+00 3.340310705268709213e-01
2.488987831945322915e-01
8.651667455515827942e-01
1.155016335874098354e+00
6.714855524742007198e-01
8.671424381697540040e-01
5.776401546197511561e-01
9.718430869053864551e-01
5.909331609726051759e-01
ReLU
0.001
8
8
3.572538728220900350e-01 6.459890625090731753e-01 6.995237459920177203e-01 5.688145082177037404e-01 5.964864696211316097e-01 6.663429169391420492e-01 4.714305481725440394e-01 3.776346551130628226e-01
-2.139500211334709745e-01 4.992911010809970573e-01 -9.626564357997248814e-03 9.304381484639080435e-01 3.158557680542217749e-01 -8.788014942230665261e-02 -1.489361635138955198e-01 5.167510220292820255e-01
4.038036723733959832e-01 1.183936152230215422e+00 5.762287721489447456e-01 2.496771210303118660e-01 8.743398885138218279e-01 4.172122506269867470e-01 5.019090587340608867e-01 5.408645694721701813e-02
6.271205048753545341e-01 3.167080882025680721e-01 4.189833133520189379e-01 2.201711416818841194e-01 2.066407332944601716e-01 2.046422544892111395e-01 -1.188599458917203033e-01 6.189686289460800683e-01
-1.397574779243160314e-01 6.754986864430174709e-01 1.698094708595841718e-01 2.956555836927602376e-01 8.690620217681774839e-01 5.899132266841449201e-01 2.679287386487742145e-02 2.939252701749472396e-01
1.958701619400404492e-01 7.465426269364240641e-02 1.049617955974735950e-01 8.913033977489731585e-01 1.653578620859107173e-01 -1.036761849533437141e-01 -1.190167737849867971e-02 1.242100815171862438e+00
1.281156425839245772e-01 5.291250779629366185e-01 8.004183059430115543e-01 9.619305830738574814e-01 -1.108161392132934325e-01 -1.632034359010840763e-02 -1.169907047163014496e-01 5.723696768915812472e-01
3.147624251466167311e-01 5.643745336613871233e-01 6.008442831268139273e-01 2.558678425867351724e-01 4.454136360968790620e-01 5.736560460834184694e-01 6.101900745762020017e-01 1.455704480510427168e-01
6.329119745782539885e-01
8.604170987731810660e-01
1.589380799466898753e-01
3.351303837364971172e-01
3.151667992714777267e-01
1.103016133242264996e+00
1.020280621068821336e+00
3.954451341973678757e-01
ReLU
0.001
8
2
4.543965172470482705e-01 6.473454116987540363e-01 -3.704834914290735387e-02 6.821791736093399949e-01 2.971977445162910514e-01 8.122778809711371784e-01 9.654350753903411242e-01 7.844451221520441775e-02
4.189266293391679108e-01 -2.331642520251610978e-03 8.365291562725201135e-01 4.963414582089336058e-01 3.371367913197964583e-01 -7.884542515444951938e-02 5.083680204544506198e-01 2.586480890304669877e-01
4.879286443754998759e-01
5.171930009878120682e-01
Linear
0.001

ct 2024-06-02 21:27:33.558417
