noname
4
4
4
6
2.971780718559063894e-01 1.041655845202450914e+00 1.829860950114649443e+00 4.320711615239601344e-01
-1.311526876024198818e-01 8.797223904036066688e-01 3.775809859584301709e+00 7.554181764861198634e-01
7.255969135433465445e-01 -1.830632216825817116e-01 -5.985502061664032425e+00 -2.819739036821483080e-01
4.201597620182362935e-01 5.110447394721602254e-01 6.353046873570097341e-01 6.291964185113958496e-01
7.424526992056621477e-01 3.240385262682876633e-01 -3.851658518234527318e+00 4.263077966236907684e-02
1.124663154741592230e-01 8.501889350725208572e-02 -5.213418775702009178e+00 -1.340851922791098244e-02
2.858940024075306563e-01
2.865666663024403760e-01
1.643380898084139119e+00
1.086377724380363619e+00
1.216973750960562928e+00
1.398900964660931168e+00
ReLU
0.01
6
6
4.547835108427325523e-01 -3.757109291411107055e-01 9.250699422859934851e-01 5.133904296756212071e-01 7.501873438752588719e-01 5.431662158867810453e-01
-3.846603196904367916e-01 -6.500386312178284554e-01 1.382568132136814842e+00 4.101758803560641709e-01 6.008467889809584461e-01 1.375294155858938439e+00
-5.363178439953816268e-01 -1.347508685967317321e+00 3.225606963712915665e+00 -1.858691463785279607e+00 1.366055706291499527e+00 1.917719028209234011e+00
8.931508495822447491e-02 -8.300895479162758717e-01 1.827979769108132313e+00 -1.602113877318714630e-01 8.023312907913848768e-01 8.755668612700250319e-01
5.897877648013215984e-02 -9.548975369376048183e-01 9.269553906075290728e-01 3.461147128783299554e-01 7.320123966688555361e-01 8.955966213715836899e-01
3.180148107530065410e-02 -1.368712805371594676e+00 1.689415320549453314e+00 2.915555898250600242e-01 7.983538628705107998e-01 1.226991811034533031e+00
5.924563994546513390e-01
9.629351501438678795e-01
1.045054745411839736e+00
7.427469700929018037e-01
5.382555741780294944e-01
9.242096606595192609e-01
ReLU
0.01
6
2
4.217373946223416104e-01 1.066450881912008652e+00 -2.324877825805170328e+00 1.479086348630353598e+00 4.671662746835087421e-01 1.148161114995250864e+00
1.154982161912616156e+00 1.118012473810021667e+00 -1.978688527360857874e+00 6.071525286820899092e-01 7.549661463030542530e-01 7.289221539516330672e-01
1.833775766308164190e+00
7.363110715370515535e-01
Linear
0.01

ct 2024-06-03 12:58:15.067105
