noname
4
4
4
4
-1.724807886016052727e+00 1.715967323105658915e+00 -1.365444101606359428e+00 6.289403588860025263e-01
8.627294691096233370e-01 -3.560011466619436571e-01 -9.627420464217197882e-01 1.871273370136762759e+00
1.201332979663262357e+00 2.838234489699864138e+00 6.013577885726850702e+00 1.988700909435066944e+00
-1.629643442651706353e+00 1.869887944375773436e+00 3.261026048467032368e+00 1.233084680356442364e+00
-1.693053208853180003e+00
-3.008166238565992620e-02
1.939803728076972655e+00
-7.893112310621210881e-01
ReLU
0.2
4
4
-3.043959987445724602e-01 -1.493487609780997705e+00 -1.786977438492133308e+00 -1.029296132309402978e+00
-1.072208691955045534e+00 -9.344233336200771234e-01 -9.095939108688956276e-01 -4.924568006329065328e-01
1.169287813932488457e-01 -7.824766866708351420e-01 -1.194352893736734256e+00 -4.246647872101422805e-01
1.002198708232247437e+00 -1.433080900491458198e+00 -1.164341817662378625e-01 4.227838129397436528e-01
1.161690047147819316e+00
-6.659543862174199802e-02
3.672948088727735261e+00
-5.577026657510465446e-01
ReLU
0.2
4
2
-8.672330457444065166e-01 4.258341657463977636e-01 -8.526551131013968554e-01 3.553605265438979366e-01
-8.448421422034932959e-01 2.843904429319957794e-01 -6.990220347489491948e-01 -5.576765056105505852e-02
7.071741282342955515e+00
6.361193736818801625e+00
Linear
0.2

ct 2024-06-11 17:50:16.837077
