noname
4
4
4
12
9.994482556487011005e-01 4.570675742797627450e-01 -4.793917212615810830e-01 3.342048637225705221e-01
-6.968483356863094391e-01 4.861064411943803454e-01 9.310104425127420091e-01 1.418761505738956319e-01
5.067023861564482479e-01 8.259930338961021246e-01 -5.515289252198583014e-01 5.107871718059281418e-01
1.203421957515087189e-02 2.963946795394270528e-01 1.149398152566819264e-01 -8.474914147021704591e-02
3.192461655745257310e-01 6.235621114841055634e-01 -7.686147365335842530e-01 4.940225632552298074e-01
8.556156541686129602e-01 6.360615944282724810e-01 -4.780763160593432676e-02 3.920430457073697528e-01
6.834718814091302885e-01 7.512855957533676188e-01 -2.447730510130079473e-01 5.154770606231996455e-01
7.935571634906728455e-01 2.685611572717835904e-01 -3.354169349758637786e-01 1.288443485664595989e-01
7.855582989213951706e-01 2.273128297686200783e-01 -4.427097948891910439e-01 3.857260105187004240e-01
4.745308552838167215e-01 5.567867404724347047e-01 1.154509237675972466e-01 2.007245494929364993e-01
7.769544750016621482e-01 7.508059196810085156e-01 -3.712093318869033598e-01 5.118633284824884999e-01
8.425048232191034714e-01 3.986350101558148729e-01 -5.961231699943251305e-01 3.495376030165779913e-01
5.337411298299613582e-01
-2.127991420906550635e-01
5.193097947249772917e-01
8.211050647975322025e-01
1.048264770309637273e+00
4.837795637980951691e-01
7.920579146990197605e-01
5.393962204250143389e-01
9.462228227068030240e-01
6.470155668097532509e-01
4.798443741467814383e-01
5.759019428263575380e-01
ReLU
0.001
12
12
4.458419570693661904e-01 1.474950322423749460e+00 -3.544341052204775799e-01 6.421103935549929420e-02 6.955366698020106764e-01 3.441374408184609823e-01 6.188091481602722155e-01 -1.366399820199301063e-01 9.309489881731325411e-01 6.546128857095350195e-01 -2.088199286845232594e-02 1.166670274608315461e-01
-6.358480110448848366e-02 1.785764929510009758e+00 2.244432457813647086e-01 1.683562260959404200e-01 7.743294689661640584e-01 -2.289955404901091451e-01 1.620812126570879697e-01 3.353436935121536511e-01 6.182397533950154817e-02 3.033003207419541214e-01 5.681172618081928860e-01 8.442414670067368565e-01
3.565694845754069919e-01 1.874661719158306150e+00 -4.731956364476676280e-02 7.364222931021499052e-01 5.860092532179745906e-01 -1.524889905619666308e-01 2.190086316304987735e-01 3.492305461412651968e-01 -3.739869551706549028e-02 2.680405947158993607e-01 -1.999911073305820908e-01 3.304117401384762953e-01
4.204334533884099279e-01 1.173275924122870073e+00 3.055809697856969737e-02 5.362321662571719605e-01 8.166401012659406655e-01 3.908436758713171866e-01 4.107390642272634035e-02 3.980880799249458812e-01 5.454155298347429515e-01 3.647121429399323711e-01 4.435701157011427975e-01 5.529302621106398918e-01
1.800460399928607846e-01 8.636030371386249627e-01 5.688662484846883638e-01 4.283074308878802028e-01 1.462896059898578238e-01 2.168152768201292713e-01 2.130157271609483260e-01 5.592280768849661188e-01 4.502566297247336813e-01 6.127241632296994561e-03 2.399675721657213920e-02 4.789517188005329995e-01
3.884442055057937826e-01 1.574531477947884062e+00 2.077125093441954951e-01 2.898690387191201756e-01 6.384092115005921553e-01 2.928146981050844255e-02 4.115066644077787772e-01 8.143580425067026285e-01 5.894963446918677352e-01 2.098016863542627175e-01 -7.256427591463612825e-02 -1.548642999785909691e-01
8.853383304895806605e-01 1.589070882531491202e+00 5.561913420547345277e-01 3.060062162043395984e-01 6.872401377371636921e-02 -1.393474443319938361e-01 6.287428288319324432e-01 7.162887248927909400e-01 4.223144576158633923e-01 3.889637921752430727e-01 -1.399070292051962094e-01 2.085156038357682540e-01
6.071361663719108126e-01 1.686278485733794685e+00 2.029807562493333439e-01 2.683438706069094515e-01 6.247301369488789113e-01 -1.690926733644181404e-02 -1.557652637767641957e-01 -2.417756757875103718e-02 -1.086258767038690148e-01 5.744687522922587997e-01 3.929880406090921485e-01 -6.421675191808438876e-02
2.754257906848025517e-01 1.915129596602509476e+00 9.632248927963936447e-02 7.649026030050520841e-01 4.174159292605733040e-01 -1.059389485305067408e-01 5.278519811056827660e-01 7.029392176069364506e-01 2.547343588829314442e-01 7.632796540893267423e-01 -7.376822343572750351e-02 8.582982985534413078e-01
-3.140751722151499843e-03 1.572014117429397784e+00 1.423766238605970180e-01 2.258740909707913358e-01 6.615098405521588343e-03 5.283082504049974037e-01 6.640637764969046231e-01 7.029951155516245276e-01 4.545093352523129071e-01 -1.473312706205798794e-01 5.696480731952875687e-02 4.544432196253001544e-01
8.988624372950090313e-01 1.592107723318067158e+00 -1.711881996902348546e-01 6.859284150652134038e-01 4.749132033882076387e-01 2.686010020270815923e-01 7.095211074969867138e-01 2.735941443503557835e-01 3.033987229687002962e-01 2.799657365577513657e-01 9.729961192526145886e-02 9.505796232703847548e-02
5.578674288758831562e-02 1.963208016035812742e+00 8.715040975468517359e-02 8.220618411689541993e-01 9.312557468047606424e-01 1.350746593851510913e-01 6.484284100393280514e-01 -3.736788214208704162e-02 5.907885519509993300e-01 -1.093492701899977659e-01 -2.890114368015925805e-01 3.860348893226261402e-01
1.002776531803307281e+00
1.037777263214086476e+00
6.491209570016323038e-01
7.951582678824790085e-01
1.975940919542791829e-01
3.812184534210275588e-01
6.712415334471389938e-01
4.366517887129860442e-01
6.945139741395568445e-01
2.693280717773143262e-01
7.015581775463163305e-01
8.653809025850202064e-01
ReLU
0.001
12
2
5.271075605758510640e-01 7.727098369141091050e-01 2.850515710644946354e-01 5.672299642059887015e-01 -2.674386565769013013e-02 3.952573584489119107e-01 4.466667108730181801e-01 3.993189313657932171e-01 5.095600366267202253e-01 8.302401361678946046e-01 6.891023891671471668e-01 6.388139037207697379e-01
9.376123931386396437e-01 8.332621191543173600e-01 2.617314009568660893e-01 3.897110649597465004e-01 8.055787871797742694e-01 1.224583614864250269e-01 4.743898248613935276e-01 1.554134839786070199e-01 4.990960247327457244e-01 8.956406122284278348e-01 5.920535733712576493e-02 6.381049179813598204e-01
2.065441351207481790e-01
2.259262700818611413e-01
Linear
0.001

ct 2024-06-03 19:25:20.748270
