noname
4
4
4
4
-2.204102570564641095e+00 9.207244974883078692e-01 5.156563294925849306e+00 1.746525172489646893e-01
4.966841830607545138e-01 -6.357560656756042761e-01 -1.440606463400817105e+01 -1.947123197469294631e+00
1.257294596321522073e+00 -3.412441917358478849e-02 -1.181119373872117073e+01 -3.720717478879728701e-01
1.767864567779042329e+00 8.335505585927710515e-01 1.194287656509484541e-01 3.864157709116247674e-01
-2.038389506324423728e+00
2.086929139970338021e+00
3.352639810551516053e+00
-8.010745125419747037e-01
ReLU
0.2
4
4
-1.065946618698139003e+00 -8.016136428528697344e-01 -6.042270031445110545e-01 -9.285994198187401683e-01
-5.099000959967370239e-01 -4.580322543699053561e-01 -5.154840174174475376e-01 -3.226967938788724566e-01
-2.080726704241881997e-01 -6.298036950518572930e-01 -3.984022033064825719e-01 -5.370671722102273726e-01
-1.743709510459432455e+00 -1.051064871088768449e+00 1.047326707677023627e+00 2.210590685635971109e-01
-1.304796387509203237e+00
-1.311121783968622889e-01
-5.373949841591917354e-01
2.393772075564893839e-02
ReLU
0.2
4
2
-4.293984363048514163e-01 2.077614645660771919e-01 -2.111245831963151909e-01 6.147536180446672160e-01
-3.962062192930638216e-01 1.976409407797153073e-01 -4.035345461723792160e-01 4.548212039755377689e-01
2.780231531939833189e+00
2.596988892398912618e+00
Linear
0.2

ct 2024-06-11 21:37:45.454391
