noname
4
4
4
3
-4.516073872936438582e-01 4.341316789338756088e-01 1.573138719275763719e+01 7.301939651424321776e-01
6.604093860400338523e-01 2.339574703736735373e+00 3.916262776544032320e+00 9.200706039083375032e-01
-1.242944013028334904e+00 7.164009993149416111e-01 1.904785395469399178e+00 3.544845261775732559e-01
-3.122519666325460186e+00
7.834389449970263763e-01
-1.132037864623695711e+00
ReLU
0.1
3
3
-2.087355730293294354e+00 2.639053450889784491e-01 -5.210330826444784513e-01
-1.944060458259700308e+00 5.143059605059171480e-01 -5.345931277305246976e-01
-5.906152673056335178e-01 -1.029663365822614668e-01 -3.630901095448694355e-02
9.635194375572014858e-01
2.263955475666497297e-03
-5.297482564805408023e-01
ReLU
0.1
3
2
1.116425335494001692e+00 5.281026510924314854e-01 1.070814806190492074e-01
1.176567514062652142e+00 6.016886663168394822e-01 1.102772372877756507e-01
1.580628380524837118e+00
1.633727570217774039e+00
Linear
0.1

ct 2024-06-16 15:14:16.229365
