noname
4
4
4
22
1.645006662627110927e-01 9.690706264778334855e-01 3.073573000466551797e-01 1.040717547776893070e+00
2.526351606537583505e-01 4.742350908412797383e-01 5.723065829247118153e-01 3.192504212053452473e-01
8.867856275723534631e-01 -1.127729156908871266e-01 -3.817105697310640977e-01 8.988875129932731856e-01
-9.790659796783476310e-01 7.979459487056496103e-01 1.850490096856555189e+00 1.924414649087737850e-01
9.346652318025147066e-01 3.219666751800487337e-01 -6.481084131502887757e-01 4.664102126159446193e-01
1.045693073826419184e+00 7.044888659805523812e-01 7.252586284321215215e-01 4.937172589766525843e-01
-1.012158447869053318e-01 6.876380106796188274e-01 7.376418109761126440e-02 1.155985392423494629e+00
1.048465686176297096e+00 2.803012840009018736e-01 -6.585471353987658316e-02 4.131128611870302780e-01
1.260200035923350614e-01 7.748933165532910783e-01 4.930058046661334736e-01 5.236914879269670697e-01
1.280231130192079902e+00 9.394992439014797636e-01 6.187330536881328058e-01 5.751141524968313989e-01
8.424518713467100961e-02 7.940635988949226176e-01 6.154962901052267732e-01 5.739488654198620088e-01
6.120835425896125059e-01 -8.113030590030645417e-02 -4.106851223815007335e-01 5.525011283327244671e-01
-2.533100635444589965e+00 1.130949090358287723e+00 3.191054833429595838e+00 7.954687518044344374e-01
3.709166474314671280e-01 1.218914567731546716e+00 6.417572410675380368e-02 7.763927739625134938e-01
4.256371129146332977e-01 8.350730124579361924e-01 9.392786178773391281e-01 5.822465461403707465e-01
-8.504566418170986242e-02 5.278534447968029619e-01 1.331809275742105170e+00 3.304070087584514148e-01
-8.624249467587448148e-01 6.020140033588418094e-01 3.881243480131899015e-01 1.609814696486094321e-01
1.924823511114476249e+00 9.492758457538184869e-02 -2.218245114682114993e-01 6.590968308902415140e-01
4.840369773515514062e-02 8.865480638768463706e-01 5.906795604209580386e-01 4.620392248464620377e-01
-3.407917060649654495e-01 8.890636125438626802e-01 1.063270960402350029e+00 4.183495544296980118e-01
3.492862314318259664e-01 6.426877642980136640e-01 9.625069161656754080e-01 3.910495019350285206e-01
1.635759856210767249e-01 1.186023190615256961e+00 1.055380433147436570e+00 6.017131098725505556e-01
9.069643425140589965e-01
6.748731341229451397e-01
1.457708378790929793e-01
-4.830767997243520240e-01
-5.058394549340794553e-04
7.482351848976137587e-01
6.727578380071627118e-01
-1.024132267808535723e-01
6.529154992243670907e-01
6.120913626507827887e-01
2.085108358523971028e-01
-8.523813634828404651e-02
-1.651061427959845007e+00
6.025551874373900052e-01
8.387875644239008999e-01
7.136404890976700832e-01
-1.249409241052894387e-01
-6.239340069850845411e-02
4.600039467942699245e-01
7.104953715257223967e-01
6.433752966057888489e-01
6.572735257715699442e-01
ReLU
0.2
22
22
6.819774837654954402e-02 7.417515795390984268e-01 8.587258811684398419e-01 4.593039641264670125e-01 6.066265110961150953e-01 2.621460544350817656e-01 9.185418189582553183e-02 -3.523524938605684942e-01 7.078041535194772305e-01 3.537481406836094910e-01 -2.759178328571954344e-02 7.726178957987068774e-01 -1.384731830728823110e-01 2.317902735713590900e-01 7.950476277270862591e-01 6.602020750696029339e-01 5.966121191613434904e-01 3.081291510252236188e-02 4.829299762344632097e-01 3.905281777133413068e-01 6.370451460835430124e-01 9.764297402363973644e-02
5.402166530585663651e-01 -3.247236902295125294e-01 3.395145552146619505e-01 -5.367379677067146693e-01 -3.015438349050978406e-01 -2.682963031610619553e-01 -1.942642368968324484e-01 -6.582129099792803917e-01 7.531869765924277538e-02 2.742583145037043313e-02 1.718824347151131499e-02 -3.474160418282908891e-01 -2.277517360303993765e+00 4.411393883627305890e-01 -1.028202977195605688e-01 2.888993097003155208e-01 1.709710614586915922e-01 -2.805917653318015237e-01 1.177954786811424986e-01 1.763032884360937746e-01 -1.290982748491225074e-01 4.368071042240871948e-01
3.987558914333750315e-01 9.883649947373211730e-02 1.285245102505545300e-01 -3.926067648486677442e-01 2.679108858868302079e-01 4.401368204693276720e-01 -2.277982715024675642e-01 -2.487147520964523018e-01 -5.475921386731347207e-02 3.625485388256945996e-01 3.240647546569211390e-01 -1.096805216028717139e-02 -1.846881159001777739e+00 -1.215622847176558857e-01 1.145030147622789901e-01 -2.561774614922996407e-01 -2.395339682140743554e-01 5.943773563260673631e-01 -2.418840206322094288e-01 -1.488107602715670053e-02 -1.540879109453736073e-01 -1.852352501884991232e-01
2.092074962646517100e-01 -2.256757169676629204e-01 4.849765061366319574e-01 -2.797174308087342354e-01 -3.051063531669152007e-01 3.804313107274923667e-01 2.682510952666059545e-01 -2.266975321481703720e-01 -2.926317221157732212e-02 3.063074666403513974e-02 1.923977914593393290e-01 5.257158422630252570e-01 -1.751079623988738287e+00 4.491190367594589672e-01 -2.728291514266681927e-01 3.725669108436099330e-01 1.460121691408700906e-01 2.255845247704543755e-01 4.744062974315866460e-02 2.250898094372088265e-01 4.620889188730707420e-01 2.807591011826565675e-01
-4.612843784918553847e-01 -3.854748928629918581e-01 -2.860155035893686137e-01 -6.227598028638401395e-01 -1.192307523647462064e+00 -3.371296347065226851e-01 -8.846808717882365114e-01 -1.446296475672883997e+00 -8.774134988744609620e-01 -6.581043631540199890e-01 -3.776006992690078556e-01 -9.928866158621533211e-01 -1.634261859745520518e+00 -4.183450277758984925e-01 -6.367095385298594534e-01 -1.011785772570642505e+00 -8.350750726889193398e-01 -8.149085898185146615e-01 -3.616319732746968163e-01 -3.690500198867006643e-01 -3.492604849351373386e-01 -3.110893144016143586e-01
3.943886761941726160e-01 -2.974097851533075154e-01 4.618362827995681208e-01 -3.082774872910810093e-01 -3.203890001697137779e-01 -2.331396988499253031e-01 3.554854056500133530e-01 8.668112058511828755e-02 3.588320466185057622e-01 2.277094131381874886e-01 -3.336610985212402625e-01 -1.075026993766839273e-01 -2.199242119891650304e+00 1.306708281437928276e-01 5.414506422566471855e-01 1.993138215733840368e-02 2.985019414444606278e-01 -1.611845056857457714e-01 2.649769993359245568e-01 -3.348165610446665608e-01 5.484629252901067620e-01 4.099273696554164848e-01
-6.951538848278970839e-02 -3.028997289458085218e-01 -9.979277081357788848e-02 -7.692435183836319190e-01 -1.997745159003647408e-01 2.687853760354583232e-01 2.620671381650016563e-01 -6.095424682871255495e-01 3.279673530347930188e-01 -1.395131522264166646e-01 -3.613105766475206426e-01 4.896563019727160904e-01 -1.325510180147580597e+00 6.475745067050535375e-02 6.362184429309019063e-01 3.493094761776058821e-01 -1.603654710908603703e-02 -1.129688391526459113e-01 4.792704162463287676e-01 4.130255502473183515e-01 3.601152397539476857e-02 -2.754087972598145972e-01
3.566035381194564979e-01 2.344548533595501860e-01 3.193548988601476180e-01 -4.589294154014000315e-01 4.613811565435225193e-01 -9.394455534775615624e-02 4.227108127434089369e-01 1.732750768566896360e-01 5.716733846162385113e-01 9.660160456338159896e-02 -9.874866855604128024e-02 -1.701310906047913407e-01 -1.373369749468387191e+00 7.323189063622884132e-02 7.718233498231676926e-01 1.874535408558030691e-01 3.580460461494826552e-01 2.332307751733528334e-01 3.467430002248574339e-01 7.074968122941192039e-01 2.410150023253420093e-01 3.179128953534384738e-01
4.233298947529595679e-01 6.181112381304698644e-01 5.017826865637390471e-02 -4.059809140428183860e-01 -2.542845950722664172e-01 2.235471947760525047e-01 1.382612143680920502e-01 3.500333225947836469e-01 -5.230377898931867081e-02 4.961355395992502193e-01 1.927264656156474354e-03 -1.305361185565796500e-01 -1.962992478862493062e+00 7.207424894837728413e-01 2.674515746926908188e-01 1.589238202725384297e-01 1.105489059375362182e-01 2.271618665928608338e-02 -8.376789048473120419e-03 4.448782909813144837e-01 7.040650593329573770e-01 5.493936367293632550e-01
4.871982255767508541e-01 4.549746208021481220e-01 1.307213114273488019e-01 -2.820326093306645410e-01 -7.553332432689124909e-01 6.215064347962666602e-01 4.932992916200401035e-01 1.413622223456603155e-01 3.628897262648766442e-01 -4.608888169615005803e-01 -2.539249212873465056e-02 -1.270927788204031517e-01 -1.460285609229097226e+00 4.422341961381940356e-01 -1.167075253702146848e-02 -3.610873444356771378e-02 7.910409994450415261e-02 8.973344674151650935e-02 9.008856247378708992e-02 3.739414240600574812e-01 2.483560089461855913e-01 2.825419695044525947e-01
5.103036049683812303e-01 4.452265970136534134e-01 -1.285530454186564198e-01 -7.285058041204343082e-01 -1.573213400404926687e-01 3.716884015863117230e-02 -1.926956206641734781e-01 3.591046962176294710e-01 3.976121816133083159e-02 5.769535790760894622e-01 5.031596079567114688e-02 -1.148884489343370285e-01 -1.264900039768284357e+00 5.003111559047697388e-02 -1.699012768714889057e-02 -2.740875034382824205e-01 -5.443335370292844422e-01 2.546352210166492602e-01 1.785325217305331058e-01 2.844888934948482939e-01 2.645168380094065630e-01 7.908813068303453819e-02
1.610230973793584375e-01 3.061310762284248921e-01 5.386623102545553543e-01 3.770893034984578174e-01 -1.757221780180183712e-01 9.067720019761792427e-01 7.245713867663582386e-01 3.571407535763055363e-01 4.629165523765544910e-01 4.637236714534005988e-01 1.718924371481872770e-01 7.469909895711792647e-01 -1.792252223339480199e+00 5.104571364084425911e-02 6.629697724396814706e-01 8.220402500279164748e-01 6.008355692354546695e-01 1.351297565959768687e-01 -5.501073656242603388e-02 3.101347936919372494e-01 2.280281562695336828e-03 -8.307092127707604856e-02
7.333468895596964021e-01 1.704529336881334955e-01 2.979359512424759049e-01 -3.785418792474757876e-01 2.040956884355563383e-01 1.251187411388977599e-01 2.309627881215528256e-01 8.352642616563923927e-02 6.719426572799214181e-01 4.752984126249922281e-01 6.206083644925368403e-02 6.219288080293222665e-01 -1.360576622374476408e+00 3.093924517800668017e-01 6.810860867051832246e-01 5.796585841327903665e-01 5.353640432053610176e-01 2.428776906273811820e-01 -1.841981692844794627e-01 4.750237830856964272e-01 -5.613529548849686274e-02 1.386001633585663972e-01
-8.017654659718292942e-02 6.599363555563975137e-01 1.160858946886215437e-01 -4.926587732476050974e-01 -6.292659748192899194e-01 5.566828710034272820e-01 4.209708412554383772e-01 -6.775350771586082788e-01 1.846509516785847446e-02 1.615868973599026703e-01 -1.812200222709506869e-01 1.179768279936078967e-03 -1.068134148074065370e+00 -1.916612570958116102e-01 -1.372941239433116134e-01 5.008696076528281749e-01 3.226407906801775916e-01 -1.084765850243135377e-01 5.100943526533641137e-01 2.771832540103355003e-01 2.424445748439279236e-01 -2.765921953962131585e-01
-1.319452073722868213e-01 -2.777903104393160127e-01 1.969113621727222319e-01 -4.498031389971651195e-01 3.952755116878657327e-01 8.069475603505162076e-03 -4.895547005525592577e-02 3.458299841751835690e-01 -2.800088740316027391e-01 3.287414375801644417e-01 -5.006707635039076010e-01 1.170301543185148507e-01 -1.226121453819062124e+00 2.830858308273564994e-01 2.829959451234536072e-01 4.724690088864395149e-03 3.770807485275877169e-01 -4.817059562182853666e-02 2.123302344424765620e-01 6.151458661670737849e-01 -1.086643827103356691e-01 3.985311059603324213e-01
3.762640638298303530e-01 6.040517338211136567e-01 -9.181660922026974037e-02 -5.008602889252775636e-01 4.617112258982019046e-01 3.299504989027548518e-01 6.008686199751063217e-01 2.252199955720290692e-01 3.959482400701933025e-01 6.121488278390481153e-01 -1.277649382893806251e-01 -2.627946159378176383e-03 -1.620745480855772191e+00 1.978969249057117019e-01 2.296090440385303022e-01 2.252678059154310519e-01 -3.348573439305264632e-01 -1.995672226341949351e-01 3.074890390501469617e-01 1.642294775059842046e-02 4.875627020384416532e-01 3.088261728286814667e-01
3.182283824489069435e-01 3.788855558384089939e-01 7.293704088512832362e-01 2.528686747997247464e-01 -2.377989263267493991e-01 6.868297213920790956e-01 8.349635249156974748e-01 -1.202560624242445531e-01 8.078240144557119473e-01 1.110476148923590367e-01 -1.198960201489868288e-01 -9.705176023583936273e-02 -1.132241151292192161e+00 -1.672623807899095150e-01 5.647225534340295783e-02 2.489306544955683931e-01 -8.330456701037099176e-02 -1.514023842547556897e-01 2.110159207697888117e-01 1.287201915687272713e-01 2.604632087116600103e-01 6.145992469886071286e-01
1.702426648978292711e-01 5.586424826246931818e-01 -1.422486461869625907e-01 -5.388281228505381604e-01 -5.758997913176055333e-02 3.166199451655576369e-01 3.853241409898710557e-01 -2.083069528283957583e-01 -1.717499567169359087e-01 1.675578442396184753e-02 -4.171467539103207445e-02 6.432163849432801506e-01 -8.134324237605997654e-01 -3.667323507297536311e-01 1.895254715181139138e-01 -3.261140077473870802e-01 1.886888491892932396e-01 3.688354316108553577e-01 -4.092093917929882640e-01 3.090444617140104544e-01 5.414661169870741420e-01 4.818025009646504375e-01
4.705311081215549085e-02 -2.584812031583760827e-02 3.057832313078165942e-01 -2.768788002149595306e-01 -4.628165208288557708e-01 -2.284210191323150230e-01 2.860577511047840416e-01 -4.846391538069020483e-02 -1.224294364828793225e-01 -2.649820599846474667e-01 2.193803177338651267e-01 4.221936370321309751e-01 -1.817802592541927220e+00 4.327625862607121232e-01 6.573831111070118638e-01 5.751517213638448478e-01 -9.383621419121392082e-03 2.207446836453043348e-01 3.580656089514136498e-01 -8.365090061361973861e-02 3.579161689881762975e-01 1.074961262431685244e-01
8.952209245800956117e-01 4.831337409361283197e-01 8.856879723016503059e-01 -2.782111404240255048e-01 1.318184289729669445e-02 2.599641789409263271e-01 5.871598059445259921e-01 4.191318044135795007e-01 5.404974216686359023e-02 4.553206324877704381e-01 4.313921485524604971e-01 3.321519201947301658e-01 -1.563881184954519998e+00 3.657978064682604891e-01 1.940074657538577996e-01 6.456226623961552891e-01 -3.159495507188533892e-01 3.700127072778502946e-01 3.817661469704606292e-01 -1.846673591442652418e-01 1.307151889264534794e-01 6.547647636132071236e-01
6.423096491548850873e-01 -7.343352637314785880e-02 1.168301857148474066e-01 4.915959840906517636e-02 -1.774633998507280791e-02 6.530401613018057549e-01 4.306649448617348441e-01 -1.755479913668197070e-02 -1.790129828873222306e-01 4.254814592930267758e-01 3.733613727437897767e-01 3.788888165601869140e-01 -1.761019744910860219e+00 1.982344952069609589e-01 6.839293252247098664e-02 6.849075094634951011e-01 4.323136522003072357e-02 -1.037490481068259751e-01 1.020822172367896741e-01 8.104664789696855998e-01 -1.018538090338537705e-01 2.519877474769605663e-01
4.835081597742049153e-01 3.432694575858339925e-01 7.040825555558910542e-02 -1.105316035423398180e-01 -8.821889731599436013e-02 -8.343833934257104123e-03 -1.866216213963328707e-01 -1.826791049036839421e-01 5.046950668184942979e-01 -2.788222757289767206e-01 -4.209142028292372495e-01 -1.613037542871871843e-01 -1.101536426286943593e+00 -8.839573390820272547e-02 4.766400450334521421e-01 5.288720040549970136e-01 -1.333733734160417461e-01 4.780252401456829697e-02 -1.877213422496303852e-01 -1.423179393261919667e-01 -2.662224604190530641e-01 3.236202024908970132e-01
1.172797273384102779e+00
9.076721977670201280e-01
1.166806534426371611e+00
4.502121966212269122e-01
-3.067808359297961585e-01
9.574837775309295029e-01
7.627334289746600104e-01
9.901424559915903423e-01
1.664953956310241567e+00
1.185914069418368078e+00
5.411372864339284439e-01
1.371939603726416879e+00
8.678044056254394789e-01
6.204922970514908931e-01
1.075791355022377882e+00
1.356099423540309434e+00
1.496150039234799056e+00
1.323405111198076023e+00
6.893588686531127996e-01
1.097414997064290354e+00
1.071565018834667482e+00
8.900574647603514133e-01
ReLU
0.2
22
2
9.248237760773584393e-01 9.250673313115761465e-01 1.103259167267670593e+00 8.850314429662490268e-01 -4.006347272439141349e-01 1.019362938158074217e+00 1.036733685838991725e+00 1.285343872510669172e+00 1.505809198219108636e+00 9.771918695982885206e-01 1.002481131736076669e+00 1.363065096772237084e+00 1.047097524554179815e+00 1.016963506508615778e+00 1.010529320833780442e+00 1.251658726919457454e+00 1.194624625236052839e+00 9.827972628770809127e-01 9.089672354771033413e-01 1.254634919467767284e+00 1.188636631546395650e+00 8.271641124559971914e-01
1.215234892875637351e+00 7.740128861621634604e-01 8.853252687295040113e-01 8.626916085620622843e-01 1.025859686576064744e+00 9.368001218294528254e-01 9.663647801271038063e-01 1.270411912805416987e+00 1.452352099520460627e+00 1.056483392438157365e+00 8.049262640269405633e-01 1.498150219249910542e+00 1.320454888519248415e+00 1.058980006560491516e+00 8.325139254134117373e-01 1.167023193775471812e+00 1.438562201537273433e+00 1.054518605818152155e+00 9.636774867441715298e-01 1.391503177975980332e+00 1.266723666080445510e+00 8.304732243750194698e-01
1.764327997241505130e+00
1.126634572406645995e+00
Linear
0.2

ct 2024-06-12 15:18:34.926977
