noname
4
4
4
18
1.796456168651227037e+00 1.238011814585441739e+00 -1.907965279363397215e+00 1.190424422385932601e+00
-1.553284459381649996e-01 5.677840710115727996e-01 6.242146277273417088e-01 7.181566549058575610e-01
-2.452417192999095663e-01 2.449150947870498030e+00 1.817319086391459892e+00 6.578523795568275156e-01
-9.200798633084841249e-01 9.982264672658623939e-01 4.767198015901578656e-01 5.094119378358433758e-01
-1.606344611664852984e+00 2.144797534224301305e+00 8.882373480467067317e-01 9.724885266388548777e-01
-1.926460175653800233e+00 1.096329671400354089e+00 -4.585961201131715792e-01 7.879920534348124894e-01
2.439935261590485904e+00 2.340228674228273853e+00 4.490155568617665516e+00 2.127909177486480452e+00
3.503209114769380572e-01 2.365594279629554264e-01 6.712071652284973267e-01 1.517622102202539902e-01
-1.061172405470374169e-01 7.017046167713905103e-01 -8.149026107545811470e-01 6.233985499093049887e-01
-7.061950775081712872e-02 1.619614652991254511e+00 1.547483142221575569e+01 7.665217863211949423e-01
-1.835508786627654043e+00 9.246422995026671865e-01 2.402021664792620026e+00 5.527212393767418908e-01
2.214383491853529673e+00 1.193853028040787967e+00 -5.800039190247527898e-01 2.242427360319515728e+00
3.734328292863948184e-01 9.584179507980590262e-01 4.535976027606744565e-01 7.547374488744043042e-01
-1.777794957327887282e-01 6.299419861263633180e-01 2.970015466398974180e-01 4.090755880990993298e-01
-8.474529237407809612e-01 9.339290019083283934e-01 3.018307833314953781e-01 4.960966434804566227e-01
1.817909694943306453e+00 1.997714759897748271e+00 -4.845681872300236503e-01 1.878964163729931913e+00
-1.651108785535222445e-01 2.186084833417458295e+00 9.922710915848380608e+00 1.011377191287310406e+00
1.694535575645162717e-01 8.277199846561275054e-01 5.898950047921741602e-01 9.740130984886893328e-01
-1.685387786243568858e-02
-2.288310611780303372e+00
-4.041842740850237758e-01
-6.195667064559350345e-01
-6.575401351734601052e-01
-6.451317959370095334e-01
2.084613201474383004e+00
-1.466446038840467647e+00
-6.017773185640968858e-01
-4.779778864800376503e+00
-1.546963354395052503e+00
8.119360523895895465e-01
-1.286649719667446901e+00
-6.640952552811625331e-01
-5.196161477615568458e-01
4.224826555086772517e-01
-4.598299911263628026e+00
-1.466564940982804988e+00
ReLU
0.2
18
18
-2.183231605267424158e-01 -1.313030150779209482e+00 -2.639601542931533859e-02 1.434727720709764176e-01 5.476047027733055989e-02 -1.359764755702327077e-01 -7.235518774374635198e-01 -1.165128104743689441e+00 -4.496458328871059118e-01 -1.113948878550077737e+00 -7.469634230406844155e-01 6.914332665144820589e-02 -1.253189912802053163e+00 -7.088178049658199198e-01 -5.564115597576191341e-01 -1.703500263954228072e-02 -1.533125799298015179e-01 -9.243485768588428630e-01
-1.465028946024740653e-01 -2.586803869771768238e-01 -3.443906626026416173e-01 -1.447629728837127872e-01 4.211015313303593383e-02 -7.064789444945429597e-01 -2.333473983660504514e-01 -1.197422923252479565e+00 -3.533129753346280211e-01 -2.257400735499671907e+00 -2.557658625537584385e-01 -1.252864492156208487e-01 1.095847667432944539e-01 -4.751886536319681609e-01 -6.718144574554540949e-01 7.313571553445653850e-02 -1.724677351103505174e-01 -1.010716886787730973e+00
4.282110784781555379e-01 1.445126611350242563e+00 5.778848193502420516e-01 2.906947916676135835e-01 7.783742658448948859e-01 8.981302174471512967e-02 1.210855882691036722e+00 -6.568528918094862501e-01 3.175530408519129377e-01 -5.028082617376789187e+00 -1.543526035779963612e+00 6.288213567417275662e-01 -5.312320907712180240e-01 -2.403538584466289318e-01 7.198802805148345474e-01 6.648045731257068436e-02 -2.434502761553800187e+00 1.885314279546051464e-01
1.905989318542452293e-01 -1.017013721410555904e+00 8.988668494368583506e-01 2.728413281543122237e-01 1.702218806786673699e+00 8.214609557912606608e-01 -2.386325676540184126e+00 -1.256122513062263524e+00 1.941347585139291676e-01 -1.183983548620666904e+00 -8.489379485505870182e-01 -3.258017435353466773e+00 -9.165294564169853553e-01 -2.147416046927097255e-01 1.272876311760750279e-01 -2.838586357986685016e+00 3.331090969435142324e-02 -1.292176320238740628e+00
-3.307343700151160193e-01 -2.550802661315260678e-01 1.717748110425129648e-02 5.096272035710304182e-01 4.276120458358103615e-01 -1.808710115481840519e-01 -2.829844956983754156e-01 -1.221731215649882518e+00 5.676244430164618660e-01 -3.443195149729278537e+00 -9.974110666642771461e-01 3.377800248501293678e-01 -3.101159245665475184e-01 5.839073921448910409e-03 -2.558445595490001570e-02 -5.309778468144110697e-01 4.160678366293831254e-01 -6.695362420827080108e-01
-2.753605383968352194e-01 1.372292542339336618e+00 -5.408983388341995768e-01 9.222433776869644328e-02 -5.359675184822486615e-01 -7.365239609523887010e-01 -5.149207363435723966e-02 -7.837970805033572796e-01 -5.511139647446526846e-01 -3.281096497772067355e+00 -3.420137237009226450e-01 2.870083418234632353e-02 6.670988780725142786e-02 2.176909707581303755e-01 2.106428415139722024e-02 -3.029405421793597841e-01 -2.959969041900600284e-01 -3.387399804072209752e-01
1.812883360209289751e-01 9.450134093623117071e-01 -6.085471025379143514e-03 4.387699596167231597e-01 -2.735398860222923445e-02 -9.376984413450305256e-02 1.100138350132804366e-01 -4.941136227411977999e-01 5.259855825537883556e-01 -3.514217376213961685e+00 -2.201526362589160679e-01 -4.734710116324696849e-01 3.055616444352607930e-01 8.890283031548411319e-02 -3.868771766018804237e-01 -7.320357640462809012e-01 4.841878200348015970e-01 -4.648290536831081038e-02
-6.769569342747784602e-02 5.175480847061073586e-01 -1.089432029893914189e-01 -4.045014069502047005e-01 -2.858554329738037247e-01 -2.570635781574528433e-01 -6.271917284291937955e-01 -1.181179617467234877e+00 -1.019357810033780787e-01 -1.873856390745094247e+00 -2.855241282405069914e-01 1.591444961285971849e-01 -1.784120015462986042e-01 -5.464309997756017223e-01 -9.417916837200464297e-02 -3.340834149004968667e-01 -2.044261160259946974e-01 -4.660468698121734143e-01
1.019692695600517451e+00 -1.483968365271349121e+00 -6.542903437344566031e-02 -2.760660379948172705e-01 -8.965457164544791135e-01 -6.075603609622762802e-01 -7.801443303582928923e-01 -1.060832142745498086e+00 -4.189295037402612221e-01 -1.275983812527119676e+00 -3.999342483408773741e-01 -6.065897675574837174e-03 -6.209340449128796235e-01 -3.737030733146693429e-01 -6.250844556053416490e-01 -1.194305110752992283e+00 -6.615527516646783068e-01 -1.199226075592639607e+00
-4.893672638361110661e-01 -2.698412788561493914e-01 -1.178230788577884630e-01 -5.063575215498692383e-01 -2.874833452676506806e-01 -4.226194351975425811e-01 -2.033057590921347191e-01 -1.283655458861279186e+00 4.504797714113682738e-02 -5.363073972231265252e+00 -2.917653139902985915e-01 -2.352059468373758622e-01 -1.230118227481324794e-01 -4.916445865225214235e-02 -4.593525317612323078e-01 -9.032640044925403441e-03 -5.695630865271759102e-01 -7.196106202371502780e-01
5.025449816097747949e-03 1.498412432965535723e+00 -3.306863186168506052e-01 5.093755504767758513e-01 3.913872752487273510e-01 -2.090036601767016056e-01 1.197605438576631931e+00 -3.328418864490652052e-01 1.318892723359892660e-01 -4.480739018838399090e+00 -7.803775120964746570e-01 1.476888733597997716e-01 2.303774319591630343e-02 -7.763371381291557516e-02 2.145681192262919312e-01 -1.922916104601748999e-01 -1.511915381243347456e+00 -3.437209451391330939e-01
-2.468902583523342048e-02 8.230206040592480399e-01 -1.288345214018714380e+00 -6.586874317054799977e-02 -4.034858726777540983e-01 -4.645801644111736128e-01 -1.500702545430228296e+00 -1.121553139150834877e+00 -2.446116241583681239e-01 -1.011069164124191566e+00 -1.310141554390657423e-02 1.016442280505656798e-01 -6.379878335124817834e-01 -4.968462922040492447e-01 6.173057693382662248e-02 -1.204794098239973188e+00 -7.746380797456603462e-01 -3.842465507644883815e-01
-3.529358799045221318e-01 5.591815313260988241e-01 -8.752417725061777398e-01 -2.793135785768237067e-01 -3.865820850047859136e-01 -6.587743500591424217e-01 6.402502045973645917e-02 -9.717969290548368333e-01 -4.701826550805671828e-02 -6.175713921257970362e+00 -1.912921397545457591e-01 -4.785403698661196831e-02 -1.736463525508760986e-01 -3.763654310609008125e-01 -2.682499255522921566e-01 -3.143921269976666238e-02 -4.461545921760029509e-01 -4.382220817502194832e-01
1.190497602165316131e-02 -2.300645845610046702e+00 -3.283757050675547573e-01 9.651301871853727385e-03 9.161274217417780807e-02 -3.467507693450728179e-01 -1.228923894598108912e+00 -1.150402429498506018e+00 -1.003580115764791891e+00 -1.459772940777263273e+00 -1.079391821844159605e+00 -8.073632186468928662e-01 -1.416316127088032006e+00 2.239456236703298297e-01 -2.303463505478202666e-01 -1.924000497982513436e-01 4.010910088333269341e-01 -1.463813837459213563e+00
7.273497733616833549e-02 1.323847037739359855e+00 -7.397370453814701152e-01 4.581346904155423477e-02 5.294607701289066881e-01 -4.734908416626504857e-01 3.507574371525638834e-02 -7.346663727186596438e-01 3.615528847111128541e-01 -4.392256598488200936e+00 -2.412324854461267709e-01 -2.112672418875566616e-01 1.672674042197738464e-01 4.300481368644245433e-03 4.475581556763747471e-01 -2.983265163028074318e-01 -1.468838640208438850e-01 1.732275429075171708e-02
3.637013399450964579e-01 9.145409568903837272e-01 1.093553976455490462e+00 5.238734416733678567e-02 8.951701696500764527e-01 -7.983729865995704833e-02 2.563990182214481273e+00 -1.131506260753103010e+00 -2.493615531933163210e-01 -5.380033720097000760e+00 -1.088558302229116981e+00 1.615676041794422257e+00 -4.397759239567672895e-01 1.255200273923715304e-01 -1.624624619130020931e-01 1.225423937340483160e+00 -3.630892301364719632e+00 -4.360478678233521976e-01
-5.738933272300786870e-01 -1.780664780511832801e-01 -2.075689117401876560e-01 -5.754440041448966037e-01 -3.913994191435566372e-01 -5.455976540900269178e-01 -2.728540708469334719e-01 -7.980970425535847124e-01 -5.828055199866141178e-01 -2.041388880061845157e+00 -1.905267054542903182e-01 2.828690995518921489e-02 -5.651936681578276778e-01 -2.650296535557434829e-01 1.220726955307812056e-01 -9.755306364941501718e-02 2.133967381951202835e-01 -9.335923133145709318e-01
7.409331673623123504e-02 3.712255684118019872e-01 -5.200684629236295153e-01 3.888428356450875367e-01 -4.188228727048747824e-01 -4.331143310589987694e-01 -4.477471305485059005e-01 -3.508216690696700502e-01 -4.122969616309488800e-02 -2.115689049107767339e+00 1.900745881207844407e-02 1.664053474994920123e-01 -6.191389718213211601e-01 4.462619249072101169e-01 3.820894483897105398e-01 -3.114675936883199436e-01 -2.928341012097978591e-01 -3.535192712865434239e-01
-3.956183573366368056e-01
1.384984000386025593e-01
1.543839585425230476e+00
1.889048097013205529e+00
-4.174810230295057482e-03
1.999575052999765790e-01
5.033645331672778056e-01
-9.987686238227042046e-02
-5.329198568759819787e-01
1.663644043370194614e-01
1.631465726870434896e+00
1.429482705788542196e+00
5.594314246276211877e-01
-6.975355917132092243e-01
1.199732926499561980e+00
3.390809356388374773e+00
-4.255111176661562078e-02
3.873066978827131024e-01
ReLU
0.2
18
2
2.521987556513908824e-01 2.921295924002326530e-02 1.276334321542092809e+00 -1.137956042919880950e+00 3.747633380747666249e-02 -6.580421300496797077e-03 -2.928121260921524582e-01 -2.348300121472536237e-02 2.137172749901813384e-01 5.652002149529092995e-02 1.074019365905758638e+00 -5.847063018465701312e-01 2.008802988897044617e-01 3.840537328963200547e-01 1.892925230615150611e-01 2.642288902682619067e+00 9.828773116699855705e-02 2.565331793273442976e-02
8.962422329304550739e-02 -6.369613768548905430e-02 1.188427188694061609e+00 -3.922101360170524575e-01 1.419406640385090235e-02 -6.460592006094069417e-02 7.851756883374463869e-02 2.370138601459569408e-02 4.352807254208719279e-01 -1.256359844539357284e-01 9.064505052492487502e-01 -6.014213122166136571e-01 6.822284034418854559e-02 9.726050623982067378e-02 2.064313220259227089e-01 2.486010880169743142e+00 -5.828906076065729774e-02 -1.438728942638330677e-01
6.652075891935808727e+00
5.497031262782928529e+00
Linear
0.2

ct 2024-06-12 15:10:38.047467
