noname
4
4
4
8
1.970887531969763984e+01 9.704526602363296173e-02 9.611663793573941295e-01 5.009106381893841942e-01
1.964062250610054405e-01 1.966335346131574013e+01 -1.886200115360116314e+01 -1.816269637211077637e+01
1.994831864952879741e+01 8.265485466328017505e-01 9.712369537669149899e-01 2.964259714607458962e-01
1.995494301584343333e+01 6.805314391455313805e-01 1.941714185246113944e-01 4.409024170322469738e-01
1.905478019932833433e+01 4.269852346190636805e-01 1.356874724026994605e-01 8.170721502343075704e-01
1.983093944664581798e+01 1.748210129408487301e-01 1.024631352558628972e-01 3.766588778077097077e-02
1.987867222675339107e+01 6.412688121552558851e-01 5.309599132119297016e-02 8.287621023105841145e-01
9.092710695544037325e-01 3.640243245519487747e-01 2.331622081704765037e-01 2.504170447274887273e-02
5.853925400444380811e-01
1.903667535361286056e+01
8.862202637345758527e-01
6.282562574195217353e-01
4.380857356669091707e-01
5.330080078598600224e-01
3.277491036341809161e-01
5.294170935008902790e-01
ReLU
0.3
8
8
9.538371294840299885e-01 -1.845050887464323353e+01 8.235155522436137243e-01 6.720004402733933402e-01 7.337344369974875269e-01 3.551094697868906747e-01 5.141851671879880126e-01 9.203170297166979319e-01
4.321081570945489725e-01 -1.839520447599460340e+01 2.325243096385544161e-01 2.859261291838093855e-01 1.102958950720826607e-02 1.452295241398102177e-01 3.188957524221399109e-01 9.269690021025148718e-01
6.989288428065275616e-01 -1.836300550501493589e+01 2.683855067144912121e-02 5.240321647734245136e-01 4.968407792281621105e-01 7.570935458477285884e-01 6.644493627257334889e-02 5.084545092896712859e-01
-1.844843707651784115e+01 -1.891318599824095514e+01 4.714464720536426512e-02 1.063464684595523124e-01 -1.875634684939282337e+01 8.434541643652924137e-01 -1.805020558768900685e+01 4.364659637675671888e-02
-1.842096413568084756e+01 -1.888027255511549640e+01 4.296516590266019620e-01 -1.860090613693559547e+01 -1.846965207414070420e+01 7.516343861291368000e-01 -1.833802785786833667e+01 6.489021249150468407e-01
-1.846950353529435418e+01 -1.851430472113069570e+01 1.873935835198151101e-01 1.753569939809676015e-01 -1.817146268462989411e+01 8.925177044734979859e-01 -1.862171377255174676e+01 9.971825880126434782e-01
-1.848265061573930979e+01 -1.841011852104066904e+01 9.976868063504077400e-01 3.976177295269156531e-01 -1.896567785490076830e+01 2.220737746479244379e-01 -1.859620964937409582e+01 5.817960827969790305e-01
-1.798494488498852917e+01 -1.819019890604961631e+01 3.492622488303486206e-01 3.092294808863158551e-01 -1.875477683143362739e+01 9.138607802877256603e-01 -1.862139345081212127e+01 7.223686411753202918e-01
1.069186379623894512e+00
3.543138966792611644e-01
6.507073446688986795e-01
-1.868015999320324028e+01
-1.889047341147072601e+01
9.545597121756157488e-01
1.528033474500064826e-01
1.085240256768795097e+00
ReLU
0.3
8
2
2.358796456535318664e-01 2.753633855070801162e-01 3.180038232953525945e-01 6.220646809527643484e-01 7.116089978383612902e-01 7.674780186879973654e-01 9.066912179346309220e-01 6.885415862365477091e-01
4.252592804336032817e-01 4.863567881167841778e-01 5.850748200022071188e-01 3.576600315444409262e-01 1.870749763016359424e-01 5.917720226367573222e-01 8.183559951831637092e-01 4.374789588124330386e-01
8.928788118480609270e+00
6.978867886812127885e+00
Linear
0.3

ct 2024-06-03 12:13:57.221001
