noname
4
4
4
5
2.837794045354779193e+00 -1.101079481032475882e-01 -3.278857910858918245e+01 -3.328773865789563136e+00
3.681990796964125789e-01 -2.935612384481304238e-01 -3.001387695992109528e+01 -2.504387390328620899e+00
1.069913127475623921e-01 7.792355563548569730e-01 6.966805619555014317e-01 3.162663270495515849e-02
5.611368510734709991e-01 3.389289023602851114e-01 -2.486849186027692937e+01 -1.473474405245410068e+00
-1.801434502144039884e+00 -1.748848857338525686e+00 3.403350253698390615e-01 5.929175856557322710e-01
-5.350409395920178390e+00
5.909616227220240603e+00
-3.624820160869457464e+00
6.895604810810545438e+00
-8.380861684355293661e+00
ReLU
0.1
5
5
-1.201559775750496106e+00 -2.313615377998808231e+00 -1.195055929309327469e+00 2.986500696721555492e+00 7.504000417086347241e-01
-2.046476341371184504e-01 -2.580915793573175687e+00 2.084713848405335967e-01 -4.206329659939670451e-01 -1.142021672106722230e-01
-3.312848850189988426e+00 -1.941340870328923440e+00 -7.287131508031416960e-01 2.120748470016454723e-01 1.616691543922840202e+00
-8.094383215695869493e-01 -4.703923365158376724e-01 -3.748111735982149195e-01 -5.243764023173363986e-01 -1.920765638164610156e-01
-1.014810726241154537e+00 2.186301827561440148e-01 1.471906799703583957e-01 -1.680971210859253384e-01 -4.914165662058864181e-01
-3.544674453093598493e-02
-9.593582009513030862e-01
1.202718837575132094e+00
-5.617444746051348803e-01
-8.685065727699272653e-01
ReLU
0.1
5
2
6.736418198578634220e-01 -2.079671397789361054e-01 -1.257736974325696755e+00 -4.317923551593801923e-01 4.877295129701911258e-02
8.123479400080935164e-01 -3.695748066771289420e-01 1.176862942705395598e-01 -4.841550745490555974e-01 -1.242088449246542825e-01
2.985486509635949304e+00
1.664420626084670118e+00
Linear
0.1

ct 2024-06-16 11:09:51.622400
