noname
4
4
4
4
-3.418410029178925225e+00 1.682866220170459615e+00 3.533421333887562632e+00 1.206953478673674196e+00
-1.586246902859961283e+00 1.206296104331541663e+00 2.500433597545550768e+01 2.533706411074047260e+00
4.047999152540948664e+00 3.050470462554298212e+00 3.749849622165874585e+00 1.655538480263021528e+00
2.033241666300874773e+00 1.787881965030723996e-01 -2.360298501457607401e+01 -1.470766416124989595e+00
-4.147248364816758404e+00
-4.767255881411905705e+00
1.577853709383779446e+00
-3.692298684577465462e+00
ReLU
0.1
4
8
-1.332034322218379030e+00 -1.241631867473609985e+00 -1.003065453233951548e-01 -5.726479762463001499e-01
-4.050273170824694180e-01 -5.436326724646370900e-01 -1.355046710497783247e+00 -9.630111754782348654e-02
-1.893475180332090391e-01 -1.424597847837495879e+00 -1.220238827639579693e+00 -2.024278933290394100e+00
3.425719143883489970e-01 -1.634979804871228071e+00 4.507063945024013529e-01 -9.868894098725040642e-01
0.000000000000000000e+00 0.000000000000000000e+00 0.000000000000000000e+00 0.000000000000000000e+00
0.000000000000000000e+00 0.000000000000000000e+00 0.000000000000000000e+00 0.000000000000000000e+00
0.000000000000000000e+00 0.000000000000000000e+00 0.000000000000000000e+00 0.000000000000000000e+00
0.000000000000000000e+00 0.000000000000000000e+00 0.000000000000000000e+00 0.000000000000000000e+00
-4.088192525724335114e-01
-1.152256667306995191e-01
-3.300247304112276236e-02
2.681386600727615921e+00
0.000000000000000000e+00
0.000000000000000000e+00
0.000000000000000000e+00
0.000000000000000000e+00
ReLU
0.1
8
2
-4.374852595440019698e-01 5.787629046264778365e-01 4.475456732026311113e-01 1.242740103471745350e+00 0.000000000000000000e+00 0.000000000000000000e+00 0.000000000000000000e+00 0.000000000000000000e+00
-3.474277867253078300e-01 -2.585245168361965593e-02 2.370977672087401233e-01 1.359403938455741034e+00 0.000000000000000000e+00 0.000000000000000000e+00 0.000000000000000000e+00 0.000000000000000000e+00
1.346389083588204416e+00
1.109646917570692670e+00
Linear
0.1

ct 2024-06-15 19:11:02.748227
