noname
4
4
4
3
1.828171714055276009e+00 1.705425211908198513e+00 2.882654537381721838e+00 1.055138174538245766e+00
8.238664519082934401e-01 8.744757022749558573e-01 3.486497335495815086e-01 6.388851359251700446e-01
-8.300819332481105262e-01 9.935826967690705169e-01 9.200695310154618056e+00 9.611473416197328090e-01
1.166227659680761475e+00
4.041370394043900666e-02
-2.240875195147887133e+00
ReLU
0.1
3
3
6.948286365540601306e-01 -6.033319224955482202e-02 -3.055236450098488543e+00
-5.691265872760099126e-02 9.552541828484659159e-02 -3.887443785260183415e-01
-6.039601981074176340e-01 -5.188409750285487565e-01 4.070033570406110801e-01
-2.190315697264201902e-02
-1.002443593245850792e-02
3.292261839285226532e-01
ReLU
0.1
3
2
1.109886013433202478e+00 6.222681846503289038e-02 -2.967794342312192191e-01
9.190061307443319061e-01 9.118950736577711991e-02 -2.609352110669809210e-01
2.023105429121763610e+00
1.670245440334430009e+00
Linear
0.1

ct 2024-06-15 19:38:17.687538
