noname
4
4
4
3
1.744446308902706466e+00 1.970354456196544257e+00 4.024159543181359489e+00 1.338589929885345420e+00
-4.958066477739364597e-01 9.900484745414773746e-01 7.154174294390891475e-01 5.311069572371247549e-01
-9.339238585734329634e-01 7.315300609994679348e-01 1.522175941044140046e+01 8.840479919157937516e-01
1.210960345128079485e+00
-4.011073413247083774e-01
-3.237832957265268430e+00
ReLU
0.1
3
3
6.523465070051923664e-01 1.355434458873580883e-01 -2.650744252696605407e+00
-5.691265872760099126e-02 9.552541828484659159e-02 -3.887443785260183415e-01
-5.843176218527681431e-01 -3.871527032575963201e-01 2.217641310957648049e+00
2.236342820687700350e-01
-1.002443593245850792e-02
2.870447627442582195e-01
ReLU
0.1
3
2
9.926171803317288544e-01 6.222681846503289038e-02 -3.151036416797280415e-01
8.568215312062479327e-01 9.118950736577711991e-02 -2.027808857770068696e-01
2.414555179046829814e+00
1.988560575967176947e+00
Linear
0.1

ct 2024-06-15 19:38:23.049359
