noname
4
4
4
6
2.040032617388882752e+00 1.407240809129281178e+00 -4.522557428635548860e+01 -8.157006901617697148e-01
6.837612005670228033e-02 7.784628041560501810e-01 3.878561750889090121e+01 1.983226951165116603e+00
4.352734185404084855e+00 7.044570752383990886e+00 7.189450316852828315e+00 5.041932627770005837e+00
-2.725031404607175745e+00 2.130605504196458000e+00 3.041650757302260644e+00 4.144059472610209238e-01
-4.549994441157829278e-02 4.730676309140342539e-01 1.014388499970441160e+01 3.535523823484669759e-01
-1.490020006598895108e+00 1.482253580600412013e+00 2.782133151113507452e+00 1.369279540654888550e+00
-8.102816701759806506e+00
-7.398087900694413577e+00
3.336223019527989386e+00
-5.884490913599684347e+00
-3.125535891605437211e+00
-3.232749308631539531e+00
ReLU
0.1
6
6
-2.072441848950321297e-01 -7.562472117631634516e-01 -2.041145083143381875e-02 1.758025228501425563e-01 -2.861923223598312305e+00 2.180302297718340054e-01
-2.344449584101058193e+00 -1.643253013813967156e+00 -3.977983491801986737e+00 5.822995810989696208e-01 -2.168492585840013476e+00 -6.698888013009556275e-01
-2.559048637924361130e-02 -1.467434108541291471e-01 -1.587787536156370638e-01 1.400807380169609151e-01 -2.633099900685981432e+00 -4.106482345807305756e-01
2.696596403203085912e-01 -4.537530495943282172e-01 -1.345266659388931973e+00 -2.877127382598962058e+00 -2.966046461465531525e+00 3.637704885046341013e-02
-1.390353511517984586e+00 -2.605149422356168198e+00 8.234722713669049288e-01 -7.861199825575797551e-01 -1.688210719349489519e+00 2.051381979993369686e-01
-6.060301753324197627e-01 -4.981243612667975440e-01 -1.650122150773162932e+00 2.057404223710390112e-01 -3.838637220535603412e+00 4.749201513363326445e-03
-2.261527917016352141e-01
-3.904308322976491663e+00
-1.567253978955044647e-01
-1.633680185129037232e+00
3.641239692999562738e+00
-8.367752257826964746e-01
ReLU
0.1
6
2
-1.080834409182479918e-03 -2.758652348899708340e+00 7.396118398092288437e-03 -6.388761057827353484e-01 1.111527721670646063e+00 1.682382556402296281e+00
3.268398448997034562e-05 2.971953500140773308e+00 -4.223722581203127359e-03 4.220324080384673521e-02 1.142049990515564106e+00 1.129703683989109336e-01
2.301960601006842744e+00
2.113938868107187563e+00
Linear
0.1

ct 2024-06-11 10:24:14.750538
