noname
3
2
2
10
5.362343951802703845e-01 1.892471039471907979e-01
1.319304927891892798e-01 5.403482689895565683e-01
2.332383875704409637e-01 3.016462140350106846e-01
-2.121410411351915548e-01 5.272220782164215719e-02
3.985589727149729811e-01 2.694256457056922183e-01
3.433451265136963082e-01 8.692684592883841432e-01
2.057381128633160028e-01 3.298628156142831003e-01
4.137354417468300238e-01 2.424336085480975900e-01
2.409358098139764703e-01 6.891823470469873869e-02
1.064521346473491920e-01 9.517241801461748252e-02
-1.162326988155621202e-02
5.521380454074439337e-01
6.829402165201260422e-01
4.292218568752206309e-01
-2.270573134788931857e-01
2.032286107541195763e-01
7.183500272567221456e-01
1.731064916819770039e-01
-2.788393821545948753e-02
-1.285463650156600246e-01
ReLU
0.01
10
3
5.939429717940617470e-01 2.089055684115394274e-02 7.121771923795424675e-01 6.905083971865974002e-01 6.742903497040028116e-01 6.727365682175360240e-01 -1.057571919625892587e-01 2.889070423837819535e-01 3.139213604526826518e-01 -1.485870367311917239e-03
1.529058526250922367e-01 3.176187254183072128e-01 2.293242656545859681e-01 2.016970672961154176e-01 6.903264313353660864e-01 5.195057174837871550e-01 6.272573347940935129e-01 8.670405281582813095e-02 7.788808962024179605e-01 4.727027219072156283e-01
3.971534585270757867e-01 6.011173550467803217e-01 3.204307710162571654e-01 2.366671514364459272e-01 3.399802783422318231e-01 8.754795638536209956e-02 8.642100768941590738e-01 5.996271392658586441e-01 2.131033991330243960e-01 6.590850797559150154e-01
-6.021553546494185644e-02
2.358268473714661972e-01
2.139029097627181616e-02
Linear
0.01
