noname
4
4
4
5
-1.160424703371213617e+00 6.561898609954254225e-01 -8.803178149361786664e-01 2.880088494246869635e-01
1.438567341240991615e+00 -8.224069749369842253e-01 -2.433837264454802352e+01 -1.029203928014407410e+00
-1.647379342871931440e+00 2.039414142858048784e+00 6.049205164504350307e+00 8.045818861866995686e-01
1.060507843298925446e+00 -1.210631880099745511e-01 -1.747175672634065080e+01 -8.355483192770388756e-01
9.456268268078349415e-01 -8.241933628636065601e-01 -2.010811737558162449e+01 -1.201086422075949178e+00
-8.194527180854769277e-01
-4.825712403737115075e+00
-3.402269154249050409e+00
4.733640221527026348e+00
3.214686571591825359e+00
ReLU
0.1
5
5
-4.204603399976976075e-01 -3.017040428400833640e+00 -8.119616507041947928e-01 -3.248175121492498096e-01 -1.344314100793549738e+00
-5.499642418695582791e-01 -4.359209608145561354e+00 -7.508528773609229878e-01 2.212405322608153035e+00 -1.913478617640461010e+00
-3.097555508756100195e-01 -1.403023750242846646e+00 -8.815037086016063173e-01 -9.461012815452475577e-02 -2.702509411228725678e-01
7.393514287210302127e-01 -5.142480141909385738e-01 -9.548431077031006575e-01 -5.166053413042348552e-01 -5.112307934936873854e-01
8.895965601671149692e-01 -2.581233458861451613e+00 8.895965601671149692e-01 6.930117046223489563e-01 7.104805707480784660e-01
-1.410568213901373547e+00
3.971198825980605807e-01
-6.440128192334820811e-01
-7.353682303414453836e-01
7.566290291795135792e-01
ReLU
0.1
5
2
-1.331254731890630261e+00 1.368875781130850955e+00 -6.868116443571167240e-01 -2.620245959396095420e-02 7.889117044364556408e-01
-8.403340945136895668e-01 1.121668608538924250e+00 -2.910120336517687534e-01 -4.813234335246391882e-01 9.437121751733293928e-01
1.263854635887139866e+00
2.052053407613375846e+00
Linear
0.1

ct 2024-06-16 10:32:37.614352
