noname
4
4
4
16
-5.804491489590700715e-01 2.488418272660262165e+00 2.695261246069233341e+00 7.949319800623935173e-01
2.154661206831771092e-01 8.303658024466022136e-02 -2.958702957376151410e-01 1.146457562697296845e-01
-1.323282323613204747e+00 2.215165687270489681e+00 5.433543271385278928e+00 2.302166080717892527e+00
1.834657110452094564e+00 3.064139555637370727e+00 1.650885426853523130e+00 1.375376067639950461e+00
5.723199611722026292e-01 1.811666871209944296e-01 2.000285335476325865e-01 4.640583248329899213e-01
3.228612165340662976e+00 -1.008988659396812260e+00 -1.299460689730575957e+01 -1.073271146583851809e+00
-1.538437620456063470e+00 1.271237940799349486e+00 3.019929809540905730e+00 5.433527855968981468e-01
-6.242918834424819596e-02 -1.885837591117996426e-01 -1.712836606250844440e+00 -2.734858360553247061e-02
-1.301836025220177495e+00 7.310306893237979997e-01 3.073329534160933019e+00 4.583164334114173677e-01
3.964015372456618724e+00 2.714612985967701508e+00 1.862024237232451140e+00 2.490656323488230406e+00
8.264659103231987436e-02 -2.312567950513590501e-02 -7.630273449101020455e-01 9.090665534319548602e-01
7.012810625161484124e-01 3.180211257148890525e-01 4.766434604151124632e-01 3.374333976739277707e-01
-7.129767194353799076e-02 4.218781362203681828e-01 1.584722445309132199e+00 8.203362697648552970e-01
-6.936358895981104000e-01 6.871926131233164758e-01 1.017500169598296034e-01 3.295086159634948442e-01
4.262989205492725198e+00 1.680643683734057037e+00 -1.195532441548699643e+00 2.451487679056485458e+00
-2.160995445499546808e+00 9.545518380960513749e-01 9.665676212916270993e-01 3.114166174747597937e-01
-7.229395348705957014e-01
-3.550813676194996549e-01
3.962355710122720254e-01
-5.130433263745165506e-02
-1.111507452035755072e+00
-1.535646637405074566e+00
-1.900810534247282302e+00
-1.057179683433124406e+00
-1.356594527193955901e+00
2.213561810952542341e+00
-2.520671163224799560e+00
-1.319018619167623863e+00
-1.941523523701011777e+00
-1.018076375829449987e+00
3.986988264874603005e-01
-8.907529031711746148e-01
ReLU
0.2
16
16
-5.231548213185042151e-01 5.463771316813828549e-02 -1.042475811974262756e+00 -7.384376699471792982e-01 -2.417969712101274149e-02 -1.565308714348464525e-01 -1.197976810289398175e+00 3.418896463866243907e-01 2.544385168530601260e-01 -4.242088958317151159e-01 -6.166275041883623187e-01 -6.014586714129694922e-01 1.730333817270505448e-01 3.886577664322320991e-01 1.394433380503841240e-02 8.537942472707482286e-03
6.829554111279786954e-02 -4.205044430892881935e-01 -9.029823564312208228e-01 1.690040717957270455e-01 -6.375723723926528530e-01 -8.327929136355529671e-01 -6.265542048686093546e-01 4.574761946257923095e-01 -1.073659677152436931e+00 -4.367345580298863661e-01 1.159318290663629292e-01 -5.401946710361463788e-01 -5.858684994276709412e-01 -3.829389205070438673e-01 -9.497894579917419700e-01 -5.317593323270813910e-01
-5.849588616191110368e-01 2.872694382850521921e-01 -7.290902457870979125e-01 -6.619873219699986544e-01 -2.258844736883757753e-01 -3.454274536492051295e-01 -1.855828953300282524e+00 -6.974740854074942265e-01 2.743961622254323038e-02 -4.001148594998103492e-01 -8.009655369143144910e-01 -2.400787725870729417e-01 2.227339417726278414e-01 8.642603513808062576e-01 7.426263910280188618e-01 1.652355458800053578e-01
-3.640084607507215048e-02 -4.748323211388301712e-01 -1.197969104402938773e-01 -1.433619422516981858e-02 -7.550698033811679144e-01 -8.524909443829559175e-01 -2.136114950623848874e-01 -4.335204147421027332e-01 -6.510741566137463465e-01 -5.897908442924150174e-01 -2.699258565934731235e-01 -6.255475637609035910e-01 -6.655855129467074249e-01 -4.486531248239552516e-01 -1.698846683278077696e-01 -5.685482417117558862e-01
-4.346221639880045173e-01 2.629085879510319190e-02 -4.228657712657906687e-01 2.865583245463737549e-01 -6.554462427436249516e-01 -1.227674739544115434e+00 -9.149941084857320384e-01 -2.962858046809887513e-01 1.901653511071841884e-01 4.450705610511886123e-02 -1.004597695515363709e+00 -9.888638575368741135e-01 -2.707430245388953161e-01 -6.124328734957991127e-01 -5.147403618019628924e-02 -3.563933202666641487e-02
-1.591947336460869111e-01 3.843828686033214370e-01 -6.694878850404232251e-01 -8.393996693159004596e-02 -6.765394880135146005e-01 -3.794086221372834355e-01 -1.551362003772613019e+00 -3.618042078368494674e-01 -4.116192546922116668e-01 -5.909212262650911374e-01 -4.414561557892656141e-01 -1.036129699052336539e+00 2.851459073160822477e-01 -5.537242628360179442e-01 -3.682145817645104402e-01 -2.565742574898225437e-01
-4.118833032934978711e-01 2.470314422392797526e-01 -2.818984344745216752e+00 -1.060267532963134807e+00 -5.503127893034045481e-01 -1.105953595298080572e+00 -3.994147967559438794e-01 2.212430201194611201e-01 -1.264229899580247451e+00 -1.275465072630929564e+00 -4.492067756284533475e-01 -7.830221110470062529e-01 -5.537985580344144676e-01 -5.437175629484455319e-01 -1.314131926320125432e+00 8.344551976591169096e-01
-5.175511105131472833e-01 3.076254470765763527e-01 -1.349360846247071422e+00 -2.693065142738010898e-01 -2.372313082990410438e-01 -2.308130264663962095e+00 -2.194902850565499719e+00 -8.234416559489672605e-02 3.028160025996866622e-01 -1.031233789478815055e+00 -3.419792807136967649e-01 -2.256337894241458308e-01 -6.600465312670600326e-01 2.633267482825576433e-01 -1.202816029760303884e+00 -2.095907732696072334e-01
1.668393741320212953e-01 -2.251393288236579748e-01 -3.136615567016721506e+00 4.158300873682052035e-01 -5.530337843739286940e-01 -3.368370796810656320e-01 -1.307644463092274334e+00 -2.796244971671563162e-01 -1.328849342068198769e-01 3.622126224000139505e-01 -9.687862931006802070e-01 -8.174742787331530369e-01 -2.838695792541723883e-01 -6.367494561266796860e-02 -7.612200821929875350e-01 -1.065880904026592912e-01
-6.316734447341798564e-01 2.084511024859222461e-01 -7.857604268298965522e-01 -8.816069507323336385e-01 -3.910200929454220597e-01 -4.206830055535423774e-02 -9.113859526580925241e-01 -3.626666208459522478e-01 -7.416735222612305112e-01 -4.149094029837777087e-01 -7.767894026315800282e-01 -2.656723582040655396e-01 3.577270828148857995e-01 5.146702129848002016e-02 6.241339714817910611e-01 -3.614429568684340843e-01
-9.724583302664201456e-01 4.541776409950866733e-01 -2.168437186272475614e+00 -1.245550814875754808e+00 -1.187714155095349833e+00 -2.047750727545965876e+00 6.570773694319422820e-01 1.854227285113529411e-01 -1.294399823462827337e+00 -4.511957232305562115e+00 -2.174130428794509573e-01 -6.240584677171591155e-01 -7.194807697132136193e-01 -4.137435033092280445e-01 -2.391197359220152308e+00 6.040518788336340927e-02
-1.149992914897845386e+00 -1.624617010812694773e-01 -1.841112927198332416e+00 -6.117525411772753996e-01 -6.679215744973224789e-01 -7.551869553429585435e-01 -8.609525442191222622e-01 4.063885434802287366e-01 2.666843385893449131e-02 -1.212169072946247400e-01 -7.127376383275861871e-01 -9.769406221060529250e-01 -3.382230126580595964e-01 -6.606651137927913031e-02 -2.810248380972678595e-01 3.074989238957861470e-01
3.360912892199773849e-01 7.904753795294189311e-02 -1.512151607400183395e-01 6.785537961709459109e-01 -6.437983338290145241e-01 -2.010637101608989230e+00 -1.389472844004767005e+00 -1.038864599693210655e+00 -3.556132184366602167e-01 2.210374471312174904e+00 -1.648161358122252895e-01 -8.188439051583752404e-01 -3.373420417964689572e-03 -4.902582455884657020e-01 1.078748893634990491e+00 4.494898982855644043e-01
-1.344829919898416215e-01 -5.667355161370194461e-01 -2.154184248685958813e+00 -1.790997609019132186e+00 -6.276219766259990562e-01 4.577143886479464463e-01 -4.796744137282604181e-01 -5.743284836287579909e-01 -1.606754008596536387e+00 -3.282853424762971262e+00 -1.784801428928560196e-01 -4.759280487950670047e-01 -5.387870413766718825e-01 -1.694137949580335227e-03 -3.652897163765017385e+00 4.556885772516325872e-01
-1.660105749706730291e-02 -3.610377591260590102e-01 -1.662414243433513850e+00 -4.937117519249834552e-01 -2.439209031823495188e-01 -1.910493415954115592e+00 -9.765809825679868661e-01 -2.303186058567292527e-01 -1.880307273315426353e-01 5.668356815758986977e-01 -8.608350849746507771e-01 -1.050796754076603612e-01 4.431520470154840519e-01 5.924242025985685528e-02 2.464340612325311708e-01 1.530714916976529116e-01
-1.252080648470449198e+00 2.039422289105098374e-01 -3.507729297009730907e+00 -2.267156679987380574e+00 -5.862552942490729668e-01 -8.178185592607767340e-01 -7.326353539501193612e-01 8.808116626903367274e-02 -7.927845910614056413e-01 -3.593249820443666032e+00 -1.860560027447247522e-01 -1.254741455568316955e+00 3.174234327582939330e-01 -5.136770697204745550e-01 -1.525592773604520280e+00 -6.126806180913187960e-01
1.477190325717933628e-01
-2.358427897892697855e-01
8.601874723854576743e-01
-4.192076325528253794e-02
2.494249263269990191e+00
4.269476092754335705e-01
2.632093141087609389e+00
1.156050117568387048e+00
3.954108542694481088e+00
1.194488367184323163e+00
2.241631859355080802e+00
8.226514018335548961e-01
5.125180313105902385e+00
9.463906598577155327e-01
1.995721526457030714e+00
1.025781681686596558e+00
ReLU
0.2
16
2
2.412809596123834804e-02 -2.499032419577210395e-01 1.336105202742700893e-01 3.694332050170888171e-01 7.349113441855260609e-01 -2.194902466224656415e-02 -7.220973445880454200e-01 -1.193962422935871404e-01 -1.365020975262465575e+00 -6.971369403882295146e-02 -9.455641322006278493e-01 -4.154394629499295055e-01 2.919792841832462127e+00 -5.520068567568395812e-01 3.185218414209636112e-02 -1.301471586673012437e+00
-2.186714807347976686e-02 -4.497676022197910628e-01 -3.068447132629484320e-01 4.407397841941836925e-01 4.223500972226031380e-01 -1.997132950160660225e-01 -1.614780918875268201e-01 -4.108572947172224321e-01 -1.724621862020260687e+00 -3.646095942375959797e-01 -1.034127736977432432e+00 -3.916794856342043635e-02 2.873445705113501170e+00 -5.004309098050252480e-01 -8.524810756970018222e-01 -1.452680831961741026e+00
1.062673623316483784e+01
8.265540642947835082e+00
Linear
0.2

ct 2024-06-12 11:11:31.334218
