noname
4
4
4
3
8.794968756877014071e-01 2.181069215173396358e+00 6.566818327067526440e+00 2.188259693571096509e+00
-9.838063950757472975e-01 8.399605416893394239e-01 1.311859849125460942e+00 3.112151181563612146e-01
3.038206367541762987e+00 -2.440287137360951653e-01 -8.775469919378044992e+00 1.072041249860303802e+00
3.085079683788175320e+00
-1.179332194607664697e+00
-1.009619259071734554e+00
ReLU
0.1
3
3
-8.976518995455644301e-03 -1.708173691766516067e-01 -7.116972188148769363e-02
-4.047353226129823262e-02 -6.538279552542565209e-01 -6.578688977423665651e-01
6.236463751222306451e-01 -7.227568542898671344e-01 3.587493351487008875e-01
-6.515452807118223000e-02
-4.681442390122415587e-01
-2.350636794164293053e-03
ReLU
0.1
3
2
-2.437308574767684671e-02 -9.267740974304138069e-02 8.072610476044298489e-01
9.658133520764156793e-03 1.080342908741074685e-02 6.365213465301376994e-01
2.103189830849805819e+00
2.730319336033709465e+00
Linear
0.1

ct 2024-06-16 23:31:32.290559
