noname
4
4
4
22
-1.073277404315376327e+00 1.394419590040188783e+00 -1.138799731107018876e-01 6.394760425793725167e-01
-5.718586151063340672e-01 1.037623333996152253e+00 -3.465385358062594179e+00 1.182191811642663515e+00
-2.708371555094523653e-01 3.192331893487077576e-01 -5.859723910125136381e-01 3.177249363002732641e-01
-2.070085234812545583e+00 9.767120884000263237e-01 2.857431048044850996e+01 1.665094166021874766e+00
-2.674569447118578802e-01 1.312677201649351255e-01 -4.047318087497394856e+00 2.024871537997458004e-01
-5.019091226208733936e-01 1.015403735366813498e+00 -9.620047837299657012e-02 7.031785162722233862e-01
-9.143086057315719106e-01 1.221907684654804482e+00 -3.545155261636265820e-01 6.249974608625531447e-01
-7.764873580812519105e-01 7.556944505046334637e-01 -1.710673096626589507e+00 6.339429885841416645e-01
-1.918153329712430466e+00 1.221052689255083257e+00 4.270627550800301542e+00 8.865744961256899481e-01
7.714807361705793287e-01 1.896162254429794025e+00 5.269714356893445029e+00 2.469094757980512256e+00
2.960749534724211873e+00 2.280758420311697066e+00 1.166600724614950346e+00 4.215761734827202289e+00
-8.765390019396845922e-01 4.648572073269610638e-01 2.895137936284300495e-01 3.287597280815126588e-01
-1.546287888216759443e+00 -7.221260370176785237e-02 -2.319446304755462762e+00 3.658718770366955475e-01
-1.930501799680166997e+00 3.431695091369041384e-01 -1.139941542170863908e-01 -1.740442913476969444e-01
-1.215689847959614767e+00 6.105542261202802079e-01 -3.353314553488730976e-01 4.235405651459177578e-01
-3.017442693332684556e+00 2.754219552271995330e-01 -9.838006107418894031e-01 -4.010265817965709689e-01
1.101956407191401061e-01 9.969627379256054134e-01 -2.589282670564010846e+00 1.152347911324971275e+00
-5.035412115540455202e-01 8.222017267840970867e-01 -2.213170949051639358e+00 9.710517656564690014e-01
-1.016064525315424572e+00 3.965771376787121660e-01 5.127747984821164451e+00 2.056643548881429140e-01
1.763598706141458861e+00 2.606008495842567552e+00 1.729453983662508021e+00 1.915231879476874788e+00
-1.419599022750441142e+00 1.824171131843187244e+00 2.138745103312549745e+00 6.476731125106602871e-01
-5.947993645793325790e-01 1.743180175306805468e-01 -1.988548893757955849e+00 3.141256314035184016e-01
-9.726985100414982099e-01
-1.047883372513451539e+00
-2.533204411168008985e+00
-6.275768485530416996e+00
-9.248032602982468875e-01
-4.442161096872865311e-01
-9.192648249549670858e-01
-5.149004704029996882e-01
-2.220941219685510948e+00
2.104124064429019558e+00
1.225262009195825730e+00
-4.244385854484969411e-01
-1.993497728029032023e+00
-2.984391205388091883e+00
-4.530933365353425613e-01
-1.866419697358138396e+00
-1.190109833090691849e+00
-6.299091930759256330e-01
-1.378094781909214195e+00
-3.280182592829664762e-02
-3.025351810920725026e-01
-6.530176455291353266e-01
ReLU
0.2
22
22
-2.856060754519256784e-01 -2.933866375990252795e-01 -1.435964946564129846e-02 -2.414270782827543815e+00 -4.174096543040020646e-01 -5.941554847124870253e-01 -5.229239371663867431e-01 -3.237571192023387390e-01 -1.861573614694700396e+00 -4.934798810832974336e-01 -3.640567958275645610e-01 -6.047530498554237743e-01 -1.099552660296238216e+00 -2.961341457424492840e-01 1.150758011488076799e-01 -3.073068581437918834e-01 -4.102041467064854730e-01 -5.315859009700559801e-01 -2.366083135504342405e-01 -5.086400089041077655e-01 2.844250909760604462e-01 3.355804182146026049e-01
8.524813670578380853e-02 -1.382408152352805064e-01 3.104852946798700719e-01 -2.694829641854968205e+00 5.627539644872616570e-02 -6.103316263848695966e-01 -2.384980552255991457e-03 -5.772852342759953424e-03 -2.031035204321532728e+00 -1.732760775630833194e+00 -1.092449642544168764e+00 1.201148007897877845e-01 -9.922378503949138562e-01 -1.260550597124073136e+00 -7.486490921250420205e-02 -2.730632300805746482e-01 4.028301756902338132e-02 5.916721036360454017e-02 -3.367020145782129714e-01 -1.180117625268592985e+00 2.036623234076593292e+00 3.323798118060145024e-01
9.843181915795189141e-02 1.484069968289564723e-01 1.885917435156658495e-01 -2.400632943655854667e+00 1.010970921310490322e-01 4.104029333983979372e-02 -5.723894113340418643e-01 5.244802234950587255e-02 -1.669753341850710449e+00 -1.278581707064680995e+00 -1.133326983358819429e-01 -1.182215803075781571e-03 -6.708362205102184062e-01 -5.596191814922492069e-01 3.332220454528579956e-01 -5.283956330718454497e-01 -4.825311271220416032e-01 -1.145998448519808810e-01 2.552498041505092963e-01 -8.189616943955365658e-01 7.667463414575453884e-01 4.963337054421920191e-01
-1.510901508659700632e+00 -7.148064373553567608e-01 -1.381421167089393220e+00 -5.175191557680151044e-01 -1.215454552365556218e+00 -1.446784963330279838e+00 -1.437851985439339897e+00 -1.601585044524042045e+00 -1.829176267876697626e+00 -1.513229450400845444e+00 -1.175221603904011092e+00 -1.643980459845481246e+00 -8.031389403467064092e-01 -1.185800394299556304e+00 -1.946833064099336319e+00 -7.567841366043694951e-01 -1.013196102068541160e+00 -1.197747308104835096e+00 -7.883499680070196192e-01 -8.491548823306505067e-01 -2.057593261550678676e+00 -7.544214254266304875e-01
1.099540993669875455e+00 -1.532300070256416902e+00 4.611683408367509562e-01 -1.112454411837197732e+00 -3.572016272139220128e-01 3.881240981263733847e-02 -4.376478769367983523e-02 -6.343545678304756130e-01 -8.957851655893332987e-01 1.229328369247083996e+00 -6.115824036033550293e+00 -1.337750336616502864e-03 -7.461095408515500127e-01 -8.307598272626210978e-01 -1.901481829104925136e-01 1.150442318118179097e+00 -5.448732374598492800e-01 -1.042276259595911858e+00 -7.408877377554878851e-02 2.579913485254346828e+00 -1.135034866791485131e+00 -2.050280723951196371e-01
-4.617406556268321416e-01 -6.637373206894358058e-01 -5.820380903424404728e-01 -1.118665761458225383e+00 -7.478168279254429063e-01 -2.021294920529870254e+00 -6.971029338984867652e-01 -2.119899963497666184e-01 -6.697342435177314757e-01 -1.536821769618729761e+01 -6.122671793874535418e+00 -3.868235548165915860e-01 -7.109665674029979066e-01 -6.969115831207652878e-01 -6.203448884419048293e-01 -2.061064248106777352e+00 -9.332002276722205503e-01 -6.288910599127088830e-01 -2.499223772530490828e-01 -5.041270619210397541e+00 -2.458767767073169797e+00 6.893896701482543979e-03
-2.624015620774914903e-01 1.256314296772048644e-02 -6.099658850603695281e-01 -1.517831855296152987e+01 2.627776675967821718e-01 3.668219665813503283e-02 2.108608732103568750e-01 -1.705464503969052470e-01 -2.255096136359971748e+00 9.706529170488382707e-01 8.592352908006568590e-01 -1.637273631471046487e-02 -1.490802604885310023e+00 -4.721547313754080322e-01 1.036100341342690440e-01 -5.698150128196813879e-01 -5.904001023651924696e-01 6.483686295875111527e-02 -3.969374095560761484e-01 4.917316292109243370e-01 -2.054056666783547480e-01 -3.564545563233895153e-01
2.037040496489579966e-01 -5.060347621542395924e-01 3.681334180129250400e-01 -5.011591499947654071e+00 -8.452489095421281129e-02 -8.298135764892752841e-02 -1.606767812356172942e-01 -2.381856588147632237e-01 -1.677835072428058627e+00 -1.411581022605709501e+00 4.888154714382841326e-01 -2.783091346506950670e-01 -1.185027757221938316e+00 -6.668283231332583494e-01 2.115781986621796673e-01 -1.372408780996982880e-01 -5.221654233779990939e-01 -5.253199504095150685e-01 4.764818007473987094e-01 -9.939957528977895196e-01 -6.643140450209010783e-01 4.588906018371302076e-01
1.507716423504169290e-01 -4.118584856422574658e-01 -5.042037526002153269e-01 -1.193974801232946525e+01 2.195391318865939634e-01 1.287510846385593599e-02 4.841906213803714998e-02 4.876640931849696159e-01 -1.679275143109494328e+00 1.729116049314816661e-01 7.107296096174529065e-01 -1.697123085774652207e-01 -1.244950663363816323e+00 -2.204579269905933003e-01 8.381753365900289354e-02 4.464464792711150820e-01 -1.224722683140481716e-01 2.841024575007406461e-01 4.535111107785503443e-02 1.782131976088821013e-01 2.936425107787586364e-01 -1.269709963274698317e-01
-8.312122786755385961e-01 -1.476619982983983670e+00 -8.993678633254751364e-01 -1.106150743740879960e+00 -1.587926429360523972e+00 -8.131848738452222003e-01 -9.234699551629047543e-01 -7.359745696441695184e-01 -1.200350376055225210e+00 -9.956603741910012850e-01 -9.358274376009628748e-01 -1.228752369311491011e+00 -1.239620217414208136e+00 -8.944010924854367550e-01 -1.096381067882848503e+00 -1.124206013771358981e+00 -1.420917135082989002e+00 -1.198944755088395819e+00 -9.742268483635809773e-01 -1.185775125769483518e+00 -1.380250830881509572e+00 -1.576170887216810534e+00
1.420304871957744353e-01 5.167109765836885860e-01 -2.931679251511359885e-01 -4.668583322959866777e+00 7.160684419657161737e-01 4.871670469772924617e-01 -2.934655568274006088e-01 -1.356996748079184190e-01 -1.375869631876190047e+00 1.048673342504871764e+00 1.497975364145840649e+00 6.036825407976229019e-02 -9.928959865181584687e-01 -1.524417665242555064e-01 -1.959414102856527617e-01 4.262818451209647863e-01 6.214684128100668170e-01 -1.791212180073616655e-01 -2.462880739619403014e-01 -2.290354587153635990e-01 6.039909851176604727e-01 2.710389171281543108e-01
-5.108282326060418210e-01 -4.565188717638700155e-01 4.541994678911795980e-01 -1.310653871434076745e+00 -4.461086842088364812e-01 -5.677619074304088853e-01 -4.975636898914632122e-01 2.945949529583414828e-01 -1.740948276366474534e+00 -7.554676627844499892e-01 -7.419652553686201246e-02 2.620533781928443551e-01 -1.005863556563480365e+00 -3.598131132946564836e-01 -6.038376932907371653e-02 -3.771753766934554664e-01 1.722952637191011160e-01 -1.859238096941932539e-01 -3.381497563407743767e-01 -9.903914794453045900e-01 8.153563823529083043e-01 -1.619326467201114839e-01
4.395095243561076837e-01 8.453031347021101871e-02 -5.699838825175810308e-01 -1.107557801536260200e+01 3.040374786350574787e-01 7.149163509532656668e-01 -5.833222052023439019e-01 -1.637390760524635169e-01 -1.769088678385209557e+00 -6.853883350901102123e-02 9.153924174486595122e-01 -4.125211677724892334e-02 -1.789898256423900103e+00 7.130930208671543147e-02 2.697008036127427899e-01 -3.130965134335362832e-01 -4.686731462863452102e-01 -3.208412759445825047e-01 -4.322136202646098546e-01 6.668558980963823490e-01 -3.837969781356967425e-02 1.615583548032180627e-01
6.221331127279533524e-01 -2.725416436430908584e-01 6.854773040761038549e-01 -3.574616399373840459e+00 -1.138255320183131081e-01 -1.055986975939472994e-01 4.412624443263853946e-01 5.566531009229978011e-01 -1.136292938518941753e+00 -3.222821791053896434e-01 -9.572579949196073912e-01 2.024059878831399040e-01 -1.261096679665969056e+00 -4.298568129339637722e-01 2.178362238767586889e-01 1.257555445971103025e-01 3.644090013235726788e-01 -9.129538552887049574e-02 1.222765945749418326e-01 -5.771760376526638980e-01 -3.708179640665741350e-01 5.164357653655825553e-01
6.752641594794805968e-02 -4.807213025196290790e-01 2.064762009575882296e-01 -7.361049332097739040e+00 1.634802887289637796e-01 -1.935122172296294685e-01 -4.797637478063900840e-01 2.013934704968301237e-01 -1.693778091425977683e+00 -1.195140445280178515e-01 -2.647533530168021954e-01 2.895344639624271021e-01 -1.516404358672120978e+00 -5.581897948790851549e-01 -6.342972581657130293e-01 -1.730098086456946793e-01 -5.148631474781157902e-01 -5.468073610587436129e-01 1.588769981181279989e-01 -9.708521016796369807e-01 -1.241463439537771496e+00 -4.137895996938849574e-01
4.307040999986464121e-03 -2.577905766203160698e-01 -1.445096190368980182e-01 -1.855887380226141303e+00 6.512244961847525326e-01 -7.748139087420484739e-01 -8.668772346916701066e-01 -1.315557433551271631e-02 -2.187248427007869811e+00 -1.513574906613097903e+00 7.097927207264895233e-02 4.463812560416339226e-01 -1.750572682873368535e+00 -8.574702973756712643e-01 -2.941829364178205619e-01 -6.728304872688835037e-01 -1.545586694598519162e-01 1.043106572932205739e-01 1.203886803202059846e-01 -9.790850986568723213e-01 -4.539739975867471689e-01 7.816440287544175192e-01
5.305139026853237239e-01 -8.386132763221593178e-01 8.714589849928028320e-01 -3.041209324878680231e+00 -3.426444801191997902e-01 -2.286988456978485962e-01 -4.359331880668012027e-01 -3.307894303231280198e-01 -1.458939268299158876e+00 -1.073847621553863263e+00 7.880705232990563303e-02 4.970369235526057028e-01 -1.921467851231024593e+00 -3.477168000976991191e-01 4.888795681440151752e-01 5.212527505951721762e-01 1.761077183446431438e-01 -2.780719055303610410e-01 -2.357591741973601718e-01 -2.361185283763206355e-01 -7.211309566964513307e-01 4.042884044591537607e-01
-5.688024981387140855e-01 -8.244650804856967774e-02 2.514875741638488565e-02 -3.730959578090831563e+00 -3.749700517451236559e-01 -8.221119390893004697e-01 -5.725792594593480667e-01 -2.370163560645467404e-01 -1.467229764141249282e+00 -1.222319829115968259e+00 3.706471517200524701e-01 -1.593466602361475470e-01 -1.133366110613069244e+00 -1.153365291236723156e-01 -6.972869505982968175e-01 -6.346322775928756599e-01 -2.366560801136922132e-01 2.992159306734042401e-01 5.983136766324402833e-01 -2.639252149552568927e-01 -6.908130823299796219e-01 -1.629248995278218259e-01
-4.403875831194174473e-01 1.463825676079639170e-02 -6.089832340938192701e-01 -8.618532397844928639e+00 3.981778189997348671e-01 -1.724720655406679903e-01 -2.265778640950015174e-02 -1.061351871294673677e+00 -1.392489780072053263e+00 -3.626175427662921558e-01 1.000610641366662223e+00 -2.416897236122686754e-01 -1.004802872323532048e+00 -3.707046456282750424e-01 9.865711337905178069e-02 -4.294537274613138278e-01 -5.772392325155580872e-01 -1.132834986145475517e-04 2.996948952430034674e-01 -2.652302985228186527e-01 -5.254990858755501648e-01 3.506089570061814986e-01
1.703304310145740685e-01 6.574023992566361274e-01 -3.261216084034189722e-01 -5.139671536516870809e+00 -1.042546854501474329e-01 -1.330684803410425998e-01 1.964480636608081365e-01 4.948894917531125870e-01 -1.374945057708907736e+00 1.641781923554083811e+00 2.424114706085998439e+00 -2.113904385456760182e-01 -1.784161611424155192e+00 -1.690668051962298246e-01 -1.618339673152623115e-01 6.474445314595219658e-01 4.076231550002026860e-01 3.121807843608537247e-01 -6.079539171499672712e-01 5.789622991149606657e-02 -8.662379403391198829e-02 -2.819424478352100527e-01
4.962826929783218377e-01 -1.831168274198572865e+00 1.222189872026524293e+00 -1.521075768815832285e+00 -9.994176866408481796e-01 -1.333075313514949123e+00 6.960606422486730338e-01 -5.805355255045817620e-01 -4.009601429236785419e-01 -4.728998138626590020e+00 -4.821240766502084441e+00 -6.076410268904345463e-02 -8.932299946278651204e-01 -1.019461135957726361e+00 -7.729245282055992039e-01 -3.477893847417367734e+00 -9.466443357905649503e-01 -6.959795851293790747e-01 -4.992899642647796177e-01 -1.625519352650066640e+00 3.951468966915404057e-01 -8.018757312700401929e-01
5.034144048976916253e-01 -1.958134525917085034e+00 3.639763899767641808e-01 -1.898951885590204558e+00 1.703061070690215645e-02 -6.791033103709748220e-01 -9.740236459477330522e-02 -4.949833746552531610e-01 -6.691271138350451952e-01 -1.393115586903107106e+00 -4.212857965883022970e+00 -4.222619506436859904e-01 -1.134028332554406937e+00 -1.196063772630350241e+00 -5.596900873763471784e-01 -3.545434666377420552e-01 -5.257496755459645232e-01 -1.717772656534970188e-01 -2.414291569666185411e-01 -5.898628578915339205e-01 1.777614683184265187e+00 -4.676062258256449833e-01
9.257410611152645519e-01
2.402437210089360509e+00
1.518749282645113663e+00
-1.495155726900636362e+00
1.038702361174346001e+00
2.048441436307460783e+00
1.726199728282824974e+00
9.134467363753782099e-01
3.030495338634307423e+00
-1.340203832352856672e+00
4.162130927487849519e+00
7.635092702435405387e-01
1.142605665244845747e+00
1.117447434879543788e+00
7.693024680878584043e-01
1.235255682418945344e+00
8.326234677961397157e-01
9.062720753777664395e-01
9.161779083406321744e-01
4.715249766826777211e+00
2.808472742455262683e+00
2.079678227005852253e+00
ReLU
0.2
22
2
-3.132360869964389005e-01 -8.964558668722794055e-01 -4.741736471804752218e-01 7.946041123983581533e-01 1.549945836964365387e-01 -2.499431137959224891e+00 1.341016184807355849e+00 1.379176872106092633e-01 1.385981889517654331e+00 6.095873397017440576e-01 1.981870338492683903e+00 -1.928290828339366825e-01 8.318130910935909172e-01 -3.246626137333483153e-01 3.421426452421351405e-02 -1.763482054200663507e-01 -1.502149800793931844e-01 8.991019814309443581e-02 5.998506862072787715e-01 2.478445214750133019e+00 -1.007429492392946324e+00 -9.300592281950269546e-01
6.794935426493160791e-02 -5.905666529373064001e-03 -1.164162304015698285e-01 5.431761240712192906e-01 8.724724985210580153e-01 -1.919926550176570546e+00 1.721032156637269939e+00 -2.675755097025107609e-01 1.295038278900650930e+00 2.626520578315225674e-01 2.009808932667860315e+00 -2.511047495875087243e-01 4.774963779873430125e-01 3.135262081441020365e-01 1.842803044095967999e-02 -3.212373757187838574e-01 -1.677534794732982171e-01 -2.063436181301885886e-01 2.753092425799245624e-01 2.711860692864008548e+00 -1.286314279289806795e+00 1.444417780703136922e-01
1.269786920570272315e+01
6.033834128545922049e+00
Linear
0.2

ct 2024-06-12 18:58:43.982834
