noname
4
4
4
4
-1.160424703371319977e+00 6.561898609952604433e-01 -8.803178149361742255e-01 2.880088494249496978e-01
1.435871813580633871e+00 -7.121323373129442302e-01 -1.680332959488976030e+01 -1.255704216914389937e+00
-1.044245821444962585e+00 1.592820243038582495e+00 1.418466800725429744e+00 8.087401038420565236e-01
3.438115723655009504e+00 2.242044242959456035e+00 1.619093467499919337e+00 1.624856773557180833e+00
-8.194527180855165627e-01
-3.154004147505943489e+00
-7.052448164581262002e-01
7.512790767906138978e-01
ReLU
0.1
4
3
-4.204603399976976075e-01 -6.314754206564121564e-01 -8.119616507041947928e-01 -4.421390423450166640e-02
-5.499642418695572799e-01 -1.334602317384656178e+00 1.501504439367237487e-01 3.098292370591788636e-01
-3.097555508756100195e-01 -8.899847688021523817e-01 -5.826504460161893162e-01 -2.343548740399334709e-02
-4.324407494689477827e-01
1.739882761820604973e+00
-1.783451235995361650e-01
ReLU
0.1
3
2
1.490861482610302546e-01 1.379929512926833635e+00 -1.001608846275291176e-02
-4.142051830261175155e-02 1.558685452486588296e+00 3.624704715989567061e-02
1.454973805328453107e+00
1.335277103634660456e+00
Linear
0.1

ct 2024-06-16 10:31:01.871936
