noname
4
4
4
4
-1.160424703371319977e+00 6.561898609952604433e-01 -8.803178149361742255e-01 2.880088494249496978e-01
9.321850233636133076e-01 -4.652045152544281303e-01 -1.241762465798909076e+01 -9.607145942984820497e-01
1.641738107657826129e+00 1.487712039698220190e+00 1.153998173320863518e+00 1.144417222677325041e+00
1.658860586300924034e+00 1.271217613483018427e+00 1.348704878397076978e+00 1.238298782690533839e+00
-8.194527180855165627e-01
-2.408351609381365499e+00
4.865824113521174943e-01
6.467826918533345903e-01
ReLU
0.1
4
3
-4.204603399976976075e-01 -6.314754206564121564e-01 -8.119616507041947928e-01 -4.421390423450166640e-02
-5.499642418695572799e-01 -1.675019770110610873e+00 2.229092878986148885e-01 3.987983435418928635e-01
-3.097555508756100195e-01 -8.899847688021523817e-01 -5.665533980051606910e-01 1.589531803626732798e-01
-4.324407494689477827e-01
1.335503740841509579e+00
-6.356896658248153975e-02
ReLU
0.1
3
2
1.490861482610302546e-01 1.222126203765177443e+00 -4.123659792751397518e-03
-4.142051830261175155e-02 1.446610853350886128e+00 6.166776239136199239e-02
1.652248499301559370e+00
1.591295340861436758e+00
Linear
0.1

ct 2024-06-16 10:30:55.353956
