noname
4
4
4
10
-1.132823385385921533e+00 7.722905041237457802e-01 3.296279268973602988e-02 6.827669844453905235e-01
1.065526798708332223e-01 2.013774504704287371e-01 -1.913320615733362096e-01 9.635105882681950229e-01
1.775553091245531734e+00 6.206998598792617949e-01 -4.691424233349697381e+00 2.750161065871418398e+00
3.204601688961706163e+00 4.246863912031748178e+00 8.882473566566025269e+00 3.756526396394170408e+00
-4.385286716308322078e-03 2.327857883506396219e-01 1.246674173034975963e+00 -4.410033122688419849e-02
-2.600169096441804495e-01 3.854581833019354864e-01 -6.227231525244344423e-01 3.989552359954653959e-01
1.678947915989951412e+00 2.910110650681070332e+00 -7.270424451392174525e-01 2.664412177745685728e+00
2.317968259246199203e-01 9.956853455423047006e-01 2.798969856381095056e+01 1.594422238905443434e+00
-5.486474499066450461e-01 5.580268155139642694e-01 1.104888970191254982e+00 4.898154201576637168e-01
-7.944405558433181858e-01 9.275601307736431878e-01 -1.768809099109411032e-01 7.045444453688737285e-01
-8.918331227178677434e-01
-2.695164989246801923e+00
6.389787550474690381e-01
3.416219993296472968e+00
-1.401372266366055275e+00
-5.339348321078282167e-01
-9.101275353298665660e-02
-5.756565997798914758e+00
-1.149855481962261949e+00
-1.053034976664899647e+00
ReLU
0.2
10
10
-7.319942842559590268e-01 -8.849870838867995859e-01 5.659769077840759444e-01 -1.391485911228167005e+00 -3.492154285804282554e-01 2.287151039648866249e-02 -1.335387135513713686e+00 -7.637108072646564549e-01 -1.180195372861077230e+00 -8.004498277084245439e-01
3.291824644157655411e-01 -4.366828819836853226e-01 9.836101934389208656e-01 -1.083759521848118634e+00 -7.591967358912302677e-01 1.053717240161888696e-01 -1.187836074732833369e+00 -4.103351834436228529e+00 -9.098826550763011722e-02 1.818920000247883084e-01
6.361441511398092663e-01 -3.641678032963079348e-01 -6.449624127600473988e-01 -1.928072177610416493e-01 -8.828994280872941580e-01 2.549452399109511033e-02 3.038887036428944977e-01 -8.760364259632023476e+00 3.621927076534271484e-01 1.951259538285186335e-01
5.444121824284596789e-01 -5.080936524775746532e-01 9.092250560332071352e-01 -3.610097345346839237e+00 -5.994782302971242149e-01 -7.834514879955160882e-02 -1.645917577008427335e+00 -7.798363452453418443e-01 5.780157648073809273e-01 1.483200385507614516e-01
4.127217303968302303e-02 -4.820585174604491985e-01 -1.988803412228246081e-01 -1.414927896615336689e-01 1.323063017632024885e-01 -4.204065921239996673e-01 1.665054468327735460e-01 -6.436855789408340023e+00 -3.039815954562114508e-01 -4.264294001865817640e-01
-1.799068020201131102e-01 1.224637422196807185e-01 1.064000362605215688e+00 1.823431183149697654e+00 -1.135472604215996384e+00 1.479943607585045562e-01 3.987558636376940524e-01 -9.592363338322337896e+00 2.341543782454552636e-01 2.197054960866504925e-01
-4.217815604386441208e-01 -6.729463226518932473e-01 -1.097817077844544187e+00 -1.026752403958888449e+00 -1.973304276469214080e-01 -4.109218234278638748e-01 -7.215071390312405297e-01 -3.974098728116283175e-01 -6.362712442989355566e-01 -1.206113584260875005e+00
1.778267803040501360e-01 5.531091696869315857e-03 2.690226453738691070e-01 2.668932041990398907e-01 -1.107539840703558598e+00 -9.335193485225287691e-02 -1.014798555175893124e+00 -1.103332890400700705e+01 -2.094661243607627565e-01 -8.984995852800782556e-02
4.505688313366404962e-01 -1.178155936436746876e+00 -1.313150326724001449e+00 -3.344195993303234804e+00 9.560111953616516611e-02 3.019496098750771296e-01 5.963957490829697311e-02 -1.783576828397399394e+00 -3.560675917560049419e-02 -2.146640613907116746e-01
-8.476288432041550330e-03 -6.341472125183206243e-01 -2.261167952106768811e-02 -1.020687110598724190e-01 -1.176012591014893083e+00 -2.447584703999903522e-01 -6.866208594597469905e-02 -5.098087244388000094e+00 2.156051545499398647e-01 3.952303857365036532e-01
-6.132666381017826129e-01
-7.463987519708265017e-02
-4.283508676576103791e-01
-5.939518187602222943e-01
-1.376060891009896481e-01
1.440094932771064373e-01
-4.294566204153120181e-01
4.413696206697538815e-01
-1.107244896068622086e-01
-2.569921485148514151e-01
ReLU
0.2
10
2
4.242140766943395397e-02 4.432360328478026634e-01 1.273271385411308410e-01 5.173067479324190421e-01 -6.806335165789716146e-02 1.256864720360759247e+00 -6.349928845584888737e-02 3.842818494725895317e-01 -1.012316463671311562e+00 2.193207931344964279e-01
-3.146792203251207176e-02 2.976252815703213095e-01 -7.525983520149907846e-02 4.474486740367636939e-01 5.219398820270216427e-02 1.462441763555004659e+00 6.470303964431149968e-01 -4.671125298397655334e-01 -1.233190242599936592e+00 -6.885559561917262584e-04
7.417683350641204321e+00
7.236023589193713690e+00
Linear
0.2

ct 2024-06-12 14:26:45.929326
