noname
4
4
4
10
-1.155050450386225919e-01 9.595159277825882072e-01 6.020639689131858097e-01 5.464141981066430453e-01
5.591485052015053858e-01 1.107368690591459703e+00 1.795178231151778880e-01 6.025304165566564008e-01
1.431558135704229517e-01 -4.261383320892390275e-02 4.525024420643877221e-01 9.980666366006094581e-01
-2.685691742278433214e-01 7.012820037247188276e-01 1.585234401232708201e+00 4.769131366047549836e-01
-3.464190944958212177e-03 2.269842755748398277e-01 1.249674077194412591e+00 -3.646452633165470081e-02
9.814082835656241510e-01 2.304087762143600115e-01 6.313345267640206870e-01 7.200083972827713286e-01
4.954923044308727764e-01 7.598542791146251085e-01 5.365783583523573430e-01 7.878485619072358448e-01
-4.915582246556545742e-01 9.876755597068533066e-02 2.475110781274316274e+00 1.108313629499807718e+00
2.463315676279867750e-01 6.173006315944145062e-01 1.701956174178559822e+00 1.452398170182011283e-01
6.355819916209533016e-01 9.162064488545534902e-01 4.948010494497919257e-03 7.018201150248488673e-01
-5.161994224611675397e-02
-1.653892051622706250e+00
6.251226881475593355e-01
6.706318646344648915e-01
-1.324370350063932111e+00
1.343189912592106794e-01
6.850676282235378389e-01
-1.234568850631462711e+00
2.637544068072689152e-01
2.947276549122045397e-01
ReLU
0.2
10
10
-4.730899039609892109e-01 -8.018739571817189438e-01 5.689616366960669191e-01 1.321690404917258976e-01 -2.925432141615559312e-01 2.192832946932116722e-01 -1.888218775153070461e-01 -1.562802731674731438e-01 -8.610054357820821069e-01 -4.279175114357988696e-01
9.901505760098563980e-02 -1.527114013740536791e+00 5.419059896108061603e-01 5.165194534211638988e-01 -6.932995049738420734e-01 4.099686904033283397e-01 1.144208157471984927e-01 -7.396472227321196913e-01 1.103438333753187089e-01 5.609445714825657126e-01
-1.750124201775414556e-01 -9.581374753798148625e-01 4.758655273910504246e-01 4.988863429712316888e-01 -8.150545044984534027e-01 3.629258222302709364e-02 3.532187765846834249e-01 -1.325376348152845773e+00 4.912890345020559657e-01 -1.414743600326643369e-01
3.310534975676311942e-01 -4.056403196451596194e-01 1.142822048833348481e+00 2.289934383081667496e-03 -5.479115283784218304e-01 1.895306455083034247e-01 3.750786319118191159e-01 -3.454182839108765335e-01 2.958694518500111781e-01 3.818646896534801938e-01
1.169179138463055309e-02 -4.175527169839033381e-01 -2.402153979302337761e-01 3.982284174581112168e-01 1.497221142184436971e-01 -3.599798493514497211e-01 3.962704610223579116e-01 -2.013346326651346274e+00 1.622591779857519845e-01 -3.797323140482269377e-01
-2.415695164278402196e-01 -1.303520320923210241e+00 3.702192867329758275e-01 1.351851601895233790e+00 -1.068606977956792825e+00 4.734869277591224890e-01 9.745596938593417136e-01 -9.217402137500095849e-01 3.889558574329254892e-01 3.911753647799970368e-01
-3.416716189113962465e-01 -6.067860557637244634e-01 -1.030526869866486450e+00 -9.485172694611749833e-01 -1.448282666675443919e-01 -3.378291532840475564e-01 -6.482572597209150800e-01 -3.475219787621309231e-01 -5.607942782969967954e-01 -1.134354679025766144e+00
-1.508464793653412628e-01 -9.959707844535781174e-01 1.060278727670731946e+00 2.108274065230346939e-01 -1.025164188797117903e+00 2.721906006280738755e-01 3.841388949692741139e-01 -1.089760066681168871e+00 2.282249198186140915e-01 3.572453176197196156e-01
3.148170703416396377e-01 -1.103862789342830775e+00 1.783073533583047210e-01 3.149291136618784792e-01 9.838833260327296826e-02 4.667450333392229034e-01 5.564831673788910305e-01 5.226738506630131814e-02 4.512953030228547546e-02 -4.379012219929099420e-02
-2.796239333442586128e-01 -8.943129891070520365e-01 6.535339784016253040e-02 4.487363804793952915e-01 -1.090428855323968493e+00 -7.935203075850424947e-02 3.003931800295698284e-01 -1.619649934275127823e+00 2.151070900344697612e-01 1.206870712734487150e-01
2.777479811818620720e-02
1.755122104851270626e+00
1.456928933529762604e+00
2.234641283007876011e-01
5.552534939432947070e-01
1.044361079090756261e+00
-3.554258913287874355e-01
1.326351161919818056e+00
7.436403851870236892e-01
9.672540521124699531e-01
ReLU
0.2
10
2
2.501048487109264751e-01 8.188533661894686899e-01 8.416237939132070744e-01 4.425346561082513785e-01 5.305336279827935764e-01 8.915286409580546190e-01 -5.931431858868629892e-02 1.061260196319861571e+00 5.357362101599438819e-01 5.650082453817121264e-01
5.047947663453656864e-01 8.186315976435267761e-01 8.642435488263966459e-01 5.888368851281311489e-01 3.799363303080313670e-01 8.221947868895010947e-01 6.140173679996246969e-01 9.233211539327402795e-01 6.164180698702834693e-01 5.379972241812063238e-01
1.218045511160438688e+00
1.557797283889143625e+00
Linear
0.2

ct 2024-06-12 14:25:19.231122
