noname
4
4
4
6
7.838263652169553952e-02 7.860927928242100737e-01 6.451581408638813464e-01 3.642489833293940382e-01
8.995608611062628768e-01 6.971946607447914168e-01 1.775101453654697181e-01 4.976125152500165405e-01
3.062514616303483872e-01 3.585217098522190948e-01 -1.959471606991493309e-01 3.909969402223505974e-01
1.135431996461295188e-02 8.444472654324991501e-03 6.578864253504923890e-03 7.252202693122276715e-03
1.095378556368452154e-02 9.833828533467783156e-03 7.444040692258078844e-03 7.067290584342420315e-03
1.130512044849609279e-02 1.004899649933658004e-02 7.631536528388875584e-03 7.410025517587368570e-03
4.795600986151070111e-01
5.347858495062089990e-01
5.505677512421092157e-01
1.225769996015946446e-02
1.158754921540494122e-02
1.128039761633649156e-02
ReLU
0.1
6
5
-1.069195086091352838e-02 2.392299324020586981e-01 5.568673002405836181e-01 6.416964467816789475e-03 6.362233576337204648e-03 6.633772351915665465e-03
-1.726298404042095891e-01 2.106527179218573298e-01 3.204581965477054650e-01 6.376981082604319534e-03 6.057803172760896360e-03 6.584593339520906745e-03
3.705954997515616411e-01 1.578594758291707867e-01 1.478487405363341500e-01 5.153891679285866993e-03 4.411260827109500862e-03 4.753908113869233752e-03
7.126509006228218084e-03 7.837776660833928669e-03 4.797116235104740070e-03 9.908317447732262542e-03 9.901271324515721270e-03 9.919414157002797577e-03
8.226154480709142042e-03 8.608811008084485406e-03 5.921761254654461792e-03 9.927295083757881750e-03 9.928592405503406867e-03 9.921880999811316312e-03
7.678803238693093780e-01
5.308904421299724952e-01
1.084882394080252777e+00
1.318983341591543033e-02
1.068900682575276741e-02
ReLU
0.1
5
2
5.346254832440400229e-01 6.089355281785822083e-01 9.712749098633719491e-01 1.141095383801174652e-02 9.626367804694200420e-03
9.252856959637911771e-01 3.063838019559324000e-01 8.589518290366651154e-01 1.519960706688306545e-02 1.434224042289887653e-02
1.450594511283081811e+00
1.325507683590635422e+00
Linear
0.1

ct 2024-06-15 20:27:39.865926
