noname
4
4
4
6
-2.201140763307605497e-01 5.282043884913474319e-01 -4.422447585406587001e-01 3.369026000691565659e-01
5.791535986428161031e+00 3.406336299693080161e+00 2.179587014942204526e+00 2.537170126517208413e+00
-6.454169376592568952e-01 8.860740453460654864e-01 -1.178600542101052029e-02 6.143763512951823103e-01
-1.528764910803159349e+00 1.665094321560517621e+00 1.428043098269824007e+01 5.266016115842049317e-01
-9.922120526834464493e-03 9.829886114540379305e-01 3.844533931544225069e-01 3.046629804529112362e-01
1.662574705602429592e+00 -1.957334387641064488e+00 -1.576227761923244053e+01 -1.717323714072059193e+00
-4.400718201736312785e-01
1.898639791973592006e+00
-6.717120301200876220e-01
-4.135252204367670714e+00
-4.636293219249117414e-01
-2.785878364782110594e+00
ReLU
0.2
6
6
-6.149953849196305306e-02 -5.233548634187757953e-01 1.792095504788577265e-01 -2.722927694407081489e+00 5.032211466623105478e-01 1.186859347822755706e-01
7.215689267626973491e-03 1.148025017985831120e+00 -3.007401926892957350e-02 -2.872096767867499789e+00 1.215342782193722798e-01 -1.343843667901194694e+00
-7.658633875561640103e-01 -6.946682542968987129e-01 -9.612537927368446367e-01 -1.375644231965311048e+00 -1.136331250199020149e+00 -6.704959662740771487e-01
-6.458010590414271501e-01 -5.416648904171772472e-01 -4.717548732870474049e-01 -5.822464505378323052e-01 -8.927884151993852324e-01 -1.289998542734549059e+00
-2.641243168001177199e-01 -4.114621667160319740e-01 -4.244722343088791483e-01 5.817326400467219827e-01 -4.456382632188304882e-01 -4.712485511364454260e-01
-3.703934826144553855e-02 -1.291830159198540696e-02 -1.088890978169389651e-01 -2.886427643005049504e+00 1.791548103177719176e-01 -4.312570137141431559e-01
9.401028843120593503e-01
8.083985638216196756e-01
-9.347454582507400134e-02
-4.458909097365602869e-02
-1.222974599811570973e-01
-2.098866495810670571e-02
ReLU
0.2
6
2
-5.773504329083062325e-01 1.056700241962796438e+00 5.158557318920595769e-01 3.386472375415974234e-01 -8.598066135847676206e-02 -5.734642108830336101e-03
-4.897243043839525911e-01 8.380750615900578460e-01 4.252217245109958244e-01 5.713773287783430188e-01 -7.031250247879120008e-02 3.244388265631629499e-03
4.446553642729864642e+00
4.119303453244183899e+00
Linear
0.2

ct 2024-06-12 01:51:07.390350
