noname
4
4
4
4
2.116311707722381641e+00 3.068942813828758887e+00 3.575684637006578015e+00 2.593095990138138518e+00
-1.135676245005053042e+00 8.015202286917909591e-01 2.562895670531914760e+01 1.408376399770604026e+00
6.680469459091520346e-01 2.335965676248338951e+00 1.665874849338892405e+00 1.949125530983639498e+00
-5.913912228209106114e-02 2.545072635414623030e-01 -2.572615531346765239e-01 1.435241385845994921e+00
1.471486854963635516e+00
-5.306885594333468070e+00
-9.617139291310478066e-01
3.979318223896944895e-01
ReLU
0.2
4
4
-3.568876079694902753e-02 -3.977101277944550817e-01 -5.071849540142201462e-01 -6.883968137600902093e-01
-8.341589123136426975e-01 -5.132155079234584222e-02 -9.535768074892432555e-02 -1.347051245350611437e-01
-2.782566582513103182e+00 -5.444554783424463418e-01 -1.140431417650515034e+00 -1.602189657707147941e+00
6.387936689910013177e-01 -4.605820310048388322e+00 2.879085036204810932e-01 4.764797727978120068e-01
-7.371448366967506827e-01
-2.592225263815841063e-01
4.231875528059326208e-01
3.669765647705062195e-01
ReLU
0.2
4
2
-3.428424342894167975e-01 -6.382204400293219893e-01 -8.272477923611739614e-01 7.029249526271372783e-01
-3.569109220986528275e-01 -1.625544314034731708e-01 -3.235725054518927557e-01 9.012584961971440434e-01
2.625986272098207674e+00
2.277098709375361185e+00
Linear
0.2

ct 2024-06-12 10:33:23.619473
