noname
4
4
4
12
-9.085762249760210851e-01 1.175658478732484857e+00 1.629761699946540299e-01 4.639267439498133694e-01
-2.095686028499727238e-01 4.816323486958871691e-01 1.402664245019285438e+01 6.903165610564158117e-01
1.003719242549232088e-01 7.299570555511928349e-01 -2.054113910274557586e+00 4.589248747075775348e-01
7.674902091093712686e-01 1.099508417145970585e+00 -7.159581098426940349e-01 8.521874814175245394e-01
1.426230898464224017e+00 1.729425772223277535e+00 1.566303401152318031e+00 9.958974193155285537e-01
1.503606639447116367e+00 2.085281232021597209e+00 3.009663502195764728e+00 1.754011971956942029e+00
2.081671569389613285e+00 1.573452815878761069e+00 -6.376177762760353307e-01 2.182922324721452867e+00
-1.595888844879477797e-01 7.227608197226730313e-01 -1.027604515074904024e+00 4.488986355524860472e-01
4.868116960395108550e-01 3.361311008115949184e-01 -9.767656205672498038e-02 1.701507615096597426e-01
2.050240183274182115e+00 1.481502020443057122e+00 2.035027182502726628e+00 1.181074323677533400e+00
1.224525582171255067e+00 6.074202583673857792e-01 -2.769656091419521737e-01 5.426289273075853847e-01
-3.789493090952443799e-01 4.634259419283621173e-01 1.833910873976970946e+00 1.565631971294873526e-01
-5.527260872741248665e-01
-2.880078709412817961e+00
-9.711429997719731588e-01
-1.557356499602756683e-01
6.181681855405585235e-01
1.762984115372391525e+00
6.889518708357027510e-01
-5.734884354105570514e-01
-7.551572200502871812e-01
8.760621053079710174e-01
-5.874664600825512117e-01
-7.876595609879856186e-01
ReLU
0.1
12
12
-8.653992009437370958e-02 -1.025516824026531104e+01 -1.947187434700748954e-01 -1.816310804918353228e-01 1.293664183783636845e-01 9.027895504143472749e-01 3.451448335773452669e-01 -2.185885328324393417e-01 -6.586094871160361741e-01 -1.445849711017088701e-01 -3.659641132036971223e-02 -2.317314958703234062e-01
2.064568075848958184e-01 -5.608217262891697530e+00 -1.107116253506543364e-02 -3.711314373040237174e-02 1.249904895096751956e+00 -6.411287514080444838e-01 -1.204313828288375632e+00 4.663561967811928333e-01 -1.140210575692942457e-01 -8.972739729303076395e-01 -2.210628327168665253e-01 -5.926741511061220935e-01
-6.019415474661877763e-01 -6.283705027991511649e+00 -4.536086905105526368e-01 -6.791111178152507977e-01 -4.289194281377110007e-01 3.012644202025512863e-01 -9.602608166255628686e-02 -3.537497868112629007e-01 -2.894501757894555327e-01 -4.876899196103048340e-01 -8.705432837220243858e-01 -6.184632693943679094e-01
-2.639463310005061292e-01 -5.276147524507794451e+00 1.388035037959517715e-01 -4.840039704124972711e-03 -2.713314241098244706e-01 3.038852349342097657e-03 -1.690779310006491065e-01 -1.533451701760694605e-02 -9.278921002962341180e-02 -3.803276953680274075e-01 -4.758013573890648024e-02 -5.782543524685690439e-01
-7.444398114633837826e-02 -6.910632001798084900e+00 6.603221148915047189e-01 2.595914757563647646e-01 4.094165498846302209e-01 8.229107419039660698e-01 5.463026860176868338e-01 1.189964173075322290e-01 8.411338600984742675e-02 4.950458809252719083e-01 -6.816678335374735422e-03 7.769335861147814992e-02
-4.875969921655284312e-01 -2.071953736707178084e+00 -3.530268005554401123e-01 3.114843960152816615e-01 -2.152030035876305487e-03 -4.726827431771588595e-01 8.767961261713198839e-02 -5.629770361541436285e-01 -3.528801846256482411e-01 3.091572363585334826e-02 2.157448496953703887e-01 -2.087356254914103995e-02
-3.517765156557040584e-01 -8.768496788593717284e+00 -6.075978416343166266e-01 -1.401637764700561228e-01 1.636221684486639238e-01 6.228599791244709971e-01 2.289413278857758416e-01 -2.876403562412964132e-01 -3.764254559897185493e-01 2.996310189826233150e-02 -6.747135934487439313e-01 -2.870945148929506807e-01
-2.426286987276193574e-01 -3.307027264360947516e+00 -3.635905762532755658e-01 -6.195909837213171567e-01 -4.973270026776622776e-01 4.627778126084652888e-02 1.000818170042310634e-01 -3.092416907644243013e-02 -3.729397663112365979e-01 -1.608470252498747297e-02 9.837313394773618269e-02 -3.633743047971610407e-01
5.457089712272801263e-01 -9.653931230810572472e+00 -5.257005997384747165e-01 5.111185142376616364e-01 3.945215665563459040e-01 7.425954981218874096e-01 3.770366625307797204e-01 -1.317831452857685659e-01 6.961569059512030810e-02 2.329545876648906055e-01 -2.399818371077967194e-01 -6.464018700169177345e-01
2.147399806177357762e-01 -5.000282181569671636e+00 -1.364753701592238272e-02 3.864062164678706557e-01 2.132620134391751410e-01 -1.751786031093704177e-01 8.911448093188142905e-02 -2.746120954925250213e-01 -3.530276724347808370e-01 -1.310358513748916265e-01 -3.788155376588973611e-01 -6.850616095769603842e-01
-4.611688196517273186e-02 -6.456814437617579117e+00 1.906512429337156311e-01 1.229644298629490456e-01 -5.967294056782464218e-02 -6.299095791472906214e-01 1.191728029160998154e-01 1.689548000202520384e-01 8.655421946412285295e-02 4.003855728421783222e-02 -2.384257115861435072e-02 -9.782590129505497334e-01
1.616316602798950619e-01 -5.382996443709568091e+00 1.501827233007498652e+00 4.487010658155812098e-02 3.978447637937426729e-01 1.195951566410966782e+00 1.405174465295767394e+00 5.081319058787066023e-01 4.857948456317895958e-01 7.555034257937259801e-01 6.227022990326639418e-01 -7.232727969722798633e-01
7.000555183993463215e-01
9.521365941431536584e-01
-7.163976177478713217e-04
-1.382904392183506026e-01
9.458245403177070187e-01
-1.514215984729272955e-02
6.639816207989862606e-01
-2.536004353362212443e-03
-8.041606232759383743e-02
-1.575401834831118286e-01
4.491839545680116896e-01
1.224751331600460791e+00
ReLU
0.1
12
2
1.375076516174108754e+00 -6.277057695606246268e-01 3.059542282377521460e-01 8.603294640963493611e-02 1.212366915140186574e+00 3.127426590724913941e-02 1.179063141509829160e+00 1.180414243117459544e-01 9.356093127740452431e-01 2.564882166591671633e-02 -1.978546067898590000e-01 1.308276865661383903e+00
7.797689026220695485e-01 4.997248772978279407e-01 4.318418525190141632e-02 2.417068774041811544e-02 1.052271767773628408e+00 2.610505331607533563e-02 5.423327070157247798e-01 -8.244397723659215027e-02 4.163360778632621551e-01 3.171678854547865800e-02 -2.347457859693866944e-01 1.600498443063505860e+00
3.613910612491479490e+00
3.492040114610570622e+00
Linear
0.1

ct 2024-06-11 08:57:13.962272
