noname
4
4
4
20
6.418793825029295297e-01 1.867818630656066237e-01 2.912222544092101240e-01 1.181372281865766816e-03
4.481271340270365222e-02 4.657640417306835312e-01 8.777385328416675847e-02 5.532684165311823055e-01
7.458879053082778654e-02 5.170830096762002448e-02 2.131380432707044026e-01 6.475722784430648638e-01
2.690198898941065231e-02 4.012745877637335923e-04 9.628890788158006586e-01 2.673147547641202548e-01
7.896985616582485878e-01 7.752516977225553108e-01 4.290528469945612544e-01 8.912775607709543246e-01
8.784706832581893332e-01 1.409560374460044896e-01 8.816746993177890790e-01 3.272959658423763019e-01
1.958233468054668691e-01 7.582855501842294954e-01 7.159250145630844386e-01 5.008283417157973760e-01
4.066196712481970899e-01 9.412225903068515143e-01 4.218011331279082343e-01 8.827583065664743600e-01
6.488182800934623184e-01 5.094176075628252809e-01 4.286140411799796990e-01 5.190976073754045572e-01
1.983984046963884751e-01 5.037098712882375207e-01 8.021886834135624200e-01 3.334794436436749887e-01
8.186430262970414429e-01 6.230231114230795342e-01 5.980322577274232998e-02 5.798215230112813146e-02
5.000843629513280764e-01 4.321265963953624389e-01 9.850337539738247550e-01 6.720211814256273897e-01
9.300278956603936775e-01 9.954430249356707172e-01 5.093517843316994753e-01 6.355536195449381642e-01
6.923976963577879173e-01 8.836147938490868103e-01 6.348960192702984839e-01 4.247315177849297907e-02
5.440172052949368009e-01 5.551493791550172752e-01 8.990775405046452784e-01 7.052718641911647213e-01
4.842385306694232394e-01 8.000985213871677493e-01 7.964381815539588461e-01 7.964614618127000556e-01
3.102646372972100997e-01 4.240825055940118382e-01 4.327503224347259980e-01 4.833308497812063287e-01
8.887384081511799927e-01 6.153953770877754748e-01 4.006791335540328403e-01 5.374715896722772612e-01
4.980731774558561087e-01 9.243393911301968080e-01 7.455231332866475435e-01 9.525813145358087430e-01
7.845728728705230193e-01 6.554203961033364667e-01 3.702961841017468059e-01 3.270374460002934969e-01
8.375770601088601275e-01
5.182644980601638363e-01
4.703120065337018652e-02
5.539186325203577788e-01
5.485194853278149152e-01
1.385342024770703784e-01
1.148673427924115087e-01
3.754041014146176636e-01
5.938159652121338672e-01
7.745654466165599050e-01
2.390431874231144782e-01
7.828788930759816855e-01
1.168482215719420791e-01
7.203840468992556145e-01
9.851218584591967531e-01
9.539162859673343542e-01
6.254414184754578665e-01
8.787759407673478851e-02
4.365030165560077613e-01
8.601135826549987096e-01
ReLU
0.2
20
20
4.488126267311699502e-01 9.797885785761192290e-01 9.319588691030367134e-01 1.240663666099725004e-01 1.665330531736730624e-01 3.111421984426919751e-01 5.307243914080956859e-01 2.169291260208864314e-01 2.796563384254104889e-01 7.933918785076587987e-01 5.266972782021195343e-01 1.121370861929960050e-02 3.773822479681915310e-01 1.034539059996081312e-01 6.683368006659906602e-01 6.481832613839171309e-01 1.216167837282162711e-01 8.058578506820550658e-01 4.236114912596458115e-01 7.746703543085964316e-01
3.082260725288540337e-01 3.837247237844186865e-01 1.403014090863934360e-01 9.582624829222148310e-01 3.452017118099829363e-01 2.667223785505329348e-01 2.372545607412416269e-01 9.228793138915104555e-01 3.060744674892290629e-02 1.941146349278218830e-01 1.033482179092615194e-01 7.056086427122557625e-01 4.338363519207241170e-01 7.453659971540947948e-01 4.325135324390306790e-01 3.795195364957938411e-01 5.753079794903738220e-01 7.689273341640957549e-01 5.304852444606609208e-01 7.992820398578244223e-01
3.753602103968025627e-01 3.705541442777237071e-01 6.471113397499920206e-01 6.768053068237719350e-01 5.741759237666256288e-01 4.846754401872944706e-01 5.224951192393119115e-01 4.901538826435990481e-01 3.966750669743382973e-01 6.027344185560352674e-01 4.134718288218419691e-01 9.181873150205133172e-01 9.497314232992590810e-01 9.310457629607339358e-01 4.136913954504162216e-01 1.133266287989298515e-01 3.503206541436195698e-01 7.913309079286358072e-01 5.122231153402885262e-01 7.695533790593501733e-01
3.568037971272458586e-01 2.249614651010859445e-01 9.235712850631158100e-01 4.639578543942480815e-01 2.940276344380818863e-01 9.425487469972526622e-02 5.197535122547414232e-02 1.211562749427218533e-01 6.274290909785857906e-01 4.728305938240907613e-01 7.844305212582796116e-01 2.677420299333851395e-01 5.245497309544371323e-01 4.985853529953909735e-01 6.243562030520026784e-01 1.880865327580308888e-01 7.277305020112760925e-01 8.098176383440570669e-01 4.523708526683061226e-01 7.626214435365361588e-01
4.886665438465129796e-01 5.529715630258560388e-01 9.650762847903243680e-01 6.267007503223513964e-01 9.662930630429252821e-01 2.299556779456894962e-01 5.955917422570032871e-01 9.687272728416044254e-01 2.503847460760033616e-01 1.070809725150987379e-01 8.719049986547326991e-01 8.436539769318393001e-01 4.500341919017827319e-01 7.126358145110057718e-01 4.658949160324341587e-01 3.329336903174129336e-01 5.488233180971280323e-01 1.392621864191675440e-01 8.038643538825773760e-04 8.370930353176704308e-01
7.683358362837253708e-01 7.629566264708615986e-01 9.009201996887694630e-02 6.578469448480945836e-01 8.556988369786711068e-01 8.168741617275241396e-01 9.685384177457856403e-01 5.453414378503430582e-01 7.620041892209946655e-01 1.415062148863988067e-01 5.402181960059120325e-01 2.493295764531698877e-01 6.063324066282964608e-01 9.241932468135991563e-01 8.968182398506465702e-01 3.483273759879301767e-01 9.722350559228416511e-01 1.835538655512164441e-01 4.080675163231085589e-01 9.566387678644506787e-01
6.621482387016449644e-01 2.058810569495067577e-01 9.014497086262547310e-01 7.539911509201472350e-01 4.329332078983149090e-01 8.716919654328786349e-01 2.073278561204919823e-01 5.671083488977937126e-01 5.430913367028010752e-01 7.598395611872555966e-01 9.906129155728338187e-01 2.509124034099692313e-01 6.090718918003209525e-01 6.544689782982412440e-01 3.457780721381437106e-01 3.974392037045950676e-01 6.596365089183782171e-01 7.741739957012000461e-01 8.386939320847297541e-02 9.789170517599554699e-02
7.991232446893490327e-01 5.763333196853452911e-01 6.009554631338631658e-01 3.809208629735457707e-01 9.616155300980486764e-01 2.187539922134363879e-01 9.036479268749703087e-01 4.109368525089360791e-01 3.922787173702346752e-01 4.295015442316564291e-01 2.122735400972699527e-01 3.259934110261066831e-01 2.196944910588227717e-02 2.540286002938275667e-01 2.532637267265748227e-01 6.108539404511084125e-01 1.977150107649734423e-01 5.922147065534792976e-01 3.632784774314012921e-01 8.373804368196449133e-01
7.389777067072111905e-03 2.741924389963008579e-01 6.629678711492469345e-01 6.829197965616720101e-01 7.106345407782552748e-01 9.830194143091719461e-02 2.284595506262083742e-01 9.136908391303076860e-01 1.859348132986049507e-02 4.683961364407199790e-01 2.034654558415561754e-01 8.470614412756075629e-01 7.073956402901153684e-01 5.901810679984599295e-01 5.438530366358540480e-01 2.847848082384890622e-01 9.482155546303588922e-01 2.917618737269678242e-02 3.748974472090459420e-01 1.166399387896432938e-02
8.182709324535584194e-01 7.074400114186585320e-03 4.933665811209761998e-01 9.118901484146643144e-01 9.891887508940698792e-01 2.941541225127917158e-01 8.614930902996745798e-01 9.643874122719220399e-01 8.144060830993996580e-01 2.644964637414477515e-01 4.855700608082306191e-01 7.330075560084260422e-01 4.489613270236821885e-01 5.262050497325548859e-01 7.261909677502871308e-01 9.395061692681909715e-01 3.123270254506560484e-02 4.026189277423831703e-01 1.992181418378534685e-01 2.321569886475274291e-01
2.568763086701165710e-01 8.176780291712966164e-01 6.811744597242471722e-01 7.445128084563216175e-01 3.787420423190825947e-01 2.072756942478735098e-01 8.940341913152097808e-01 9.379596586556629978e-01 1.434637259333051418e-01 3.512386630578443469e-01 1.106629404064375377e-01 5.154698583389033528e-01 6.617717425407443343e-01 5.199501134207257236e-01 2.218799265828985678e-02 9.132116556240955640e-01 7.390236592669111593e-01 1.696378905144628746e-01 1.031016668346396159e-02 1.570422037772124524e-01
2.795731865335209232e-01 8.088178781333478229e-01 7.998448100769727231e-01 5.055123594973641721e-01 7.121277088251619647e-01 7.059355110794710564e-01 9.204445098879072695e-01 4.075682816143892939e-01 7.788273678764219277e-01 1.540954625021182522e-01 9.066057235261723024e-01 7.484889414952580200e-01 4.296267931192032652e-01 3.832522287246902248e-01 2.261120153524625032e-01 1.042547339716703991e-02 6.586817246112522950e-01 6.325488222029373997e-02 5.052239852287065958e-01 7.953258552115008984e-01
4.015439674566548822e-01 1.181036729095241711e-02 3.054672528243058682e-01 9.784027116147515635e-01 5.913662854499679433e-03 3.737308272123396335e-02 1.684055628775044111e-01 8.099502523530245357e-01 9.607661766674928661e-01 4.576238966352207393e-01 6.598904270671590577e-02 4.010539901135820040e-01 2.139588276207565753e-01 5.714550258184121212e-01 5.594520105659600562e-01 7.672250622255238905e-02 8.816438162703214010e-01 8.272964942587299753e-01 9.846001763535441320e-01 4.693729180947980861e-01
6.511632147485157951e-02 8.738208705383518904e-01 8.349672471734888024e-01 9.834252274364749802e-01 3.388708571942411485e-01 3.298833502477812596e-01 6.493494518349793854e-01 8.227079525146880901e-01 6.938324370594184387e-01 9.239231450201387252e-01 7.139339475151447179e-01 2.331691748906132844e-01 7.093256064783712844e-01 6.819763507781620993e-01 7.579074984361743317e-01 4.646806160441275813e-01 5.548829196954501164e-01 8.462592705892995060e-01 2.037336154950923905e-01 1.705348121615601897e-04
2.991247001511767589e-01 4.310630920329711069e-01 1.074476419804715199e-01 1.778090831681296002e-01 9.596652225101272027e-01 1.279293677001698271e-01 4.129583274430173034e-01 1.282225155464589150e-01 9.875191746077318644e-01 5.382806112646093544e-01 1.451558621140722760e-01 2.480979177605631136e-01 3.127765031464478929e-01 9.262740419595036911e-01 9.904873455932561299e-01 3.905559400725094887e-01 4.644732468380968760e-01 8.981599924569412252e-01 5.249976075712939894e-01 3.777174476193833064e-01
9.663792802155338757e-01 3.683680584680352199e-01 6.974563777742213144e-01 9.255054975500952574e-01 9.539460177836421861e-01 7.820534183584907373e-01 4.375886393009642550e-01 7.590571382016387814e-01 5.447249393624541414e-01 5.591581543380294006e-01 5.240323530264402452e-01 9.660192346121212470e-01 3.798326234760845965e-01 3.210846480752568288e-01 1.786362947963616721e-01 3.043591765712225783e-01 6.575010206438738347e-01 7.654491068605074888e-01 8.171562491602524236e-02 5.467702548530796181e-01
5.994218906950521397e-02 9.755059482574410801e-01 3.431657080040253494e-01 5.820856077873547418e-01 2.868282253224319067e-01 2.446480240002784079e-01 6.582808001862371361e-01 3.673325998736154396e-03 9.198390725487716191e-01 3.314150998466517395e-01 2.918460428831168851e-01 3.522282678371047027e-02 9.342422257779793293e-01 3.929735696781592180e-01 1.785597468967192736e-02 5.782184102304708251e-01 1.156279828890346417e-01 8.691813823145073670e-01 9.564230897394641051e-01 7.308559392151395828e-01
8.676697798900609993e-01 1.360790365325802442e-01 7.886098367432593514e-01 4.074201101790571045e-01 5.073896900387857567e-01 7.739392838981884459e-02 3.035561160598555519e-01 5.998199202783573991e-01 8.080585988556138188e-01 4.180803029759905254e-01 2.206917106247724414e-01 9.353682312863458304e-01 8.327383318404243395e-01 9.943791160085015957e-01 6.760676896252684198e-01 8.062615929663902170e-01 9.076400324319332524e-01 6.852776550344168438e-01 3.816300402683147075e-01 1.592004856217360542e-01
6.611926512051689020e-01 6.692370123156990980e-01 6.495721554574765966e-01 3.282922665160699083e-01 3.883632256040354669e-01 5.067154527685540089e-01 1.235905719842851358e-01 6.876346561061599250e-01 2.890026277401847032e-01 1.154416517454557312e-01 3.878461299782712812e-01 1.635864604968018110e-02 8.467319459942179716e-02 1.754154839630198692e-01 9.367899039940174033e-01 5.999698154561723396e-01 4.357624707722242974e-01 2.644145118990988141e-01 1.119674982236650296e-01 9.619751954348982892e-01
4.147205475977636668e-01 8.278163030687284429e-01 2.675470288409641517e-01 5.493728221596552164e-01 3.040550137199293790e-02 6.616284447330855745e-02 1.135248849839333163e-01 8.424306413244270209e-01 7.271042434554555456e-01 7.507483696167094323e-02 8.968848024286339982e-01 9.124768565579792767e-01 7.295865151383190694e-01 3.005861016783701878e-01 4.267423099263195629e-01 3.415092244945248101e-01 4.467278817853855832e-01 9.253973867927989261e-01 3.849267468934847169e-02 9.571451293984331032e-01
1.174839455140884725e-01
2.575384981938829698e-01
9.323341692039720519e-01
6.700035353924680415e-01
5.359873697880864762e-01
2.421781557497594273e-01
1.262733271572997751e-01
9.632462515806307080e-01
1.289514730222085515e-02
8.212238005044085742e-01
6.113686802103083240e-01
5.377776272441365801e-01
8.485855251980535252e-01
9.369972998271779430e-01
6.377765024185144682e-02
9.178868620998470451e-01
9.995555542873941768e-01
8.661716982367928530e-01
3.032269672131155946e-01
7.328031058102988382e-01
ReLU
0.2
20
2
5.772595249703779130e-01 6.591549414899332549e-01 8.927545270179710890e-01 5.154475242027500848e-01 8.054714761841503812e-01 6.746472323456730313e-01 1.422428236039618987e-02 1.517388384594922091e-01 8.442643394964316483e-01 6.654566065865670232e-01 1.408819925013955476e-01 4.292543326312232566e-01 7.075660941893379130e-01 8.803629709594928965e-02 3.164285147242019702e-01 3.669770449594051964e-01 4.289920009308331172e-01 3.170826070891852311e-01 3.778449770382001915e-01 8.893362139881324513e-01
9.697703074329097062e-01 6.222226824509921039e-01 3.395166999263221630e-01 7.977605153025136842e-01 6.867395111736446234e-01 5.666980497784837034e-01 3.159616565447159742e-01 2.383275268957902870e-01 5.460579984542850429e-01 6.550900780722070937e-01 2.620308775375455035e-01 6.725600325450602490e-01 6.311848886098345712e-01 2.690514332692517385e-03 4.787322705478991303e-03 3.243873817035247686e-02 6.452141121322096939e-02 4.172874067985177238e-02 1.459899903351594697e-01 2.529572400946622501e-01
5.752354883311161515e-03
2.824642570774726913e-02
Linear
0.2

ct 2024-06-12 01:39:14.991032
