noname
4
4
4
4
4.501061774739440469e-01 4.472343234721092298e-01 2.066854604410117979e-01 4.183511638984489522e-01
5.664229543155194779e-01 5.828853766509878298e-01 9.427932386464522585e-01 3.088637344072805435e-01
7.945837750042533676e-01 5.757956199504606909e-01 2.122364894613336384e-01 3.155525549450126088e-01
6.039915900813201954e-01 1.955355259448446070e-01 5.401071722607680980e-01 3.714806113013612021e-02
6.994115543469231477e-01
6.602467253666710612e-01
6.317321452683215544e-01
7.967450082044572612e-01
ReLU
0.01
4
4
7.979106539364509976e-01 5.787805984336797938e-01 5.026877758118786232e-01 8.424808773298467779e-01
3.077043932511965285e-01 9.212961675033651820e-01 8.708270018944754831e-01 1.848535162457889680e-01
3.273895107180056496e-01 7.484635355932512946e-01 9.238043066788668156e-01 1.151116596381129287e-01
8.489324714365171776e-01 6.587231694748173494e-01 3.811305864562147816e-01 9.087611841612783792e-01
1.611269106563920361e-01
7.332918877444566386e-01
4.547701993502502316e-02
6.768499549421955752e-01
ReLU
0.01
4
2
1.772348155478365161e-01 3.482045364079123795e-01 6.023837665838275290e-01 8.778937421578513201e-01
9.606230546365641665e-01 7.445330197869809430e-01 7.168002020842278998e-01 1.691443068654001902e-01
5.896129738165389877e-01
6.983503622796993771e-01
Linear
0.01

ct 2024-06-02 21:18:15.207033
