noname
4
4
4
8
8.225637259052560601e-01 1.543303257630252168e-01 7.661712057870427861e-01 9.255074265431437741e-01
2.913986313468888700e-01 4.214624672196630173e-01 4.062735992974116778e-02 3.988647497801003361e-01
2.942296024502056850e-01 2.358142409167642561e-01 4.996864260515904155e-01 4.970333640550957943e-01
9.576575451962437979e-01 6.304670686700130089e-01 6.528329734040282384e-01 3.692553081472703669e-01
9.587953811233436152e-01 4.409564799168058657e-02 5.070464834159597034e-01 7.143690808623904820e-01
8.461556968455893890e-02 2.505165218512010461e-01 4.797034060524299481e-01 3.393449693798378242e-01
1.928975744960384764e-01 7.012374689778493320e-01 4.545511776122445613e-01 1.892272102895490582e-01
7.717617300440499095e-01 7.136564607388783399e-01 9.503887547787582823e-01 3.155563670544909716e-01
4.928184959712285651e-01
2.350657994557618091e-01
9.268153572145877428e-01
9.606767492234266070e-01
7.182227306992311489e-01
3.968800421293348646e-01
6.653133764221293989e-01
2.384660702028643942e-01
ReLU
0.001
8
8
8.915082238900994271e-01 4.842663204801480603e-01 6.266648930385338989e-01 8.506995544927096198e-01 5.570485412556166332e-02 9.673551153434396532e-01 2.998964612513768668e-01 1.675737398866547767e-01
4.645675819356125391e-01 9.055259775404209677e-01 1.954618879036791601e-01 4.145929385127976596e-01 6.880896909922944449e-01 3.806856323422683208e-01 9.410893458615084972e-01 9.435532778185435898e-01
3.154579252066854744e-01 8.504438680356563030e-01 4.968869056560268338e-01 1.454964599609362697e-01 7.764692610844482479e-01 3.505307508726633325e-01 2.638280736123978509e-01 4.027384059947254347e-01
2.610520809212292515e-04 8.001279140842817439e-01 9.127080890606703578e-01 7.243604270074032181e-01 1.636171736866808835e-01 1.700381783819067960e-01 9.152414648723056212e-01 -5.913737051209252277e-02
1.161007633999596445e-01 3.621331980527538463e-01 4.693055321633388677e-01 1.478445091396895505e-01 7.622081922477540183e-02 9.305951769689964070e-01 4.438446864900214561e-01 4.322679378791743909e-01
6.780944717959126455e-01 6.024999607451173578e-01 6.340917895865623155e-01 6.422912792018800054e-01 4.025130695490284349e-01 7.125511801579994531e-01 4.812267292960194509e-01 7.996834565059155464e-01
6.276035575067178129e-01 6.758821921264414057e-01 6.501124692628357238e-01 8.915197741594564906e-01 6.854454363045190401e-01 4.022924391856087523e-01 8.343435897070958784e-01 7.129941110506008428e-01
3.391610019716970181e-01 9.534204448014609312e-01 4.356396913672641036e-01 8.698494014229324334e-01 1.753613188709332860e-01 7.632148500167074134e-01 2.729850232920569830e-01 6.438230266086292231e-01
3.834726667462602934e-01
6.601760554466966358e-02
4.196177511562779738e-01
8.888167341739093841e-01
7.026892544521186057e-01
5.584202723586393358e-01
6.421473977555057777e-01
2.320552056991144196e-01
ReLU
0.001
8
2
8.951151326074988646e-01 8.592812799744826702e-01 4.647068999150465451e-01 5.699405189972573949e-01 4.684312934474672008e-01 7.883798239712972444e-01 8.791955286569343997e-01 7.914043964935529862e-02
3.486629881768203432e-01 8.415460521926587667e-01 8.548054035792679306e-01 1.956109193848485639e-01 2.538728620795033808e-01 3.607402045735545459e-01 5.144328986208338561e-01 7.211147091816926258e-01
5.740776528022231151e-01
3.889502486995498609e-01
Linear
0.001

ct 2024-06-02 21:22:53.841025
