noname
4
4
4
8
1.361629327489124019e+00 3.439884900034439474e-01 -2.455033149281770910e-01 5.304898513670124327e-01
5.523841889681223583e-01 3.928203151409759841e-01 -4.936531919720468786e-01 3.172729926623247820e-01
4.038180181233251842e-01 1.879529435969180540e-01 -3.623459267078044110e-02 3.984129006310486720e-01
1.106747776616636036e+00 5.483949851161420419e-01 1.642597186035919810e-01 3.262899743854111856e-01
1.264644158008825237e+00 1.248867211101101632e-01 -2.007359867876885029e-01 4.920007205714400644e-01
1.838169192902756599e-01 2.127554524980272421e-01 -4.808619187833161612e-02 2.332995013392581973e-01
3.628965170439967802e-01 6.330327840477198986e-01 3.743854139205175791e-02 1.721045440321243014e-01
8.616189371872385871e-01 6.215723734925492350e-01 5.885798729427257348e-01 2.982801636503810694e-01
8.529773627018436555e-01
3.103016399320842611e-01
1.021820333387341906e+00
1.006729822579716549e+00
9.130690992770217340e-01
5.142536344967713058e-01
7.021172340845990290e-01
3.271736740555893919e-01
ReLU
0.001
8
8
7.841564901049384861e-01 4.274857703121164865e-01 5.921136390831690521e-01 8.139381818657414058e-01 5.319080609251364972e-03 8.894649095174247400e-01 2.801186539455265967e-01 -9.878841223736439803e-02
4.130838129274171933e-01 8.867019706533569856e-01 2.132931672535625656e-01 3.783365439918476847e-01 6.876263299516536254e-01 3.585769573704977176e-01 8.361756453243113230e-01 6.790406692750111661e-01
3.152886408181969635e-01 8.596959777340141828e-01 5.573729620600752499e-01 1.053918645307778956e-01 8.189667406829106433e-01 3.767025058301661233e-01 8.393751560813096646e-02 1.573451719841220953e-01
-1.166472969821674560e-01 7.371034255996831153e-01 8.676746174344031060e-01 6.854104919662084017e-01 1.029410094491395866e-01 8.199395027279107739e-02 9.082373180658084300e-01 -3.245724841323145426e-01
2.096408707868419041e-02 3.117138501019609542e-01 4.460892801520312534e-01 1.042122223119364421e-01 3.657896780002990733e-02 8.645435866018885696e-01 3.875306267471751442e-01 1.549672808683046077e-01
5.770372879374225938e-01 5.499427805673338110e-01 6.057653121801105378e-01 6.045025836418993492e-01 3.578813711962749444e-01 6.410786882069424708e-01 4.481108407343410427e-01 5.303790799779383169e-01
5.382268795490370294e-01 6.325427481573955291e-01 6.333202801392338044e-01 8.553186824560807811e-01 6.513751751514214039e-01 3.429095135237921199e-01 7.855079397359955307e-01 4.438593627212495396e-01
4.175599954838563055e-01 1.004503659641056812e+00 5.500248458240164506e-01 8.300070033244105749e-01 2.740001876386219948e-01 8.586917382788279429e-01 6.562055318426708410e-03 4.667256471043729760e-01
4.846695389715311997e-01
1.251468351754508879e-01
4.323214401309257715e-01
9.910971340812092523e-01
7.845051937599992753e-01
6.534604628252410619e-01
7.302628308421379444e-01
1.713221189469701644e-01
ReLU
0.001
8
2
8.233427458126761911e-01 7.765120595114219926e-01 3.923761000470576410e-01 5.658850678981414140e-01 4.328417533570511067e-01 7.218287608672587785e-01 8.245110405449519453e-01 -6.096334563693135374e-05
3.996928218944419964e-01 8.600467214946622141e-01 9.184706408325061799e-01 2.016039499264933033e-01 2.769150641197991591e-01 3.988524589582014834e-01 5.409239139286460274e-01 7.630166857678427617e-01
7.130316526358064788e-01
3.341702384406907145e-01
Linear
0.001

ct 2024-06-02 21:23:20.262174
