noname
4
4
4
18
3.894544989927406053e+00 2.391036048660291957e+00 -6.792202034513943332e-01 5.008246250325183446e-01
-1.252105962668621231e-01 4.159853867047382803e-01 6.793747931336809043e-02 -1.431653283426937429e-01
-3.987616463660280886e+00 2.098056264548982863e+00 4.442308693138468101e+00 5.696061757838702944e-01
-1.996434877571826361e+00 8.867058115906076843e-01 1.388236686750419224e-01 2.404559599252749369e-01
-7.578523995796593304e-01 8.245252045820693487e-01 -3.720775733806390151e-01 2.240089176010458538e-01
-1.928715345891840238e+00 1.131261382415816197e+00 3.742055233965452476e+00 4.224018546186217304e-01
2.338676360439336133e+00 6.193753299029400999e-02 -2.979397115933918272e+01 -5.094365052767602098e-01
-2.706655813566249513e+00 2.416127328015972520e+00 7.368857985975771463e+00 4.279266234925670487e-01
-2.671443258039965407e+00 8.052682725673214748e-01 1.274915114931181481e+00 3.917606355200101143e-02
1.874215019149031658e+00 -2.160226424236608711e+00 -2.166334315902571461e+01 -2.783192572837706269e+00
-5.538523557111631135e+00 7.257817678842533038e-01 5.292820527928384422e+00 -3.556745234046425064e-01
-8.847713986496530403e-01 1.266070383852707204e+00 1.680272609971818154e+00 2.438508604977189173e-02
-2.904475116786334077e+00 1.746830880313418044e+00 7.970942793028551243e+00 9.988105402868918681e-01
-1.153324476858195391e+00 -2.603904093403479170e+00 -2.419695118532637323e+01 -4.214966594127679045e+00
-6.231556954144205740e+00 2.276486665803323373e+00 4.471887101647714857e+00 -2.827057465902498734e+00
-2.968422693971261239e+00 1.159947285424901331e+00 7.777080406860336081e-01 -1.157751023922918149e-01
-3.442974870911304386e+00 1.434907514542903773e+00 1.395037951986201508e+00 4.463071678544184850e-01
-8.868075550466005819e-01 8.654888815873603702e-01 2.648249981220247129e+00 3.504193111405191075e-01
-1.458450939642699140e+01
-1.514766289141125322e+00
-3.039953416997488223e+00
-1.175674250394643350e+00
-1.226719737066837679e+00
-1.783785963309168165e+00
6.686990927177960842e+00
-4.076249444937831257e+00
-2.143412150808112759e+00
-4.715833145020038586e+00
-1.466283794415151220e+01
-2.561833487620719829e+00
-3.327981786455060487e+00
6.491089755681911377e+00
-9.892813874134551710e+00
-1.961125653618784437e+00
-2.534632142947538025e+00
-1.594288886359827462e+00
ReLU
0.2
18
18
-2.704784638228675764e+00 -4.159827953208428131e-01 -2.727902302120755351e+00 -8.641288650966830187e-02 1.650046759890907710e-01 -1.636298017775225655e-02 1.659638769505098921e+00 -8.896264647531542114e-01 -1.347045456196224178e+00 -1.971904628246537783e+00 3.309686216286200189e+00 -5.794784637225809665e-02 -7.362613513662136233e-01 -2.542956545016441083e+00 -6.085619703945013725e+00 -8.797867745669292472e-02 -1.261423230528447847e+00 -9.320368816378753474e-01
-8.841321859645678849e-02 -1.251252445144732883e+00 -6.522026631933360852e-01 -1.311628101435288185e+00 -3.423016022760060340e-01 -1.224469228812766541e+00 -1.235349926020376410e+00 -2.921012800755448668e-01 -1.073056390431682772e+00 -2.361145703447143362e-01 -4.135348701343266598e-01 -4.204776556237057039e-01 -2.468208493272490145e+00 -3.080352119768850816e+00 -4.856314824579471834e-01 -1.941849989847995173e-01 -1.729089314405189357e-02 -1.059864095670487449e+00
1.022716533536999650e+00 3.174996353419902162e-01 -3.613920746615814084e-01 -4.754613221104306842e-01 -8.608194851131896084e-04 -5.808758726363384417e-01 9.783083370982748050e-02 1.692802310589289982e+00 7.573893959919880681e-02 -9.522421872198620629e-02 -1.876381034438022954e+00 2.429252602973722697e-01 -1.178012333092125274e+00 -5.725943948768830616e+00 -2.331122754693896404e+00 -1.008791627854848993e+00 -1.595611673684415033e+00 -1.208666500739255523e-01
-9.395307935230823304e-02 -5.301172965170651841e-01 -1.936868331506799379e+00 -6.093111896106899739e-01 5.458879824757536525e-01 -2.350378451957671755e-01 2.403253508091814261e+00 -1.940158759432920377e+00 -9.352891632125093224e-01 1.947663583444333435e+00 -4.463287697347802840e+00 -3.674707319904946812e-01 -1.594307920481938590e+00 -2.579169947323467937e+00 -5.156388333033348204e+00 -2.045325158934187204e+00 -4.381201418562062355e-01 -4.695266882212421056e-01
4.101432588489041242e-01 3.695495584631224104e-03 -5.410354062372485506e-01 -1.150458502573558528e+00 2.291658467147431044e-02 -5.435162054910158691e-01 -5.038279192625203073e+00 -2.270917788770367707e-01 -6.578384291573881049e-01 -3.729338964026602810e-01 -1.128761780118375135e+00 -5.720177580477434631e-01 -3.096545931971733445e+00 -3.636397021746166303e+00 -6.584799032816088804e-01 -1.570927985498798307e+00 -4.882942905272132372e-01 -2.792413962000762639e-01
1.207842211838801472e+00 -3.514676789881457930e-01 1.713197560621187721e-01 -6.375585263812790782e-01 2.584941406356279781e-01 -1.547532314766610628e-01 -4.232667322155999057e-01 -2.993393219589396970e-01 -5.240295443232948491e-01 -5.481861360686546281e-01 -1.103587136262423218e+00 -9.564725309924543284e-01 -5.440061319874534007e-01 -5.733598699923844189e-01 -4.208286509701699707e-01 -3.055909590898220340e-01 -7.808134378748760041e-01 4.664886799695808217e-01
9.725501770500368792e-01 2.786419811558316639e-01 -1.463922637458330012e-01 -1.191903798133119446e-01 -4.886761047044091422e-01 2.093208839817167766e-01 -1.434095386223592561e+00 3.014077258175171248e-01 -6.886868571366988601e-01 -2.353817089886497405e-01 -5.492642618349230510e-01 2.550197512493294627e-01 -1.069651478400357680e+00 -7.095710200336020623e-01 -6.402605516077548575e-01 -8.535815744357069246e-01 -2.587316978188057282e-01 -3.357488944351679216e-01
4.522652632248903015e-01 -4.259330288280147037e-01 -2.065459745876426501e-01 -9.921377431069296204e-02 2.440111985665345540e-01 -8.553785837777228007e-01 -8.285696819092285281e+00 -3.539559933315086088e-02 2.911219200127052265e+00 1.171888122096018225e+00 5.701510865937795103e+00 -1.460189189306906332e-01 -2.996732709875697509e+00 -1.784430086828896922e+00 6.316322378619826594e+00 -6.034569335739654594e-01 3.710844289457948530e+00 1.233306318069973817e-01
5.123087918272881680e+00 -4.895863475177730240e-01 -2.329002308672764698e+00 1.562893282881252510e+00 2.531037689114236100e-01 -5.328132032637871163e-01 -1.051800148531667034e+00 8.241369681971134897e-02 -2.163246162230897662e-01 3.593349789132899708e-01 -6.180599797781137772e-01 -1.979355992294202227e-01 -6.608597570390304377e-01 -2.228364306252984761e+00 2.015425348699068753e+00 5.055650650633204402e-01 -1.889522784547189582e+00 -3.475735072088329686e-02
-1.904029665499401336e+00 -1.044987436337593278e+00 -2.436121904823392303e-01 -4.477904025644240948e-01 -9.801922650964169093e-02 -9.771673594507076510e-01 -5.090313239793317734e+00 -7.613165792078840921e-01 -4.619498297761867045e-01 -2.218164010557950316e-01 -5.389823864389936547e-01 -1.257645679256003124e+00 -1.726963485912992979e+00 -4.859061606905863862e+00 -8.007494702443473944e-01 2.708704629859397528e+00 -3.021684999789754578e+00 -1.843149833005451599e-01
1.456753998221262669e-01 -3.871760761246346161e-01 -7.333908814555814559e-02 -1.006696545472708593e+00 -2.900759686668705206e-01 -7.207224533353591145e-01 -3.202029150873791252e+00 -2.597938771795759716e-01 2.088398609099153536e+00 -1.806946560173843253e-01 4.884553317666826544e+00 -6.307064464956388949e-01 -2.098292428943631993e+00 -7.945312834658331269e+00 5.003615113386024049e+00 -5.565134838528629224e-01 -1.896714435299942769e+00 2.468507593246074827e-01
-8.516722558246275776e-01 -1.510213412689080048e+00 -1.345957316023547179e-01 -7.095901893643263847e-01 -3.209396145183256999e-01 -9.162974062040931678e-01 -7.196552140535829034e-01 -3.657796773829626868e-01 -2.464252906999507553e-02 -3.914833409854360236e-01 -6.564538994461932564e-02 -7.460335953746923821e-01 -1.590959992578114157e+00 -2.469174251668832532e-01 -4.046525844627049673e-01 1.738539967095435179e-01 -2.485748470684130684e-01 1.203629860322835282e-01
8.304998833627220689e-01 -3.492307791558076913e-01 1.449956210155410041e-01 7.338303750912522627e-02 3.733371627899022549e-01 3.653249965022679069e-01 -1.529864360612212260e-01 4.200084310873921090e-01 2.959561596934997055e-02 1.970795255905092580e-01 -9.434122786417954432e-01 -1.328068703593605071e-01 4.169687703575217785e-01 -8.165868233888495809e-01 -5.325343003933588060e-01 -7.209354420179213685e-01 -4.748490629308676492e-01 3.795472963538451538e-01
3.757069778737245347e-01 -5.812556713368809413e-01 -3.091758373639764690e-01 -2.076241499229797005e-01 1.194647386819990692e-01 -7.252195153826224150e-01 -3.729638408432716545e+00 -2.965565704881097386e-01 -8.046259014085145322e-01 -8.590395218918029929e-01 -3.326296833031840983e-01 -5.039251725460083819e-02 -3.402328650503340324e+00 -2.482155872066374780e+00 -6.564449699308502195e-01 -1.828428066149887288e+00 -3.366397328821295054e-01 -8.463973881888344764e-01
3.397601943773837507e-01 -6.664410763906822854e-01 -1.050555360584142006e+00 -1.483534784829441122e+00 -8.826288949112883753e-01 -1.016185081714704008e+00 -7.730819552100208769e-01 -1.208639174945617789e+00 -9.846883761565797810e-01 -1.027193993070331768e+00 -1.359719847742325349e+00 -5.900723210031399990e-01 -3.772979763908879125e+00 -1.635642793999907862e+00 -1.267034288969246081e+00 -5.201060411638014358e-01 -2.773226451423579375e-01 -1.461259239311996305e+00
2.601562100227927110e-01 -7.850647352441080321e-03 -9.232495082070164560e-01 9.521853389920028610e-01 2.525592299874572788e-01 2.527177885192452012e-01 -1.177377317874227086e-01 2.518095828492060484e+00 1.950604651636936304e-01 9.849172241714970744e-01 -2.303148440989500223e+00 -3.568000633689363561e-03 -9.882133752881403499e-01 -1.930919804943341589e+01 -1.616469348511165638e+00 -1.273468414144676375e+00 -2.795003318717149909e+00 2.316436351908150448e-01
1.032369857049147299e+00 -2.459900380275547582e-01 -3.629679610889307018e-01 -8.188702200263940911e-01 -1.882767562678276940e-01 -9.407721986256587648e-03 -2.389335760052538227e+00 -1.903228579649171026e-01 -2.079112411939411098e-01 -2.781554804935463809e-01 -4.879996943239944818e-01 -2.879356724778584509e-01 -1.064038247784024671e+00 -1.452931194502925516e+00 -7.977058021931736631e-01 -1.493574561684351210e+00 -6.418461599131294326e-01 1.708827773315725329e-01
1.181534295683102309e+00 -7.515921896909877331e-01 -5.673090782559674361e-01 -1.092398467258564931e+00 -3.779485648266284192e-01 -1.658522491675919475e-01 -4.657940130803686629e-02 -7.857921524971756000e-01 -5.122982075543421887e-01 -6.867213874367292248e-02 -1.107291084635262157e+00 -6.846135320848980577e-01 2.641118667385371488e-01 -1.137835763057850613e+00 -1.177486515830773739e-01 -1.000865147450739290e+00 -7.654149690449414400e-01 -2.454129726990604277e-01
1.420346596645818593e+01
-4.892363175313503287e-01
-1.081808014598817591e+00
-8.820752943407906832e-01
-2.476766875247400357e-01
-4.341519237700889461e-02
-8.504318892626394621e-02
3.606379646707427611e+00
7.430063392182849391e+00
-1.194037367475756284e+00
5.926488903060473490e+00
-9.196197308686834271e-01
-1.813663380124807406e-02
-4.156989017248462481e-01
-4.958966492695623951e-02
-2.280706565139690056e+00
-1.506361847098113271e-01
-4.952213102206382001e-01
ReLU
0.2
18
2
3.891996498712503083e+00 5.667998189345679200e-02 1.931185876074588692e-01 4.158536045486601607e-01 -2.581515901461509443e+00 -1.760521160038128752e-01 -5.954694776355955455e-01 -5.288282234324099385e+00 -3.474564443208010278e+00 -1.147518639020820999e-03 -3.708795630759413431e+00 1.205583368895982027e-01 -4.118739700306432022e-02 -1.718212517061782130e+00 5.309359032722738014e-02 -1.223468205985340340e+00 -1.093483390929707255e+00 7.511247799281359216e-02
3.495071929828431845e+00 7.359952822046524068e-03 6.570798213200698124e-01 1.333096679952838315e+00 -1.639369019646078618e+00 -8.527430943739033875e-02 -2.835348716617560605e-01 -3.437753558188378467e+00 -6.127932149461861044e-01 -1.016010290307827635e+00 -5.232433666873257394e+00 -1.298811327390062553e-01 8.205415676702425276e-02 -6.355454510047686689e-01 6.958340355443023983e-02 -9.811099736523744008e-01 -3.958969971975230262e-01 1.376386794069612562e-01
2.032101202946893181e+01
1.486856325766901676e+01
Linear
0.2

ct 2024-06-12 11:21:15.388958
