noname
4
2
2
3
1.405825030491856253e-01 2.918197589105698264e-01
1.407025546066789923e-01 3.117610264928516450e-01
1.457510257296901722e-02 1.983483794791234267e-01
7.331616491026378135e-01
5.769560248549837622e-01
-2.393938154695040010e-01
ReLU
0.001
3
3
6.285804885633070604e-01 1.312033251195026673e-01 4.541397026379800916e-01
1.003573665891747124e-01 5.211632386131976880e-01 7.381154773798913327e-02
6.087006666811040079e-01 7.115782398979418888e-01 -1.329899590867696380e-01
3.783834834451658968e-02
6.035739656328767966e-01
2.770245770183008549e-01
ReLU
0.001
3
3
2.663623236043446418e-01 5.903898806326688398e-01 9.011721800399469240e-02
4.137305014398618419e-01 3.976311631328813823e-01 9.013282798237079452e-02
6.378449937184155205e-01 -1.862911508661798943e-01 2.715825781736404543e-01
5.509586326718184379e-01
4.132912526607430692e-01
2.282147292366926428e-01
Linear
0.001

ct 2024-06-02 18:17:20.350265
