noname
4
4
4
8
1.546217275066670838e-01 4.579136763378271469e-01 3.256287842443766234e+00 9.654955132455930733e-02
-5.833962050976402303e-01 5.875941341502457504e-01 1.162164158694358296e+00 5.350915540434659778e-01
-4.672177986430937069e-01 3.055480203556131258e-01 3.517742933289077722e+00 -1.987570754686493468e-02
3.405568357932402979e+00 2.002446847979713951e+00 2.839722594968735692e+00 4.207134912485675393e+00
9.369494579550053937e-01 1.115614154298750105e+00 4.411284486916396297e+00 1.423083413081568160e+00
-1.289789665393491269e+00 2.887904512929639345e-01 3.283474137066329845e+00 2.588703143442536159e-01
-1.943765837826952891e+00 1.415373469655425431e+00 4.200071712971115545e+01 2.456985608858549330e+00
9.417054466492467135e-01 1.458402252371343299e-01 -2.802468363324528866e+00 4.854145081721168986e-01
-1.743715331654357659e+00
-1.154599861827624530e+00
-1.644161506772882531e+00
1.206747971004516584e+00
2.208665708863994936e+00
-1.768293288549191766e+00
-8.484764527479597973e+00
-1.496940081264312772e+00
ReLU
0.2
8
8
-9.302494147443393091e-01 -4.566270724324369423e-01 -3.716461368991644254e-01 -2.449010215212337194e-01 -2.195111292519017709e+00 -4.634359624987124948e-01 -1.981043236774980842e+00 -6.964734549151688214e-02
-9.869717544282267108e-01 -1.284389788627803508e+00 -1.037790195516071545e+00 -9.116252412407491734e-01 -7.316721633868045194e-01 -4.032140434344484436e-01 -1.359566495567640310e+00 -2.670879845950044351e-02
-1.818684939671452838e+00 -1.291016385055927751e+00 -1.023268887663617788e+00 -1.141797243454620192e+00 -1.818564676872569175e+00 -1.337574543257012527e+00 -1.283169880505294236e+00 -6.454848357415413629e-01
-2.652237874138961837e-01 -4.140747689390542607e-01 -3.854828017394949513e-01 1.228620844792529754e+00 5.730492776639122265e-01 -5.867640466328225557e-01 -4.824735725759116356e+00 1.229590047602565489e-02
-7.087866891201602959e-01 6.074066665662688491e-01 -8.795630644821147426e-01 -2.537536059711226200e-01 -3.152018218724639970e-02 -4.927617682773901553e-01 1.530729627097546786e-01 -2.522785183558824418e-01
-1.053337074891140812e+00 -9.239124381858737634e-01 -7.085726965239166342e-01 2.212083349936273466e-02 -1.068044430000447340e-02 -6.535774281670128083e-01 -1.470967659416303697e+00 -3.104422710638701094e-02
-7.507917827185877080e-01 -2.850258875820578797e-01 -9.614954860837553463e-01 -2.310223880760019222e-01 1.166200893051920762e-01 -3.798725147304843341e-01 -3.743652606395067028e+00 -5.040826579866075630e-01
-6.358234403208530283e-01 -1.308495145064397791e+00 -8.287278334057739393e-01 -8.908263335801536176e-01 -9.668532010099687435e-01 -1.173893785212997809e+00 -1.367588851425639795e+00 -1.069330369595229285e-01
3.726256886070970609e+00
-1.349459548992360536e-01
-8.450951612147663550e-01
1.008710283208800851e+00
-2.733922354539013999e-01
-2.096294734925853998e-01
-3.660853390158678722e-01
-3.852958414110593810e-01
ReLU
0.2
8
2
-9.297578107225838995e-01 2.159257869329404556e-01 -6.740896031040477521e-02 1.324421131034354771e+00 -3.566698403740807821e-01 3.967933842135686062e-02 9.345882947402369897e-03 -1.420828988982566765e-01
-1.238890557930972136e+00 5.238688044991960391e-01 8.899396141982056641e-01 1.320379174276171463e+00 -1.423461771841750267e-01 -2.009895272693858204e-02 -7.376984116248204437e-02 1.329689903582931043e+00
5.643803065622563508e+00
5.842348837082004032e+00
Linear
0.2

ct 2024-06-11 15:04:03.327191
