noname
4
4
4
4
-3.418410029178925225e+00 1.682866220170459615e+00 3.533421333887562632e+00 1.206953478673674196e+00
-1.723638692315254461e+00 1.536200885305054387e+00 2.900838280774901534e+01 3.215987302613125820e+00
3.245228287277813539e+00 2.944288628407758512e+00 3.864797791773959545e+00 1.698189372677327613e+00
1.222660121899118435e+00 1.653555671293830409e-01 -2.786861106075243200e+01 -2.064308294341469896e+00
-4.147248364816758404e+00
-4.448965955365181024e+00
1.282262117547223523e+00
-3.994470881170022913e+00
ReLU
0.1
4
12
-1.332034322218379030e+00 -1.241631867473609985e+00 -1.003065453233951548e-01 -5.726479762463001499e-01
-4.050273170824694180e-01 -5.436326724646370900e-01 -1.355046710497783247e+00 -9.630111754782348654e-02
-1.893475180332090391e-01 -1.424597847837495879e+00 -1.220238827639579693e+00 -2.024278933290394100e+00
3.425719143883489970e-01 -1.091232926668727066e+00 3.877909305867702772e-01 -9.714323617090256935e-01
0.000000000000000000e+00 0.000000000000000000e+00 0.000000000000000000e+00 0.000000000000000000e+00
0.000000000000000000e+00 0.000000000000000000e+00 0.000000000000000000e+00 0.000000000000000000e+00
0.000000000000000000e+00 0.000000000000000000e+00 0.000000000000000000e+00 0.000000000000000000e+00
0.000000000000000000e+00 0.000000000000000000e+00 0.000000000000000000e+00 0.000000000000000000e+00
0.000000000000000000e+00 0.000000000000000000e+00 0.000000000000000000e+00 0.000000000000000000e+00
0.000000000000000000e+00 0.000000000000000000e+00 0.000000000000000000e+00 0.000000000000000000e+00
0.000000000000000000e+00 0.000000000000000000e+00 0.000000000000000000e+00 0.000000000000000000e+00
0.000000000000000000e+00 0.000000000000000000e+00 0.000000000000000000e+00 0.000000000000000000e+00
-4.088192525724335114e-01
-1.152256667306995191e-01
-3.300247304112276236e-02
3.885325730438304870e+00
0.000000000000000000e+00
0.000000000000000000e+00
0.000000000000000000e+00
0.000000000000000000e+00
0.000000000000000000e+00
0.000000000000000000e+00
0.000000000000000000e+00
0.000000000000000000e+00
ReLU
0.1
12
2
-4.374852595440019698e-01 5.787629046264778365e-01 4.475456732026311113e-01 1.139375927034806280e+00 0.000000000000000000e+00 0.000000000000000000e+00 0.000000000000000000e+00 0.000000000000000000e+00 0.000000000000000000e+00 0.000000000000000000e+00 0.000000000000000000e+00 0.000000000000000000e+00
-3.474277867253078300e-01 -2.585245168361965593e-02 2.370977672087401233e-01 1.181236840821702438e+00 0.000000000000000000e+00 0.000000000000000000e+00 0.000000000000000000e+00 0.000000000000000000e+00 0.000000000000000000e+00 0.000000000000000000e+00 0.000000000000000000e+00 0.000000000000000000e+00
1.447576960224022269e+00
1.078184703913968701e+00
Linear
0.1

ct 2024-06-15 19:13:06.790703
