noname
4
4
4
3
1.031946539708230359e+00 2.199541052356866366e+00 3.831512882036491430e+00 1.059615114780426026e+00
9.765536602490081375e-01 9.223586179466731760e-01 1.278599878748944096e+00 7.135858490300449608e-01
-1.527335425199551233e+00 6.252770142722224866e-01 1.032310011200160105e+01 1.017102828443704698e+00
6.690602778147889396e-01
-4.254765744844037356e-01
-2.531398180121175567e+00
ReLU
0.1
3
3
6.665041426847732042e-01 3.413008302165749797e-01 -3.040250103155571537e+00
-1.617158472081205167e-01 1.993185779666860891e-01 -7.644554443602912253e-01
1.943874367606552439e-02 -1.811507783877273903e-01 -6.776054227274719288e-01
4.181316563466508374e-01
6.991111525436786468e-03
-3.472409444432487946e-02
ReLU
0.1
3
2
8.060512348013768591e-01 5.213721743164877881e-02 3.711001399916214090e-03
1.075251753003560129e+00 -2.283163289406866733e-02 1.209510950584408683e-02
2.303777287446066246e+00
3.284827669798914052e+00
Linear
0.1

ct 2024-06-16 13:44:26.116316
