noname
4
2
2
7
7.686521417019828162e-01 2.628602394457545399e-01
2.637633874403201295e-01 6.419200201159646069e-01
9.230349483639375130e-01 4.432797749883172211e-01
-4.105047463497219634e-02 4.855242771091671239e-01
4.077206383195379757e-01 8.793708225714101934e-01
4.065964312330902497e-01 7.032699658948614596e-01
1.553169916694562280e-01 8.774756355042493405e-01
6.987552581849933997e-01
5.554203349071104023e-01
5.678575913650915075e-01
6.583893730563161739e-01
5.817232387191911824e-01
9.224407224128334803e-01
5.701465467514820196e-01
ReLU
1e-05
7
7
9.223510287773557526e-01 2.994110660788159572e-01 1.837819895475052978e-01 8.776956346794456687e-01 8.375175382244344213e-01 5.806299977300298787e-01 4.175281322285853691e-01
5.548006395474341934e-01 -4.336135188140459451e-03 2.998469647120010628e-01 5.140820038798646352e-02 6.668386220982361889e-01 8.285478391912742824e-01 5.196294371727754324e-01
5.846104964050592434e-01 -4.293164267183571109e-02 2.836404424731565621e-01 9.004589196025606368e-01 1.536018722434821272e-02 4.147561711406885787e-01 2.878077319624581382e-02
1.620058002337776415e-01 4.506970150567728983e-01 4.074237364297140229e-01 7.987603913906864417e-01 2.530769093159264127e-01 3.752323099135229656e-01 5.516567279941473334e-01
3.008358917584397219e-01 8.331424665213031933e-01 6.688405199271443280e-01 1.731594748017106222e-01 2.473896651795689516e-01 2.034896318909403998e-04 2.504319999614345593e-01
8.226478757634033689e-01 7.722745252023853757e-01 2.665188120080106415e-01 5.257411268106792872e-03 4.010714580446645416e-01 7.351261152275874178e-01 5.095638120559333739e-01
-3.700134616855040026e-02 1.837492555463708932e-01 4.064814031927193039e-01 8.434254499595660315e-01 2.293759184607428725e-01 6.144073392467985090e-02 3.800978944500965628e-01
3.777916822893973015e-01
2.389434053775473521e-01
5.227460349030914610e-01
5.103180131604732050e-01
7.744949392570663615e-01
2.648424197250711654e-01
6.992492013612993107e-01
ReLU
1e-05
7
3
8.975702517450372397e-01 3.639909579874429646e-01 3.844570637897656851e-01 -2.699117505066110298e-02 4.648191818537334985e-01 6.499153919825583214e-01 1.472278785120383349e-01
1.662619744279592582e-01 3.832744300418589600e-01 1.893660240723350763e-01 4.156216386221606718e-01 3.699704839527361289e-01 8.554927154092138997e-01 8.911401453520455540e-01
2.674600033738135374e-01 6.091831076080136409e-01 1.624981806693014119e-01 5.220982563272610344e-01 5.771452650255154415e-02 6.111366246583499473e-01 3.695654871012413883e-02
5.711614543956281542e-01
1.688762169877167096e-01
6.912465453036832352e-01
Linear
1e-05

ct 2024-06-02 05:18:33.610805
