noname
4
4
4
4
1.600048208392813809e+00 9.449861680324884716e-01 1.425013197981404911e+00 4.673808899865533606e-01
-1.993533268217691501e-01 5.371602365088059550e-01 7.020375343098124166e-01 2.185630671826212790e-01
-5.533776181274594613e-02 9.890915941820406232e-01 8.549066608079366469e-01 3.512411772406185961e-01
5.045929751200357583e-01 7.193544013979662477e-01 1.872610838342271489e+00 8.979798141179121118e-02
8.668657935429048278e-01
4.752269824391849862e-02
1.854012402083660138e-01
2.766586242768235837e-01
ReLU
0.1
4
4
-4.527532236343857590e-03 3.079839708469316872e-01 4.203007014784972128e-02 -3.890749083913629114e-02
3.681892955321660055e-01 -9.113971294198963680e-02 2.574054558985701679e-01 5.230826382351765336e-01
1.097092682948275656e-03 1.752246952354630516e-01 2.476302177729631793e-01 3.665356532691473324e-01
5.844992828756191416e-01 1.526329671484308315e-01 -5.891522443678039872e-02 1.371169252890501733e-01
1.657131629329753730e-03
9.203204547787814382e-01
-2.027896210048514211e-02
1.410486909211244644e+00
ReLU
0.1
4
2
2.195529398122293002e-02 8.033503151462011438e-01 1.565418668621753884e-01 7.843798556444570025e-01
1.339638518928630388e-02 7.382152274373076084e-01 6.516353964589045866e-02 9.344764747500580171e-01
1.540679449910172805e+00
1.416871151097770287e+00
Linear
0.1

ct 2024-06-15 13:38:00.312337
