noname
4
4
4
6
-3.201841562978765543e-01 1.350770940983028745e-01 -8.417067569647164182e-01 1.855634854581029447e-01
-2.746171571728707850e+00 8.576153119044271911e-01 1.076670589637332753e+00 6.530864006530729959e-01
-5.302688739336158363e+00 2.511477112862666505e+00 4.023614153589900155e+01 5.255112359392202670e+00
-3.325088797304162291e+00 -1.178444221728646601e+00 2.667309222620164277e+01 4.927508690164333349e-01
-2.038090925135808362e+00 4.490256945562795532e-01 5.550415900517409185e+00 1.998761336589105486e-01
1.495519605019848708e+00 3.296203883216065833e+00 3.054515665718097495e+01 2.985678365468247275e+00
-3.652383503739114468e-01
-1.904248706378328215e+00
-9.562681487801000912e+00
4.598177323487935730e+00
-2.536529073044929472e+00
7.550668338577602334e+00
ReLU
0.2
6
6
-3.947864144889733362e-01 1.947358896330812772e-01 1.268513946361388318e-02 -5.428125396427742055e-01 -1.912196593651417142e+00 -3.709806711871481422e-02
-1.331695553919426178e+00 -7.596956982329029495e-01 -9.002755038138483545e-01 -9.909957293643645304e-01 -9.210325915544997910e-01 -1.214748190204814282e+00
3.820056777107561641e-01 -3.308526750861456311e-01 -3.374971000066030680e+00 -1.375960822589494814e+00 -7.731689382272965982e-01 1.614637428329203761e+00
-6.779546115126868777e-01 -8.111526325189114539e-01 -7.183869318817081018e-01 -1.071531540154561757e+00 -1.586207302067275560e+00 -1.164057076443334227e+00
1.238334630701370259e-02 -6.366359022164755910e-01 -4.431735669549436429e-01 -3.767870770101378497e+00 -7.164587211428672386e-01 -1.609193813051202682e+00
-1.732907486927555141e-01 7.546285211464075215e-02 1.385774192319950471e+00 -4.338795774494908497e-01 -9.151711372748628781e-01 -8.304185753558992467e-01
-1.594266722570059913e-01
-8.533238781242976634e-01
-5.986563111128364589e-01
-3.753472501033792985e-02
9.998400969313603337e-01
-1.377996683143634105e+00
ReLU
0.2
6
2
-3.285333896103937584e-02 -2.694001270018848704e-01 5.687375164032965058e-01 1.123196560958649171e+00 -1.951103639432689274e+00 -4.981384507275487539e-01
-1.863814390466471405e-01 1.250126205195454032e+00 7.702089472422012362e-01 6.335629598303000876e-01 -2.298617876282182060e+00 -4.682386387593738264e-01
4.999071615199879304e+00
4.667675333819317096e+00
Linear
0.2

ct 2024-06-12 18:08:59.432610
