noname
4
2
2
3
4.326013541479393210e-01 6.195096512035802583e-01
1.170565923370616157e-01 3.134434437468183732e-01
3.472832506057875745e-01 5.724319303524993963e-01
4.915974397889743552e-01
7.914041756169778452e-01
6.280474181079342966e-01
ReLU
0.001
3
3
1.133113782426507649e-01 2.924542674757794614e-01 6.299850137287128504e-01
1.572969630061362700e-01 2.788955832869829954e-01 4.443762177503238209e-01
6.163058656749627051e-01 2.595190539645241268e-01 9.419684927408238373e-01
-7.941990849437366440e-02
7.906323865534884421e-01
6.487914320489063247e-01
ReLU
0.001
3
3
5.435277987307040037e-01 9.258376926790867767e-02 7.541481245105322584e-01
9.429568283774540927e-01 2.142319406985259411e-01 4.832065452381386628e-01
2.598830841099137867e-01 1.794738347440308912e-01 8.357670778407088052e-01
-6.774636657345195490e-02
8.671489601956361426e-01
8.478582567295772643e-01
Linear
0.001

ct 2024-06-05 15:00:51.142757
