noname
4
4
4
3
-6.107945621457400165e-01 6.280490882586418078e-01 -1.014691037075058366e+00 3.848095778295888003e-01
-9.174535951029443304e-01 6.729190876289894430e-01 2.409657815158545802e+01 1.497154512533054538e+00
1.213876641550231783e+00 1.593024634400282524e+00 1.833326437514857910e+00 1.364146675298942624e+00
-7.352509302624645748e-01
-4.450086861893614021e+00
8.497420844695235953e-01
ReLU
0.1
3
3
8.160473709434880318e-02 -1.742359868043434901e+00 -3.699988583828789368e-02
-3.488024305642611900e-02 -7.547621846509946497e-01 4.000618704770054768e-01
-3.284137201711650467e-01 -1.082923379068722047e+00 -1.405086636625116348e-01
-1.015779547596365462e-01
9.948329242040907516e-01
-3.071952152742122855e-01
ReLU
0.1
3
2
1.392634698219757938e-01 1.620188977650244055e+00 1.403865478820504331e-01
4.659004069560240824e-02 1.071445403133795438e+00 1.281407853817073395e-01
1.139746547887494854e+00
1.398096579306255416e+00
Linear
0.1

ct 2024-06-16 14:12:12.344253
