noname
4
4
4
12
-2.098561621748130435e+00 -1.434542560316864224e+00 -3.521231021005825301e+00 -2.840680471395340412e+00
-6.948571472186185760e-01 6.245739977531441500e-01 2.233486466131979764e-01 5.202899889928864763e-01
2.639156770807882246e+00 1.557901629072495409e+00 3.421493054703891534e+00 3.329941130267761285e+00
-1.178498011343033891e+00 8.673768727789309407e-01 2.153282528449346955e+01 1.674146064715996696e+00
-7.561493853484351213e-01 8.399952210641941086e-01 5.629447471660908864e-01 2.757228767033304551e-01
2.370934380091183069e-01 -9.541767905293476945e-03 -1.217223010394194338e+00 6.093894674338543038e-02
-2.308054495702445696e-01 2.316881630790752211e-01 -6.971016877279951895e-01 2.047014661342145270e-01
2.008749224393616029e+00 -1.039160059922668911e+00 -1.804906002757673988e+01 -1.140857687767650619e+00
6.021835267707081885e-01 2.199344820747529905e+00 1.768657733378508290e+00 2.535020435237008152e-01
-9.073175005754628708e-02 4.104534857403748793e-01 -7.936166187668123317e-01 4.077278793239040855e-01
2.412843666421417010e-01 5.960739775140256880e-01 -1.614537438334254560e+00 5.113767485999328732e-01
-1.594632752672735299e+00 8.583262691319681892e-01 -6.303247285329969252e-01 9.540630556133531393e-01
7.065504687387268445e-01
-7.077013792294045702e-01
-8.248819055412155432e-01
-4.690078945697372603e+00
-7.433783560173919946e-01
-5.860724782139863365e-01
-3.028527742445464854e-01
-3.793078414664027065e+00
-9.576608441051526199e-01
-4.860172823273392062e-01
-7.448745877861500109e-01
-1.559037421064354501e+00
ReLU
0.1
12
12
-1.017425525545599285e+00 -2.023501101500287114e-01 1.739730818041330895e+00 -6.687662018237245931e+00 1.623303245030383313e-01 -2.354881205053085125e-01 -2.463376535511339893e-01 -2.069848214323113389e+00 3.841431701516480057e-01 2.028385841241230891e-01 1.326351198364756623e-01 2.485732498843404997e-02
-5.819645949252562067e-01 -1.936774893630925087e-01 4.710770764959494317e-01 -1.440134389530578396e+01 -4.216600996857340633e-02 -4.959593683086633842e-01 -2.702242574152711740e-01 -1.693851226918451802e+00 -2.221585280036026677e-01 -3.277452960623522538e-02 1.048149308974326982e-01 -1.747597186970535343e-01
-1.905347676063127160e+00 3.323469447867931637e-01 2.143356873292701970e+00 -8.387277272190225119e+00 -4.047190299158621302e-02 -2.684968908689001621e-01 2.346521475703114978e-01 -5.735991163416357397e-01 -1.157179289891919538e+00 2.997308893609963998e-01 4.479229742217133436e-01 1.457297414295475990e+00
-2.999228751098123591e-01 -2.181063383098950370e-01 -9.291080334222896753e-02 -7.626521242944237500e-01 -2.654216478404236024e-01 -6.126552187610401212e-01 -8.375244917873791994e-02 -2.183722089410901346e-01 -3.647831540190586974e-01 -1.376951372357499981e-01 -2.592504905604252063e-01 -5.225452208977100776e-02
-1.969818532955666557e+00 3.104334818698502307e-02 2.007919169164931184e+00 -5.340831521056256470e+00 -3.455535354335941278e-01 -5.356239692325387436e-01 1.232991339334898601e-01 -5.310497042016380786e-02 -5.796597587364655801e-01 -2.062398041650632674e-01 7.407848171489662958e-02 4.431693443273663768e-01
-7.157091116393018426e-01 -7.342942442937325231e-02 -3.253818365204527718e-02 -3.198200748860762666e+00 -7.306890843456235185e-01 -5.505590736094456705e-01 2.735433433797176406e-01 -6.803986239027917104e-01 -8.676453775958254955e-01 -5.857708528197277387e-01 -6.796092763243166690e-01 -5.543954521791608775e-02
-9.543595605420995831e-01 -1.937751634842859449e-01 1.249575488311405858e+00 -2.918137149143854359e+00 -6.843372739815825612e-02 1.828179587169873610e-01 -4.079836854565512816e-01 -9.563374709046416067e-01 -1.479042905780733719e+00 6.472876270195564163e-02 -8.269189589239912541e-01 5.833801390536177411e-01
-5.686783652956233226e-01 6.137113557750443205e-01 1.059759943597420095e+00 -5.200983601929638489e+00 3.094719594801874085e-01 -9.965779193759861931e-02 -2.241193489539762551e-01 -2.020259949546611811e+00 -1.029940615170842483e-01 7.823889856943339050e-02 -3.776235158443552176e-01 6.033876369569428633e-01
1.381983560916629328e+00 4.699487137502108558e-01 -2.903529220319373216e+00 3.720305281848860002e+00 -3.809013368351233941e-01 -1.301893722331951830e-01 2.701851681868210342e-01 4.242499792735627828e+00 -1.377038481354274646e+00 -4.590771103130970587e-01 -1.115004709503240710e+00 -8.856984060928272395e-01
1.977241795749480960e-02 -1.395670475890434248e-01 8.339468408276878852e-02 -2.819191671435336666e+00 -4.243172861213403979e-01 -7.183176177666816820e-02 -6.772035596517925193e-02 -4.913076498493060273e-01 -1.784211695118162466e-01 -6.263346572251056454e-02 -3.937505298383460195e-01 -5.636101018433696819e-01
4.354053191871038453e-01 -5.339926869080722227e-01 -1.635928595980866429e-01 -1.085787650399684612e+00 -1.969261217200609648e-01 1.582528006313446978e-01 -3.412319222245945027e-02 -2.347533671895637664e+00 9.674792206712073961e-02 -2.613567981413323915e-01 2.387073974764435114e-01 6.531255048138502606e-02
-3.497071649715979280e-01 2.136319462761457344e-01 -5.048870203764819209e-01 -1.205046336633911253e+00 1.025348109665767393e-01 1.798795776361394178e-02 1.982113643581769891e-01 5.886712257323582775e-02 -8.014556005161738161e-02 -5.521418146693519713e-01 -7.145407391427980315e-01 -4.269979091009127870e-01
3.884992007211781395e+00
2.909063282184785049e+00
-7.943759924336404321e-01
-3.205841612412170527e-03
3.482464632041597064e+00
-7.301244543453386249e-02
-2.975308918875263053e+00
3.082747807912543880e+00
-3.279335667706186896e+00
-4.231315002536934489e-01
5.907933598430920030e-01
-5.853550551254123047e-01
ReLU
0.1
12
2
1.780812665781621007e+00 1.953919133338481329e+00 -1.344268990146294973e+00 1.829338926563378598e-01 1.903792318420167273e+00 1.061926400836890744e-01 -6.504329732619507087e-01 1.270732124297798693e+00 -7.745977784123735388e-01 -3.457096561211354252e-02 2.685827966886165097e-01 3.350018899292750429e-02
2.057107910466610790e+00 -1.521821798870358844e+00 -1.093178960429531443e+00 2.095204674397448813e-02 1.593731783976268801e+00 -7.803755940386662704e-02 -4.640430833054726145e-01 1.205399503146751039e+00 -8.068057776871513376e-01 -9.990332621097460994e-03 -2.926002870397402811e-01 -4.383879983032622912e-02
9.311999044786830382e+00
9.174236334558155903e+00
Linear
0.1

ct 2024-06-03 13:00:41.649022
