noname
4
4
4
4
1.689946858060086710e+00 -2.083155762726151827e-01 -2.014627606956637251e+01 -5.140784227285964958e-01
2.369576071957380403e+00 2.517037768598517022e+00 4.817847704577731704e+00 1.522402521048019874e+00
-4.333475757239285686e-01 -1.897423703917857640e+00 -1.809823605878381514e+01 -2.378778879232365639e+00
-2.766350590218863648e+00 1.859127596715705932e+00 5.850534221473701280e+00 2.481419578141668691e-01
4.805342416708412223e+00
-1.506828855055389216e+00
2.064779725445057057e+00
-7.405160403113996148e-01
ReLU
0.2
4
4
7.297742135843507949e-01 7.954046090658559720e-01 -1.178040961617786042e+00 6.057727851579545186e-01
-2.980477180375608270e+00 4.982329280337154387e-01 -8.323545246863328639e-01 8.777062775954092011e-02
-5.520514330875490039e-01 5.504264210972575899e-01 -1.835984986687498433e+00 -8.249101416740798332e-01
-4.447787622628278092e-01 -1.354229245486646693e-01 -6.396650960745068337e-01 -5.009098912293061812e-01
1.374019670540730154e+00
1.547968627784904072e+00
-6.303418965256891715e-01
-4.040379051594904236e-02
ReLU
0.2
4
2
4.166401550952798516e-01 -1.005350168603496019e+00 -4.562968739934881168e-01 -4.215735860607541102e-02
4.849338782427144445e-01 -1.029411416633293275e+00 1.871824945373377069e-01 4.336997519899729037e-01
3.500719666775752970e+00
3.327759599819449576e+00
Linear
0.2

ct 2024-06-11 22:08:23.400535
