noname
4
4
4
5
2.202818761299000894e+00 1.508534273257699843e+00 -2.041838305142238408e+00 1.546644730603444096e+00
1.282607776855333448e+00 1.226556069451015363e+00 -7.525648545466557815e-01 7.698950458912462436e-01
2.991287765543625826e-02 1.131674483569200085e+00 3.486987628913634119e+00 1.286169545176009121e+00
1.507990740989137990e+00 1.490241865205296667e+00 -3.304786415062728189e-01 8.365546951573018530e-01
-1.837183325310887794e+00 1.677339554646159359e+00 9.007987201192452886e+00 7.137925457154787878e-01
9.076428186714831092e-01
5.284473308299055816e-01
1.294734681255382158e+00
-2.315501781814697513e-01
-3.244873976096549484e+00
ReLU
0.1
5
4
-2.111410144120046684e-01 4.408229990874208970e-01 -2.120834420593670444e+00 8.119618577344861476e-01 -2.147771893606772675e+00
4.713604653871786287e-01 -5.131803872132776334e-01 -5.397660962043153432e-02 -1.339670398363706216e-01 -1.669363393651129401e+00
9.158892459469165637e-01 6.926330321364339015e-01 -1.314376704815754526e-01 3.981097202719224848e-01 -2.512348811869053566e+00
3.353526335680716008e-01 -1.009389217093787511e-01 -2.113454777625119185e-01 9.256775797550927942e-01 -1.052172932800115035e+00
3.408627746077761866e+00
-5.484139624125101281e-03
1.166294035911719318e+00
3.972942282087814081e-01
ReLU
0.1
4
2
-9.789824507640680906e-01 1.885570441451396573e-01 1.153718166775576703e+00 2.753583384159473124e-01
-7.589937696056382466e-01 2.358778256190629807e-01 9.439693683281787928e-01 3.220828607101823837e-01
4.304299182696317949e+00
3.053555482273039967e+00
Linear
0.1

ct 2024-06-16 14:22:16.695211
