noname
4
2
2
3
8.191469611766368786e-01 6.273802218631353567e-01
7.945634700755455082e-01 5.464683737936228969e-01
7.092261733372311472e-01 7.584406652673032767e-02
6.055389906153342272e-01
3.067295598046483884e-01
7.192652851603748010e-01
ReLU
0.001
3
3
8.856629431101353811e-01 4.683576703424891519e-01 9.308934700127806661e-01
6.610845037128394441e-01 6.668698896555839140e-01 7.392381590300206584e-01
6.625357957213320326e-01 6.953755046948513208e-01 7.428596505808880979e-01
9.129354678452495930e-01
6.089104831524561057e-01
1.357152275089363036e-01
ReLU
0.001
3
3
4.014413741591860707e-01 8.345937294105427728e-01 7.776144725716562789e-01
9.401773175401287319e-02 1.045755548441375637e+00 9.171021820176129546e-01
9.149805450441937937e-01 1.763381480023868686e-01 8.915477462106891071e-01
7.781007141545694950e-01
4.671846370013718608e-01
2.807404537972207903e-01
Linear
0.001

ct 2024-06-02 15:17:49.683746
