noname
4
4
4
10
6.123811971311372560e-01 5.120037308878433446e-01 8.135805761541156089e-01 3.098076913971352098e-01
1.386320111649140596e+00 3.258748044254031750e-01 3.403739589074666894e-02 4.804389321403509383e-01
1.047230737511526177e+00 8.188359391635433582e-01 7.212930676423514598e-01 2.273346452589129485e-01
9.941556206779758043e-01 1.192400436412863751e-01 4.503821038825015499e-01 2.490853776618077164e-01
1.884709384030907875e-01 7.214128070977909868e-01 3.447018330443692991e-01 5.638794324389709844e-01
1.026671476890800960e+00 8.634297449445423878e-01 7.431233877542144928e-01 2.078978325741378530e-01
1.205687747394541542e+00 4.523911294518546677e-01 1.083986841404490226e-01 7.909557865628251694e-01
9.891325067577312335e-01 5.200435435680894614e-01 2.658254672437167232e-02 8.236421627211585328e-01
5.087331739322484836e-01 2.334918670683374109e-01 5.302062974086486913e-02 3.285274469438084766e-01
6.362608292810730815e-01 7.223004992203515551e-01 -5.539636109040352308e-02 7.250902418971607588e-01
6.880284114592883915e-01
6.281095875663720296e-01
6.347409744456792291e-01
3.099214272045713869e-01
6.723778772951402027e-01
5.772897121713845836e-01
6.739017434052820832e-01
5.103465414027640035e-02
1.193871415859542873e-01
1.907901167884146765e-01
ReLU
0.2
10
10
1.392410432933738340e-01 9.002090305413618099e-01 5.809499908262607537e-01 4.498267035698968463e-01 2.198030993034094660e-01 3.020880616077903924e-01 7.973230836868295812e-01 6.382876522017967291e-01 2.569593217475474312e-01 3.844365335645295867e-02
2.965873414768187000e-01 6.888933598386359769e-01 5.476738939174888854e-01 2.921154967664750524e-02 1.354863937654145201e-01 2.310919712371306833e-01 6.816811228265221567e-01 3.795043534681538100e-01 1.045125830962650298e-01 3.672435251998208972e-01
5.810594638539587908e-01 1.660164594380042491e-02 -3.875925935602961281e-01 5.944426218406337892e-01 4.583379219236622948e-01 -8.033186305968313679e-02 5.385104649556372580e-01 8.681410693504838516e-01 4.421137921227583090e-01 -1.156306711909832474e-03
-5.504034656612190324e-02 2.479518906638677744e-01 5.862227180575383390e-01 7.118554983787129808e-01 9.030156678082285060e-01 6.684511251187594816e-01 8.008297190822022404e-01 6.993016203979098844e-01 3.343997878617226971e-01 6.115712421192389669e-01
-3.766721615273568857e-03 4.294017453809244600e-01 6.218589242339417344e-01 4.876667095859419931e-01 7.781903021105073259e-01 8.477846989604340688e-01 4.085728919394142622e-01 8.872839504449541170e-01 7.291320921453439685e-02 6.882594980958373077e-01
6.704584743509834910e-01 7.959322659879481954e-01 2.912856245674066979e-01 5.633444302952133054e-01 7.955266901086298637e-01 8.801356004164465618e-01 4.978785016706641642e-01 9.804676544118934300e-02 5.810137562932451427e-01 2.706069955561732909e-01
1.496713372788961993e-01 4.084932313190909325e-01 6.654913185188210401e-03 6.092916399627119617e-01 -3.934024652505883901e-02 8.603398204662455750e-01 4.606741229183637376e-01 -1.787534015542172061e-03 1.770226460427933024e-02 8.808830097350556221e-01
3.439300827671062377e-01 1.883899837797202159e-01 8.051657804323811840e-01 4.618552871643424318e-01 6.236867174415180459e-01 1.361330286616662388e-01 7.550946803187463807e-01 5.525389524151957943e-01 8.054855992417663257e-01 7.971508848416063442e-01
5.820419967794991933e-01 8.846252664224987239e-01 3.135853544697220774e-01 5.459436333833659338e-01 5.194476334791994221e-01 5.166800979389187809e-01 7.679346727860013322e-02 6.830815027176156962e-01 7.362024186284514826e-01 3.047549229162218598e-01
5.638426771254857472e-01 8.331053097829257958e-02 7.653229798817264840e-01 5.883289874542974029e-01 6.836616541438862438e-01 5.190027030952991671e-01 4.975732269421581644e-02 7.162329503307806045e-01 6.620515054984933700e-02 -2.746153879076637661e-02
5.060891806491368827e-01
6.696875828400404851e-01
5.179264465888688829e-02
9.029522727009020588e-01
2.405293381137327824e-01
-5.733076330947720067e-02
3.049060745066847766e-01
2.700569009330089920e-01
2.330546675908045928e-01
4.177640793404822639e-01
ReLU
0.2
10
2
7.691919877770826697e-02 5.698987261601123899e-01 3.792661003323208879e-01 5.622996512946604186e-01 6.408724223930831743e-01 8.255818630924424140e-01 5.328251230060908616e-01 3.673842832771616607e-01 8.796591480481827374e-02 2.398299563939694790e-01
1.463193981547530886e-01 2.769933742991904091e-01 -6.045142379701144708e-02 4.373036443478748314e-01 5.464445935930669629e-01 9.649822097048141312e-02 2.096095855994022927e-01 1.743434559216986424e-01 6.879205232065389586e-01 3.904052503532037255e-01
1.208251182035207927e-01
5.250929622403153196e-01
Linear
0.2

ct 2024-06-12 10:50:29.681302
