noname
4
2
2
5
4.212879426698776242e-01 9.348584418430025966e-01
7.236349783908323507e-01 1.738622182671402117e-01
6.873773582800127846e-01 7.406075129212604802e-01
1.538314114191778048e-01 5.115733299791801469e-01
6.971009913901076160e-01 9.772474851539131313e-01
4.629482800798582209e-01
5.199623096473060535e-01
6.315107921544714786e-01
3.951004420649166793e-01
2.333133266220113466e-01
ReLU
0.01
5
5
3.017240586253457924e-01 7.535678109624103227e-01 8.043118701720024522e-01 7.203590763920307838e-01 3.443910690952749487e-01
9.312701076579346093e-01 -1.037461584335915531e-02 5.991336751840277142e-01 2.396330318392677905e-01 -7.623600710973210681e-02
1.344790985808415884e-01 9.033099843260540551e-02 1.705586457102885589e-01 5.410943851778501346e-01 3.754272178563128892e-01
3.181110469712713495e-01 1.066795681313376098e-02 3.702026760723148846e-01 5.483690153609267481e-01 6.441196330341848464e-01
6.021607692804564760e-01 4.034655482440741570e-01 3.497330103247831556e-01 2.028789906830580914e-01 8.479264715704404320e-02
3.920089855195959538e-01
5.803333883599639531e-01
9.445181425279467469e-01
6.395894617006731009e-01
8.387281063257503999e-02
ReLU
0.01
5
3
6.806408615554683239e-01 3.359360770319084200e-01 6.578399429653892794e-01 8.040386104712908821e-01 3.886297108109513787e-01
7.938587915803999584e-01 4.832452660403916411e-01 2.943613263135277380e-01 5.234965708968224440e-01 8.131386642164276646e-01
8.499723246035524316e-01 6.380700598477325736e-01 1.541897056026344803e-01 6.053217824542010961e-01 5.517546335610079566e-01
3.871096908407067883e-01
4.883592279458022212e-01
6.429436928300314991e-01
Linear
0.01

ct 2024-06-02 17:53:14.851668
