noname
4
4
4
8
-9.530328941667385312e-01 -1.762345500327704984e-01 6.891915849086929780e-02 1.250152589205389964e+00
-9.890074827205684871e-01 -4.289455084301159460e-02 3.440608964860716323e-01 1.658660463929825468e+00
-4.303324103242831544e-01 1.732557064040700923e-01 -2.391155030288829586e-01 4.673903950802333895e-01
-5.280759732767085213e-01 -3.187279621705667032e-01 -6.052956077270130741e-01 1.162609877032160011e+00
4.733028145247302199e-01 1.984637299854346559e-01 7.103162225266607122e-01 5.739398285635306518e-01
-1.134347312795137008e-01 1.765266301632935353e-01 1.012018501758149558e+00 3.630451779675401003e-01
-1.195805294781586481e+00 -2.900816728685892132e-01 -1.738715618796678741e-01 1.529685202524813548e+00
1.337645679189832515e-01 6.535254418801321741e-01 1.475628352664046794e+00 1.167407988739346258e+00
3.561267490635790928e-02
-4.661005774381875577e-01
4.506264030138861787e-01
-1.833224579673716215e-01
5.359225078200787751e-01
6.235572930826623894e-01
-8.397603718188292321e-01
1.131763650989449976e+00
ReLU
0.2
8
8
-6.570373866913915561e-01 -8.379938270709258452e-01 -3.278187234493867841e-01 -4.888512618831313272e-01 -1.825967181582152377e-01 -3.623514962089854352e-01 -8.880335933947096638e-01 2.200115329541384723e-01
4.503585595919476492e-01 2.017721732300778448e-01 6.782436049838812264e-02 -3.140242788684516340e-01 1.012460474121285592e-01 6.552788169713250066e-02 -5.418343243029442036e-01 8.795125401066948845e-01
6.456239962307255276e-01 -4.180001939707582437e-02 1.360942561731199596e-01 4.526642358302777891e-02 8.136838676185186303e-01 4.034354453244181071e-01 -7.516009231486391329e-01 1.159031542707497753e+00
-1.168374221099490962e+00 -1.317546490826746908e+00 -2.928860558865427621e-01 -1.251274542567726966e+00 -1.362782221201051108e-02 -6.855536450973812590e-01 -1.135390803847715180e+00 -7.054131877589344679e-01
2.257718092865522719e-01 1.544065344189255173e-01 4.300284069856238345e-01 -2.042073581580504116e-01 2.456226553893455511e-01 6.050400736445872285e-01 -5.834248084045852156e-01 9.176944058034249840e-01
-3.133715306446624993e-01 -5.712888515495997410e-01 -9.349680529721504652e-01 -5.368714978318639419e-01 -9.440341380131660465e-01 -5.192730323458143449e-01 -1.269663800892468775e+00 -1.904839819176666615e-01
-1.708490431456770875e-01 -7.305627215120588103e-01 1.669096311229041341e-01 2.797280784409021670e-02 2.434354406818363126e-01 4.620962777939937038e-01 -1.381421777037183107e-01 9.902284124757839701e-01
-3.909821397347122418e-01 -1.226507633023809385e+00 -1.730551461331425178e-01 -9.138123871414126631e-01 -6.831267265940438316e-01 -2.702856868968313009e-01 -1.470497763718034978e+00 -8.855377294373245611e-01
2.598783812323143261e-01
1.119610867447566216e+00
1.676133338489054658e+00
-4.992043390640513723e-01
1.057821124023701209e+00
1.944552600791944752e-01
1.481877336758596231e+00
7.539080496827953171e-02
ReLU
0.2
8
2
7.907275480378040955e-01 7.163960797983643936e-01 1.085545764574409766e+00 8.516270218199259445e-02 7.924232347426626299e-01 6.119466498253324227e-01 1.005287997334972649e+00 5.539669144580915833e-02
3.315241055217053034e-01 8.844959625315689244e-01 1.264987396608984627e+00 8.746123192208290487e-01 8.197886742609750144e-01 2.510279940972729440e-01 1.157749984138365162e+00 1.013362719967157100e+00
1.145771198178468175e+00
1.578630719448141706e+00
Linear
0.2

ct 2024-06-12 01:19:41.371852
