noname
4
2
2
7
4.914541750880403459e-01 6.334042166279443276e-01
4.502879054542474613e-01 4.069297763924853428e-01
2.409032405350892136e-01 -7.430785429446942932e-03
8.146030899989348262e-02 5.771733012178452693e-01
8.472887957751445986e-02 8.051471869965093342e-01
2.580008039602227909e-01 2.584643203010577039e-01
-1.991197646761952780e-02 -5.357261031214085884e-04
1.933971316829924680e-01
2.255189014633240674e-01
4.130218435736472682e-02
-8.694633211489824487e-02
3.986788387296320568e-01
6.411913205015733475e-01
3.235911710898015659e-01
ReLU
0.001
7
7
-8.548780746532493036e-02 -4.653052835596428044e-02 7.506429105174659000e-01 4.786395705290991676e-01 6.158254616394628900e-02 6.891561640048573523e-01 -1.182695834001461568e-02
5.137506466087778945e-01 2.064281648065649510e-01 4.580831513128348909e-01 1.342255012978468276e-01 3.066602169605757156e-01 2.837161138904642499e-01 7.247262246284501552e-01
4.760621618582057679e-01 7.876872394656657672e-01 -6.325386155625953646e-03 3.433692978828054021e-01 4.480806745020008974e-01 4.979747263834774507e-02 3.259204300720442982e-01
6.802202352027093557e-01 1.206143136913755409e-01 7.139918896776887847e-01 2.962285636999778538e-01 5.493480638296691643e-01 2.940462777862549171e-01 3.921735950873100895e-01
-8.152336693707361304e-02 -7.239765106192914967e-02 5.927713305853116177e-01 6.119412300877633548e-01 -2.282310691906282163e-02 5.917760365585803539e-01 6.937140728849968685e-01
5.520390798210600414e-01 9.056364722917823462e-01 7.462437824168792755e-01 7.941612669673631109e-01 7.594501415389361965e-01 1.782364428614940932e-01 2.805536210678753750e-02
-1.480642168750321008e-01 3.800370285424697347e-01 -1.241462419337622802e-01 2.538587891418295772e-01 -1.398000547120037684e-01 7.001322363357445067e-01 4.287362949983809512e-01
3.476435668385421396e-01
7.253878244915501483e-01
5.850002972925993916e-01
3.071500384048129750e-01
1.790935088406262199e-01
3.276855956752552229e-02
5.942785629604522279e-01
ReLU
0.001
7
3
3.921190980025407447e-02 1.915725289615854421e-01 7.526415692077194075e-01 4.045620457828740246e-01 7.671742644370427300e-01 -3.329063129840132557e-02 7.370726978076483915e-01
4.749334032351084645e-01 2.817397541927803006e-01 3.495184440184460062e-01 5.031073288464488202e-01 4.228453110768469192e-01 1.279481735108032037e-01 4.373931600774609296e-01
2.375783364955488808e-01 7.798050214481382358e-01 7.887254967187264931e-01 4.010864730576103598e-01 1.162989233881819712e-01 -1.582395328185837446e-01 3.002925117914192477e-01
5.950575844890286514e-02
7.256074004062789129e-01
2.292797938317814588e-01
Linear
0.001

ct 2024-06-02 19:11:34.306470
