noname
4
4
4
4
-1.683098389518364046e-01 1.579416239393666377e+00 3.256138186655870292e+00 -4.436490975295997313e-02
2.002818228809484236e+00 1.889135369241044859e+00 2.626678389496802435e+00 1.463330557023579281e+00
1.692716080229246800e-01 8.709316859361858343e-02 -1.246698736863614432e+00 2.679537243392215440e-01
-3.836261601897844820e+00 1.725795951254515570e+00 6.022582553434328467e+00 9.994729419049139807e-01
-4.737946288147764640e-01
1.066275986364842776e+00
-3.878884095691416123e-01
-2.625191898219130238e+00
ReLU
0.1
4
4
2.201676362284682165e-01 2.878273745010403450e-01 1.960024375966348265e-01 -5.599884843643614385e-01
6.970794693729134850e-02 -3.188898433829576717e-01 1.482843649734303104e-01 1.735525856312921181e-02
7.434331805860108222e-01 5.003309863278444514e-01 -2.493452044817091595e-01 -3.561509905869880144e-01
2.565916702579296160e-01 -2.207616868632090501e+00 6.091701841100530951e-03 -1.367031788116999935e-01
1.861021436967028597e-01
1.493819188828366951e-01
-7.763694279880328786e-04
8.746261944208720829e-01
ReLU
0.1
4
2
4.150766389746577967e-01 -1.419933503778355866e-01 4.590708619830675130e-01 -4.113408055734469326e-01
3.742000128559755945e-01 -8.097553383836410268e-02 5.760079679093438321e-01 -4.889724057869416773e-01
3.444004442686622092e+00
3.906564235697904675e+00
Linear
0.1

ct 2024-06-16 13:25:06.332651
