noname
4
4
4
4
2.552729185325206540e+00 2.609658424257344844e+00 4.921615964206191407e+00 1.573998200834698435e+00
-1.252002382144171033e+00 1.292891525181333101e+00 1.425556474691994602e+01 1.132394169883286672e+00
-1.543788892795582512e+00 -1.422064139535578420e+00 3.196603856536942789e+00 -6.638630292449118064e-01
-3.665853705955992137e+00 2.517282718950965226e+00 1.728049442955281378e+01 2.751246661249928227e+00
-1.211029874492811409e+00
3.481257228672625104e+00
1.025425281170844860e+00
-4.553159913792973690e+00
ReLU
0.1
4
4
1.346676855320926847e-01 -2.240751442333158983e-01 1.238452878290784848e-01 -6.104757708860794052e-01
-1.731956542900695339e+00 -2.841764947194619140e+00 -1.148606911703762834e-01 1.724017403418166491e-02
1.207120361211017290e+00 4.676532115548061586e-01 -8.718290025315840186e-01 -3.070712959584078305e+00
-1.525927274536134526e+00 -3.372492580529316442e+00 -9.603904199790956886e-01 -1.363988186513816758e-01
-4.597787937631819810e-01
1.384094446314539040e+00
5.034630533670010344e-01
-2.862106043707903225e-01
ReLU
0.1
4
2
-9.142681188886776777e-02 -1.243403007534563898e+00 4.173990183461387948e-01 7.558152386495219366e-01
7.715272971064375540e-02 -1.441630991623626734e+00 5.514392500782721029e-01 8.307550042370103194e-01
3.699231971662475082e+00
4.220713736164211305e+00
Linear
0.1

ct 2024-06-16 13:25:12.374467
