noname
4
2
2
5
8.761443150778654987e-01 7.465629489892353643e-01
4.613564758192373327e-01 7.558217231957680138e-01
8.640777836739211848e-01 1.558325861426208547e-01
3.987638382574063556e-01 5.440713163450557888e-01
1.482355116791134186e-01 8.322355171571061971e-01
9.144940835866333106e-02
2.150361823390924965e-01
4.320455229105717443e-01
8.548198479308388720e-02
3.832814128974055823e-01
ReLU
0.001
5
5
3.536408505867377761e-01 9.168170009267728737e-02 1.383099173150315053e-02 8.038688823441768605e-01 8.452430547616163192e-02
1.240765530711390729e-01 5.937313991573350824e-01 1.634360342004345101e-01 4.072539665476148096e-01 9.022940112357891174e-02
7.390946216113472023e-01 4.952650746793925141e-01 9.256181105147512911e-01 4.035944439356505820e-01 7.074020555603044436e-02
2.768121174862567813e-01 5.025542039971471198e-01 6.887146795028931123e-01 6.962868142736691190e-01 9.618407550479101120e-01
4.188604455521449665e-01 8.724916433162193119e-01 4.841258852163765614e-01 6.407324581157876064e-01 9.911834617960302296e-02
8.862373498928555193e-02
6.771810716971881083e-01
1.609163028667383033e-01
4.376203752488839749e-01
7.154747302093348305e-01
ReLU
0.001
5
3
3.067155977846871551e-01 8.749835074981131555e-01 7.452705438820086403e-01 3.095646642397427151e-01 3.767118765816248604e-01
3.425886168061598180e-02 7.652411055395660355e-01 4.107202506497211747e-01 8.359527177525856168e-01 4.885067375298361991e-01
2.308452612021257844e-01 8.634655473516521518e-01 6.219646110040811804e-01 7.172076490559797790e-02 3.922140912556766335e-01
3.964031583371289136e-01
3.135488252789808694e-01
9.774155598456057970e-02
Linear
0.001

ct 2024-06-02 18:42:05.429899
