noname
4
4
4
4
-1.862366567190862909e+00 1.016778553439555477e+00 1.206345060533138458e+01 1.461209221308145345e+00
1.182528020779092692e+00 7.765371809643738521e-01 1.269716224969176022e+00 1.597799997786401915e+00
5.409594408803922727e-01 3.692693736286737916e-01 -1.522986072675264868e+00 6.716855843066396603e-02
7.076044281449454798e-02 7.713320989369459868e-01 -3.461841735498392136e-01 4.777615146006133906e-01
-2.971162716179055696e+00
1.637618755674675963e+00
3.458018968022570638e-02
6.030027128908442557e-02
ReLU
0.2
4
4
-2.357180837965676012e+00 1.053939056769917615e+00 8.176552819553564722e-02 -2.564400120164610497e-01
-9.862988779600347922e-01 -2.163183308241249936e-01 -1.342452380318707728e-01 2.911735709926900340e-01
-6.941776330874314116e-01 -1.497578089971624837e-01 -9.642952887878136758e-01 -1.001616140930663645e+00
-2.994840704161603639e+00 1.011697818971164953e+00 -3.154787967897762502e-01 2.715187329368577429e-01
-1.051938517436427772e-01
-2.305274434258106856e-03
-3.972196133038116694e-01
2.414029741009157959e-01
ReLU
0.2
4
2
8.975317931590977016e-01 1.649634640820056286e-01 6.373986037011641903e-02 1.138533289953287841e+00
1.035078532682353281e+00 -4.298048123929652797e-02 8.921085016568982562e-01 1.026456248005376048e+00
3.076347497823102461e+00
2.531345770748139490e+00
Linear
0.2

ct 2024-06-11 21:07:43.185311
