noname
4
4
4
4
6.143485095380881722e-01 1.342590481269836378e-01 2.633938366015430299e-01 7.321492721703766193e-01
7.598686827902703111e-01 3.113559349987804481e-01 8.395117400958326259e-01 8.072662470654480282e-01
2.398331232168404714e-01 3.383552617028021681e-01 9.484772709000637292e-01 4.562088021649697289e-01
6.340608490572594569e-01 4.143123847500079782e-01 6.368466633210589922e-02 6.431308341789877536e-01
5.901433311887119837e-01
9.272686857256787762e-01
7.752545707344370429e-01
6.276581841770171311e-01
ReLU
0.2
4
4
3.656374843815346498e-01 9.712437778136716604e-01 5.713058689634207266e-01 1.391753361103185149e-01
7.073704291901412589e-01 9.039789742155512897e-02 1.550183231937130035e-01 8.859023974184044858e-01
5.585549015108174364e-01 9.591130610818137114e-01 1.368772576704154753e-01 1.232572726624251436e-01
2.326393622142031159e-02 9.431527416124667607e-01 1.741907221036418374e-01 8.075606382814523032e-01
3.706490241795096230e-01
4.497103202731785876e-01
7.788793394972727269e-01
7.945329234263825979e-01
ReLU
0.2
4
2
9.712217114221889380e-01 5.469293032875615079e-01 4.040158714310976285e-01 6.714332398963169801e-01
6.628685257196258451e-01 9.960966005437343895e-01 9.778542563341763305e-03 9.200530306636600653e-01
9.274528278322844432e-01
9.250505094789769345e-01
Linear
0.2

ct 2024-06-11 21:07:31.383314
