noname
4
4
4
5
2.634775300532472553e+00 2.222947261190083346e+00 2.105944610401761175e+00 2.523721702830536984e+00
-1.995660834444334064e+00 1.863521822384283544e+00 2.902304656970240426e+00 1.624664941996359024e+00
1.358358763182837103e+00 -2.104105970832458039e-01 -1.247874020841313580e+01 -5.841160149832448356e-01
-3.935968406267606134e+00 -1.712985830060918646e+00 -8.924842585072676471e+00 -2.225774961909155802e+00
-1.632995073455185686e+00 1.307817811737714386e+00 1.981709295206524146e+01 1.698022850238289028e+00
9.565689937849927160e-01
-1.080379372161434981e+00
-2.254830033509645393e+00
-1.694101021969648402e+00
-4.186303953266857114e+00
ReLU
0.1
5
5
-8.143881052532010445e-01 -8.536436344696096690e-01 1.994060062579586345e+00 -1.947241093790367528e-01 -1.087307895516524958e+00
7.065360726970951744e-01 1.165832573874621358e+00 -5.276187903128549683e-01 -5.426811801231532506e-01 -1.491097995916726093e+00
-1.376826216821545601e-01 1.145058267494929227e+00 4.747117612205856707e-01 -1.348218862826028597e-01 -2.508553366269013374e+00
1.133691053604812815e+00 -2.730814636261011952e-01 -6.306778826467461796e-01 -7.226037799776270365e-01 -2.915354677750193080e+00
-9.194866242711338331e-03 4.563864918675220039e-02 -9.679552190841538284e-01 5.493726324560267542e-03 -3.971096726150293854e-01
-1.823893386964895447e-01
-8.698402372134681482e-01
-1.683176506474733936e+00
1.554410857453094819e+00
-2.504382922691105740e-01
ReLU
0.1
5
2
-2.239534523870694849e-01 -4.189792165661473944e-02 -3.011955898288316558e-01 1.594492235934492408e+00 -3.748727456314440015e-02
-3.770340807799572591e-01 4.535992136105311268e-01 -1.596699003544641005e-01 1.046514337261388761e+00 4.709627069922996817e-02
2.917333437160940512e+00
2.794027600657654098e+00
Linear
0.1

ct 2024-06-16 18:39:02.470911
