noname
4
4
4
3
4.261116264577473334e-02 6.657009034340037601e-02 2.430930941340973261e-01 6.455703284935589148e-03
-7.018101987609855555e-03 5.097846318799111875e-01 2.199427346929560823e-01 5.667348771886013825e-01
6.149588712886226993e-01 1.383617282340782184e-01 3.817470055598030654e-01 6.027217469010767714e-02
1.907711322782049967e-01
6.847951436151535898e-01
5.615938815399358353e-01
ReLU
0.1
3
3
-1.504788253210053439e-01 5.626449919911601372e-01 2.445591015136257818e-01
5.725235110369845115e-01 6.831549696291767670e-01 5.053039868841454618e-01
-9.338860867262545676e-03 -5.781782312840393415e-03 5.939885611618280770e-01
5.672761535314693182e-01
4.819056899434864816e-01
2.519459362691213178e-01
ReLU
0.1
3
2
5.448128821042671488e-01 9.943227660852118621e-01 6.789975908531755699e-01
2.326437198538344187e-01 1.023767932007741743e+00 2.714768144818356377e-01
7.730295916535150358e-01
5.484951742265502528e-01
Linear
0.1

ct 2024-06-16 14:06:04.721313
