noname
4
4
4
4
-1.579215074356310700e+00 3.806304946966557190e-01 1.784590228050359073e+01 9.796157521605907137e-01
-9.996018799397643484e-01 8.045710491713552459e-01 1.549397879289369762e+01 1.128652826871516579e+00
-1.591570136845356531e+00 -1.497938974247504385e-01 -1.453153810091075693e+00 5.748447448189294429e-01
-2.121483573120230393e+00 1.083593198362165166e+00 2.090949782315447436e+01 1.650177747056700062e+00
3.311802308494237845e+00
4.345251213694530712e+00
-2.885032418637021756e+00
-4.499279113570163524e+00
ReLU
0.1
4
4
-1.588698611697292984e+00 1.958493803163511737e+00 -1.763017445648139281e-01 -2.927059762977607171e+00
-5.629159084649735245e-01 -2.974330085676563651e-01 -5.717711393175182177e-01 -1.548018992665501692e+00
-5.223376441107526746e-01 -2.775283737904984394e-01 -8.683955697629217041e-02 -1.713978032235897286e+00
-7.052202426324016837e-01 -1.601873448940981937e-01 -1.495519305603377480e-01 -1.931768916565394401e+00
-1.562727700960767421e-02
-2.108589552381074511e-02
-7.156710227705093130e-01
-6.593765982449210916e-02
ReLU
0.1
4
2
8.219932018410291974e-01 1.451509895142813478e-01 4.111880052179084921e-01 2.009809707607200790e-01
1.123953035841629422e+00 8.177064930795434339e-02 -6.128797137346921886e-01 1.959900087470654584e-01
1.811376237495057051e+00
1.739344874984998457e+00
Linear
0.1

ct 2024-06-16 19:25:25.443779
