noname
4
4
4
12
-3.728841965505917511e+00 1.322844663881715066e+00 3.136143649505158226e+00 -1.248200902290938386e+00
-1.042291361053799603e+00 1.180074642871106638e+00 1.003740355462198197e+00 4.369473934623865907e-02
-2.204199863683850236e+00 8.354083066394486501e-01 2.451635794659495549e+00 -1.475024374428500484e-01
1.496826653106593907e+00 2.501905109621198608e+00 4.664268196426787916e-01 6.857073779440143735e-01
3.295814485789609005e+00 -7.951945876979303884e-01 -1.214011054767318853e+01 -8.224953408173309999e-01
-1.276534464328649490e-02 6.832730539677642212e-02 5.963163132089247531e-01 5.377355364239953806e-02
-2.260651461790171624e+00 1.034881138908296583e+00 5.911383467415495252e-01 2.702039777896928507e-01
-4.716650130739132862e-01 4.199729303800199820e-01 -1.377274914717211973e-01 2.939692760722564246e-01
1.352163931165385247e+00 2.028753170345364357e-02 -1.652562687930757690e+01 -6.564756940515385775e-04
2.771207100465821860e+00 1.833758799196832490e+00 6.369084329611386153e+00 1.785451874664086613e+00
2.106804619584160321e+00 9.055066007386699534e-01 -2.588433295387676747e+00 9.833723608298102770e-01
-2.369535047318928278e+00 -2.201653396892838899e+00 -1.530907450268621872e+01 -2.556414150689125808e+00
-1.803182285180002564e+00
-1.782798710114231300e+00
-2.028540927556383267e+00
5.180084734651073386e-02
-2.783507359652252600e+00
-2.523118702285367387e-01
-6.642368294588172351e-01
-3.856147191813422692e-01
3.675407675432811772e+00
-3.390763576911042243e+00
-8.614640527966679340e-01
4.171378749990140022e+00
ReLU
0.1
12
12
-1.807528574066651350e+00 3.436228356930147720e-01 5.414404284041320903e-01 1.344750049294067606e+00 -1.259075747452751415e-01 -4.776979979485921901e-01 -3.423029547822521446e-01 6.716090967742396889e-02 3.283692133459750750e-01 4.142423301363652027e-03 8.564399825308396386e-01 -2.865909677822679580e+00
-5.832979668628320014e-02 -6.102709138408036749e-01 -4.491652589844638555e-01 -5.265088045919977811e-01 -5.293394945865141921e-01 -1.903790919196918230e-01 9.877822053700929805e-02 -5.648858313054485603e-01 -8.186587352406642371e-01 4.762775327069686260e-02 3.080016824678733500e-01 -6.746033387251856306e-01
5.200360056781820894e-01 -3.310879550033126173e-01 1.257263116864336117e-01 6.385985651138602615e-01 -2.332197191873786490e+00 -1.003313808991526807e-01 -1.535462304507506093e-01 2.727790157297487750e-01 1.407719554545597607e+00 1.742529248412740595e+00 3.099388839317362976e-01 -2.019289777596260382e+00
-4.220376781265752220e-01 -1.727747240874133172e-01 -1.343344649664820756e-01 -7.859170485025416264e-01 -9.334836055825908308e-02 -4.418624303292620348e-01 -1.161910178704860686e+00 -2.962151806919827712e-01 2.876890479719748095e-01 -4.811364530377065241e-01 -1.031604059782616628e-01 -3.373787512492096408e+00
-5.219983752799688403e-01 -9.049368653319090905e-01 -2.305541149162764966e-02 -7.017783941371628087e-01 -3.885748112263289755e-01 1.650293667925379626e-01 -6.448093820198885773e-01 3.060064066437421237e-01 -4.571969021601657523e+00 4.902885061028902092e-01 -1.935799707042692441e-01 -1.659222653302356854e+00
-3.537312423748051327e+00 -6.147754512961939311e-01 -5.876681586930219137e-01 5.311212754170201167e-03 -6.964376470836449728e-01 -4.034907276556077282e-01 -3.840926021100430354e-01 4.886781770344485187e-02 -7.322128968505440483e+00 2.580565968405075794e-01 -7.717939814054713965e-01 -5.463789482179979728e+00
-1.047942482452013380e+00 -3.048111113734909838e-01 1.263144752096246326e-01 -1.743522795324528030e-01 -3.869392954806982754e-02 -1.336865017015510249e-01 -6.366318964472870157e-01 -5.807011492312031953e-01 8.985576330899648356e-01 -8.649303773633124082e-02 6.468291806085477713e-01 -1.127593048351182681e+00
-6.207082876127597570e-01 -4.571483931686213253e-01 9.651819678473794184e-02 -1.816439244581560808e-01 -3.021252940263968179e-01 -3.979483066150767828e-02 -6.818847372302341281e-01 -3.576183553449885366e-01 -2.811398021937349112e-01 -1.874247785024532320e-01 6.288266687462526483e-02 -1.090982191200460250e+00
-7.645848398717962624e-01 -1.341136639698813223e-04 -5.498413965674002757e-01 -8.330787962293384474e-01 -2.387825227799980354e-01 -9.225860410239150600e-02 -8.690761654199886665e-01 -1.529361702359935127e-01 -7.116439503812689304e-01 -4.578567688158129978e-01 -4.486680052099872307e-01 -2.884371310421847134e-01
-7.184123339793405671e-01 -2.415049820060815589e-01 3.657964060865979139e-01 -4.392794643834929680e-01 -1.482874438693050800e+00 -7.459146944523451506e-01 -7.780455822832860191e-01 -2.079655919807044950e-01 -3.824642536309700080e+00 2.331851025835918190e-01 -1.899701478673582855e+00 -1.888173768191693469e+00
-8.871005633819205594e-01 -4.362677465709354774e-01 3.292175133917011887e-01 -7.975913110328046729e-01 -3.886772894567362968e-01 2.837922318679796385e-01 -4.996155230698042238e-01 1.753392836238547858e-01 -3.149164630502110818e+00 -3.986461926370870046e-01 -1.007197351853472922e+00 -6.540875984107573649e-01
-5.570991026663221768e-02 -7.702442436896161926e-01 -1.590784066027349508e-01 -6.535110584819949775e-01 -4.496461796115513443e-01 -1.498570662429735134e-01 -5.724500046301911338e-01 -4.414347099114462325e-01 -4.181750805847603836e-01 -4.977969548129433930e-01 -2.197188658968299291e-01 -6.753241329969710272e-01
-3.984162755009629242e-01
-3.449728416618839111e-01
9.300997209288519585e+00
-5.100717489543478145e-01
1.735286676746965684e+00
3.546124476355435373e+00
2.256163162239762432e+00
-5.201811022395176620e-02
-6.701903310717076401e-02
-3.684660206240103486e-02
-9.481251604764562302e-02
-6.246144288228897556e-01
ReLU
0.1
12
2
4.242667465541183347e-01 1.210886174328470455e-01 2.293913031234957600e+00 2.000989917724715628e-01 -9.403585146207124046e-01 -3.067863724845672380e+00 2.596033091965482820e-01 -1.404930656137826639e-01 1.451735102635356156e-01 -7.103498070085515481e-01 -4.800202178877369663e-01 -1.600481443617553234e-01
9.429462655787641534e-01 2.170199609005349917e-01 2.368997429208576033e+00 3.927960342366852708e-02 -1.868347810764510397e+00 -2.638191792875686836e+00 3.134146165435292009e-01 7.518702433631826998e-02 2.405366856010273668e-01 -5.827603998344954572e-01 -4.071336805442270501e-01 4.238714650033902909e-01
8.023442227777209723e+00
8.653127061508316231e+00
Linear
0.1

ct 2024-06-10 19:31:07.862189
