noname
4
4
4
4
9.994987124381197185e-01 1.016773185083101882e+00 -6.122806701493106463e-01 -9.163556394149306727e-02
3.989515649058117952e-01 4.741457347376617504e-01 -1.159079168719093333e+00 -6.189029848817813040e-01
1.042264221048842865e+00 4.369653546267121547e-01 1.991911400301816237e-01 3.928693741789189842e-01
2.272871281536995802e+00 7.785139192352248383e-01 5.283588123160909422e-01 8.999686109061209027e-01
2.370623955272161965e-01
-9.451505387370802425e-02
1.995275926426612334e-01
3.256120912134758960e-01
ReLU
0.2
4
4
4.143224736590577634e-02 -1.439014379815389821e-01 2.497085266578294993e-01 5.717959411201263276e-01
4.220502299647685418e-01 -4.713009348796713405e-01 -1.761729728781730175e-02 3.885976843985515239e-01
-5.315652806446730105e-01 -4.022348345471916664e-01 1.331909608389739985e-01 6.112616166811443152e-01
-3.967808166097113176e-01 -1.071291629117094579e-01 -5.539490894847137747e-01 -7.794615494242040921e-01
1.211756129916433222e+00
5.925319777158395418e-01
1.044453982748190901e+00
-2.790371812399902729e-01
ReLU
0.2
4
2
7.231675989274288785e-01 4.775729204191670463e-01 9.204278671432938319e-01 -4.843483117751722772e-02
8.670613561198053931e-01 3.004851817869311215e-01 6.117065981055684887e-01 -4.170819112398202466e-02
1.802725369380916431e+00
2.688373302271664933e+00
Linear
0.2

ct 2024-06-12 00:01:48.724332
