noname
4
4
4
5
5.421485634488527605e-01 1.845638955319393870e-01 -1.390421617666923026e+01 -3.518166769947320693e-01
1.582403538684279756e-02 2.799629877964525115e-01 1.302588523070361770e+00 -1.989865718446901244e-01
-1.275468410195434110e+00 1.170029390376659650e+00 3.846937772521437093e+00 -1.416683009676153793e+00
-4.068880424303970844e-02 -5.088441426300565062e-01 -2.477567490921532922e+01 -1.617463302352756926e+00
8.679592630195585024e-01 -9.705098440428092665e-01 -1.469935052136287013e+01 -1.734313239068296375e-01
3.406275149680860093e+00
-1.396522309970689379e+00
-6.315539023995470735e+00
-4.300054125345270428e+00
-3.963044012835151619e+00
ReLU
0.1
5
5
-1.690401556816882422e+00 -8.120154587720782580e-01 2.484844689565199438e+00 6.569015315865647242e-01 -5.192737092845203239e-01
-4.970202760776067930e-01 -4.123451237932255764e-01 -4.822345043756023908e-01 -1.818489479265323672e+00 5.278981934087135786e-01
5.840801365034700154e-01 2.374281335720211383e-01 -3.762032204753695375e+00 -2.834860008511209895e+00 -6.163329662173469892e+00
-1.185798953838669734e+00 8.838555732369945961e-02 8.838555732369945961e-02 -3.236109826122846589e-01 4.753948599718518797e-02
-2.629907329442909836e-01 6.351347406369820536e-01 -1.343315546465814636e+00 -3.152902699956204313e-01 -4.409391942889255844e+00
2.414452687146617649e+00
-1.320525356348105195e+00
1.152183771267915269e+00
-1.026495906614064868e+00
1.039492181462346565e+00
ReLU
0.1
5
2
-1.606400509925702602e+00 -1.864081161837884693e-01 1.127159681831992888e+00 -6.174961528778745157e-01 -2.260135203509279767e-01
-1.644076753639527988e+00 2.944711892825619959e-01 1.115004906305350207e+00 -7.553467150573042188e-01 3.082991516544079103e-01
3.742034262899133434e+00
3.686647470103018964e+00
Linear
0.1

ct 2024-06-16 20:08:11.338669
