noname
4
4
4
4
8.206880352683633140e-01 -1.615079919504047723e-01 -5.489395414653737149e+00 6.764345999062176817e-01
-3.502254644747226031e+00 2.370140939773791366e+00 8.070301443048460754e+00 1.435542782562282182e+00
9.319124194617885992e-01 -7.855158137496128790e-01 -6.149770746603850924e+00 -1.792566700393042334e+00
3.170425664979680036e+00 8.425074304599687869e-01 -4.265337012916011972e+00 1.964762796267696787e+00
-1.551102844909663103e-01
-3.010661982551158911e+00
1.733348810954639552e+00
5.183669654958692474e-01
ReLU
0.1
4
3
1.329050567671578253e+00 3.132091475547974513e-01 4.706258366311260044e-01 -1.154360199500126472e+00
1.241510634303118199e-01 -1.451929378087441380e+00 -9.744516033237907715e-01 7.735096042676810058e-01
-7.975262026385879777e-01 -1.185496580748746753e+00 -1.635569843134270229e+00 -3.199466541654750196e-01
-1.092122213117367180e-01
1.327372353614546752e+00
5.702408239945601365e-02
ReLU
0.1
3
2
-5.797888101370377578e-01 5.262567170243779291e-01 -5.763152029176273061e-02
-5.792149445028039328e-02 1.143713998133311982e+00 2.410734621432022440e-01
2.805728834127418025e+00
2.191868377107452304e+00
Linear
0.1

ct 2024-06-16 23:19:01.397405
