noname
4
4
4
4
3.673729595456738384e-01 4.616751171062326575e-01 5.506782921722468416e-01 7.247948009525951862e-01
5.367360321676517554e-01 8.327610586652773872e-01 1.048307468409720000e+00 6.254581795571217961e-01
8.197044789339132109e-02 2.637230338991946588e-01 4.253594303370325513e-02 6.686702601265712698e-01
5.661968888833671665e-01 7.033432440122603380e-01 9.941054547525098872e-01 7.789423174245033721e-01
2.380360440547427126e-01
3.080218096583186016e-01
1.744833080818651572e-03
3.321906346951286615e-01
ReLU
0.1
4
3
4.691320617622601330e-01 -1.329758997463225123e-01 7.047750056331595347e-01 2.032825575639050641e-01
7.849210616314985511e-01 8.370117691392339188e-01 8.577263913820673547e-03 7.118422757347702134e-01
4.802521136670482305e-01 2.070144287061562727e-01 2.367206184836654348e-01 5.732708617647807037e-01
5.205576024586565653e-01
8.740587142019831113e-01
8.721511967722030967e-01
ReLU
0.1
3
2
1.996410969139311431e-01 4.473234868583431667e-01 9.324793109074211994e-01
6.573392806199968019e-01 7.187605356343538254e-01 4.586060406446949567e-01
9.892766350572115286e-01
4.905563030284057491e-01
Linear
0.1

ct 2024-06-16 23:18:51.595653
