noname
4
4
4
4
4.637242493287754841e-01 -1.693428349553333656e-01 -8.194043859748973091e+00 -1.386425177973760747e-01
-2.102242704178783672e+00 1.808451085141688619e+00 1.687317611661645245e+01 1.981091892622106165e+00
-4.157319987808981709e-01 -6.625924640016371825e-01 -5.875792628079361535e+00 -1.693490925603212238e+00
2.395879054016517795e+00 9.104686009132411106e-01 -5.710543945800520049e+00 2.088117522592190412e+00
-1.152558756674728402e+00
-4.301271657035374396e+00
1.610950730535183784e+00
5.935616695506550355e-01
ReLU
0.1
4
3
2.311363970402072088e+00 4.520895654765728078e-01 6.129411049551515278e-01 -9.151759225969103850e-01
7.701112825787682914e-02 -3.058899332370812463e+00 -1.030107584104966501e+00 8.071413974347659837e-01
-7.970530216425339987e-01 6.825594862039021660e-01 -1.655904444455498004e+00 4.732316747803307772e-02
-4.459574321531429852e-01
1.459400010905542944e+00
3.298458758516859546e-01
ReLU
0.1
3
2
-7.287203787035493319e-01 7.405894853505988751e-01 -7.755150871099539267e-02
-3.333590128374220307e-01 1.023811634728152287e+00 2.733351987560414531e-02
3.530930411056739882e+00
2.765596329020508559e+00
Linear
0.1

ct 2024-06-16 23:19:07.037567
