noname
4
4
4
5
3.925371778943484991e-01 -1.346664386678647407e+00 1.546065647810863863e+00 1.899891309970374920e+00
-1.118284655489518165e-01 3.858396409518241033e-01 -5.844937341707749923e+00 -1.328713554327199065e+00
-1.991335119891118055e-01 9.291642237491521961e-01 -1.918089114093381564e+00 -3.626997583035770356e-01
-1.775527821093121572e+00 3.214787550741927125e-01 -2.885504181508991550e+01 -2.274585565964000633e+00
-7.923897777141096777e-01 1.001839058967485707e+00 1.383194718578535998e+01 4.022012404105017036e-01
-1.229938135762663443e+01
2.429723823764927015e+00
-1.350523799209143760e+01
-4.968694414763707101e+00
-6.112233714436855259e+00
ReLU
0.1
5
4
-2.392773702881241249e+00 5.230625619233811863e-01 -2.717635853429780202e+00 -8.197635766255543244e-01 -1.616254246758648261e+00
-9.190898578894625137e-01 -3.627223801977600637e+00 -6.905496407184440466e-01 -5.200671007809392066e-01 2.293107582363607122e-01
-9.371378725524155406e-01 -2.188291108205132840e+00 -5.917935947563099930e-01 1.347312097381603513e+00 2.293107582363607122e-01
-2.843506473146576230e+00 1.726224234970546556e+00 -3.020387172151056898e+00 5.516793205795247346e-01 3.011069069248370478e-01
7.317155109968362936e-01
-3.509543268759967916e+00
-1.813044928481426288e+00
-3.848895575098894906e+00
ReLU
0.1
4
2
8.218818399519163265e-01 1.788354736495077812e+00 -6.060937021084640275e-01 -1.211027306468379361e-01
6.276230979689001455e-01 -5.079556883276516999e-01 -6.008583022890641168e-01 -5.143491600805667474e-01
7.421307011624845629e+00
7.972606299775318206e+00
Linear
0.1

ct 2024-06-16 20:13:52.360254
