noname
4
2
2
2
1.209550300856998550e-02 8.329957537470943363e-01
7.276705697880423429e-01 5.199015175843754166e-01
1.688848152795097146e-02
8.624036108898299746e-01
ReLU
0.001
2
2
4.702126861481694675e-01 9.674528168258080818e-01
3.216805098617221415e-01 7.888082231210202799e-02
6.818789220634245973e-01
1.470735281996771171e-02
ReLU
0.001
2
3
7.702767413370860128e-01 1.065968322129287049e-01
3.202849148941308011e-01 6.892388674747411681e-01
4.906893137796776161e-01 1.107473610269038566e-01
3.081546584570042935e-01
7.326248899389856684e-01
3.952802187618940088e-01
Linear
0.001

ct 2024-06-05 12:17:52.749594
