noname
4
4
4
12
-2.416514259154141975e+00 2.365073998775122810e+00 1.571891351147550075e+01 2.468338403219360266e+00
2.367807529711929426e+00 2.499364408304844520e+00 3.609525625672162619e+00 2.342247128775143405e+00
4.200346996279687994e-01 -6.580439259394886553e-02 -6.368095059396389201e-01 4.510520015537274330e-01
-1.355773668294258050e+00 1.157705212480553136e+00 7.014943939066730083e-01 4.538306235314794601e-01
-2.605222687484716193e-01 1.641172507714152351e+00 8.189769370604579990e+00 5.443659177330530952e-01
-5.099670991952259813e-01 5.226362515167846112e-01 3.490121067131750632e-01 3.828726373337407174e-01
2.760226918050448841e+00 1.567837457157515102e+00 -8.911446885062992984e-02 2.270500246256358157e+00
-8.297253829015152071e-01 3.264427755387418362e+00 5.235176988210879401e+00 -6.036565881448376913e-01
5.551556681590528175e-01 -1.248073694228279962e+00 -1.025696016626898555e+01 -1.100239536705984955e+00
1.279502003949275712e+00 -2.836353555696602968e-01 -9.616656472826459190e-01 4.259005817888652512e-01
-1.420835047061304923e+00 1.010431914300198741e+00 9.954299178079824006e-01 3.970831999971759507e-01
-1.731842006582040350e+00 3.927115697996004795e-01 2.315789022430097432e+00 5.201235225312840216e-01
-3.741258994163115137e+00
2.190267348456457874e+00
-1.346219910779780315e+00
-1.402015626651447633e+00
-3.663151552842894620e+00
-5.893901271213995985e-01
8.990894903232213853e-01
-4.834616994783897503e+00
-1.831276414369012562e+00
-1.383045227101115104e+00
-1.811146669856540159e+00
-2.398563728761962999e+00
ReLU
0.2
12
12
-3.508201224703241250e-01 -3.716101111185625139e-01 -3.027143712853377355e-01 -9.410739500293624493e-02 -2.604058981889015634e+00 -5.427192604005645071e-01 -1.700574142253777621e-01 -1.292487873667154674e-01 -1.021048266417170058e+00 -7.999352006030370499e-02 -1.950028123942217639e-01 7.596107170641656081e-01
-6.166687889789046473e-01 2.466565896157503490e-01 7.723147743873758353e-01 -2.803268355880118023e-01 -9.711613922223215623e-01 4.962026195122373751e-02 -9.278009439269895020e-03 8.685515733960441631e-01 -7.801057626701680681e-01 2.149163691190796310e-01 3.841013167320869170e-01 -2.219147515879107690e-01
-4.640618993855507135e+00 2.129176252959092963e+00 8.872552731415037641e-01 -7.728880447224710792e-01 -2.168946427849008707e+00 -3.511355384459226292e-02 1.306237991225124961e+00 9.812998272437266356e-02 -1.752618859955269892e+00 -6.592804581860794988e-01 -8.468932047921716721e-01 -1.210707579028016623e+00
-1.037454247985118760e+00 -1.814423109391323508e-01 1.544740526266412395e-01 -3.316695256358227484e-01 -3.163685974112097288e+00 1.648423839081890885e-01 -2.129972865296158036e-01 -1.027733402692166065e+00 -1.012495117313086501e+00 1.414586426520304530e-01 -1.413552995162345338e+00 -5.127682098139769717e-01
-1.525959864733329230e+00 -1.140047201876445593e+00 -9.956058387352524353e-01 -1.379482444665543150e+00 -1.694910460870059143e+00 -1.139304458445129953e+00 -1.511781608426718826e+00 -1.031959341894086224e+00 -1.497420842681045805e+00 -1.426443587308663830e+00 -1.512350295760612973e+00 -1.143033438823088499e+00
-9.835926498652721728e-01 -4.698891110614883959e-01 2.942816391242525365e-01 -3.518178092780027688e-01 -3.155137033942432279e+00 -8.658039269684172923e-02 -5.664543118615335965e-02 -3.372205759342029041e-01 -8.077853575602247371e-01 -2.146503314193429768e-01 -9.251507486676006087e-01 -2.352419942891098847e-01
1.294681503553965496e-01 -4.076845985941897066e-01 -3.484408099852172591e-01 -9.030469448531890375e-01 -1.607968379855453156e+00 -4.751163632688761851e-01 -4.565061754869320088e-01 -7.403034256411828995e-01 -9.612587637381287964e-01 -3.702842482865630336e-01 -4.247061153128697253e-01 -1.104658072480970477e+00
-7.002046073538047422e-01 -7.989741639914943461e-01 3.403599598696068762e-01 -1.045567616671238681e-01 -2.492109266269693091e+00 -2.042691394370216018e-01 4.671141524947513002e-01 -4.116985454175965398e-01 -4.542524849920372421e-01 -3.952418055727900392e-01 -7.096867214527278200e-01 -3.144973182238013920e-01
-1.129502552192615111e-01 -8.669097080905335817e-01 -7.920425315914840780e-01 -1.010439438183954541e+00 -1.571081865059466898e+00 -5.611917999114903743e-01 -8.862231964769178294e-01 -7.715303772504586988e-01 -7.429016273963949812e-01 1.483451239437986735e-01 -1.434694503635709051e+00 -6.922828053669389803e-01
-1.550326711849591366e+00 1.098363561283884210e-01 2.050600544974694184e-01 -4.241452511509462564e-01 -1.229106788401887806e+00 -3.609428311796618327e-02 9.454705002653199242e-02 -5.590075656180647501e-01 -9.564131296672772065e-01 -5.444269757491339012e-01 -4.478240038628840125e-01 -2.558059313102846732e-01
-3.049607366280101539e-01 -2.715161358401539382e-01 1.795050912126466836e-01 -5.343940758668941360e-01 -2.925982548621751889e+00 -3.696608644466283788e-01 -1.883120745098816051e-01 -1.231745739445755800e-01 -6.578258974670397885e-01 5.906694816816627364e-02 -7.171466168388840323e-01 7.047971457871503309e-02
-3.895120192191253161e-01 -8.311720934006936456e-01 -1.156537566767202430e+00 -6.259305558545014136e-01 -6.515988574491332619e-01 -4.287338312100625881e-01 -9.088311442587105882e-01 -4.511560377724469495e-01 -1.047808862755194470e+00 -5.228207062214871303e-01 -1.334839307196015623e+00 -2.496178624489336362e-01
6.738405759009972185e-01
1.346990525684741868e+00
4.440439380316779427e+00
1.241031690835302292e+00
-1.409308090234190791e+00
7.141943914262967041e-01
-1.648649167110094738e-01
6.001610244218555934e-01
-5.523683087100050848e-02
1.145217397829447314e+00
6.239145358837108191e-01
-5.889524103883466699e-01
ReLU
0.2
12
2
-1.682866751967607155e-01 5.407523140535615280e-02 2.264583498954735319e+00 2.465724111913450700e-01 -6.404572004182111922e-01 8.430933642517365878e-02 8.224968389171721794e-01 -7.241552734048629925e-02 9.926236173841818111e-01 3.331143025492122600e-01 -6.242319674072984576e-02 1.801483474321254608e-01
8.057446767342152372e-02 3.594689964109475944e-01 2.522652282895892384e+00 -1.877218477896821225e-01 8.152868336917062919e-01 -3.144471081053637485e-02 4.827344443355734982e-01 -1.413465525594569117e-01 4.858566387958680455e-01 1.595391348427962763e-01 -2.366042541707961966e-02 7.745587324541923779e-01
4.896440293626572071e+00
5.372819924347322029e+00
Linear
0.2

ct 2024-06-12 18:25:26.897898
