noname
4
4
4
12
3.321345850954779411e-01 9.047509609554418297e-01 1.590824308977309698e-01 3.994843561774334972e-01
4.403205194894928565e-01 4.254593212595681462e-01 2.123665486345304443e-01 5.519617558018250492e-01
9.946459624806978095e-01 3.789784835962834442e-01 4.756522323712826794e-01 5.750920527972517293e-01
4.354019966171170375e-01 4.235514181100388242e-01 1.985947088849751574e-02 7.333916312847271746e-01
6.809915631086081722e-02 8.240286599696953207e-01 2.540545480212726415e-01 3.274746900046487386e-01
9.371422722037124897e-01 8.443515785634463366e-01 7.378592025074481864e-01 5.749012936693690401e-01
7.486108737397363377e-01 2.291765125117992408e-01 3.532479554403754052e-01 2.373603379824203718e-01
9.670394002221315011e-02 6.600450732540719123e-01 5.918717090137705084e-01 2.824502645943559598e-01
1.025622666773603253e+00 9.233659783171812574e-01 3.793578793506310332e-01 8.408901886423152394e-01
6.495746878522775658e-01 6.456170659793285527e-01 1.418176431145678207e-01 4.882949001711833215e-01
8.647996395806164527e-01 7.002294352562684621e-01 3.475523629977217421e-03 3.893045364944129894e-01
4.154084699132166297e-02 7.240411593769024989e-01 6.413261234378867526e-01 5.190798601195563133e-01
5.758631292480327346e-01
7.394196514827462430e-01
8.273459975908742381e-01
1.113933916219226772e+00
5.684200955024789614e-01
6.732644996548643457e-01
5.145803709487721811e-01
2.862779895231673533e-01
8.460489214254469648e-01
5.947690129285244653e-01
3.676398668786291513e-01
9.163653954196836482e-01
ReLU
0.001
12
12
-5.911103393964938640e-02 4.150994556303744254e-01 2.025467286813684709e-01 8.497160540886119495e-01 8.195180429191732674e-02 8.323038773073468954e-01 8.388466156842268318e-02 3.946022681068995785e-01 3.956332532052009854e-01 4.084432431737118896e-01 7.053440270737255657e-01 6.578625815099038432e-01
5.900331527919483454e-01 8.546649431345714198e-01 5.320213870190133587e-01 7.563991761551073223e-01 6.545631618461168477e-01 8.076273356900400824e-01 7.321385242890616173e-03 7.098704614646501598e-01 -2.676075013604909195e-02 9.604086789790183820e-02 3.533071770608011142e-01 4.235893109347693142e-01
5.138524724133053390e-01 5.391223008451855314e-01 9.954390895783479798e-02 7.004270189007100189e-01 2.665723508900580407e-01 2.971924488342565507e-01 7.771295598650983516e-01 -1.679661316399527204e-01 7.490163006896048969e-01 9.188868618880917660e-01 3.807921788972725707e-01 5.502567411639300854e-01
7.500412064273063173e-01 1.424999647125753111e-01 2.513711579087075654e-01 9.583276736531318729e-01 6.321414423257251114e-01 5.156151216351554378e-01 6.142095339318834890e-01 -7.705156674342222844e-02 6.305582430067324662e-01 4.996680044516053631e-01 1.822334935923673738e-01 5.397504776548005534e-01
7.318248427896677233e-02 8.181003009625313904e-01 1.995938643305640858e-01 9.310229596558866616e-01 5.923833679167437305e-01 4.467276365057293308e-01 3.834150142746276524e-01 5.104801429918358613e-01 3.495406902527648518e-01 4.850816986320316548e-01 5.150763338812490710e-01 8.899399459752450614e-01
9.242151036156340260e-02 4.262808670806979006e-01 7.835595711625921445e-02 4.863470959784027547e-01 1.764544120740724198e-01 2.050066881903567229e-02 2.963491668060698192e-01 6.747190924379363741e-01 5.016938177014406142e-01 1.295466200645019605e-01 6.754703144153858529e-01 3.010963828060300163e-01
8.674082187979090808e-01 4.816761230708493380e-01 5.959833383407765472e-01 6.089313770357971389e-01 3.610671390341660403e-01 2.223833956461287731e-01 1.095422657116343068e-01 2.138918396556043766e-01 6.810857518917742270e-01 7.105416202753752630e-01 8.536573157999018946e-01 2.651766708459063482e-01
2.545124318820509157e-01 4.620861076734724127e-01 -6.576219034181909895e-02 8.649542073844933565e-01 4.762535272600726954e-01 5.140742348600428890e-01 2.669262389410141656e-02 7.840072354413077926e-01 1.769000415638763424e-01 2.920084147078175207e-01 7.000235107504042542e-01 4.708924316380501129e-01
1.890609149593868166e-01 4.830566408597291028e-01 7.153633352216837160e-01 7.322532683122858765e-01 8.167089301595700235e-01 2.980915241648083303e-01 8.544842073189110598e-01 2.683841057226090121e-01 5.114414784339432751e-01 2.773962272722464428e-01 5.946804283346631692e-01 -5.024268334121147206e-02
7.304981360260536238e-01 2.876385701956277186e-01 5.732775417686665209e-01 2.934050667630667131e-01 3.861383907732518495e-01 5.558547453157188789e-01 -2.939902270605305665e-02 6.129355486351686366e-01 7.034998027869570070e-01 6.606482101653856631e-01 -8.297302649131231556e-02 1.331648830219628321e-01
-7.124486012048084072e-02 9.371456254657742901e-01 9.000907058889068280e-01 3.092351982951034584e-02 5.439342002170017426e-02 2.983422053889699388e-01 4.739970159444076292e-01 -9.474096764217632138e-02 8.294466756246773875e-02 3.543846153884637751e-01 1.247659432050391010e-01 3.482094763901616430e-01
3.377774788534071981e-01 5.895709286728271215e-01 3.392812306997518013e-01 9.955608434728271394e-01 4.908662633919081975e-01 -5.890719153858169771e-02 5.007575925341039430e-02 4.315614943139751136e-01 8.163181714799204736e-01 9.163849807120431901e-02 4.611551765008742310e-01 2.568925051941295945e-01
3.657007429975461243e-01
3.559645270964841846e-01
7.216866793531853119e-01
9.698775468214936302e-01
2.476946237013047947e-01
4.159837183717701725e-01
9.486767352993804581e-01
9.275007697220293279e-01
9.332617715513084056e-01
8.432691004101098287e-01
4.653008051619597629e-01
9.650629117151857117e-02
ReLU
0.001
12
2
-1.992957116558990646e-02 5.958129657889068564e-01 4.369973756675049614e-01 9.271559706009188107e-01 8.628127385614363654e-01 3.976489058250972097e-01 6.412958921504186005e-01 8.796965946393822122e-01 8.503947030433209875e-01 1.401410994694239631e-01 1.435927411720979707e-01 4.019262139714219195e-01
2.550417286930710126e-01 6.129540358889484786e-01 6.755584239093064269e-01 7.931411024619531291e-01 8.242158915943766928e-01 2.174368058147635174e-01 1.437965822423603879e-01 5.883304009202280360e-01 7.113224375923689058e-01 5.485843724491820117e-01 2.465090129728880197e-01 9.036160730371605165e-01
7.979090981693784945e-01
3.837439556950762443e-01
Linear
0.001

ct 2024-06-03 12:29:23.697272
