noname
4
2
2
5
-6.303413832096752510e-03 1.590154509542569469e-03
1.993384085935572814e-01 4.333270133441810001e-01
6.154144116763616834e-01 -9.077127934711129442e-02
3.845482151141507154e-01 1.234671537940026376e-01
1.007133103764711133e-03 2.107197982648429391e-01
3.712051887677932094e-02
2.355924150057427668e-01
7.219828081626638028e-01
9.621088197196828173e-02
7.368306901252964503e-01
ReLU
0.0001
5
5
4.484846101056882417e-01 4.759556950767271921e-01 5.199805726257366034e-01 6.970928470592068216e-01 1.720294447258337300e-01
5.477254692294761251e-02 3.887604729987876317e-01 -2.057457120477713675e-01 5.738298421056149401e-01 -4.845315683500048265e-02
4.431658056800868994e-01 -5.630066611401705889e-02 3.132455562047136710e-01 5.849195743711052553e-02 3.147148658263283494e-01
2.365174243318382830e-01 -2.372874586376111372e-01 -7.854753603291597663e-02 4.084310189801664825e-01 2.729401751529062503e-01
1.210819704706108113e-01 3.627768835890975846e-02 5.120195602163543080e-01 2.395733531248873116e-01 5.362035833938544327e-01
-1.452824891439205568e-01
3.767547013715011883e-01
-2.146924313739123347e-01
4.327573367008541450e-01
-9.761260178032136678e-03
ReLU
0.0001
5
3
2.438268360091867260e-01 7.880140967556216181e-01 3.493269672655726632e-01 7.959749414952782542e-01 -1.334768268351437803e-01
1.177176204015163430e-01 2.971261337913095324e-01 1.667614866698766962e-01 3.996204923192121505e-01 6.814095722746894568e-01
1.600998841586886157e-01 5.991048854083029784e-01 7.036298785935802824e-01 4.804691787047287166e-01 3.870019469890573216e-02
1.927381616982759005e-01
-1.071772071842040791e-01
8.466977266984069272e-01
Linear
0.0001

ct 2024-06-02 12:24:46.226763
