noname
4
4
4
14
-2.773745756261406292e+00 1.274819729473822383e+00 4.709552133367913029e+01 2.088309262123519083e+00
-1.798505390094370826e+00 1.972148622427118081e+00 4.469732394608017856e+00 3.399497729115727451e-01
-7.608183698687318586e-01 5.661774895584856804e-01 1.040375399567271958e-01 2.288704118846600077e-01
-1.051523546760688016e-01 3.525391133847306790e-02 3.133409059990346357e-01 3.885177108731179274e-01
-2.516025307720114235e+00 1.547601058329743484e+00 -2.619775949646382385e-01 -8.543883386578323691e-01
4.719633317514651871e+00 -1.181486202577243461e+00 -2.696570243245018972e+01 -2.919467434788753160e-02
-3.310007707174123404e+00 1.650373289749606176e+00 2.218195879649313973e+00 9.533803831453085964e-02
-1.231551508157721297e+00 1.120619838844270522e+00 3.701863795866223050e+00 1.477208728039723917e-01
-2.766079541870056224e-01 -2.246495192660030060e+00 -2.517520448507440634e+01 -3.929750131922630008e+00
-5.997828693145282886e-01 -2.221007475192514846e+00 -1.964237958071835433e+00 -1.255952021168758037e+00
-3.305232123131690347e+00 1.470321806595359604e+00 4.821035523558197866e+00 5.116457465725395837e-01
-1.195665461223985204e+00 9.878927451422645500e-01 2.110629563714331303e-01 2.316038507172672734e-01
1.466340015390856788e+00 -1.933309369965921398e+00 -1.840551869490343861e+01 8.509454337276144420e-01
5.918390381780127996e+00 3.239096426684715979e+00 -2.412902108090141340e+01 1.286538032651644903e+00
-8.653089382388605699e+00
-3.439392099113052215e+00
-5.801462592030492971e-01
-1.774738556015837965e+00
-5.963185135478920706e+00
-9.201221281409758035e+00
-3.065652021819730066e+00
-1.940640354597935158e+00
5.229904367639888640e+00
-9.231326330948524728e+00
-3.760165678119762322e+00
-1.849342150388448180e+00
-3.424117229607709589e+00
5.281394115396663480e+00
ReLU
0.2
14
14
-1.310112242280164541e+00 -1.224178978371740500e+00 2.643643681824433544e-01 6.454363452203426554e-01 5.748189819585384219e-01 -2.961272290847698496e+00 9.739243168774072146e-01 -7.479357938937265457e-03 -3.147975992997264605e+00 1.423377147384517372e+00 -2.494194758566094627e+00 -4.742908230232189548e-01 1.981335457416834867e-01 -1.439607762150080683e+00
-3.901632371527118615e+00 -6.073546084456982186e-01 2.347355961140125125e-01 1.994885300314719612e-01 -2.407992775556459630e+00 2.992571024723336581e+00 9.332333871931588476e-01 -9.634224509957266536e-01 -1.926067135001436670e+00 4.169280916585301533e+00 -2.022746754582678275e+00 -1.000026056566234445e+00 4.632031069409917046e-01 1.652465112813178427e+00
-3.569438426094066474e-01 4.522803295150700231e-01 1.992268575796719565e-01 -1.123926075632021071e+00 -1.850803536719860753e+00 -8.586979413707113151e-01 -4.638028790689577852e-01 -6.872251366173415255e-02 -8.029376838669990413e-01 3.731155773171486723e-01 -2.925469402395692448e-02 -3.531189454982348874e-02 -1.597791326557676528e-01 -1.319480139925602646e+00
-3.505606088400951004e-01 1.980852626005010775e-01 -1.814052528267853237e-01 -1.014040744210762401e+00 -1.502299231516007527e+00 -6.616199183275154327e-01 -1.536359128598558721e+00 -8.807602742238375138e-01 -1.146049360148783780e+00 -5.567900373575958017e-01 -1.197592988751353948e-01 -7.243025703367906853e-01 -5.555397374156731960e-01 -3.511026740894501175e-01
-5.388266125163536646e-01 -1.032316373838083390e+00 -4.728116314083405936e-01 1.351509670806532370e-03 -1.165983352691297492e+00 8.870758616809240604e-02 -1.040173153971644560e+00 -9.552022438916638603e-01 -1.528091414438911277e+00 -2.388357284688085447e-01 -4.480470172140135210e-01 -5.504979143460214663e-01 -3.664191114793957649e-01 -1.197441510533229669e+00
-3.240428894180385377e+00 -3.258881655281717915e-01 5.132613373790506639e-01 9.782762076981614818e-01 -4.366761025163592991e-01 -6.114182196269544178e-01 7.323729711953154142e-01 -1.527435263958293044e-01 -5.350429686013273844e+00 -3.143093071305883557e-01 -5.741084407550102187e-01 -3.184252039943619161e-01 -2.590093142999878584e+00 -6.526821032632136976e+00
2.714252276271546943e-02 1.419067492948936082e-01 5.268754073832647433e-02 4.610201779608338879e-01 -4.435963803569684116e-01 -8.024328768098395459e-01 3.774429314583162276e-02 2.658788503542912074e-01 -4.755720600136308096e-02 -1.162201777215410570e-01 8.404628395727048451e-02 -6.534404316371933419e-02 -3.561701834988909021e-01 -4.007725063514075425e-01
-1.198845003714832824e+00 -1.455283420836052777e+00 -1.104112447358878368e+00 -2.337293274283896438e-01 -6.097971227260592375e-01 -2.327532973100496339e+00 -1.076485953192891420e+00 -1.804608924644099943e+00 -2.284983824461443547e+00 -2.176748822341913137e+00 -2.360507490493389149e+00 -1.655990458242218466e+00 -1.819216622460972710e+00 -1.611271339373446798e+00
1.160780586578152862e-01 -2.836654466185801193e-01 5.221871642589720475e-01 4.730445692526927259e-01 -7.522167508019075299e-01 -8.109950700237619214e-01 -3.339866812721178913e-01 -2.331977841160714771e-01 -3.225921016506812400e+00 2.263626264675860575e-03 -8.132498348422270151e-01 -3.290503557098360954e-01 -8.681192309511656102e-01 -3.143944396510330641e+00
-1.225364580626919553e+00 -1.277233608885666172e+00 -1.820514760388130204e+00 -4.934536948049533800e-01 -1.013672348966520864e-01 -1.784167401192609415e+00 -1.141300187131747856e+00 -9.918243453695877454e-01 -1.802389252343524317e+00 -1.674735034884990759e+00 -1.472626837565556235e+00 -1.188659121308756061e+00 -1.323634364180205525e+00 -1.065067020269561127e+00
6.811276502746533429e-03 -2.591116506149944598e+00 -1.030662052102066656e-01 5.263671084194201377e-01 1.509991192632786472e+00 -1.518990884316686885e-01 1.664172797318425934e+00 -1.953043155942717213e-01 -1.251420429777898136e+01 -1.763627403913282654e+00 -1.188121862161076070e+00 -2.040562550885419490e+00 -2.076077553928850961e+00 -1.844524149019883597e+00
-1.556245824489220997e+00 -4.186652779983118799e-01 -4.277634546665614046e-01 -3.089076471828175463e-01 -2.035002899744241756e+00 3.195230934622893537e-01 -2.990189583646270521e-01 -6.532165112525534223e-01 -3.604695427311194855e+00 -1.761084716596042488e-01 -7.197135789570001663e-01 -3.659736084180546523e-01 -3.200417599163968840e-01 -1.686024756642866773e+00
-1.375953923333639972e+00 -9.726730366429444663e-01 1.154266049788015280e-01 8.567196037375097717e-01 -9.392132122434085906e-01 -3.292849763542989860e-01 -3.124761080301503013e-01 -6.874189966704683519e-01 -2.853625071047312556e+00 -4.646962775815021568e-02 -3.469318207531406628e-01 -4.107815661733966728e-01 -9.084081843885053464e-01 -1.159503452453655159e+00
-3.832898139101289736e+00 -3.571375936753550029e+00 3.672469444587103671e-01 -7.581673252252610906e-01 -1.210970861275577404e+00 -1.003470014595949644e+00 -2.712682239316541732e+00 -2.056988348922791643e-01 -7.930531686101462974e+00 2.672671718564118226e+00 -2.635942593919533561e-01 2.158063426127942164e-01 -2.003914352145891975e+00 -5.240636224123965015e+00
5.346840994275037673e+00
1.247952396026973076e+01
-9.871434951493213150e-01
-5.827640643718049601e-02
-1.665315734754361510e-01
-4.020116298810161304e-01
-1.964329845170429967e-01
-1.272597601810912638e+00
-2.867352667966661439e+00
-9.262155764104220701e-01
-1.128331386159574956e+00
-1.098145650669608564e+00
-1.871294885865934510e-02
-4.297747471625972815e-01
ReLU
0.2
14
2
-1.540422505904097017e+00 2.062754638616766112e+00 4.485786329479965473e-01 1.054472875317523789e-01 6.318945812114454275e-02 -1.737497858785182758e-01 -3.055947508988317990e-02 3.689083764377210084e-01 1.379512091400685869e-01 4.141457470121405748e-01 5.290790486838381490e-01 5.417231640872108844e-01 6.041921870863185828e-02 1.936763176715355916e+00
6.303221265977134724e-01 1.824829793699475733e+00 7.252215273595035150e-01 -1.161994759083533613e-01 -6.987079874899323473e-01 5.694013791078932352e-01 3.859729570605285182e-02 -2.083413629527590682e-01 -1.702444140706121489e+00 -1.350960207745829367e-01 -7.993820617353995794e-02 -5.499536950772144772e-01 3.287111679480643200e-01 -1.036532235013805758e+00
6.534669361942376575e+00
5.832150842292790571e+00
Linear
0.2

ct 2024-06-12 15:06:01.441957
