noname
4
4
4
12
9.702264126408095546e-01 7.260015243657897965e-01 9.511097923829219258e-01 2.816866539289230031e-01
-9.160444733445973764e-01 7.666506531882466557e-01 3.656882826783569573e+00 1.299099043874638038e-01
-7.051908318699454670e-01 8.132994066367348340e-01 9.568512920365999097e-01 -4.511032442753423743e-01
5.074487067031483445e-01 5.070986508828503325e-01 2.158480471231021824e-01 1.538513713935843463e-01
6.927313262456253895e-01 8.384395556879741251e-01 1.507571800575317145e+00 5.236456208157125314e-01
-4.344894297230849078e-01 7.081924166892021866e-01 4.291562935895123942e+00 1.051557413073314740e+00
-8.533247328627151518e-01 9.214389399846004691e-01 1.715333267228314140e+00 6.764448636814580917e-02
-2.547876331761652832e-02 7.151276340985188162e-02 -5.886032512489324908e+00 -5.012971709164499856e-01
1.006375869763447978e-01 5.792528484592732174e-02 -7.040954733461520121e+00 -5.306599686768198598e-01
6.474231764725435490e-01 -3.749712624842588826e-01 -3.416993998216792949e+00 -6.044977191363011260e-01
-4.883143305339419094e-01 2.982118925770748108e-01 1.319347768443058122e+00 6.682452164485663815e-01
4.382780087833969551e-01 1.039187573522517338e+00 1.278407869007725850e+00 6.072536427720618413e-01
8.885833482280987017e-01
-3.628589991576779972e-01
-7.733384266263613194e-01
8.199295358352278740e-01
7.302918036336243368e-01
-6.651936288113509121e-01
3.223952975695046352e-01
-1.048203970335658042e+00
-1.512687167036418812e+00
3.251878087551996616e-02
-3.173781151514331461e-02
6.249251439495145943e-01
ReLU
0.01
12
12
4.881052397264851184e-01 1.660918329789401238e+00 1.565148649260594549e-01 4.190724357770873043e-01 3.318310774103817029e-01 -8.677694827358604091e-01 -5.528669859882308080e-01 -2.139219254911145729e+00 -6.872444792141347847e+00 -8.171370450632965410e-01 3.432704890045328305e-01 -4.310206649222524944e-01
2.863462793988039157e-01 2.592828564942419034e-02 -4.020220073943719385e-01 3.400609766586390470e-01 7.645817644512138411e-01 -1.033102890452322287e+00 4.409958840127290447e-01 -4.100982048875000396e-01 -4.118458636095053471e+00 -1.315814160889476614e-01 -5.128060009873004477e-01 -2.893225137015548731e-01
4.952567894758815037e-02 -2.018237465028362154e-02 2.428467450397052141e-01 -3.031470469466256423e-01 4.316875043766450482e-01 -1.002517824117304723e+00 -6.876961058979732533e-01 -1.230133292061178274e+00 -3.997941240694691256e+00 3.449633334252295569e-01 -1.287969159968024857e-01 1.990503615947038507e-01
1.212964935332025429e-01 7.844186032563323918e-01 -8.349626254211958143e-01 -3.033605269474998756e-01 1.972046825711516183e-01 -8.902698800650387101e-01 3.004331089841390592e-02 -1.182617204649132781e+00 -2.277974904417985780e+00 2.705137168355056798e-02 -3.969956942533742206e-01 5.900734198414392395e-01
6.345007034997743878e-01 2.871202761711644236e-02 -9.653707348310346381e-01 4.241938595515467592e-01 5.994427618720976625e-01 -1.222932617758246465e+00 3.025245781115715182e-01 -1.350892674692460105e+00 -3.802614619153790620e+00 -1.175650879478337468e-03 -1.877332613562444630e-01 1.459960521600378314e-01
4.987887652575118680e-01 -2.624682625708714759e-02 -5.780847606826031715e-01 8.873082618455514770e-02 2.226443293127114420e-01 -1.138841255188039581e+00 3.848721795102576504e-01 -1.607545225634177122e+00 -3.051985002019465210e+00 -4.086146299129868042e-01 -6.376296350954327452e-02 6.159049194644233838e-01
7.431453052297620765e-01 -1.147577287058962892e-01 -6.978947742193095660e-01 5.273325810051099349e-02 1.825014355824755852e-01 -1.028063004407511416e+00 -3.015264316580331672e-01 -1.433848800364867726e+00 -4.233403854219935702e+00 -3.555069625490577256e-01 1.633033576860632441e-01 6.915794517257086715e-01
3.741129515941529204e-01 1.581389193967611129e-01 2.117917328044002234e-01 -3.672348245428867508e-01 2.007727443583097460e-01 -9.279867069245157918e-01 6.884446971863903419e-01 -1.129712994189831621e+00 -1.923151373848296375e+00 -5.542617075296333295e-01 -4.169866930475632505e-01 6.697924526339561480e-01
6.314447997820418212e-01 1.166273869731618978e-01 3.229616325529369725e-01 4.162340028452384266e-01 -1.077587681866311181e-01 -1.433480965104344529e+00 7.296092484086212915e-01 -7.057484585193202209e-01 -3.275188545841695831e+00 -2.603709265688405883e-01 2.358641760659641595e-01 4.220876787355633541e-01
7.028723899671355246e-01 7.189618261461337978e-01 6.632828287801332268e-01 4.663133157735167011e-01 2.521421103688143983e-01 -1.686858645093130216e+00 6.288547875058118075e-01 -9.981293044410041171e-01 -3.279476003693733599e+00 -7.359834119373638295e-01 -6.715940016675150392e-01 7.026983079113234831e-01
5.197166498917451527e-01 1.352173136512163087e-01 -2.650905410327150102e-01 5.992445861927923056e-01 5.896036509256434854e-01 -1.390575838371204576e+00 -5.671297762451523727e-01 -2.517071455275095015e+00 -3.155707473834638233e+00 -5.531232080478570845e-01 4.900933957137675878e-01 -3.196836614707098678e-01
2.945547520298049671e-01 3.451729562206357071e-01 2.234319125032445674e-01 -1.129571718306177641e-01 4.591072378979166868e-01 -1.038388933630840061e+00 -7.528894120615642338e-01 -7.445842202209137506e-01 -3.575157230146498222e+00 -2.570820616393804658e-01 -4.664564636312631962e-01 2.398465012578384903e-01
8.361685510349249340e-01
9.432086986382614002e-01
1.144333348750302237e+00
9.408876875571947629e-01
6.869607253200982200e-01
1.088236835758599197e+00
1.043409397820500795e+00
1.053166112405397481e+00
1.481149348808221244e+00
1.113672186271616127e+00
1.304565146909646645e+00
1.104453398109001006e+00
ReLU
0.01
12
2
-7.690120939244807219e-02 5.545743713029605004e-01 9.982110655283513712e-01 5.385217748420679795e-01 6.654543715549762206e-01 7.859552316526501325e-01 9.293796122267625748e-01 6.660876721324980876e-01 7.801655174039050511e-01 1.146946336648946962e+00 9.375899658712778528e-01 5.833084546295440598e-01
1.123734189418433838e+00 5.951528339931239087e-01 2.774006693560651660e-01 3.806542421363737772e-01 1.016569439896686022e+00 7.559911258018214841e-01 1.176296707966554944e+00 2.571246978159161256e-01 8.988943773969689799e-01 8.527897276581732910e-01 1.015625514695905895e+00 1.973027179916106433e-01
1.283779154497020292e+00
1.478116877601275414e+00
Linear
0.01

ct 2024-06-03 19:19:11.710695
