noname
4
4
4
12
1.001270725250891003e+00 7.123772691412404434e-01 5.806102854648154121e-01 2.261590770005871553e-01
-8.508364806015272785e-01 7.051744366557456400e-01 2.264861623160356885e+00 3.719833924744594261e-02
5.810172550110297429e-01 6.172411758402654991e-01 7.129391407844698492e-01 1.865810724286129929e-01
8.630647789277392512e-01 5.828534760545593940e-01 6.162184814468205651e-01 1.974259841359520262e-01
9.501709851039216170e-01 8.602755583924592830e-01 8.645848267013401811e-01 4.364185093480760225e-01
8.842012880518410611e-01 4.462751025485480749e-01 2.608227332699452061e-01 3.592400406265054968e-01
-4.458994435315572491e-01 8.579712604814716537e-01 1.726849193642212787e+00 6.353714703373883332e-02
1.138717041371686056e+00 9.033922167024328598e-01 -5.539619610559032292e-01 2.047393862645104090e-01
5.582311165839236589e-01 -1.417046167057099959e-01 -6.808746081038697717e+00 -3.935606956359791742e-01
5.918502220019564719e-01 2.871725807072994519e-01 -8.037782840635383508e-01 -3.492433537789390030e-01
1.670940088433238435e-01 7.601689093812840081e-01 1.291783284560838574e+00 4.738326228232895287e-01
1.217846753773429436e+00 1.103124681063594181e+00 1.556487481160597486e-01 4.442615318266580071e-01
7.822603415812527938e-01
-4.301655455948410478e-01
5.078886137094331676e-01
8.442309521690446461e-01
7.885333625014649961e-01
2.133078972199407564e-01
1.877770646599502269e-01
2.251037372913960166e-01
-1.354250990992889259e+00
4.196893019680198594e-02
5.446489007637811408e-01
6.988833936922049794e-01
ReLU
0.01
12
12
3.764897923468331076e-01 3.338044939224457108e-01 4.635947595040899871e-02 6.827341418558841024e-02 6.103361154978514946e-01 1.870334554178367525e-01 -3.309011686399681573e-01 -1.885155099583403493e-01 -4.618309671179200215e+00 -6.252977841964274530e-01 4.176724504471169830e-01 -2.203722826289705172e-01
3.765797286039253566e-01 1.233038129484603784e-01 1.542255548440141233e-01 5.024248435207865349e-01 7.541111011001346842e-01 -1.436818334426995247e-01 2.380154129824409159e-01 3.930743122339662166e-01 -4.814958128869005982e+00 7.580263471545442555e-02 -2.906527055219182976e-01 -3.117767185269531005e-01
-7.634114319693128745e-03 4.803984699751013276e-01 5.393433420076795271e-01 -5.078699949796405821e-02 2.761398558617974563e-01 3.307939428196317033e-01 6.136757003723990363e-03 3.341701401348791123e-01 -3.767512009513898974e+00 1.043150506117799386e-01 3.413574033439927269e-01 2.209479713886647878e-01
2.803936803822587587e-01 6.882906675153135367e-01 -1.329466903661314647e-01 -2.469770815116169652e-02 2.060033334596381993e-01 -3.022396274999827326e-01 2.654700345148337526e-01 -2.221523676589424734e-01 -2.910287104281938042e+00 4.185694864982543173e-01 -3.724882861729912897e-01 6.418253683108329222e-01
6.590206151546168512e-01 1.964141523025651204e-01 -3.089009125276458989e-01 4.833724541353150994e-01 5.720123234376105481e-01 8.076068329570801341e-02 3.668611403167891805e-01 -2.778276117625497754e-01 -4.127896758405787736e+00 2.561805337751607015e-01 -5.916147994692958628e-02 1.214278407287234934e-01
5.480912864235618631e-01 4.102326968298546372e-01 -2.933720164786083121e-02 2.260810979214914473e-01 2.007492408182387222e-01 1.783344205680759686e-01 4.674147576402327142e-01 -4.215803891408647086e-01 -3.534531664727493361e+00 -2.336017705913270015e-01 1.928878987502917197e-01 6.116945161551515797e-01
7.114686735528529260e-01 1.093790571891532781e-01 -1.145170866609924176e-01 1.040918633086668210e-01 1.263428372829848434e-01 2.382107985935411065e-01 4.888777584036048396e-02 5.923974389241767197e-02 -4.346952643151794859e+00 -2.896181948930929284e-01 1.661096413167157670e-01 6.706461947352587716e-01
4.858493695523591893e-01 7.147231711774443275e-01 6.209827787042973557e-02 -8.099977543338961194e-02 1.957296007166309804e-01 3.241260878726794359e-01 4.720578440025580691e-01 -2.470981724010915537e-01 -2.687140313339892561e+00 -4.803632467287937136e-01 2.979360875463551439e-01 7.024600414074706478e-01
7.803794840054670834e-01 1.492144117432321615e-01 4.127312314782382585e-01 6.150796473641138018e-01 -3.741341766461256380e-02 -2.930478147029024760e-01 1.421484155463360877e-01 9.840875723100230010e-02 -3.785038838743835399e+00 -7.687116676966673778e-02 4.233389722606110683e-01 4.765737062960736514e-01
8.035035760674397176e-01 9.367912368652053789e-01 8.017550138957038053e-01 6.894533939389536625e-01 2.274430221068935998e-01 -3.505828140597483378e-01 1.629571409149070671e-01 2.407817041835384753e-02 -3.466368629828627146e+00 -4.420231290077819009e-01 -1.304676498047433464e-01 7.002911415043591159e-01
4.827498807699878158e-01 4.956509653879116462e-01 2.035098275379514654e-01 7.039274908429448141e-01 5.147572944893372693e-01 2.501201803750742192e-01 9.477030607466440867e-03 -5.531349505272736833e-01 -2.958212335088812761e+00 -4.408157819623026441e-01 9.002469430922910298e-01 -4.173687260559945100e-01
2.462829081655134866e-01 3.784380655377306835e-01 3.119948034707569762e-01 1.330572173518198287e-01 3.234991242937585443e-01 1.610263538104753644e-01 -3.203860611742086473e-01 6.947340312778794713e-01 -3.188012001106419468e+00 -6.159464176787673440e-01 1.167473429299396154e-01 2.379806792721261000e-01
8.459816059984770487e-01
7.785772434165939559e-01
7.454196150554109890e-01
8.524288272087908735e-01
4.951705516433006493e-01
8.375696331601968359e-01
7.023428331871444108e-01
8.954776892294247226e-01
1.337177412365348594e+00
1.002901476818139237e+00
1.069521337278988904e+00
7.346562644060053993e-01
ReLU
0.01
12
2
5.329461536339304972e-01 6.107247404810277613e-01 7.403907661318963607e-01 6.135162250947452378e-01 7.903221439944467797e-01 7.575638718627351054e-01 9.100586016589998772e-01 5.391598008291224042e-01 8.445709763834278183e-01 1.126809895165501452e+00 5.631994349183928605e-01 5.906649127039855784e-01
1.277149783618158452e+00 7.148561982993598685e-01 7.145139725470976977e-01 3.875850417746384280e-01 9.085362573208694004e-01 7.326122567010557862e-01 1.150852826829070308e+00 4.476574780764250860e-01 7.919192997015440660e-01 8.724516210972561581e-01 1.016312407667768980e+00 4.317761808583464589e-01
1.309169510583385820e+00
9.399608570396279505e-01
Linear
0.01

ct 2024-06-03 19:18:32.004789
