noname
4
4
4
6
-3.205695362496195355e-01 -6.684268249970273801e-02 -5.095171160866858173e+00 5.679333293241699554e-01
4.812804680115038147e-01 2.697914891094231882e-01 2.691255601655393459e+00 1.165865914038676676e+00
1.469044559804002503e+00 7.394033808510460659e-01 -6.044589083692951448e+00 -4.740865426921953563e-01
7.609421332621112422e-01 1.787911064641538594e-01 -3.619819692282095502e+01 -2.956815569590951043e+00
6.740004162866346515e-01 1.756118696632873899e+00 1.128497294785355987e+00 8.888193587657492456e-01
-3.291115990418257975e-01 3.237526000088400413e-01 -1.031819210952948040e+00 1.405735247021693557e-01
-3.534884998943269796e+00
-4.166637565563908296e+00
3.043957574743270111e+00
-5.729178455140653270e+00
-5.768456502524889729e+00
-6.709367251220368367e-01
ReLU
0.1
6
6
7.347697487952092876e-02 -6.953588881862778071e-02 -1.671560225793393251e+00 -1.516799585685451701e+00 7.224071427495848408e-02 9.621975874551991215e-01
-2.314434376152469497e+00 -7.478478561468987484e-02 -5.867584669593409741e-01 -9.014026908482398737e-01 7.224071427495848408e-02 2.992828599739124629e-01
9.907830321508291904e-01 5.933488650224865157e-01 1.407683730182653026e+00 -1.974305615384292389e+00 2.240031031890164837e+00 5.153111333071315470e-02
1.622085832236400682e-01 1.622085832236400682e-01 -2.533139381305900883e+00 -3.790090270909907133e-01 -4.504520805004126882e-01 1.691703772046642962e-01
5.239647730895992117e-01 -4.278881516217390768e+00 4.998186477505113245e-01 -2.271509300044878721e+00 -3.467144721787108530e+00 2.606418131850284925e-01
8.768418889677597194e-01 2.278662700145819286e+00 1.471162811268016124e-03 -3.188961656363783481e-01 8.768418889677597194e-01 8.768418889677597194e-01
-2.095198772982345581e+00
-9.053198509964304197e-01
2.656007056464245952e+00
-1.277669810882123169e+00
1.270249087722221004e+00
1.744557957712354265e-02
ReLU
0.1
6
2
1.992294088309060074e+00 -1.459392865703790509e-01 1.566235888150036004e+00 -2.668847643184308338e-01 -1.237976649656931327e+00 -6.825490403412777171e-03
-3.595895342271303308e-02 6.867419421097134546e-02 9.565255539228000314e-01 -1.273532560052976326e+00 3.419018111255596182e-01 5.685452091081752944e-03
2.553299052616877951e+00
2.541371951433968324e+00
Linear
0.1

ct 2024-06-16 17:40:08.622217
