noname
4
4
4
6
-3.205695362496195355e-01 -6.684268249970273801e-02 -5.095171160866858173e+00 5.679333293241699554e-01
-9.141689138150735916e-01 7.351415072736078304e-01 1.669936370401867709e+00 4.858255731462424176e-01
1.417578346036235448e+00 8.201492161029727557e-01 -5.742916098704558436e+00 -9.620804083900937054e-02
3.614492286205416849e-01 1.307262600951188125e-01 -3.380432797680938251e+01 -2.763401896985864248e+00
6.740004162866346515e-01 1.756118696632873899e+00 1.128497294785355987e+00 8.888193587657492456e-01
-3.291115990418257975e-01 3.237526000088400413e-01 -1.031819210952948040e+00 1.405735247021693557e-01
-3.534884998943269796e+00
-1.079227810834866741e+00
2.626988304751465275e+00
-5.349679819023811511e+00
-5.768456502524889729e+00
-6.709367251220368367e-01
ReLU
0.1
6
6
7.347697487952092876e-02 -6.953588881862778071e-02 -1.671560225793393251e+00 -1.516799585685451701e+00 7.224071427495848408e-02 9.621975874551991215e-01
-2.314434376152469497e+00 -7.478478561468987484e-02 -5.867584669593409741e-01 -9.014026908482398737e-01 7.224071427495848408e-02 2.992828599739124629e-01
9.907830321508291904e-01 -5.683090793483417391e-01 9.506017014269694254e-01 -1.672962494977146886e+00 2.240031031890164837e+00 5.153111333071315470e-02
1.622085832236400682e-01 1.622085832236400682e-01 -2.533139381305900883e+00 -3.790090270909907133e-01 -4.504520805004126882e-01 1.691703772046642962e-01
5.239647730895992117e-01 5.239647730895992117e-01 3.621104745161828342e-01 -2.143454539101113276e+00 -3.467144721787108530e+00 2.606418131850284925e-01
8.768418889677597194e-01 8.768418889677597194e-01 9.227929066643409950e-01 8.733507333652752724e-02 8.768418889677597194e-01 8.768418889677597194e-01
-2.095198772982345581e+00
-9.053198509964304197e-01
3.484159774431932810e+00
-1.277669810882123169e+00
1.867640544537261249e+00
8.484426409850005790e-02
ReLU
0.1
6
2
1.992294088309060074e+00 -1.459392865703790509e-01 1.584084128809920999e+00 -2.668847643184308338e-01 -1.217907142136954279e+00 5.323795479178605738e-01
-3.595895342271303308e-02 6.867419421097134546e-02 9.608516199160129778e-01 -1.273532560052976326e+00 4.238893940430580876e-01 6.482358372793742829e-01
2.147681169496784115e+00
1.635346975971374572e+00
Linear
0.1

ct 2024-06-16 17:39:37.897851
