noname
4
4
4
6
-3.205695362496195355e-01 -6.684268249970273801e-02 -5.095171160866858173e+00 5.679333293241699554e-01
-9.141689138150735916e-01 7.351415072736078304e-01 1.669936370401867709e+00 4.858255731462424176e-01
1.391545990085266693e+00 8.282445510633903440e-01 -5.609095943763388270e+00 -2.490120800759762845e-02
9.642433772934388969e-01 1.381838115105935572e-01 -3.446853205176378765e+01 -2.470647015268602420e+00
6.740004162866346515e-01 1.756118696632873899e+00 1.128497294785355987e+00 8.888193587657492456e-01
-3.291115990418257975e-01 3.237526000088400413e-01 -1.031819210952948040e+00 1.405735247021693557e-01
-3.534884998943269796e+00
-1.079227810834866741e+00
2.474712207946630826e+00
-4.801942517704167912e+00
-5.768456502524889729e+00
-6.709367251220368367e-01
ReLU
0.1
6
6
7.347697487952092876e-02 -6.953588881862778071e-02 -1.671560225793393251e+00 -1.516799585685451701e+00 7.224071427495848408e-02 9.621975874551991215e-01
-2.314434376152469497e+00 -7.478478561468987484e-02 -5.867584669593409741e-01 -9.014026908482398737e-01 7.224071427495848408e-02 2.992828599739124629e-01
9.907830321508291904e-01 -5.683090793483417391e-01 1.023995154462349344e+00 -1.580600117972843277e+00 2.240031031890164837e+00 5.153111333071315470e-02
1.622085832236400682e-01 1.622085832236400682e-01 -2.533139381305900883e+00 -3.790090270909907133e-01 -4.504520805004126882e-01 1.691703772046642962e-01
5.239647730895992117e-01 5.239647730895992117e-01 3.412966864322802274e-01 -2.011124278907898244e+00 -3.467144721787108530e+00 2.606418131850284925e-01
8.768418889677597194e-01 8.768418889677597194e-01 7.065557406695412990e-01 2.064392636117973745e-01 8.768418889677597194e-01 8.768418889677597194e-01
-2.095198772982345581e+00
-9.053198509964304197e-01
3.798466314258187815e+00
-1.277669810882123169e+00
2.189054707876055605e+00
2.805213938948186159e-01
ReLU
0.1
6
2
1.992294088309060074e+00 -1.459392865703790509e-01 1.805742118381011174e+00 -2.668847643184308338e-01 -1.356160429623313179e+00 2.830449630659945814e-01
-3.595895342271303308e-02 6.867419421097134546e-02 9.633610024443662878e-01 -1.273532560052976326e+00 3.267284194322250812e-01 6.558813601816319006e-01
1.626883160338069123e+00
1.595140195882196466e+00
Linear
0.1

ct 2024-06-16 17:39:36.538673
