noname
4
4
4
6
-2.978731138787699795e+00 2.062001192762817237e+00 1.058579489032350907e+01 9.916448531315356085e-01
4.734122686082785414e+00 2.518005535517956694e+00 -4.897859545259357628e-01 2.785121732000150008e+00
-6.425235436301544034e-01 1.360674829769416228e+00 8.728951024641007805e+00 1.246948131984122687e+00
3.246185870249878036e-01 2.983119967079878254e+00 3.412091770010757585e+00 1.365566410928930052e+00
2.429393416707958664e-01 3.176549896183716304e-01 1.232579693442431013e-01 4.409380970052196314e-01
-2.663632230311147264e+00 1.361418594390617187e+00 4.041910178128636844e+00 8.127927324839014922e-01
-3.781173081582488660e+00
6.845267553024712015e-01
2.425762502325947256e+00
-1.515335846883206994e+00
-9.551194022726615662e-01
-1.960766332275785784e+00
ReLU
0.1
6
6
-3.119661398232589367e-01 -1.693726472693840024e-01 -9.998138245637466781e-01 -3.039224507500459804e-01 1.826328644683334612e-01 -1.557438508823634216e-01
-1.647032275473230056e+00 4.271062017605308236e-01 -4.242032626874820522e+00 1.199220781781846101e+00 -1.858249213323426574e-01 -7.321454710725312509e-01
-1.088003023057196206e+00 -4.056954860007159214e-01 -1.232917957222858574e+00 -9.046177670764242729e-01 -6.543521884100199359e-02 1.237858326318490715e-01
-6.243759052990038860e-01 -4.324268008900762905e-01 -2.925140330211293271e+00 5.419833446249702202e-01 -6.639932840653214319e-01 -1.852847027023052373e-01
-6.988090001788117567e-01 -7.001185824863580265e-02 5.386167997781666356e-02 -8.010416265146715897e-01 -4.871812608686177382e-01 -9.618215852286444711e-01
-3.782087413618232752e+00 1.147235769714460840e+00 4.374373330421737482e-01 9.334431590805147838e-01 -3.961383992782749330e-02 -9.939148656850129715e-01
-5.466964117564180325e-01
1.586333636003678160e+00
1.264703438763479015e+00
6.158300057290914120e-01
-2.343096008243861772e-01
-4.122591738795615135e-01
ReLU
0.1
6
2
8.249388363417078929e-02 -6.630730448028649970e-01 -5.479949406538644485e-01 -1.622624447711379370e-01 8.262301283176569366e-02 5.661023032446539371e-01
5.357090411539666697e-01 -1.118608728391788043e+00 -8.454563058755822924e-01 -4.767712929313242531e-01 3.043813868701404635e-02 6.634771426900759606e-01
4.965394192239682702e+00
5.094671412115845399e+00
Linear
0.1

ct 2024-06-16 19:30:47.243119
