noname
4
4
4
6
-2.978731138787699795e+00 2.062001192762817237e+00 1.058579489032350907e+01 9.916448531315356085e-01
5.200524228860630593e+00 2.453769111084191490e+00 -5.494445142107914348e-01 3.206765682943714779e+00
6.678978848400539403e-02 1.485899975800845096e+00 1.013776336254314536e+01 1.230960693854491028e+00
-3.682376585727861196e-01 3.441004900944569123e+00 4.830944255479238336e+00 1.101907654809262560e+00
2.429393416707958664e-01 3.176549896183716304e-01 1.232579693442431013e-01 4.409380970052196314e-01
-2.858778423077716457e+00 2.139129935651110426e+00 6.101655248601455916e+00 4.806024982692043146e-01
-3.781173081582488660e+00
8.386943118626660754e-01
2.606968800660405261e+00
-1.695138419707615363e+00
-9.551194022726615662e-01
-3.723163640176299527e+00
ReLU
0.1
6
6
-3.119661398232589367e-01 -1.693726472693840024e-01 -9.998138245637466781e-01 -3.039224507500459804e-01 1.826328644683334612e-01 -1.557438508823634216e-01
-1.647032275473230056e+00 1.060938029122792559e+00 -4.535968598675494512e+00 -7.682363897861753665e-01 -1.858249213323426574e-01 -1.234905505044488594e+00
-1.088003023057196206e+00 -5.031385390956127912e-01 -2.004301630985283023e+00 -2.295903080832387422e-01 -6.543521884100199359e-02 4.552166355065839776e-01
-6.243759052990038860e-01 -7.141997169845900606e-01 -3.058767643864290786e+00 4.054200026290736281e-01 -6.639932840653214319e-01 -5.058539508816756181e-01
-6.988090001788117567e-01 -7.001185824863580265e-02 4.967578429621354735e-02 -8.010416265146715897e-01 -4.871812608686177382e-01 -9.618215852286444711e-01
-3.782087413618232752e+00 1.216996993369261038e+00 5.791284232198893323e-01 8.258198859364604960e-01 -3.961383992782749330e-02 -1.638968532746495121e+00
-5.466964117564180325e-01
1.158735840862487709e+00
1.894744145034609417e+00
4.002513127751856914e-02
-2.363352988868122340e-01
-7.719689971520238281e-01
ReLU
0.1
6
2
8.249388363417078929e-02 -8.182632214558213102e-01 -8.108759453837010023e-01 -1.833606694904307277e-01 8.236538982116954621e-02 5.853108910062777559e-01
5.357090411539666697e-01 -8.030953036536899736e-01 -9.001538820873719038e-01 3.360059290133590726e-02 3.039311941341549250e-02 6.035754960861952068e-01
5.004669984205645683e+00
4.973460718492788146e+00
Linear
0.1

ct 2024-06-16 19:30:51.433131
