noname
4
4
4
3
2.529367054692920558e+00 2.790778401809574483e+00 4.348560400428571060e-01 2.454444335175286707e+00
2.267929287306651442e+00 -8.032365583140885779e-01 -2.142041713380032064e+01 -1.778925908343873319e+00
-7.118995812729947970e-01 1.152548450024179605e+00 2.951810228540303171e+01 1.822237773726808951e+00
6.301148576258636114e-01
-4.301080435499359922e+00
-5.670062654509319344e+00
ReLU
0.1
3
3
-5.020659869494588368e-02 -8.996135937089683177e-01 -5.139997795759337906e-01
4.014350899870450240e-01 -1.229310682246992803e+00 -1.090529354839748555e+00
-5.426981817361741650e-03 -8.780069831964422422e-02 -9.335090424682390697e-02
-2.353694279076519735e-01
1.660387304268582831e+00
-5.293487999958317730e-02
ReLU
0.1
3
2
-2.656784418585483865e-01 1.439934301274506945e+00 4.398437971569282845e-02
2.644428466868111935e-02 9.943607211684242220e-01 7.296672406852169716e-03
1.795494609471840475e+00
1.874025876094371101e+00
Linear
0.1

ct 2024-06-16 14:10:13.873499
