noname
4
4
4
18
-3.575767421405315338e-01 2.976428238791445913e-01 2.304332603036502169e-01 1.083410747177681460e-01
-5.678054892970403333e-01 -4.550415360001134335e-01 -2.675344758363898401e-01 9.854877511992570227e-01
-3.998077611666136733e+00 2.826359517585171677e+00 2.041333554076642187e+01 1.266650614237746941e+00
-2.800847589259328974e+00 1.388785776580845344e+00 1.376909515487331426e+01 1.032421596842901357e+00
-1.395299931076551703e+00 4.717061625317957585e-01 -9.235053490076458038e-01 3.386115678881473356e-01
-1.510421437508598252e+00 1.070646296616235782e+00 1.655250120534316860e+00 7.214584083480529708e-01
7.877658974804545799e+00 3.188308992397608232e+00 -1.004453503168096340e+01 2.564961748774002182e+00
-1.898914849360165968e+00 1.039786603365860485e+00 7.917452773520632370e+00 8.923243073218487531e-01
5.425220441006394223e-01 4.223351260107635063e-01 -1.410167857867278274e-01 6.168859314965099427e-01
-5.445532529592855830e-01 8.199253874404415221e-01 6.101522412933074735e-01 4.072894520673098762e-01
-6.842811561146830979e-01 7.575119583078573360e-01 1.113093106006162847e+00 4.551108193445381200e-01
-3.427574246519535794e+00 4.029322454521857999e+00 7.141487473161813426e+00 1.198644771651124596e+00
-2.721726920051960263e+00 1.869046218942311377e+00 2.760978504868479622e+00 5.451186197256160382e-01
6.131897561179531664e+00 4.547530923830120919e+00 4.601060425925169284e+00 3.678577320590049382e+00
-1.268604995958849235e+00 8.898785306387548832e-01 -6.313236935169794783e-01 3.988051084995714590e-01
-1.392598917535606828e+00 1.073705425536768399e+00 8.387726173726123946e+00 1.435164749673165874e+00
-3.913760987031143834e+00 2.663924397917698972e+00 9.651791417277271634e+00 1.086194313787708143e+00
-2.084777273040020251e+00 1.404629400918709026e+00 1.084993309764067781e+01 7.967657402563999014e-01
-6.003690898769552531e-01
-4.731858740139604613e+00
-6.568107320827214046e+00
-4.961136989193746238e+00
-1.550753560581965118e+00
-1.954223353355698301e+00
-9.133389611424884702e-01
-3.198318615771961859e+00
-1.677665164847490731e+00
-1.144788957008823438e+00
-1.206459150502474653e+00
-2.080325136781367767e+00
-1.942002720341116540e+00
2.591727158075142867e+00
-1.702239358459209040e+00
2.555106927316478149e+00
-4.583790513045920001e+00
-3.702872329735949375e+00
ReLU
0.2
18
18
-1.261976550425798704e+00 -1.267228594362170613e+00 -1.612851393239534969e+00 -9.988639998277284437e-01 -8.166967583301830702e-01 -1.353232942952339091e+00 -1.095008289472840346e+00 -1.438500493800852320e+00 -3.902399686588832739e-01 -1.793285327302431176e+00 -7.229010209600016390e-01 -1.211182433175163498e+00 -1.274605969451087395e+00 -1.263933791786147731e+00 -1.439746332920091687e+00 -1.498015503627453837e+00 -1.313796191786114509e+00 -8.059022978738918930e-01
-2.063829202010882380e+00 -1.234599769139225867e+00 -1.138878733816743649e+00 -8.062471472199268518e-01 -3.829644233526579011e-01 -1.513086197875926686e+00 -8.679224845914749187e-01 -1.364956091817286277e+00 -9.812773299725516818e-01 -1.385151852273454498e+00 -6.116078591210083459e-01 -1.137721643315746434e+00 -1.173306766415997293e+00 -1.275987461481258523e+00 -1.077772197543942267e+00 -1.041087598908719158e+00 -1.480060475920872198e+00 -1.425899713520644374e+00
2.196375900412550208e-01 1.195620099247939327e+00 -4.128467319722275874e+00 -3.305109976272557315e+00 -2.633753126174259940e+00 -5.881309150699671751e-01 4.605184816126214331e-01 -1.132705549465788941e+00 -7.932950289821221190e-01 4.363236141683201064e-01 2.864269776808990309e-01 1.136023545881350350e+00 4.376467053051358858e-01 1.647104465911680693e+00 -5.799999265318284136e-01 -5.838146953230310965e-01 -1.371442294391570060e+00 -2.978156861784300613e+00
-4.452853927058002537e-01 -1.308122730353115937e-01 -7.736211113306170617e-01 -9.099771227132380513e-01 -8.543929344888024913e-01 -4.872134785604363971e-01 1.773276757410537696e+00 -8.157063959417235610e-01 -9.519335665079461384e-01 1.600597193320371370e-01 3.406357499374217807e-02 -1.292976547397733100e-01 4.278183279277176232e-01 -1.816498398768155997e+00 -4.553932386176415270e-01 -4.154104325373253914e+00 -2.224153002680117341e-01 -2.628326016953799193e+00
-1.314596654735910253e+00 -6.736468892706647393e-01 -7.446760156163252375e-01 -1.067522325915179371e+00 -7.018652260329985015e-01 -1.378433905492703060e-01 -1.006349015009305958e+00 -1.029062043805458737e+00 -1.422283313753569534e+00 -7.590108333069368607e-01 -1.341264577943893421e+00 -1.031467959011564295e+00 -8.526649607104593853e-01 -9.010577357507250362e-02 -1.027944390990288559e+00 -4.962260531624619331e-01 -3.509306159658157065e-01 -7.422168719939883363e-01
5.341090303255859872e-01 9.248618719767628393e-01 -3.452884587244695602e+00 -3.591563560790427267e+00 -2.762889610865447043e+00 3.086524933330669351e-01 3.563315803061123388e-01 -1.914443844552290663e+00 -5.218748457909361260e-01 -9.828986493494278054e-02 2.856610551517400065e-01 9.019071056780083584e-01 5.023608942627338925e-01 9.292619633083653019e-01 -4.460877538936176556e-01 -1.184299631090723226e+00 -1.244850267660050358e+00 -2.403347916914879256e+00
-5.086989739613583250e-01 9.986291026123757242e-03 4.839620335378778775e-03 -1.018645456612860656e+00 3.722058780732856453e-01 -2.256211708864482302e-01 -7.051733343989120550e-01 -2.205291953527297899e+00 -7.746320577925039919e-01 -2.660142596351839361e-01 7.398697126844219207e-01 1.224781748370999124e-01 2.504174768485936675e-01 -1.655281883021914036e-01 6.377986607145882947e-02 -9.085804615066676027e-01 -1.340080650082164482e+00 -2.540185188594339394e+00
-2.604988242150248559e-02 1.143935258878143318e-01 -4.176008786234491343e-01 -4.112082431975230823e-01 3.633826172186672143e-01 -4.417990242628060393e-01 -8.289471420670418977e-01 -3.849467082432611154e+00 1.061913027862433634e-01 -4.308957529858949836e-02 1.441294333030944230e+00 -1.028063664767443486e+00 -8.621766434227220444e-01 -1.834402911264168656e+00 -1.765855868449042743e-01 -2.523485811296136028e+00 1.170900119429458125e-01 -3.988685743153176588e+00
-6.313042428976176623e-01 -7.508515258404426795e-01 -8.857449134109635080e-01 -1.571076291292497373e+00 -8.799592107728289314e-02 1.304838772322283180e-01 -7.940503010320029142e-01 -2.393853546321913051e+00 -3.128618175293217119e-02 9.735087839795063258e-02 1.997655664593541158e-01 -8.543288452518265075e-01 -8.191252243647912934e-01 -9.966805938966490919e-01 -1.843131880814413981e-01 -1.631018874437221378e+00 -1.435304452297305300e+00 -2.643109482419347067e+00
-1.145091212288783078e+00 -1.122202297400575199e+00 -6.276893574062305525e-01 -7.227382907105656118e-01 -4.608038660236861705e-01 -1.022997769444218052e+00 -1.386003363616211459e+00 -1.325170581879813847e+00 -8.153285483054039107e-01 -5.951081564401976554e-01 -7.009381206700941724e-02 -1.072135387132669981e+00 -3.665998248097939172e-01 -9.840090600520573494e-01 -7.599751083964191301e-01 -8.145566286646560572e-01 -1.124173995087544231e+00 -9.782310432692005175e-01
-1.549082563543273894e+00 -9.281038897043030200e-01 -1.127065393541807348e+00 -6.150291329866254264e-01 -1.125636360117000301e+00 -1.193362510825662470e+00 -1.686747277099592601e+00 -1.214390003140598084e+00 -1.049996239620388794e+00 -1.204574030974305598e+00 -1.047153673152396269e+00 -1.105372534956828856e+00 -4.073832764314591626e-01 -3.554169309134381782e-01 -1.422681561563573283e+00 -1.289717335748603588e+00 -1.175764788554618301e+00 -5.879076068839690361e-01
3.340399651505258638e-01 1.339176896962031016e-01 -2.141709851823314359e-01 -4.212313034540151047e-01 1.636789460437863830e-01 -9.206788582029135082e-02 -6.161077092460686133e-01 -1.782826241126520772e+00 1.227584548382501875e-02 -1.221010121200457876e-01 3.878872005299216497e-01 -2.891932540578473487e-02 -4.355772929702917406e-01 -1.866367232934126097e+00 -1.793091128596852324e-01 6.384550756120073445e-02 -2.542231880119331322e+00 -2.935945722436320349e+00
-5.574512686669653716e-01 -3.506477615816220306e-01 -2.523952595481292471e-01 1.385979318945436967e-01 2.224097074708749067e-01 5.281528940765679581e-01 2.827208695889464884e+00 -2.254234121857978668e+00 -3.548293800550912369e-01 -4.702248640681412351e-01 4.704345683542008327e-01 2.845747633128187931e-02 3.119753262149124184e-01 -7.472919216334156234e-01 -1.613890495094462696e-01 -3.052712891498496006e+00 -6.505957235760616575e-01 -3.777466253319393008e+00
1.633452962602215119e-01 2.028525931680080496e-01 -2.092606477030482193e+00 -1.791682913622081541e+00 -2.293381560197862434e-01 2.725209334646887527e-01 8.483553337459742716e-02 -2.396930910264141623e+00 -8.963141468528490474e-01 3.569679515301290573e-01 4.639738186319862789e-01 1.983897347860639870e+00 1.251251849246493908e+00 -5.319389231303759402e-01 3.448980332030759238e-02 -2.796954119283596718e+00 -2.536496429248009221e+00 -2.232217746821840709e+00
4.554186092662837471e-01 5.520577032018240127e-01 -1.713378038714551410e+00 -1.906988194275450077e+00 -2.622607914519096139e-01 2.987868046593886162e-01 -5.175324251439202827e-01 -2.005486565003542943e+00 -3.034697250749756603e-01 3.241870814442486814e-01 1.138547724889022034e-01 2.502309293275985502e-01 3.420164358953819428e-01 -4.347979709514737667e-01 -5.421428794768405890e-01 -7.647143953820084716e-01 -9.530861311322869067e-01 -2.271956466174620992e+00
2.139816244702516610e-03 1.427294533278710420e-01 6.460138660838834861e-03 -3.974198041957999750e-01 -7.534695178163457463e-01 3.272021772549308510e-02 4.697267484906905821e+00 -1.932271701506040884e+00 -6.132111107411939432e-01 -3.630241447017454881e-01 -2.162814557730517381e-02 4.983310370353035701e-01 -9.612318993509125775e-01 -1.825707398212189414e+00 3.971312888315727818e-01 -8.469963764475025414e+00 9.090896732099465471e-03 -3.341935259520991686e+00
-4.195976924837948041e-01 -8.760434809314575633e-01 -1.372548141094815377e-01 2.366714655786422983e-01 -5.789198837335379766e-01 -8.634235249348735097e-01 -8.336086715596385810e-01 8.216835759099924696e-02 -1.018278063495236530e-01 -5.197165714550540105e-01 5.627586771874674154e-01 -6.617032761391703488e-01 -1.737128287418375494e-01 -1.197800524076661821e+00 -3.180844821027734026e-01 -1.498425417689080996e+00 -2.220274529942799779e-01 -5.509070967187260637e-01
1.000107556803798703e-01 -2.828906066422970378e-01 2.063665590915541581e-01 -5.666473067493017490e-01 6.321975592603379379e-01 2.477547105492003132e-01 -3.951969006143079000e-01 -3.396939695199192144e+00 3.860411162705402743e-01 7.123097828348930183e-02 1.235716905524163911e+00 -9.572098219203685199e-01 -6.033765356501027410e-01 -1.883698691102548395e+00 2.518759725714529440e-01 5.106576481920550581e-01 -7.350554760256329256e-01 -5.327000872669111153e+00
-5.335554599829662736e-01
-5.394919379838586382e-01
8.298401948885734569e+00
5.298413700266220161e+00
-4.175150497416821871e-01
7.420435569862608993e+00
3.984375533233591726e-02
1.046650439507167130e-01
1.073574310275665633e+00
-2.342524970111084862e-02
-1.556734331253320502e-01
3.530405447349114212e-01
1.703050869110240617e+00
1.061374074573319426e+01
2.564686605775413075e-01
7.419569773136615032e-01
-9.565022762297298309e-02
2.772278665443571599e-01
ReLU
0.2
18
2
2.732217404389951643e-01 -4.310068224096210154e-01 2.505948062810231747e+00 -1.436382406622748409e+00 -8.004445418387843292e-01 2.316816260632292401e+00 -3.605169201941670343e-01 -1.173201400060766675e+00 -6.025880977504570746e-01 5.543314809208040872e-01 4.105868756362154315e-01 -7.960636623991701466e-01 -7.969237076067864356e-01 -2.086353249049762049e+00 -2.941251501681048097e-01 -2.165430394972214678e+00 -6.202825928562275548e-01 -5.356344595528942376e-01
8.735700530399730379e-01 1.219537775086254827e+00 3.041821256576040966e+00 -1.471144101503903734e+00 1.088544088650853059e+00 1.887245203804890803e+00 6.511349264952866200e-02 -5.553373688236813432e-01 -2.746491336676353257e-01 6.817849437823602088e-01 8.285757997887222004e-01 -1.509108868928295821e-01 -8.703262492719836541e-01 -2.355018625731568171e+00 -2.363205298176988822e-02 -1.622308290840491329e+00 -1.436712591435927722e-01 1.033029913409241191e-02
1.698390112138778818e+01
1.492569497188414118e+01
Linear
0.2

ct 2024-06-12 11:19:04.496470
