noname
4
4
4
6
-7.593930207596454318e-01 1.298089461501203523e+00 3.404297703867339919e+01 4.004795031639043490e-01
2.537968399666068908e+00 1.702356273416017585e+00 1.252767398462803072e+01 2.217907735537749669e+00
-6.973282618007090594e-01 -3.649877930347049382e-02 -1.012007200127104767e+01 -1.033263852894667156e+00
-1.430432481840748782e-01 4.523577953097658977e+00 1.769501881353389550e+01 4.222012776401623535e-01
7.562784105809031487e+00 4.309330662043899807e+00 -6.910555207576186021e+00 3.768865036693585857e+00
-2.321700002823026132e-01 1.618593499226319010e-01 2.548123586987171563e-01 1.026186386994480948e-01
-8.653720682229321781e+00
4.207600513234085682e+00
-1.014712180593252455e+01
-2.133505909282919610e+00
8.160244988491298646e-01
-4.660144340561739318e-01
ReLU
0.1
6
6
-2.034407811928023335e+00 -6.180141467231682562e+00 9.747090185068343349e-01 -2.176180739163523725e+00 -1.831513573521282578e-01 9.329814207050202146e-02
-1.494950216753226924e+00 -4.587122726093264546e-01 -1.086793987470534351e+00 2.937654578349099821e-02 -2.569244777219565901e-01 9.329814207050202146e-02
-9.647127159040298494e+00 -2.394339704968772020e-01 1.173418070444202099e+00 2.765635830848465204e-01 -4.457050885272176854e-01 -1.313688189683721586e-01
-2.064658721133394437e+00 -3.160896118540898470e-01 -1.505729935711915601e+00 -9.298088470639935821e-01 -1.089625741857292329e+00 9.329814207050202146e-02
-1.040489708827859072e+00 -2.276782256180968300e+00 -5.590379564739366147e-01 1.798694075921274116e-01 7.414824520253059381e-01 -7.125775281098636893e-02
2.893865302646625448e-01 3.564135069286735180e-01 3.421840558553385314e+00 1.343101371337426686e+00 1.087622854153984964e+00 2.239938153594026871e-01
-1.962991132290722307e+00
-4.633076455354246392e-01
-9.456481161385476009e-01
-1.610021375692148649e+00
5.836290849839624428e+00
-1.238218316881790848e+00
ReLU
0.1
6
2
3.576308148872155979e-01 -9.522260079953394005e-03 -1.347611399333439874e-01 -4.774748001943281417e-01 -1.014813241391488763e+00 3.932128347923689038e-01
3.668335885383578465e-01 2.256047477502145793e-01 1.485678206454621453e-01 -2.651415787088673426e-01 -1.111843603727153518e+00 6.027646366726137073e-01
8.781012886836689901e+00
8.777062342339942091e+00
Linear
0.1

ct 2024-06-16 11:54:43.105594
