noname
4
2
2
3
7.691353001909374543e-01 8.738725679551674341e-01
5.206450238019102450e-01 3.632942934790143741e-01
2.720730614561318039e-01 4.792322111298632503e-01
7.628475136837920001e-01
6.703115318135397516e-01
1.282250704975948230e-01
ReLU
5e-05
3
3
8.296299754199826237e-02 4.554234808247709793e-02 3.291848494276116144e-01
2.967979677620859458e-01 3.281036083163569872e-01 4.252789011744045888e-01
3.686947515909415607e-01 5.222389086896594979e-02 5.897923646169901390e-01
1.979932210745800614e-01
4.592063386865308794e-01
7.763699340396044146e-01
ReLU
5e-05
3
3
9.149536349005472913e-02 6.325014407346518652e-01 -4.335065685481907100e-02
3.694093025190430812e-01 1.081826674227525376e-01 2.914829864830146833e-01
6.544932618019632109e-01 2.971940513948022056e-01 4.992082898443667149e-02
6.386723446619569922e-01
3.421715670377786234e-01
3.866221196018336248e-01
Linear
5e-05

ct 2024-06-02 00:04:14.107604
