noname
4
2
2
6
8.321846592772782492e-01 7.164954211283742769e-01
2.609905335628242562e-01 8.655098946123331860e-01
7.821435527252944553e-01 -7.470669270499437180e-03
2.633768353949669239e-01 5.173223802735926746e-01
1.582706246713110332e-01 9.573809700152255964e-01
7.039046902737379208e-01 7.975455667029764106e-03
3.778586642068113566e-01
6.335680457614153438e-01
1.534467815110135969e-01
1.767454701451403043e-01
-1.141264286071072900e-02
1.705057249285599485e-01
ReLU
0.0001
6
6
6.076054052911894487e-01 7.297294099108122545e-01 3.360487820090721223e-01 6.833615403086481521e-01 2.012349900772031075e-01 9.672315627503973445e-01
8.687501465848682658e-01 4.864704026540563886e-01 5.650836258339584361e-01 7.522399365800883642e-01 5.989992541336691678e-01 4.367797676004924190e-01
7.372699758503029610e-01 2.107352409421095474e-01 9.744609988189659178e-02 9.545603148804828741e-01 1.216702229579785244e-01 5.459913654045928100e-01
5.001150544867953851e-01 7.415373919531447200e-01 7.785170408826849187e-01 4.439762311479817924e-01 9.443633859996958257e-01 9.179456291630404552e-01
1.764838774206831662e-01 2.894486438589207941e-02 9.413159820818318702e-01 4.945953357075046908e-01 9.157282664637395042e-01 6.290198687942817335e-01
2.530052240748481562e-01 9.410271419021958295e-01 7.988589988321660451e-01 1.523821728266513131e-01 4.630810517289102313e-01 3.174028752275188658e-01
9.389384184137278266e-01
3.251196525657091274e-01
8.866346459979587147e-01
7.295251682682255545e-01
6.320310140646298036e-01
8.162430375162118557e-01
ReLU
0.0001
6
3
8.512348451544513583e-01 4.707584666339187929e-01 3.127315033647675713e-01 2.068188840148205421e-01 2.798931525009742960e-01 3.945463163399958728e-01
8.563210354462361673e-01 6.003731441608920472e-01 1.370475199981917025e-01 7.913890958733459380e-01 8.781637613993912295e-01 6.591886304608622626e-02
6.019853543534762208e-01 5.374666913294712245e-01 7.425836469926849759e-01 6.189329877651084111e-01 9.119438958658022676e-01 3.064351606788870419e-02
7.950815760091031192e-01
6.904726042020394861e-01
3.232409664340760158e-01
Linear
0.0001

ct 2024-06-02 08:41:10.910710
