noname
4
4
4
5
-1.322151791787503861e+00 1.312015553743990592e+00 3.140382932418920348e+01 1.818620803290384336e+00
1.824134813502073404e+00 2.371213900168894551e+00 1.308847531234489203e+01 2.643015508361485910e+00
2.950746974757886498e+00 -1.089508344943491025e+00 -8.099335753196665877e+00 1.133730339132231091e+00
-2.692652764225576423e+00 2.999523361081551265e+00 9.729599132527567917e+00 5.293177383188850671e-01
5.400269967080852496e+00 4.489083934490365912e+00 -9.248034590906692998e+00 3.770913715842175495e+00
-6.536888450218820701e+00
4.459413369627244883e+00
-5.798322023849821427e+00
-1.458420880625615368e+00
3.791511240410702643e-01
ReLU
0.1
5
5
-2.034407811928023335e+00 -6.180141467231682562e+00 9.747090185068343349e-01 -2.176180739163523725e+00 -1.831513573521282578e-01
-1.494950216753226924e+00 -4.587122726093264546e-01 -1.086793987470534351e+00 2.937654578349099821e-02 -2.569244777219565901e-01
-7.607677893091408627e+00 8.393418605405471578e-01 1.173418070444202099e+00 6.239815478025479978e-01 6.872635841331571349e-01
-2.064658721133394437e+00 -3.160896118540898470e-01 -1.505729935711915601e+00 -9.298088470639935821e-01 -1.089625741857292329e+00
1.560402430455540390e+00 -2.439228144208509974e+00 2.550150495918926286e+00 -6.156871178450337156e-01 1.793991409315114582e+00
-1.962991132290722307e+00
-4.633076455354246392e-01
-1.085599863576486523e+00
-1.610021375692148649e+00
2.787632264859918774e+00
ReLU
0.1
5
2
3.576308148872155979e-01 -9.522260079953394005e-03 5.455047190344485264e-01 -4.774748001943281417e-01 -7.768856021244928689e-01
3.668335885383578465e-01 2.256047477502145793e-01 5.992170286705847948e-01 -2.651415787088673426e-01 -8.731143759574037100e-01
5.545761158114168587e+00
5.661179567600167495e+00
Linear
0.1

ct 2024-06-16 11:53:22.148458
