noname
4
4
4
8
4.625765135092170688e+00 1.266756385295557119e-01 -1.318490306665151479e+01 8.932130054275577713e-02
-2.869599285825862989e+00 1.157317493756235605e+00 4.762024307935953438e+00 6.658368662053375520e-01
-2.879588534422550250e+00 1.554149865086761340e+00 3.755364833007871717e+00 7.482515941566130202e-01
-4.929662990837954673e-01 1.892976403172723643e+00 4.798002586775405587e-01 1.234138995602233502e+00
1.121473869733415674e+00 -1.664343167216653985e+00 -1.761425702983435571e+01 -3.921281405448808766e+00
6.575780738757713850e-01 1.561065342225090857e-01 3.266119515645141691e-01 9.125432025637414402e-02
-1.656166699848155455e+00 1.050895808616086224e+00 9.399292113676308569e-01 7.867178139477790655e-01
1.713421165989998052e+00 1.682735041519609620e+00 -3.937792083579903846e+00 1.584959799430558869e+00
3.504187826992853250e+00
-2.878517013739717356e+00
-2.625162949004986146e+00
-1.245526813542634059e+00
3.403180003360926076e+00
-2.028687855272353069e+00
-1.799525479241626646e+00
-5.359309643633791698e-01
ReLU
0.2
8
8
1.661913070331401121e+00 -2.031564903478339179e+00 -1.891938239861761240e+00 1.171013631792069132e-01 -1.791927153863440925e+00 -1.336232144412140332e+00 -1.166087065885394597e-01 3.947943729534869606e-01
-3.568629458135888499e-01 -6.163762247209728651e-01 -1.579629203910211332e+00 -4.575810969727897581e-01 -6.681423997555796523e-01 -1.276700633194044032e+00 -1.597143243716698358e+00 -7.392368270295184285e-01
6.619234825768257613e-01 -2.644736758364689688e-01 -2.113780498653104800e+00 2.952376905952940889e-01 -5.471739550594026724e+00 -1.700416912250673596e+00 -1.178728084445906488e+00 -2.133540535033315588e-01
-4.976732611464282030e+00 -4.593996161908649456e-01 -1.937619354351864720e+00 -1.925367987054355801e-01 -2.093771749675636507e+00 -1.010894337633980955e+00 6.161048877455342909e-01 -7.176987165234280375e-03
-8.443821429689938318e-01 -8.272991462037474486e-01 -5.896488314580261569e-01 -7.294900843495497056e-02 -7.120396853639866519e-01 -1.344776854511336328e+00 -6.237481254447770906e-01 -3.888968340126899292e-01
2.017067820881613127e-01 -3.831185425879257145e-01 -2.240511104039331070e+00 4.927880616741492359e-02 -9.786372261568132558e-01 -1.479998404894577568e+00 -8.616635289563041589e-01 6.312394736467700218e-01
-5.758906948281355964e-01 1.722698600663970514e-01 -1.244816777042977218e+00 -2.070961490241377267e-01 -3.196790122618643482e-01 -1.357119183831846376e+00 -5.487209231969923939e-01 -1.652225012567092866e-01
-4.096402581641628987e-02 -9.360361612082211957e-01 -8.136873900491815581e-01 2.034410356249225643e-02 -3.245812202035547323e-01 -1.286829833728995842e+00 -7.014320953673314207e-01 -4.997577490884269613e-01
6.942366253190408010e+00
-2.870304062773879616e-01
-1.350203864198098735e-01
7.572027863989414520e-01
-1.238387533161745269e-01
1.113532384222395644e+00
-2.499624476889440450e-01
-3.004654358999217512e-01
ReLU
0.2
8
2
1.354443601888873250e+00 2.503906778403275912e-01 2.861529016053481617e-02 -1.261413044041218789e+00 6.410434069246543354e-01 -2.778825913291971816e-01 -2.011084113456276246e-01 2.978705056656659189e-01
1.220966065610016749e+00 6.615455476306172367e-01 5.675558782932619284e-01 -2.116925812338076085e+00 -8.506127976349078801e-02 4.704779789830781378e-01 6.951835091365385910e-01 -1.163146832148772084e-02
5.520159352066122516e+00
4.648328610960217766e+00
Linear
0.2

ct 2024-06-12 17:12:56.623719
