noname
4
4
4
4
8.730647957657334812e-01 3.614650459641858826e-01 1.596352047430879884e+00 6.156385232483444492e-01
1.425972354592184521e+00 8.702701460489539187e-01 1.132056893112046270e+00 7.362778532029117251e-01
1.352823241615004779e+00 5.623427729086675209e-01 8.186295480581122774e-01 9.963949081761417359e-01
5.057548670584516987e-02 5.956859019911573405e-01 2.027428142705067327e+00 3.305150855009982291e-01
3.300736138579399293e-01
2.861253041650529405e-01
9.019569383827531484e-01
1.337128066261677184e-01
ReLU
0.2
4
4
-4.209372256845754223e-01 -7.810291255689444379e-01 -1.197780489550964056e+00 -6.759531618008249865e-01
2.950430918511699474e-01 2.301028247489791123e-01 7.724558798704350693e-01 -1.723124763632092049e-01
2.970587320376534834e-01 2.686632163212130386e-01 8.301459945014213471e-01 3.847860393684691127e-01
-2.502307772673771982e-02 2.966128271630769087e-01 2.326532657348071020e-01 9.932589050657981977e-02
-9.000500741131156612e-01
6.562136097472979213e-01
7.940277191827835868e-01
5.306778027043512758e-01
ReLU
0.2
4
2
5.734600144321784221e-01 5.855568371999531063e-01 5.555144798994171573e-01 2.903319922239284701e-01
4.913648046606181596e-01 6.899768927288517650e-01 8.713250638682832339e-01 4.958720050885750408e-01
1.832395321921933329e+00
1.899679363988819869e+00
Linear
0.2

ct 2024-06-12 10:31:08.335504
