noname
4
4
4
6
4.235806142502846150e+00 7.297483063492713473e-01 -2.172938371975332572e+01 1.635597481153303057e-01
2.849834614853798409e-01 5.296297472890985070e-01 2.993698770055768787e-01 8.784936483524384832e-01
9.101490897876390873e-01 2.097627136858336350e+00 -2.453475945194311336e+00 -3.302505735022865263e+00
-8.389538265374794079e-01 1.059585511672084257e+00 6.510498620534576064e-01 6.253295017776784315e-01
-1.887765083983196313e+00 1.672830209714576855e+00 4.092274585831161993e+00 -3.133996698198158182e-01
3.171998919596690669e+00 1.385797021409484797e+00 3.261357707896835212e+00 2.459037730013606815e+00
5.610239096181724783e+00
-8.779874629737639324e+00
-1.178549235401210460e+01
-2.675578494162464960e+00
-4.091118703532191425e+00
8.117156304971492320e-01
ReLU
0.2
6
6
-1.249999945352609609e+00 -1.023312366472817647e+00 -7.028497569789390331e-01 -1.103555586541937084e+00 -6.317234235683060195e-01 -1.180276477968028592e+00
-5.664414968650002269e-01 -8.533472331505423947e-01 -1.367762921254020547e+00 -1.622556600269568217e-01 -4.858627083723263684e-01 -1.021453378172725079e+00
9.751445526349344917e-02 -2.113933809228301930e-01 -4.138816147161635817e-01 5.198934768512162297e-01 -1.088110511918520151e+00 -2.593095766949352399e+00
-9.019115534611948926e-02 -9.129229501443965333e-03 -1.255846969318840101e+00 -5.068927566600394119e-01 -1.896961127605736319e+00 -1.967472695765483115e-01
1.709872207098011243e+00 -1.243281230898059864e+00 3.161897489762778957e+00 4.230033262390697213e-01 -8.491116635486818387e-01 -7.107644519906987091e-01
1.984783887379132805e+00 3.937295898874509259e+00 6.047908055238145231e+00 2.589291442057211068e-01 -5.773956073174728587e-01 -2.194526536443764275e+00
-8.058819683526550204e-01
-1.444630037881584339e-01
-2.725675798791945770e+00
-8.893168520939989663e-02
2.653026683084749315e+00
-1.119744062571724763e+00
ReLU
0.2
6
2
-1.811958720550075064e-01 1.060079508942588511e-01 -5.012812231168679578e-01 6.046891449880304609e-02 1.293690856530889333e+00 -1.092648928528244134e+00
1.068491060562088535e+00 2.061376282179041008e-01 -4.069423262680478270e-01 9.915514849188995783e-02 1.165823134824473861e+00 -1.264991740111068186e+00
3.267739830749204266e+00
4.096150498155938458e+00
Linear
0.2

ct 2024-06-12 14:21:48.354262
