noname
4
4
4
16
5.076535015988967725e-01 5.397855111861767918e-01 -2.877332835789988774e+00 4.389255340972771924e-01
4.074834456023762597e-01 1.083170921102801110e+00 1.646657440549501139e+00 8.927427573300947827e-01
1.006798575610562851e+00 7.681478641531702678e-01 2.187266806926321916e+00 7.305693762843891159e-01
2.530003332214993406e-01 6.996270118436924701e-01 3.037378461828428744e+00 9.292656171934011722e-01
7.836266164446137328e-01 8.140342062587050398e-01 6.466213352849001783e-01 2.912749804030405620e-01
4.986337351207393298e-01 2.223144181342513181e-01 -3.986023004730816499e+00 -2.189877419343266851e-01
1.436483384029438204e+00 8.010055901194512717e-01 2.483440960532054653e+00 4.748187651990525837e-01
-5.116926168536489045e-02 -3.343500862495014242e-02 -4.126416158928371658e+00 1.100855862156852466e-01
1.635928485865093679e-02 8.058967699652014316e-01 -8.408967696902106548e-01 4.267841515946262376e-01
9.398081282323427210e-01 4.952233500342738681e-01 -6.125919316336345677e-01 4.035508332437524603e-01
1.252382575895925942e+00 9.389419205821125658e-01 2.135141592764080998e-01 8.501506398317337787e-01
5.056388866519507808e-01 1.111302662150426723e+00 1.076354769310626347e+00 9.878397922142613252e-01
-1.599070644076787950e-01 5.690263735827469915e-01 -2.187968765939738436e+00 1.174410928724203412e-01
-1.021647885540963585e-01 2.987070174286450830e-01 -1.561925248748246009e+00 6.809213269557917725e-02
1.281168818137347287e+00 2.983712759309333981e-02 -3.525979049057885284e+00 6.680177041496113688e-01
-1.400620493381764309e+00 6.570896883665654498e-01 3.773698258457076626e+00 -9.776852700123948858e-02
8.615604536919911904e-01
8.425253920764925741e-01
9.797801866115625202e-01
3.003600614828272897e-01
3.348682511564332054e-01
1.509896195586450718e+00
4.548882355351542284e-01
8.042469083801803142e-01
7.702947618603773750e-01
6.808537125882555552e-01
6.024920188663080989e-01
9.068748224543093928e-01
1.228406682299594044e+00
7.633170232015812351e-01
2.398180714567846039e-01
-8.632678962559592328e-02
ReLU
0.01
16
16
7.101264040495042229e-01 7.861481601897034599e-01 8.867490826902064693e-01 -7.739587790292034031e-01 -1.641171303808890841e-02 -5.214452016457147288e-01 3.987065243854538976e-01 2.150673351353672158e-01 7.943213391251792432e-03 -1.124227331881571916e-03 3.893370036016070013e-01 8.920384524487809941e-01 -4.653887843351026815e-03 -5.504909298270027618e-01 2.369619003871472618e-01 2.445413147106275387e-01
-1.762238994587312091e-01 7.970050018318534102e-01 1.097557534291320191e+00 -1.116031043327068983e-01 -2.337609008293046464e-01 -5.040528359145283188e-01 6.966299006355137768e-01 -3.965537206863435360e-01 6.450400223324567195e-01 3.215268408620052809e-01 8.345317820799491582e-01 2.828567688509994738e-01 1.235994058004951240e-01 -1.649532200042238272e-01 3.629664592896856279e-01 1.448488894210492872e-01
-4.175316381029868795e-01 3.490659089590659181e-01 5.311241113428207816e-01 -5.637228468904598166e-01 -3.160151599363619779e-01 9.089945238154279600e-03 9.395626564520904722e-01 3.832461205426795046e-03 2.782718514830917478e-01 -3.728720845647885973e-01 4.779621932855863120e-01 1.657433108444182346e-01 -3.454631821662827451e-01 9.750702249121485921e-02 4.408486787207298585e-01 6.557335471090109946e-01
-2.515183276988659955e+00 1.330954921618904496e+00 1.086547906488484649e+00 1.283587794122484693e+00 8.748498161574946863e-01 -4.601978003554784813e+00 1.157173969358853638e+00 -3.817670203583678035e+00 -5.424176438068352146e-01 -2.743714963412907104e-01 1.611284632433117314e-01 5.659046453616376482e-01 -2.178464037182983759e+00 -1.451626278730838493e+00 -1.681344841199896578e+00 1.321068289312781419e+00
2.861296913190542468e-01 3.157462946913733304e-01 8.159953574401920262e-01 -9.853806725521699894e-01 -3.165296200757681255e-01 -4.109750723889358803e-01 5.920215222454032478e-02 1.475322482737407848e-01 3.462570605677105506e-01 1.870176162040792511e-01 5.410247407050690072e-01 1.056823556311747181e+00 -2.202263321120448980e-01 6.877505205913453379e-02 7.963617025299861707e-01 -4.225587893631954639e-01
-2.178201514081820722e+00 1.464257771307879041e+00 1.605183002688681304e+00 2.238118376838440504e+00 -5.248303653923324097e-01 -5.947912894452906052e+00 1.486853675564360655e+00 -4.818399074804532667e+00 -9.030213073373476451e-01 -2.228418395597721313e-01 6.182627743668771547e-01 1.274278129438317642e+00 -2.700266764489882565e+00 -1.282604171619693201e+00 -1.808881225935744297e+00 1.250576220617466872e+00
4.141085968714115495e-01 1.053552008017936581e+00 5.768233119956279742e-01 -7.167302754456392755e-01 -1.451798776040066352e-01 2.609640696468819576e-01 3.061741871338025667e-01 -5.107215349388567055e-02 -1.258870798772891708e-01 8.914239714081027000e-01 4.911689394879681925e-01 3.017845160862795417e-01 4.733103022277479997e-03 -5.185244044620786891e-02 4.989898813372269926e-01 8.633391130220956222e-02
2.608056262584929619e-01 5.763453671600843320e-01 -1.580070794361352060e-01 -1.040156724124062571e+00 -3.537320184581658200e-01 -2.102029747109404878e-01 3.283958884876795326e-01 -1.441872200287204753e-01 -2.962380097238752619e-01 -1.142383361119128776e-01 5.368421536032595975e-01 4.840983886608318798e-01 3.374151515459009043e-01 7.306604265445135193e-02 -1.932663445780203326e-01 -1.876893785690375849e-01
-1.792663491207589221e-01 6.182445900859856458e-01 7.858699671404676401e-01 -5.488525597788928012e-01 5.080940192272298539e-01 -4.634586063146218377e-02 4.130313229391344154e-01 1.871834455302119893e-01 1.021604602718463595e-01 -2.190356388875202565e-01 2.852605983975029513e-01 8.431333697310644526e-01 2.266229164851430999e-01 -1.482422558273600866e-01 1.947755440130878590e-01 1.047779210911624403e+00
3.580014903478264676e-01 1.335111811383102587e-01 9.679785142160671763e-01 -5.396352411547776784e-01 3.491952721014042749e-01 -3.801546034472552682e-01 5.688798801337401345e-01 -4.137845241421564957e-01 1.897860473423377270e-01 1.424114105851035927e-01 1.454869112250337937e-01 9.579199924102571595e-01 -2.922343529626241776e-01 2.328281801347209523e-01 5.758714134467021184e-01 1.359028158317737267e+00
-2.937328878372627572e-01 9.228214250246362382e-02 4.209684771105919043e-02 -1.086283425656784096e-01 -1.080152999781325007e-01 -3.676336646375530370e-01 -2.314681622226614499e-01 1.888012240245071430e-02 -8.017692104641140072e-02 4.834414938395715788e-01 1.927516685063392771e-02 -1.432249628521446438e-01 3.416818641849608124e-02 1.140883458330855804e-01 -1.747690617888612852e-01 6.578249066166879100e-01
2.650118038745455928e-01 1.284294182791584360e-01 -4.327559806947104404e-01 -3.076386907604793941e-01 -1.904268899271806259e-01 1.139070250835906573e-01 -2.030938488130978707e-03 -3.030865831734652280e-02 -9.243595924834345501e-02 -1.357832044862934684e-01 1.145011048875690801e-01 4.746868023197234332e-01 -1.787303712019042978e-01 -2.544855883760678283e-01 5.947859496593417214e-03 4.550221378838253949e-01
7.482373623933302742e-01 8.949661367216240615e-01 1.020605730311276327e+00 -8.645272368066702073e-01 -5.974160789858695697e-02 3.693187987318988230e-01 -4.602335810090747714e-02 -2.730937122772376935e-02 2.986808046966429875e-01 9.146265644452904464e-01 5.039320865859581167e-01 1.142191785551485594e+00 2.289352420119788456e-01 -4.397471516286767246e-01 7.860473309918805107e-01 4.987063166179717677e-01
3.206911075667956412e-01 8.044513610247586710e-01 1.185830218334738673e+00 -6.943818599023274807e-01 5.841209865062548801e-01 -7.720053575572427551e-02 1.058024765089416341e+00 -4.652446945699159619e-01 1.564321702886842247e-01 2.793645161675087363e-01 1.064067697175129279e+00 8.768914556970047736e-01 1.967912692736044911e-01 -1.006094660988990017e-02 6.391623242768029733e-01 1.141504408950451799e+00
1.806230618413448841e-01 6.985722348488291322e-01 3.571154691427254335e-02 -5.592837449663312643e-01 -2.638393553579061468e-01 -3.879822888954854165e-01 -5.697054491012870647e-01 7.834459530201863531e-02 4.715267390271313808e-01 -3.321610880275257527e-01 3.734680087354816935e-01 -1.250282630114198379e-01 1.826920889086882938e-01 -1.375635585922994064e-01 2.376275619050065568e-01 2.669200614864698506e-01
-3.546964407422566884e-02 1.865306627470441070e-01 7.491775647380629621e-01 -1.487975949083686078e-01 -9.296213064832446749e-02 -3.845332048164194494e-01 2.371578534648000336e-01 2.090299325168119005e-01 -1.374120716257171138e-01 4.286822518378629598e-01 -6.090020743684156773e-02 2.458105091478777759e-01 -9.413630141799930739e-02 3.091253141260827397e-01 -2.778352077079271343e-01 8.310685933151914506e-01
1.321533153670956695e+00
1.523326799571541823e+00
1.106424582169370341e+00
-7.580571377158445978e-01
1.307892645047254998e+00
-1.641866057924069811e+00
1.210751932016241872e+00
3.912929656922252142e-01
9.099886404160716369e-01
1.055231302974585006e+00
1.355520722093079833e-01
3.166205426339808171e-01
1.026852737285215644e+00
1.110794892128697420e+00
6.687360588329149813e-01
5.999216001180390778e-01
ReLU
0.01
16
2
7.567838229139789430e-01 6.879738689013298325e-01 4.059112618755160162e-01 -2.528037865434880516e+00 8.020048528422661915e-01 -3.517096016469389852e+00 8.026126454320801074e-01 2.906936527922420188e-01 4.373137687414891950e-01 4.775035790416261583e-01 -4.496213030979612918e-02 3.793406097070473049e-02 1.017883755264870960e+00 7.737844129701282325e-01 2.073550150817844717e-01 2.455658882040359925e-01
5.248288290355034302e-01 7.442186879073415806e-01 4.763530153288680347e-01 -2.679237363607208877e+00 4.648108500187301262e-01 -2.917121923966217167e+00 5.428283053726371543e-01 1.837733552991606123e-01 7.145609461419674124e-01 6.968587669352456215e-01 -6.642808817076016614e-02 2.073071917281053833e-02 6.634091388083322993e-01 9.661782878293311283e-01 1.362226221889996647e-01 3.027612060253461745e-01
1.285779348764033436e+00
1.523243870477102302e+00
Linear
0.01

ct 2024-06-02 21:52:14.171365
