noname
4
4
4
16
1.909793840716489388e-01 3.998552463382649136e-01 -6.807344645353495538e-02 7.892829386165908234e-01
-1.818319312347061248e-02 6.945937711325358421e-01 3.488036759882763294e-01 6.724585429703616724e-01
7.177933699919715194e-01 6.039706166784097885e-01 7.934101621219216138e-01 2.069073919578533483e-01
1.579315519674112656e-01 7.283028752128181127e-01 6.243005111903354720e-02 2.173589428003976365e-01
4.919327521987233443e-01 7.383251115156826971e-01 6.231909852108243886e-01 2.311139027694456560e-01
8.236833652285535656e-01 5.270774490427846404e-01 1.063380682124185489e-02 5.515644761566134147e-01
8.305955075761628503e-01 5.373072658500543941e-01 7.604795675359821150e-01 1.002130262788388515e-01
1.930414995630820307e-01 3.233407307578526901e-01 2.647699496616395809e-02 4.633901374420386077e-01
1.005645012803077498e-01 8.204338280107861259e-01 3.584374983278501015e-01 4.068139934587129969e-01
4.419524859238446735e-01 1.953516021721178868e-03 4.514001360554372178e-01 6.223395372496058897e-01
9.997977781032999500e-01 6.548003460122345798e-01 1.835708308473899819e-01 7.352799619852536939e-01
1.947265094396284091e-01 7.643037957459470899e-01 2.893379049270743408e-01 7.828202249284196279e-01
2.663584662890120663e-02 6.987027236549909759e-01 5.295167838814236472e-01 5.712905820388808342e-01
1.138967518409021717e-01 5.860664958278811731e-01 2.955495049162567001e-01 2.532931604336432496e-01
1.027138658299570295e+00 5.075299465883160721e-01 -2.107723109248443305e-01 7.329442458118797799e-01
-4.565601938779633578e-02 8.399973809895335819e-01 9.462599908994555609e-01 1.386336596369301677e-01
2.663395147534940999e-01
7.476243726137424828e-01
8.919681431970516439e-01
6.869481545534138478e-01
5.220300158364095111e-01
3.490576291080829119e-01
6.041022211122866192e-01
1.255324941574103015e-01
6.335947173974764146e-01
6.615322885317345136e-01
4.381869243510985723e-01
7.347020359299997194e-01
4.532490184109614906e-01
3.465624522897518545e-01
6.585715882135501076e-02
6.968428787055529205e-02
ReLU
0.01
16
16
9.116247782136671640e-01 5.306366524398331563e-01 8.511873836806572724e-01 3.415326638584373353e-01 4.799602400885625841e-01 -5.359574990456544667e-03 6.975537706805973182e-01 8.235121611875922953e-01 3.050918878209730178e-01 1.237657186904749240e-01 4.159665259386239877e-01 6.540940773595850244e-01 2.049645779929461786e-01 1.406709730473763853e-01 1.776236680110571953e-01 6.252505296882302499e-01
8.121756971186368246e-02 5.351970421714724591e-01 9.585203714419178178e-01 8.452818607745291590e-01 8.103214866752406209e-02 -2.138711668612200498e-03 7.280911261551129554e-01 2.259033454125949913e-01 8.137222777650581218e-01 4.260473550005342558e-01 7.900604390810399558e-01 3.380015932629047704e-02 3.471536379172175946e-01 4.344085513239945295e-01 2.459677162619066937e-01 7.483013006215112617e-02
9.913618346129796088e-02 3.935339249856278920e-01 6.039869147140783934e-01 4.177288353803709220e-01 3.387139671267658941e-02 6.806613924256680326e-01 9.964746670054573929e-01 7.560226856901328674e-01 5.788245526410357167e-01 -4.641352278688207211e-02 6.518844053623626955e-01 2.225544696274532885e-01 1.183450835224927056e-01 7.789450894364825517e-01 5.418788690999563062e-01 4.310986326253411494e-01
-7.690201568758564532e-02 8.671616080485642364e-01 6.849733404473744569e-01 4.828715269132968224e-01 9.328393763163667085e-01 2.465063901355895870e-01 5.910882947358090389e-01 1.696771087765007735e-01 2.992449145156055312e-01 2.531495737576508476e-01 1.118494983967846107e-01 1.462989760116128191e-01 6.716468730408887977e-02 2.334314859963259603e-01 2.050899013137530424e-01 7.404264954815102939e-01
5.121273479181370769e-01 5.372368751522162839e-02 7.944535553309252096e-01 1.168794002162873297e-01 2.600016097120252945e-01 2.284337065154739554e-01 4.175392690745547419e-01 8.321793910423961327e-01 7.297262371214343624e-01 3.194408172291462455e-01 5.809282623805601675e-01 8.151659577145904390e-01 7.645208806478868968e-02 8.605647581240891686e-01 7.321472743115506887e-01 1.246484636693272335e-01
6.466586861736145497e-01 6.465395848385363520e-01 9.388123604195479643e-01 7.621876665336227985e-01 -6.294131269732050615e-02 -2.547756157154626964e-03 8.360778400548696254e-01 2.749259468169550774e-02 1.429864865479745506e-01 5.170728046468022754e-01 5.660158787083653387e-01 4.991370735729102615e-01 4.456006615544553379e-02 4.185621219144249339e-01 8.526416774249894193e-01 1.925727980447546062e-01
6.696525197783590455e-01 7.415296492652457827e-01 4.626588367722161976e-01 3.027365290291416100e-01 3.364867810364248757e-01 9.049816705759359259e-01 5.109428577356052159e-01 6.700679150232917713e-01 1.793298211243724571e-01 9.958241283381605857e-01 4.649753116573371869e-01 7.659434629823633905e-03 3.001761692970283391e-01 7.032365790851563547e-01 3.850948851815180207e-01 4.139400082996199104e-01
5.303767858839358862e-01 6.992733779689114249e-01 1.867520377686514299e-01 2.901904571436822455e-01 1.216371574687169915e-01 6.557660942724443526e-03 9.239507434675139352e-01 5.203248862313675227e-01 2.066161859079795188e-02 2.252652145521631122e-01 8.493232768524792142e-01 6.117579749670363221e-01 4.722732601717905543e-01 6.486697211509823147e-01 4.849404385218508695e-02 -2.167304564822796972e-02
3.207096202446655386e-01 6.138945157592476942e-01 7.490453916608481588e-01 1.932327932107044122e-01 6.912561021374069581e-01 5.280622987971526072e-01 2.610024115621203955e-01 9.116250596098764980e-01 2.610155723108283921e-01 4.479197445640377417e-02 3.437120617553231505e-01 8.444552910519010913e-01 6.316689476184765839e-01 3.696893199345649417e-01 2.656066358823603868e-01 6.201506711873135957e-01
8.028503776251064705e-01 6.160527194404956386e-02 9.118788295126717403e-01 3.016325011243254917e-01 5.950593399907233572e-01 2.061230241819886344e-01 4.828197319459914261e-01 2.973852394202199934e-01 3.739676593844395991e-01 3.726686665512363716e-01 1.910088182920580968e-01 8.953451741148691356e-01 8.476688200194737455e-02 8.123127959682953092e-01 5.816457746403411733e-01 1.035915664750054033e+00
1.213855047759986872e-01 2.572134782931851382e-01 2.900041677560218356e-01 2.784652305685915707e-01 2.793714025524783873e-01 2.265348089489911121e-01 1.662111441855889937e-01 5.739227915632171273e-01 2.958986451691753006e-01 8.189977169261389855e-01 3.261098503881610378e-01 9.863222147557443309e-03 4.144717759312880889e-01 7.735508522482833493e-01 -3.421067631020530825e-03 4.516544361945650232e-01
8.555127737962939793e-01 5.170456458895816843e-01 1.141207743217534237e-01 8.549234400211844775e-01 4.858421089080645627e-01 8.801843184562063716e-01 7.375814813294400141e-01 7.789250708110301291e-01 5.546252505287448953e-01 4.365738974042474019e-01 6.728908566406754943e-01 8.639539664015853937e-01 4.021388854163256976e-01 7.067002571575410341e-01 4.078382294680280018e-01 6.331917111437420642e-01
9.114163440220621748e-01 4.921287345589343554e-01 8.047874699960818612e-01 5.881341882848511310e-02 3.234167724032869784e-01 9.132086973085541404e-01 5.598411150683254428e-02 6.099789233916195208e-01 5.007444748396004952e-01 9.297829770197775234e-01 3.899560271915289977e-01 7.569982051961484659e-01 4.248673477043698465e-01 1.996810127261226253e-01 5.911934167581375243e-01 7.769706963601038519e-01
5.750945931012180212e-01 4.646764496446895709e-01 9.326824256978724081e-01 1.020527774991810688e-01 7.828531606284898636e-01 4.007730086100201872e-01 9.248912082273285096e-01 1.802168498151186238e-01 2.284114267675639021e-01 3.185498359466660268e-01 9.149556428440492883e-01 5.479965723914709264e-01 3.933910213085187180e-01 5.134867659708554077e-01 4.733795437189441402e-01 9.247750258352402941e-01
5.690737615067384958e-01 8.793130553423367246e-01 4.080577549312485730e-01 7.296594823542196240e-01 2.400715873096687103e-01 8.404511093793685939e-02 1.248618488343897215e-02 7.823459673240631407e-01 9.170383164098034889e-01 7.797330158584898918e-02 7.498161703793034816e-01 6.505751878884040440e-02 5.051509717176871916e-01 5.961329835539672661e-01 5.317288967654613119e-01 3.876803257007057080e-01
3.733761906105403372e-01 3.881424422683959485e-01 9.582240642325000612e-01 8.794816961395092170e-01 1.688082451754349678e-01 -3.691381861661779951e-02 3.896569779845645010e-01 7.167725903550050681e-01 8.015051524508808034e-02 7.864725062069503059e-01 2.189259964629929056e-01 4.523609505798667496e-01 1.961949985769302907e-01 7.702520956187829393e-01 -1.079386938123306217e-01 6.166368541635683931e-01
8.080829907644279109e-01
9.700291125035999107e-01
8.923431823830035858e-01
5.610909659919126602e-01
8.426187184172626576e-01
2.866361659571858289e-01
6.715939985693611947e-01
1.489218443786052559e-01
6.800634561018827906e-01
7.317642771551353675e-01
6.013859750127266424e-02
3.998446295291909758e-01
3.636640244356484919e-01
5.099773678972924218e-01
5.033210500665149523e-01
3.943762145653191831e-01
ReLU
0.01
16
2
6.927155820734880454e-01 5.123848926404976911e-01 1.239704254638554215e-01 1.364246483049876280e-01 7.822519392244252634e-01 2.353213510395352204e-01 7.678139549170460709e-01 5.061876797688531493e-01 -1.770501424188615502e-02 1.471138205329098059e-01 3.887113808582793872e-01 2.518724876675888513e-01 9.080336078271274980e-01 5.387474979338550130e-01 3.925470215218212489e-01 6.472425955644980911e-02
1.671248631887763125e-01 5.778467952045897027e-01 6.627306266841239690e-01 2.424472398873767365e-01 4.712886792245660206e-02 1.627924473010638681e-02 2.887208231489888921e-01 1.113508805881596037e-01 8.767767334265911261e-01 7.579864439525727526e-01 3.263602365963153562e-01 2.211275266049169963e-01 3.659642652444434208e-01 7.923563807984935758e-01 1.993428400414714863e-01 6.526624712672247641e-01
2.228990636183968976e-01
8.752593937070571872e-01
Linear
0.01

ct 2024-06-02 21:51:45.898124
