noname
4
4
4
16
-4.237936971016851434e-02 6.387675872835757440e-01 -3.675336486377045464e+00 1.844054036609571456e-01
6.850615511499502652e-01 1.063181874786047976e+00 1.622371090736915988e+00 6.012741416087528101e-01
1.077981548196693895e+00 7.081788009426581709e-01 1.944256084863638989e+00 7.408666561523756799e-01
-4.774187276488486287e-01 5.222670184878325239e-01 3.906204817126634143e+00 9.368034618230445254e-01
1.177987134090236587e+00 4.624719507797285800e-01 -4.114950478396614209e+00 -3.763807391715942030e-01
2.189757185574532083e-01 -5.578096896766314428e-02 -5.816698925812702647e+00 -4.960634726114328541e-01
1.456066320205424480e+00 4.490670229628948018e-01 2.291686986309257268e+00 2.048293953047534144e-01
1.413623376210595105e-02 8.333213040398640414e-02 -4.862648390687715150e+00 -1.376547696546085719e-01
-3.776251489096567604e-01 7.176891455497779182e-01 -3.186902559964153170e+00 -3.044927706073441986e-01
-2.024504076810615949e-01 2.524842913275510692e-01 -3.009820297996872451e+00 -5.174411876216598039e-01
3.799913664208393604e-01 5.356965623744509575e-01 -9.044027663194907918e-01 5.882475215238960331e-01
3.691450983482671977e-01 1.059391525356301988e+00 4.222524805030538619e-01 8.400995447383736714e-01
-2.188485580997290847e-01 4.710006966186597310e-01 -3.620586995064202007e+00 -3.705056232578622932e-01
-9.604985033367373359e-02 2.876240241532243003e-01 -3.460670878398038663e+00 -8.155665754644771948e-01
4.460131254154787728e-01 3.750383944095466576e-02 -3.368507602713569860e+00 6.763819835605121567e-01
-9.826705743559913664e-01 1.072574529483215189e+00 4.831296992194114459e+00 2.261658553598420440e-01
9.193588974859512319e-01
7.218175352771429854e-01
9.863058062200946718e-01
1.793269090927138709e-01
-2.171745717508290152e+00
1.489911937335263170e+00
6.927443490101175064e-03
1.068801834661652128e+00
-7.520924958527736015e-02
-4.248649046845640598e-01
1.587230005031672053e-01
8.367288742183319750e-01
1.278820126645305422e+00
1.273336434697919461e+00
7.274234369768499686e-01
-5.906989445678824113e-01
ReLU
0.01
16
16
5.207338558564713615e-01 7.740918829669264367e-01 8.591571124111723190e-01 -9.320536483656693960e-01 -1.375039013317968850e+00 -2.369457474227108507e-01 4.014541812200424498e-01 1.406244661625991876e-01 -3.796660547448366674e-01 -6.346550535334033460e-01 -7.471474244061586389e-02 7.357972690833618490e-01 -6.302924816485229453e-02 -6.201492525236066422e-01 -3.104109036062572269e-01 -1.397307389668717148e-02
-1.545882726392377726e-01 9.410343991080720727e-01 1.194749810726441819e+00 1.700999706810650269e-01 -1.952325251373550064e+00 -1.859229240973504227e-01 5.854255800515590913e-01 -2.099900886110755427e-01 5.998679141008581572e-01 -6.274566022014502753e-01 5.911010468843495014e-01 3.742932264562159328e-01 -7.691071730435676546e-02 -3.501025929976169793e-01 1.580748397669137773e-01 4.136869451400242426e-01
-1.137086209022148520e+00 4.211991077538219941e-02 4.782480468584299205e-01 -9.252814031495129043e-01 -6.409609824706098691e-02 1.320833091731659636e-01 1.069906216223762252e+00 -4.138932767495361875e-01 -1.810709255095107606e+00 -8.149444633934038729e-01 -1.742586208879515555e-02 -2.508196633143546794e-01 -1.089101452475372378e+00 -6.082288329345097999e-01 7.042303526525220958e-01 -1.282227522695308153e+00
-1.810124599766875342e+00 1.302070482439980026e+00 1.088828893590880975e+00 7.130574802115132726e-01 1.763258533730100330e+00 -7.998263825647744518e+00 1.481096333959317723e+00 -4.577980579288314367e+00 -1.339236051442201370e-01 8.568100623693099271e-02 5.368604773305499789e-01 6.277884066396351992e-01 -2.103440627551167452e+00 -2.006812467691478474e+00 -1.715186784261955033e+00 1.887842122012812540e+00
8.504878879470144371e-02 2.463190971908069682e-01 7.302654799447946266e-01 -1.300029608043656637e+00 -1.728766651502145146e+00 -1.682194956512709505e-01 6.688505646433853813e-02 3.441276766064227388e-02 -3.754107739053276493e-02 -2.975371320565225464e-01 5.839650515710374107e-02 8.481390383499535224e-01 -1.757050809172773509e-01 -1.355998555349918928e-02 2.092042843003394936e-01 -7.070122634840142473e-01
-1.985335280799163993e+00 8.859139066426289233e-01 1.334737746295390659e+00 1.959703662199023588e+00 -7.408854549172452231e-01 -6.967371384280063751e+00 -9.102482510252528358e-02 -3.877419716856572052e+00 -1.376805422217687758e+00 -3.295857012453532464e-01 1.613659283841896164e-01 9.819004696883771866e-01 -3.350986847432487981e+00 -4.564276149514670422e+00 -2.883080363513064182e-01 1.098137106749706993e+00
2.439963101540368676e-02 1.029093740702081039e+00 5.722532665888555581e-01 -9.373394196357052177e-01 -1.526917289078010498e+00 3.353586205935145670e-01 4.022422305946641852e-01 -3.979082425019644376e-01 -9.049331854426166943e-01 3.068829114182374806e-01 -2.662306619945184472e-02 9.911192544375393987e-02 -1.159844746651236547e-01 -3.207214273769654067e-01 -1.177943232568265941e-01 -3.687305833626585150e-01
1.675724606290355523e-01 2.205982001735935782e-01 -5.374211230017942320e-01 -1.782743896554148666e+00 -6.096961665019117182e-01 -1.416689175727819661e-01 -2.081119422240651218e-01 -1.103068351365715793e-01 -5.498762255740790028e-01 -3.463244344365083993e-01 1.746276173979540991e-01 1.250889162879448568e-01 2.202815756322182017e-01 4.408885132444116846e-03 -1.389839504429323525e-01 -2.264530477191227242e-01
-4.103987809554585087e-01 5.566059964669562987e-01 6.567183056946462871e-01 -5.288417419685698118e-01 -8.537530943546896012e-01 1.236539784346555315e-01 2.637277704876537232e-01 1.261513225361940993e-01 -2.544388646401094314e-02 -7.025464583611967795e-01 -1.788041779291368039e-01 6.511388219365553676e-01 -8.834931430806092223e-02 -3.130329172549189409e-01 -4.089027071136693836e-01 1.073415985319866151e+00
3.107493518950495970e-01 9.376533164464126435e-02 8.449689415896906031e-01 -4.386790553763599831e-01 -1.165146369665803761e+00 -1.153897388650314132e-01 3.224299944008174879e-01 -2.742789489131837177e-01 3.083238835139885392e-01 -5.648035763606542581e-01 -2.228682058837923030e-01 8.507269565017783197e-01 -5.687412831061726681e-01 1.061304916483055416e-01 1.325828081802549463e-01 1.573350552370422761e+00
-3.428896799967497411e-01 2.451774567310945410e-02 -2.962903792695293151e-02 -2.088644722237485152e-01 -1.469510670285868181e-01 -4.466125250179731054e-01 -3.027027539808386791e-01 -3.912326467404619867e-02 -1.513732944808920400e-01 4.517947924075319532e-01 -2.807525128768146444e-02 -2.104980159852768984e-01 -6.506934225336388766e-02 3.006032427867216111e-02 -1.773603440000266762e-01 4.560888259766997521e-01
1.376556816538133388e-01 6.792148667055332434e-02 -4.953656271294051283e-01 -3.329519182945799849e-01 -2.297590343086679809e-01 -2.655676394324772704e-02 -1.005186055400130452e-01 -1.831314885192397435e-01 -2.015036546613598600e-01 -2.049754310487089393e-01 4.315217891546619527e-02 4.127895996759518016e-01 -3.214392294929150351e-01 -4.017124569856520555e-01 -3.644381656695754122e-03 3.657093620596819639e-01
6.509170022461489014e-01 1.017122678138630887e+00 1.160407483663913997e+00 -9.637394547557369684e-01 -1.649172052665426991e+00 6.311376160969899285e-01 1.282256801785397471e-01 -7.466051454830083256e-02 -2.826432140696804041e-01 5.173554973969636192e-03 2.084038738750140229e-01 1.142170906610790571e+00 3.193045621836368975e-01 -6.216917616919290790e-01 4.373189807946519236e-01 2.649195642584906141e-01
2.588113338364790295e-01 1.060099456580998467e+00 1.412467127898228147e+00 -2.677391290149033765e-01 -1.275426855292878248e+00 6.693916669549430931e-02 1.053229037034077997e+00 -4.223206983268649739e-01 -1.245060790131896356e-01 -7.126548494892506191e-01 9.041049113200049225e-01 1.071875237134121583e+00 -1.345012398875752024e-01 -4.769736561085911597e-01 5.218668185857119335e-01 1.423195731317660861e+00
8.287854155843094039e-02 3.918339100235057604e-01 -2.803470835525432858e-01 -1.047699552136780232e+00 -6.173275325917998435e-01 -2.933511961404595136e-01 -9.840708058034898231e-01 1.090098640295664445e-01 1.864339953742218670e-01 -5.477423152771236925e-01 4.497851511813984876e-02 -4.430290571430366420e-01 8.035607118824132644e-02 -2.470677507886136492e-01 1.438226417163734894e-01 3.380568976397723552e-02
-7.751754785245961177e-01 2.594159754085470504e-01 7.764779911374868338e-01 6.761811291629810095e-01 -1.699197620150229904e+00 -2.122853196629693961e+00 -3.568306356090612530e-01 -1.119384498173976228e+00 -3.725568810018107246e-01 2.019878089356360804e-02 -9.921972054029323806e-02 4.898439014402626301e-01 -2.650105419639505744e+00 -1.468761668093452100e+00 -7.424001353699315187e-02 3.599612076447438191e+00
1.903580808376149180e+00
2.126464710140739456e+00
1.446232960825614144e+00
-1.491492233622677244e+00
1.796623358325400543e+00
-1.769128891549647919e+00
1.814035986869456663e+00
2.094577689451725677e-01
1.297899010257983932e+00
1.389077740494358615e+00
8.105697018458851710e-02
2.481053786327698796e-01
1.714762571012191872e+00
1.779247746802586683e+00
5.379531317129950807e-01
4.067189862625677499e-01
ReLU
0.01
16
2
7.782294891555109340e-01 7.966261370399775332e-01 4.163421566172842980e-01 -2.693455212324220582e+00 6.461008352398793786e-01 -2.796732246381896214e+00 8.995215462732485401e-01 1.808205332240838126e-01 5.027955849257309540e-01 4.494339462603046398e-01 -3.959580942642783319e-02 -4.006211017651596651e-02 1.028689032564069628e+00 9.341465930351389169e-01 1.047123980832898732e-02 -9.272829409382742361e-01
6.610380034448980480e-01 9.909662761389542718e-01 -7.002037357217980595e-01 -2.586138482340797129e+00 5.641505017977777037e-01 -2.810584146946455419e+00 4.863739735764576744e-01 8.657294194362220169e-03 4.636905804420775601e-01 6.141764517863079753e-01 -7.104956478735773018e-02 4.807746718414666887e-02 1.020568674165442946e+00 1.166643865325964313e+00 1.897394413669448512e-02 -5.235682641935087561e-02
2.585283577742510275e+00
2.014111898468460282e+00
Linear
0.01

ct 2024-06-02 21:52:55.595054
