noname
4
4
4
12
7.219775066377132067e-01 -1.272497008655579520e-01 -6.865042513025739757e-01 3.567200218793326050e-01
-2.075275341123410111e-02 7.506846275989700334e-01 7.893926361899620270e-01 -2.299400481398296281e-02
2.003245285486722482e-01 -5.782364311903294418e-02 6.625443138334695670e-01 8.238022520083950750e-01
1.424246722136120136e+00 3.512859205235071558e-01 -4.171535578456169180e-01 7.058227571820681057e-01
6.047406563917927524e-01 5.756967084670570056e-01 -6.857667152252415743e-01 1.423316263884608635e-01
-1.332487451323623173e-01 1.114692290106035877e+00 2.039703385946496361e+00 4.020038654494373920e-01
1.444948620331828248e+00 3.316749734217999124e-01 6.725814329401835767e-01 1.011270615146639296e+00
6.718952720451495386e-01 1.135909885429590593e+00 9.642580213391366284e-01 7.668790269430695306e-01
-1.509351064763500450e+00 8.482438154966343014e-01 2.243876904904890779e+00 9.393311150728179681e-01
2.696106724561646018e-01 1.187587631856811404e-01 5.976009435489830768e-01 7.061015733013059625e-01
2.497462997063486789e-01 7.800268382134184497e-01 1.370623328349871439e+00 6.454528262148800932e-01
7.824633978327728556e-01 6.047765595438108210e-01 1.618441222400226254e+00 4.473066419776301483e-01
-1.918922322276183978e+00
-4.775895523141341359e-01
-1.324880464534623714e+00
-4.769001429450772656e-02
3.035683349270007145e-02
-6.848863401429451658e-02
3.019956170265976625e-01
2.764131791811673677e-01
-7.127164365465664675e-01
-1.981598297526684593e+00
4.716734414057618396e-01
2.982474027410786377e-01
ReLU
0.2
12
12
-5.594359984603775038e-01 -2.630251460483720716e-01 -3.519215127789344089e-01 3.267956976920424195e-01 -9.710632822798555275e-03 5.791436289707893037e-01 5.122594875289995242e-01 -1.825863983936030013e-02 -1.349882887189004066e+00 5.660716067990103628e-01 2.670135126296351857e-01 -5.324098512033784147e-02
-8.804950353480504033e-01 -1.166904097805814056e+00 -2.810500804043307432e-02 -6.558213904233319846e-01 -2.339116996391489289e-01 6.830714371618811231e-01 -7.062947057414297181e-01 1.969360654096864449e-01 -1.112697880847719700e+00 -1.261050446011259041e+00 -8.047817273871207822e-02 1.269158779485919653e-03
-1.135680383965820717e+00 -6.681047759829696897e-01 -3.240553729706002195e-01 -1.436804504030952945e-01 -8.738638875435869591e-02 1.091644627167716042e-01 6.095642093101861780e-01 -5.575862577955947863e-02 -9.139576044032632351e-01 3.859247920862143855e-01 9.551541843510011898e-01 3.061208241480189995e-01
8.464246566183074305e-02 2.342563355402966507e-01 -9.164445546339147208e-01 -8.728557397281566654e-03 -2.644526315961337470e-01 1.160593463330553410e-01 9.757789216425000189e-01 4.397250929241924289e-01 -2.414092917201421662e-01 6.153201391777016749e-01 4.709324601863816295e-01 2.617842396715093778e-01
-7.889316609891746657e-01 -5.989138229338730052e-02 -8.552441951745836102e-01 3.806139520797836573e-01 -2.718693395918383438e-01 5.508926241592908557e-01 7.256269071926079173e-01 -5.640781659160445938e-02 -8.402731251906598864e-01 4.401894014611109629e-01 5.358261041869726293e-01 7.341188134192953851e-02
-8.389878661790935999e-01 -1.865645024726916013e-01 -4.861255829797004324e-01 1.460008833724381061e-01 4.058853746612303692e-01 6.930377212913662044e-01 1.145617080235369123e+00 8.113126104006891381e-01 -7.315354533420761474e-01 -3.023996236068802329e-02 9.033150956510594964e-01 9.740760774485546225e-01
-5.983409279962219607e-01 -1.350684703875568049e+00 -8.150963958248412800e-01 -1.465643300629444923e+00 -1.505494848867776847e+00 -1.486944421903866553e+00 -5.810499469325479671e-01 -1.494522062734408019e+00 -1.238955390409530732e+00 -7.795199357675997032e-01 -1.066658880957251920e+00 -5.356043595406045910e-01
-1.281256981963812658e+00 -1.057959908499275903e+00 -1.083577177660701274e+00 -9.012815205933216722e-01 -5.929381516537108876e-01 -4.974493128663218244e-01 -7.258021198939236251e-01 -3.525101044707396047e-01 -7.229340399412498286e-01 -3.030207350731486948e-01 -9.306333442295927627e-01 -1.156102377960504857e+00
-9.473859963777796489e-01 -2.936356310596647812e-01 -1.213097760715471513e-01 -1.905734363958530020e-01 -3.355486469398362703e-01 -7.881403992769714373e-01 3.418464266789830730e-01 -2.383291170998921016e-01 -7.656604345396502698e-01 1.061922830238997584e+00 -6.170138154395067298e-01 1.663287293550663737e-02
-9.235837084249453044e-01 -6.300624453827841087e-01 -5.052975799862695627e-01 -2.786945153199510972e-01 -5.170273312026943957e-01 9.916151293143135592e-02 7.173439942196362384e-01 2.690768065987551583e-01 -7.181986118325851542e-01 -4.435250912451655370e-01 3.158223284825859567e-01 1.009112730814647196e-01
-1.637516120539167508e+00 -8.668172416555033344e-01 -9.932125820386479287e-01 -4.296484432817559429e-01 -6.557032117165177976e-01 -1.321367979405032589e-01 -2.835876561682365224e-02 3.982963632433704770e-01 -9.462084365649875428e-01 -1.383723002880552277e+00 2.388667995858809873e-02 6.448608205935441040e-02
-6.628920791901364851e-01 -5.243700002273729011e-01 -7.748164612214683000e-01 -5.024291268010327993e-01 -8.409808172838578733e-01 -1.571676602448597859e-01 2.876282318290840911e-01 5.416680429663275897e-02 -1.026626569532101962e+00 -1.135022225085949632e+00 -7.308001011022655646e-01 -4.556999483914239146e-01
1.294114986969833181e+00
-3.684788373051365445e-02
8.970864811989048837e-01
4.218801022502903231e-01
9.185638929068959957e-01
1.375089169798549449e+00
-8.342955244261037739e-01
-1.040690389576856445e+00
-2.646102259161948328e-02
9.637655761632359930e-01
6.300616492795174661e-01
3.483465706768061870e-03
ReLU
0.2
12
2
1.466074219179213767e+00 7.799146111735260067e-01 1.410092875240554378e+00 1.197298493764031635e+00 1.278021710974977632e+00 1.606245648847993035e+00 1.196867796566384978e+00 1.265847924203682862e+00 9.722622326691435779e-01 1.162704817548520175e+00 1.094810277761512074e+00 6.867262980608636047e-01
1.084689089692533415e+00 1.362819397172624791e+00 8.624179456780833863e-01 6.801503519072693571e-01 1.056817799791650581e+00 1.475507592959548475e+00 -4.139759228427625226e-01 -5.309691610426303665e-01 4.018678161851926278e-01 1.090899677549614477e+00 9.143401702425049127e-01 1.442406642630194469e+00
1.614628909712695792e+00
2.203320122354045729e+00
Linear
0.2

ct 2024-06-11 16:26:16.544558
