noname
4
4
4
10
1.536475303602944376e+00 4.105074234409983092e+00 8.521870307555172275e+00 1.014457281117867149e+00
4.148336706036432453e+00 3.202450787685681366e+00 1.135214246185920217e+01 3.225300249171865197e+00
2.831385627641097802e+00 -9.620087445265277371e-01 -3.364891602659350056e+00 -3.161754154931308292e-01
-1.834932497892266978e+00 -8.700090786334413462e-02 7.014336464201731403e+00 -5.728920005656964465e-01
-2.157741209392790571e-01 1.055726432578966145e+00 3.355783732146556275e+01 2.132031920629004595e+00
1.202770643968890107e+00 -2.475162293339333019e-01 -2.877596679938181978e+01 -1.596297613130730042e+00
4.006833748142902829e-01 1.185788674965079781e-01 4.606265095785530561e-02 5.507055697531691996e-01
-3.781893188916598536e-01 2.469828552667304444e-01 -8.523910064486579785e-02 1.572498003679614897e-01
8.975882225762056299e-01 3.043608047905286274e-01 -6.616328057468084944e-01 3.260061555973405856e-01
3.752935509453582119e-01 -5.901023874542917769e-01 -5.196605257744821849e-01 1.233525322018801662e-01
-1.064505412430593267e+00
2.888861781533918371e+00
-9.782616305226222053e+00
-7.443443550669401887e+00
-5.546781102869039692e+00
-5.292954989018009648e+00
-4.528319375330076113e+00
-3.596545113037862840e-01
-7.514719586900189263e-01
-1.980098957823531070e+00
ReLU
0.1
10
10
-2.296624353530285045e+00 -3.678021516768795962e+00 -1.113266661540283975e+00 -6.292152767475403863e+00 -2.675047993439719995e+00 -5.592959722293712188e-01 -2.895322334716173285e-01 -1.446827885848634976e-01 6.989858375755814146e-01 6.842997299399355970e-02
-2.032544815802955540e+00 -6.515939149186548818e+00 -8.707750867055131794e-01 -2.448888284609143540e+00 -1.436273284927843230e+00 -1.452657449317217297e+00 -1.053628750365695588e+00 -2.717514765885728489e-01 -1.690441979338278111e+00 6.842997299399355970e-02
1.519075028983334574e+00 -1.820608989785761578e+00 2.634317866918187145e-01 -4.641976178353728777e+00 -4.127124312786145666e+00 -2.976109364983021255e+00 -1.442163897378903714e+00 -1.617197665422234476e-01 6.002389741803024759e-01 3.228039389262672976e-01
-3.344378915341339464e-01 -7.640019506289579265e-01 -4.740168163581445770e-01 -5.766357528187093795e-01 -3.943696378538604774e-01 -3.778876983716217830e-01 4.408122377284071636e-01 5.177988660904059293e-01 6.989858375755814146e-01 6.842997299399355970e-02
-8.273424857177059666e-01 -5.875583196937207431e-01 -7.210124004198995573e-01 -1.519987745728337725e+00 -3.601039379601855828e-01 -5.736540395910580958e-01 -1.074543032971950196e-01 -3.573788194553301906e-02 6.989858375755814146e-01 6.842997299399355970e-02
1.139310112898412664e+00 1.071771982406606538e+00 -8.781262353170211643e-01 1.562231865297820654e+00 -2.900102351573235371e+00 -2.206214190556324617e+00 -6.365685270877288193e-01 6.220458096579054019e-02 -1.125670559378094335e-02 6.568073064790582727e-01
7.440271459294751921e-02 -5.531465524425442926e-01 2.682455172932965981e-01 2.682455172932965981e-01 -1.230187445981595129e+00 5.061327341923792938e-02 -2.191159885678015395e-01 -1.820551542843419357e-01 9.843553952390822481e-02 -5.321167781352439397e-01
-5.765355331772000769e-01 -7.550025339250158174e-01 4.609118588244910386e-01 4.609118588244910386e-01 -5.451115768798951988e-01 -7.807971823620277196e-02 -1.522730722327811925e-01 -1.699323466666688709e-01 -1.937550464452878485e-01 -7.800422589957450858e-01
2.407236215532836121e-01 6.867548525918411029e-01 -5.063937479511182005e+00 4.577687087883222539e+00 -5.680477942586171780e-01 -1.686448312419557949e+00 9.476730333473478707e-01 6.947078394283556779e-01 -6.185909317031239585e-01 8.140425103083719360e-01
-1.352014310290445831e+00 -1.491526317940909396e-01 8.155391364645446783e-01 8.155391364645446783e-01 -6.251861494460765334e-01 4.782722673673754643e-02 8.049642469802491540e-01 8.155391364645446783e-01 -8.174766992899176188e-01 -7.381788092505732479e-02
-4.380311737674752237e+00
-5.866050473545675104e+00
3.626571172772108831e+00
-4.799934831122266155e-01
-6.469587935670677581e-01
3.992026782366129289e+00
-9.764778757457299729e-01
-4.487728374452232827e-01
-9.862202667043795667e-01
-5.865636415229965595e-01
ReLU
0.1
10
2
8.605596565495911010e-01 2.927632208059451013e+00 -6.174099359839809731e-01 -2.749515589505062696e-01 5.633497968682338319e-01 1.619414429877496397e+00 5.399913370187200412e-01 -3.672779919421504946e-01 7.946983106745843239e-02 -1.984275826988583791e-01
3.180605034234449957e-01 -9.364225480054487738e-01 -8.099391486984743871e-01 -3.233919662825079921e-01 4.040377328742965068e-01 1.501190459952752132e+00 -4.258624873430483793e-01 -5.494564309752917319e-01 3.884793878387063359e-01 1.718328633252125537e-01
3.162687123449709148e+00
3.200439013593748605e+00
Linear
0.1

ct 2024-06-16 13:27:06.187495
