noname
4
4
4
20
8.149886563185770871e-01 3.001191143935532102e-01 -8.562953182795085549e-01 1.860270978472758074e-01
1.415593330933758165e-01 5.185629894755546809e-01 2.916439368087688777e-01 9.960742794544348577e-02
6.998410692216786577e-01 3.561972859898402399e-01 -3.731196072198038061e-01 6.667515119882662378e-02
7.685012286693350125e-01 8.543473450608536357e-01 -1.231962460416960781e+00 5.682234698222579095e-01
7.424778077842659751e-01 5.055542301092630364e-01 -1.148090705815554724e+00 3.740806901907195448e-01
8.554098305532294999e-01 3.690503112234375660e-01 -2.512716785640428663e-01 1.752079773721028008e-02
6.558960631228422100e-01 7.487283428364688298e-01 -4.197832009067981596e-01 6.854004391946687536e-01
1.333960476001542439e+00 4.369704645373856944e-01 -1.088751618350342953e+00 4.578843545852491759e-01
9.499882177470060363e-01 -1.409586079062456199e-01 -5.560697670002225923e-01 1.053112666871281050e-01
1.468583719474503280e+00 2.779254316694967364e-01 -1.018864211480882132e+00 2.650034064525946254e-01
9.537890341445376396e-01 -3.077293523670775882e-02 -6.080426314465400273e-01 4.919137324878408712e-02
-7.212896284294653126e-01 8.150682962260725750e-01 1.681268488386483684e+00 3.306749268044605894e-01
9.253948352459647753e-01 5.702549031021727499e-01 -1.120250255401546768e+00 4.383238669168739166e-01
5.046824995365850608e-01 5.067681686763231275e-01 -5.239836073584964726e-01 4.578235237871855490e-01
7.229732920925222572e-01 7.003263258414160752e-01 -8.460794057959757364e-01 4.533460151374302805e-01
9.134378494244450586e-01 5.446908049289485021e-01 -7.658646428953316265e-01 1.781535631969149436e-01
7.082939937957251075e-01 4.420409295844842101e-01 -1.041522547723385150e+00 4.756578045444898595e-01
7.732761793115241478e-01 2.758701231239825136e-01 -9.216770600186309226e-01 1.140972733896630231e-01
1.086618192769450042e+00 6.010535032890610418e-01 -8.921986202825616941e-01 4.178517440692298690e-01
3.786591180367809839e-01 8.860625575570432177e-01 -1.160232395736114697e+00 6.021129517495336092e-01
5.487835423937300616e-01
6.145121190121056731e-01
7.415798451628284882e-01
5.354372369950212152e-01
4.367086599284239479e-01
9.752553022837661123e-01
8.674801063766710563e-01
6.619485143678365269e-01
7.536921852042879344e-01
4.477463935909202775e-01
4.831649938033856229e-01
-3.534677970915127698e-01
5.465062775933325900e-01
7.860469438590628188e-01
4.615220504178871308e-01
9.200556336546305003e-01
8.565171843350174452e-01
7.529178055210714593e-01
5.612275766858454418e-01
9.499113530512977022e-01
ReLU
0.001
20
20
7.566381181023866809e-01 2.184423933535320841e-02 2.564028482422891497e-01 3.280151455813803962e-01 7.273002041264456929e-01 3.162194618026270554e-01 5.619999325200819573e-01 1.285133903518576037e-01 4.048503836140259771e-01 5.243161956669979418e-01 8.427646992815256421e-01 1.825600846316900006e+00 8.189674379790984338e-01 2.684828397155948898e-01 4.155929684683672409e-01 6.291069548359230490e-01 6.824013268069850646e-01 3.458783495693393828e-01 1.109561523029618108e-01 5.023008216950906046e-01
5.973258567813044539e-01 3.349104458368709070e-01 1.171472152675778339e-01 6.270760606548134164e-02 -1.913085318709977223e-01 2.278167083350673416e-01 -7.374146816383418679e-02 7.870759224238778051e-01 2.716540163611609882e-01 2.387607062404003833e-01 6.431954896378958564e-01 1.761105345977690417e+00 8.237429997289655859e-01 6.538942103113574156e-01 8.464568473723116729e-03 2.696555105782327266e-01 6.871332430540342262e-01 6.589616440044961942e-01 -4.021335097120769947e-02 6.565604239262660125e-01
8.828070253322157779e-01 4.464674038192811140e-02 -1.569863669515897120e-01 7.786685159160857683e-01 1.536794138837910551e-01 1.560295397532520389e-01 4.261218010362726738e-01 3.857059705589419019e-01 6.605268620068425189e-01 2.090075934524452117e-01 1.026461436209809008e+00 1.243540563146396050e+00 3.333565104082841235e-01 7.142171905696960144e-01 2.483560794394014115e-01 -8.780212814259773235e-02 4.085553539443386728e-01 8.588424723116121207e-02 6.849982882533951489e-01 2.437468029098374955e-01
2.842084728326620402e-01 6.960773173254312940e-02 6.619214071933594568e-01 6.496529312469514483e-01 -1.549815728586322050e-01 2.732235983497441900e-01 2.901532047952560395e-02 1.906124267635317393e-01 8.939836036599101421e-01 3.763331591860914482e-01 6.685167691926567901e-01 1.268490606190283643e+00 5.099694033190243364e-02 9.043812114695250204e-02 -2.380908840506954782e-01 1.299593131889308639e-01 4.235590825292955275e-01 7.137518998488580069e-01 1.480017414449687763e-01 8.845265314964346759e-01
7.094116266304328899e-01 -9.106451007423700672e-02 8.175956391989920302e-01 3.719338658222823280e-01 2.175174526720804469e-01 6.874131926232620593e-01 -6.821887496871376078e-02 7.599076535470491445e-01 7.765301917698109735e-01 7.910506198937491407e-01 -3.165465819816160736e-02 1.539083566109910262e+00 1.170855953004094341e-01 6.177101281134739913e-02 -2.307531532473781344e-01 6.627854704319587897e-01 4.702415268159073486e-02 1.782410939538477124e-01 7.482194102416218628e-01 8.797628129282502041e-01
8.314468186160487440e-01 -1.392334142837355071e-01 1.123662460479718100e-01 1.924699009264199956e-01 5.757152247431941428e-01 8.375913865606469111e-01 1.089184299728373495e-01 7.419085325179038959e-01 7.901351480860228094e-01 9.702479077318189038e-01 3.295241428798962868e-01 1.406529009175364830e+00 3.699718289575057995e-01 6.044721097409394561e-01 -1.261019121876464089e-01 6.540987907654782774e-02 7.046735821085784446e-01 3.603408743421874783e-01 4.631204426283766495e-01 4.059670021550420005e-01
4.074805553376045775e-01 -3.249632570576840296e-01 4.218174313499457040e-01 5.764750285126054585e-01 9.400262818734398396e-01 1.073315245459422057e-01 3.924894976482750097e-01 2.817967202386471165e-02 2.068146659022594980e-01 1.859110391893560865e-01 3.435570824697404269e-01 3.346272996402399613e-01 7.807885962691908377e-01 8.214341293632390073e-01 4.616999621611846405e-01 1.972864704138953540e-01 2.300460014592518310e-01 9.174757163270168547e-01 2.948297192961443769e-01 7.658912420837059587e-01
4.726937364060652264e-02 1.030461152587823226e-01 2.285649973423699854e-01 -3.415272859663791988e-02 -6.605316430395367922e-02 8.270835994583249917e-01 1.202209367181592686e-01 4.409972256700106508e-01 3.744153027903202036e-01 -6.238637830427208597e-02 5.015424689626580834e-01 1.298382550272767499e+00 3.335635703316116030e-01 8.094161072761044684e-01 -3.466347034202123256e-02 3.257756570183685807e-01 6.861164195208309113e-01 5.188201404771455305e-01 -1.573028429849885890e-01 9.135024481374677541e-02
8.818396249638673634e-01 -3.330846522093641182e-01 7.664629912690875679e-01 -1.026800606434913193e-01 -4.498473966432302990e-02 6.883917525791749537e-01 6.814839620544760335e-01 8.287632137295397605e-01 6.167751515570215615e-01 4.722888239575491198e-01 8.533794928413652725e-01 1.145186263992994391e+00 4.965158744818056746e-01 5.263102940437560662e-01 -1.046406137124828023e-01 1.060445943407510999e-01 8.211729572243929853e-01 1.477684430295139184e-01 6.115285882070420342e-01 5.663863405619194991e-01
8.227834610292850126e-01 1.813862415628907654e-01 1.898479433383780113e-01 7.195856319181672678e-01 2.475547587903572377e-01 1.668109989883456712e-01 -8.690337153522327551e-02 -1.875314990911890189e-02 3.272998773019497043e-01 4.850051114495241844e-01 1.914011540633012709e-01 1.432493670410984965e+00 6.819193077573534323e-01 -1.463553364789374651e-02 -1.505699923529081330e-01 5.225239815803750520e-02 7.930365649227461011e-01 8.341341328374282105e-01 1.361111838336854507e-01 2.247307566587788963e-01
7.331098890576432936e-01 5.309254516883777919e-01 4.340946832753089096e-02 -2.641989449581963120e-02 5.023966274678247634e-01 5.160811852098553532e-01 -2.186358121328513537e-01 5.213700585754489358e-01 -1.076723437672323994e-02 4.273137104260663066e-01 4.730450682265938123e-01 1.369662341623967938e+00 3.837152148040746669e-01 6.793858884881185389e-01 1.178237501992596137e-02 2.000583690727862352e-01 6.106845878933493399e-01 3.256987069105199972e-01 -1.238392534303313450e-03 1.841250031870594883e-01
3.876467084117890538e-01 -1.760719021299154974e-01 -6.902073836024660847e-02 -1.536401483651278314e-02 5.292348527676278280e-01 6.585706657609249337e-01 1.069429688920829624e-01 9.450234012478142542e-01 7.862465748363215434e-01 4.649704661771026926e-01 8.646919573375607682e-01 6.654620294913672351e-01 8.291691985196681935e-01 2.708088329991687471e-01 1.831868882497587891e-01 1.868953641532681773e-02 3.492967568010870716e-01 4.523321925972486474e-02 2.296117684588297458e-01 4.829340037748262593e-01
8.190673531146568376e-01 1.133907951112578805e-01 2.152016917860830325e-01 2.749485144558585503e-01 8.699966729047739489e-02 8.809321437510105879e-01 1.306679290847595487e-01 1.753401017372657744e-01 5.036285830451340401e-02 8.087614191487272342e-01 3.818635063517993866e-01 1.976552496459155872e+00 2.743731045164560789e-01 1.398180543627205313e-02 -2.568545487726114351e-01 1.033313957951720985e+00 8.777037562469475196e-01 7.020499887317790400e-01 7.041955077691061105e-01 3.883742225829694972e-01
4.711284750127256449e-02 2.838814734472082102e-01 2.916661798389388327e-01 5.117224143517674628e-01 -1.692899354282747515e-01 2.931114699911776533e-01 -5.117383920436599509e-02 2.431020801510226648e-01 1.331444711761438915e-01 2.029165841666441261e-01 6.577507863724354857e-03 1.735897028970606382e+00 8.257670794095283151e-01 1.776667130758182722e-01 2.666271433387484291e-01 6.507930088205664543e-01 9.206154968608069034e-01 5.834359339950854206e-01 1.670491048655859678e-01 4.555256488909350532e-01
7.256161591730878047e-02 1.808352284127723308e-01 5.605650813648996866e-01 2.666623916826061369e-01 1.462911942037159740e-01 8.377267914267378934e-01 4.014339067942596095e-01 4.768882000534112042e-01 5.434097799084848246e-01 4.821419492729827477e-02 9.188799673767283904e-01 1.449251474696002573e+00 1.330880943370569280e-01 4.215278474574606082e-02 -1.141253537169217708e-01 6.839598202102429303e-01 7.139295251398820874e-02 4.543150504025091352e-01 2.666056536883609218e-01 -2.991390236857176255e-02
8.507592204849049322e-01 8.037821237180657885e-01 4.179698239192006226e-01 2.878333212813067310e-01 3.176163577709153474e-01 2.088399402935924576e-01 -4.207166763997625958e-02 1.260074905280529900e-01 6.842743829292078361e-01 5.351589050917018170e-02 7.358893992523415362e-01 1.518979460522670299e+00 6.455802618215785924e-03 6.169686514667171995e-01 1.041042772237482927e-01 1.751277066780853597e-01 3.072624931494910006e-01 6.438230268298172909e-01 3.673174379911574028e-01 8.681152822237335753e-01
8.928986408157549848e-01 9.482123488659066624e-02 1.683613377988512905e-01 6.858123854169864142e-01 1.715915809197695041e-01 -8.105852941079534635e-02 6.217660305975790669e-01 7.358113015339079466e-01 7.330743559150450228e-02 5.844789021625058645e-01 5.773868844963887109e-02 8.866403633869733847e-01 6.211110465836442926e-03 8.072604479439993153e-01 -3.159288699457727945e-01 9.827356811537323322e-01 1.313194236455087760e-01 3.954666233150313515e-01 2.479196412074008704e-01 4.407326379848645614e-01
5.725400923264785114e-01 -2.517754312060282995e-01 4.591732088267255762e-01 -1.640659047251455949e-01 1.537604025434854416e-01 7.538903569372547020e-01 1.564581267716628338e-02 4.987369547290272376e-01 9.406276379046543124e-01 5.734253413018205459e-01 6.664484773057876010e-01 1.733350344599150494e+00 7.317838707714097168e-01 -1.185472116544754838e-02 -5.170317716979699191e-02 6.945183240369111610e-01 3.465819504271350771e-01 8.358612482115624909e-01 2.523812314746539109e-01 2.312809966200106426e-01
6.143086154530019716e-01 6.285986029577981249e-01 5.246561090239891811e-01 7.991379740682056365e-01 9.290500812630072547e-01 1.357374234449752193e-01 1.021774654643011981e+00 9.173708475576598520e-01 7.881739270838379330e-01 1.770631321140397618e-01 5.479370756810548748e-01 5.707322066729374477e-01 8.980623534207400338e-01 3.608413676140626025e-01 4.613271681819288567e-02 5.308977239935687154e-01 5.465609742756282197e-01 6.604015348812570796e-01 9.697694616463216066e-01 1.004835173382842700e-01
4.534540138108262286e-01 -1.068650277173152779e-01 3.392447279938500260e-01 5.096420362604660026e-01 1.764442942379738921e-02 1.045429584188140859e-01 2.923830550107012205e-01 6.746310067737372185e-01 1.098223357324258492e-01 7.469990067504367337e-01 4.871193463710072891e-01 1.163762435469237966e+00 4.445838241984764183e-01 8.533716350148086160e-01 2.886503440071955251e-01 6.517886011721086836e-01 5.820728722039191227e-01 8.684835679699969280e-01 7.621528581765009136e-01 1.737822524336271324e-01
5.491227594244075805e-01
9.992428510487163518e-01
7.140306003900357412e-01
1.113017487348279433e+00
5.906056344067740493e-01
5.173099866125477897e-01
8.845472281093079703e-01
8.210263980183636345e-01
3.997093719683668112e-01
1.063261449233213973e+00
2.330355472055222754e-01
-6.023842273962374226e-03
9.235022008214506251e-01
5.602356789379702162e-01
7.543391270892516598e-01
9.105182833304668044e-01
4.522139556295072804e-01
8.294429174387907278e-01
3.869214349585996526e-01
6.404326997455981330e-01
ReLU
0.001
20
2
7.163707542128540107e-01 5.343028616380307572e-01 2.208765931764657686e-01 4.460231436650045622e-01 8.941231887442583348e-01 5.305467372538458237e-01 1.254559796839342378e-01 2.037708999155896095e-01 4.290994520008261648e-01 8.943988459307143923e-01 6.878130176042460686e-01 1.152791039660261939e-02 3.736935055426401364e-01 4.049494258191097540e-01 2.913973711778877207e-01 8.169606612108676336e-01 5.330866370524358633e-01 8.814210008889318271e-01 -1.115525674057339794e-01 6.256597776532427657e-01
3.896085628931337252e-01 2.710010584416892021e-01 6.858057595884567981e-01 1.241143415705605463e-01 3.993403555930962190e-01 9.626147163678536733e-01 7.484503492433548510e-01 1.591186751883871819e-01 6.069128296675116996e-01 4.565263741268969500e-01 1.232890227481221596e-01 7.763368877424378089e-01 4.768979853305532063e-02 3.278148474644186905e-01 5.199963139514363064e-01 8.005833001445768204e-02 3.518215636054706774e-01 9.075978618866332726e-01 5.001025087324105778e-01 6.922178488032999510e-01
7.066416413757827808e-01
2.549116873835436947e-01
Linear
0.001

ct 2024-06-02 21:57:59.276425
