noname
4
4
4
16
8.439068827492710589e-01 8.964622506490413922e-01 8.997837296911946892e-01 2.764601823780906686e-01
1.366344074492311378e-01 4.437844605452019309e-01 6.827696112915904170e-02 6.966802797451550067e-01
1.968994643389613830e-01 1.786142147600442154e-01 4.834307960413836702e-01 6.395280480514885513e-01
2.724699956440721493e-01 1.913721323536909658e-01 7.844424308237673005e-01 2.276448632282757067e-01
4.411993166619115891e-01 7.010517739447795493e-02 -7.011731977904486768e-02 8.558189076483216917e-01
2.509261996068262723e-01 8.282142297968946298e-01 9.385081972007540685e-01 1.766665133365856455e-01
5.114110182375770641e-01 4.635877238955569135e-01 6.481878236159165363e-01 4.640307683042025899e-01
7.334538152454939119e-01 9.670589939154716763e-01 3.110396664081280793e-01 2.957078069793755426e-01
9.269516796655947743e-01 2.500911587151432094e-02 2.250454813551740485e-01 1.482710186724702783e-01
2.724514552111904075e-01 8.613206785861847736e-01 1.404568462316175929e-02 9.295197705786432119e-01
6.591357436776802414e-01 5.915815188348028109e-01 2.640808253912997894e-01 8.075622577417702619e-01
8.886689784295341843e-01 6.363816249700777750e-01 2.378898253733370549e-01 7.653432353486923079e-01
6.461501677772912844e-01 3.834838844675850789e-01 3.246862493397758564e-01 8.495632882393429064e-01
9.710244923494474323e-01 2.731986211916213603e-01 2.245355247893378869e-01 9.262778562080172806e-01
7.969675900449748607e-01 2.600555074264376265e-01 8.605193313385864906e-01 2.862816852951614519e-02
8.480135725456172668e-01 1.072147461308667754e-01 6.433892964237811762e-01 1.929608550865623828e-01
9.472503426695870754e-01
1.926433177506566286e-01
7.738873631683170773e-01
6.226267774445460867e-01
7.214160168029815079e-01
4.617672372696894900e-01
4.445124110059138767e-01
9.235730691527870295e-01
8.680161640600432271e-01
5.072307869000729497e-01
8.742290291988535911e-01
7.194191066402155776e-01
9.363723569554516235e-01
8.014465049203527147e-02
3.252412137882538801e-01
5.709365789416884773e-01
ReLU
0.001
16
16
2.231325561713086436e-01 5.136787726392171294e-01 3.468805541919677826e-01 4.887783897225675411e-01 2.171238929607089141e-01 7.704427256144318337e-01 4.725101305385818184e-01 1.030609395666822081e+00 8.749502659888001022e-01 4.057929208296813250e-01 7.027515437499046169e-02 5.766736948453363709e-01 7.356026867426089799e-01 3.218567899345406436e-01 8.321602333812346819e-01 4.302534421501996165e-01
6.530256093653882266e-01 6.411296347670547568e-02 7.787778439373294059e-01 -6.233590149432449712e-04 8.922411134428852586e-01 2.906716879379797058e-01 2.748899674793977566e-01 4.857701840405457758e-03 5.586169982764205288e-01 5.204828649288918418e-01 4.174624286398658235e-01 8.536956600327961775e-01 3.305534642007338375e-01 4.592321708173878747e-01 8.756204476870766973e-01 5.432958009685531220e-01
9.761210334854144577e-01 1.576320105865076648e-01 9.769861212738158995e-01 8.243761932423510075e-02 7.881550858314886332e-01 3.462466090233501381e-01 6.812722546956716252e-02 2.338107993967490361e-01 5.413750496064606565e-01 6.647928014129483865e-01 4.190757587824481822e-01 4.048520818413469669e-01 6.240567870577229392e-01 5.292141669970402695e-01 3.097235691925935841e-01 8.610171509871596962e-01
2.464317302956697125e-02 3.700828167643779310e-01 8.360704732549911755e-01 4.692678712041496447e-01 5.093130233440552601e-01 5.985784000143036243e-01 1.169532468663924130e-01 3.534248083347247826e-01 9.438243047383507722e-01 1.996410695108850886e-01 4.730930542092821045e-01 9.595925708559316369e-01 2.875856956071399240e-01 3.575888965341978420e-01 1.975011348283938761e-01 -3.583884390499453287e-02
6.991726162915165022e-01 5.327875281465899171e-01 8.398841233196739919e-01 4.287100943756863569e-01 6.117684677219221712e-01 3.015386749443048076e-01 1.152822035179065924e-01 5.054409065819556179e-01 9.626840756817386380e-01 4.474016008807656930e-01 2.212679176176453877e-01 3.535528180952463573e-01 4.838863609257428311e-01 4.635217709161280203e-02 2.299384210702948017e-01 8.732508996368186782e-01
3.265445501094990655e-01 9.146547722088295140e-01 2.184123281904523095e-01 5.435955205860074635e-01 3.344741693181653708e-01 9.867464756649372282e-01 6.502037492507777294e-01 3.480248794451675232e-01 4.514426332107148720e-01 6.228190890554670123e-01 8.363448468583831730e-01 6.863780655436229061e-01 9.672773051802409094e-01 9.474133624535573395e-01 5.650520841524853122e-01 1.273243829334670396e-01
6.284278959590686164e-02 2.653573698983452411e-01 6.823554724860630971e-01 8.440915723661334136e-01 3.641933917060981574e-01 8.568885737514669865e-01 3.364564619929786837e-01 1.519801972207609486e-01 8.214131003554703270e-01 5.926870377832430536e-01 6.058301123609322048e-01 8.071462478572735133e-01 2.946941578139626317e-01 -5.980036237773087016e-02 5.585908152692975470e-01 3.930740795765240159e-01
6.827064199490420204e-01 2.009606212693919869e-01 2.472668563029931654e-01 6.765607148826007222e-01 6.745729368332857856e-01 3.933741078977452399e-01 9.173769964812970024e-01 1.039961452759862182e+00 3.138714127370990092e-01 1.345558929363910028e-01 3.110148499329793981e-01 3.162147886096093319e-01 7.425004267774696354e-01 -3.180164626232266645e-02 6.553737470435909707e-01 7.218303607724958493e-01
9.166141702015322412e-01 5.969282251492975117e-02 9.570727985297190488e-01 5.595663587365257152e-01 8.409685673681267515e-01 7.738301701409384670e-01 1.981751240452946650e-01 -6.026236031091517301e-03 2.861125326421196657e-01 7.685473399116022897e-01 2.357998916550101687e-01 6.055667130419162270e-01 6.375902140798612727e-01 -7.889265174016169002e-03 7.944273672981096990e-01 8.173727582091988575e-01
8.256715944852904832e-01 3.666379783380341872e-01 4.404438971994427132e-01 7.745844505573684646e-01 5.706298090729693406e-01 9.639988868332102223e-01 1.625062352830273713e-02 3.676128384526270998e-01 2.334355288315962396e-01 3.757436228252916677e-01 7.827891793963107636e-01 6.532414542553536263e-01 9.077359279365386779e-01 9.201067648693969092e-01 -1.773898613767291299e-02 8.009196441600099359e-01
5.033331027828593651e-01 4.917402724696330885e-01 6.472501592877903664e-02 1.016931810420677700e-02 1.047457140593457958e-01 8.087123851059382362e-01 4.960769921890280099e-01 6.589781461200739932e-01 3.717946186723480873e-01 -1.060310983134959105e-02 2.582439726207196307e-01 3.755245334384831324e-01 5.515869763917830015e-01 8.181035861361585226e-01 6.539058530132501046e-01 4.267104446093638592e-01
3.466082372325750560e-01 6.887487747888240142e-01 7.404840672606018970e-01 1.290117838195675992e-01 7.430295055985446373e-01 1.803628148877060855e-01 8.014803194772250894e-01 9.980418914293783805e-01 1.052431626026554268e-01 6.240781929961597418e-01 1.806031185130882732e-01 2.867500927962352009e-01 5.067863460343905446e-01 -3.091991611874084223e-02 8.021082732338429278e-01 2.408844024165121001e-01
3.484299348535076918e-02 6.762726078417877762e-01 8.552905285881731157e-01 8.934580362483338645e-01 7.769698162261948760e-01 4.269182016961374226e-01 9.648513425999830639e-01 9.202309726938766588e-01 3.945890358538566289e-01 -1.926991683272599731e-02 4.875048430715304137e-01 5.913588147856830846e-01 3.123761276280185850e-01 2.707733339764997194e-01 8.045670006237981564e-01 6.466749775820607171e-01
7.730919576943527938e-01 1.288113852671494697e-01 8.988644818180343554e-01 8.354721984094629628e-01 7.183907714009121204e-01 6.869093861492029385e-01 9.384025155948940711e-01 3.092407795276097549e-01 9.079148715775481326e-01 5.027633707609732161e-01 6.613388675672742245e-01 3.788097174427093039e-01 2.429057778207065199e-01 2.505653405711059101e-01 8.243206525514497063e-01 6.939309340613828425e-01
-3.056530293598603079e-02 6.916149427798801153e-01 3.650581759576678742e-01 1.115286703623132730e-01 2.101187858889613791e-01 5.438784905012050697e-01 1.962597198266560483e-01 6.966360233586482709e-01 8.122767439731221062e-01 5.196126504448617123e-01 9.396194711179677306e-01 9.054525985956877188e-01 1.722892920669754357e-01 4.790668117135028770e-02 1.809300461832079043e-01 4.971928811955048100e-01
8.109931259456388819e-01 1.477618062097365847e-01 3.979068189325527527e-01 3.740165127044785542e-01 9.435141997256362156e-01 5.102383159639285737e-02 9.699369714029404399e-01 6.489947803234374923e-01 5.684053643918932641e-01 7.723124211585076226e-01 9.369392998702878728e-02 4.271384453704212270e-01 4.647838506827790539e-01 1.628993787109471458e-01 6.769264137586289420e-02 1.160304257393168503e-01
5.968448210407284460e-01
4.709674459646061573e-01
7.415931876397405809e-01
-2.664789296932779106e-02
1.814691228010079649e-01
6.878430084558802282e-02
5.999124033344040846e-03
2.492204679935545730e-01
1.426798226104480649e-01
6.438523869091687668e-02
4.823310329882796732e-01
3.846903859406715087e-01
3.613935391985393930e-01
4.197359105149214842e-01
4.324255304343198603e-01
5.390616295284001575e-02
ReLU
0.001
16
2
6.082488888883030853e-01 3.383573401568248373e-01 9.033385120813163249e-01 4.899016682038073167e-01 1.037369197805041443e+00 6.266636910265998006e-01 2.910003071603040059e-01 6.969598926540340189e-01 6.165514930136459792e-01 3.096969251672907486e-01 4.645472211857181177e-01 8.099487813883828879e-01 7.457626754801933711e-01 7.544377793391142673e-01 1.441309757821080673e-01 2.585218684095374475e-01
4.263390356159395544e-01 7.372774906695763741e-01 8.786666757211721857e-01 8.943460137038637958e-01 5.759357372914348794e-01 -3.949790701743599586e-02 3.854777295182250652e-01 5.455752089888696865e-01 8.830186347264661340e-01 6.514385317611802728e-01 6.931776825759078386e-01 6.437135083514520240e-01 6.331596038787202785e-01 7.513885621200055986e-01 6.731144919555299699e-01 1.507219383496934129e-01
8.103751554492366616e-01
5.434449888256247946e-02
Linear
0.001

ct 2024-06-03 12:20:04.941356
