noname
4
4
4
8
-1.389729174142798618e+00 2.198684974550197957e+00 -1.688479779659825875e+00 -6.910083139260605467e-01
-1.917385321339123427e+00 -2.628069962436756057e+00 -6.435548434955659758e+00 -6.398754196353214629e-01
2.638822495759678866e+00 1.395466455881271717e+00 -2.262400196077741654e+01 1.318460211572819896e+00
-3.333449118609463024e+00 1.821550413633281851e+00 1.730488553506716931e+00 1.497834478735593944e+00
-2.161164194070020805e+00 5.460926861668946586e-01 -9.641609360350895663e-01 8.840375361078058047e-02
2.282131717281310035e+00 7.985951988778002830e-01 5.213142149620542121e+00 1.849939211038571729e+00
-1.689789235388937660e+00 1.251909788018285230e+00 4.389468173288634922e+00 6.079205996656648070e-01
-2.593031213786519906e+00 2.100255954788886825e+00 2.102691655275435778e+01 2.121430259751689862e-01
-1.004728899600405434e+01
-7.269068061632440347e+00
4.724082888139758296e+00
-3.282164198796071908e+00
-3.408028862903969447e+00
1.440022186381484159e+00
-2.585776175666047560e+00
-6.661692447393178895e+00
ReLU
0.2
8
8
-6.675290981720299888e-01 6.158027444112064153e-01 -2.402990298788861612e+00 -1.940342077594692016e+00 -1.092826279619860452e+00 -4.893089803373305458e+00 -3.746402189002338012e-01 -1.724282554097150255e+00
-6.537248163216605734e-01 -6.558914575114868084e-01 -1.708657134598517979e+00 -2.903035218546879404e-01 -9.571697944107777634e-01 -1.523531614670262213e+00 1.999114999556075578e-01 -1.303592798425740884e-01
-4.358850753146424672e+00 -6.711028541360670729e-01 2.302735531941411562e+00 2.722728200533706677e-01 -4.122085230040038462e-01 -2.488958832122837084e+00 -3.597919189058350620e-01 -1.780759278630751619e-01
4.714489926866285430e-01 -1.699898870132696249e+00 -1.370859527545644330e+00 -1.373136038289976824e-01 -8.440748759031140303e-01 -5.126919378937421889e+00 1.546794809638634693e-01 3.187743117237148982e-01
-1.423291603524847071e+00 -1.225665198379344956e+00 2.476474474527057268e+00 6.590634986905223869e-01 1.503349270162526397e+00 -9.923746515409888058e-01 -4.181135551345598333e-01 -5.630962588440768357e+00
3.784104553877958854e-01 -3.146759967251921974e-01 -5.984553376624720533e-01 -5.432315099151003440e-02 -4.467001333202771929e-02 -4.699791595166592506e-01 4.011496656308091713e-01 1.156788102217710223e+00
-1.940923928438532953e-02 -7.295868484411821564e-01 1.087549965713721992e-02 -3.370551364570476549e-01 -1.124326383455271694e+00 -1.515337332418752736e-01 -8.619192679271934221e-01 -3.580586461229631645e+00
-7.191211880659931666e+00 -8.792455105986751729e-01 1.421486605978287576e+00 -8.290752430269069384e-01 -1.028824484937810313e+00 -1.578787771601965595e+00 -3.023618679525938990e-01 -2.538038554933747193e+00
-3.666163559866220112e-02
-4.176228626326623089e-02
4.096387770019965124e+00
2.042834090036733663e+00
3.508480167969768360e+00
-1.536901111430647726e-01
-1.648388407704878822e-01
-4.457871908313227216e+00
ReLU
0.2
8
2
-3.848902928001110002e-01 -2.686908830148655447e-01 -1.256999886130271582e+00 6.711309681540319483e-01 1.691958741922528819e+00 -5.087041711414309192e-02 2.437765323796221295e-01 -8.323467335648351284e-01
-2.090064929665437776e-01 8.582566713161904337e-02 -1.411031431166205552e+00 -3.974062720490836309e-01 1.567991754144622885e+00 1.967599287175874623e-01 -1.278329716567790098e-01 -3.651888245763907914e-01
7.412824112368934237e+00
8.142130706634020498e+00
Linear
0.2

ct 2024-06-11 15:04:38.195296
