noname
4
4
4
8
5.978465412366180676e-01 2.480991216648887610e-01 8.683170006300893196e-01 7.856908766647330289e-01
5.787249232214739525e-01 1.703941359588123650e-01 2.676210623691118173e-01 5.298541934768304928e-01
7.315641474258416377e-01 9.809583032367417132e-01 9.607223176204370274e-01 3.829289598231545577e-01
3.924886218012235695e-02 2.166195091011241802e-01 2.263704642400058975e-01 8.873696626936173892e-01
4.467790189088710062e-01 1.458056682698903872e+00 1.277042592079198902e-01 5.155240220844858889e-01
2.783582813588868499e-01 3.610092248225729716e-01 8.208229274370221207e-01 8.388517414541075690e-01
5.870371371125580884e-02 3.797089340601339513e-01 7.572838257022748154e-01 6.649071924347760287e-01
6.768058263370931860e-01 8.120700888865850509e-01 5.314698323865210128e-01 -1.851704937394828276e-01
4.158511446892008134e-01
6.898959677025101600e-01
9.001761193932472649e-01
7.603230232647376630e-01
-3.331360287934124198e-01
7.786269296338641510e-01
7.226492120117522511e-02
-2.898905096044431806e-01
ReLU
0.2
8
8
5.265857073997765037e-01 2.395602567124858751e-01 -1.664886837025294497e-01 1.170863740923043794e-01 -4.507323137832779936e-01 2.849308818964523815e-01 -8.194383402796634464e-02 -2.853106140102334987e-01
2.540929758815799189e-01 -8.554029171101061590e-03 1.832598143928019507e-01 7.446310505179513095e-01 -3.907737183990125929e-01 2.691999441961346329e-01 3.517085766503088573e-01 1.302618273395862447e-01
8.146215098207495453e-01 7.965408513358973597e-01 4.749190646293168228e-01 1.549975463995521829e-02 1.630352648459313936e-01 3.133164873837217534e-01 2.433274099334088725e-03 -2.062151423319603383e-01
3.522847388564272486e-01 3.761136940116003857e-01 5.711116504939746097e-01 4.728310062230547950e-01 -3.471084044054273399e-01 4.764485640145825207e-01 1.546651148514910090e-01 -2.309760764752832873e-01
3.201296352634934173e-01 8.996903106502853742e-01 7.938233197248503181e-01 6.763314083290687950e-01 -8.619427399729998052e-03 9.435527056504573462e-01 3.835232691072346656e-01 -4.168475117999597690e-01
4.702587871627041810e-02 4.533404538478178480e-01 5.808325234418121319e-01 6.967471482185532139e-01 -4.953919428063610630e-01 8.363308657023196258e-01 -3.603139744134342681e-03 1.677425348671081617e-01
3.117663416916422250e-02 2.856700132740106618e-02 7.478261132703636349e-01 2.503864134688418841e-01 -3.762145280259038271e-01 9.312282667128587432e-01 -1.756579556532865405e-02 -5.349947543289323981e-01
4.500752041650381979e-02 3.212641902071240035e-02 1.129764560868968815e+00 5.896031211191029575e-01 -2.789483752706644615e-01 7.140441837614464049e-02 6.116030148844839864e-01 -8.071517827856411476e-02
5.316609474565983096e-01
3.827160732101476115e-01
8.396341067329989860e-01
2.909337766142982562e-01
3.129736667949998274e-01
3.076992009478469736e-01
6.373501982211022820e-01
1.218042298154867975e+00
ReLU
0.2
8
2
6.403424009643633730e-02 2.719494415599519321e-01 4.479789120584349860e-01 1.627675373592250840e-01 7.390340582399773650e-01 5.763186529383296230e-02 8.376942968037561776e-01 5.341376825938919382e-01
4.382975479786838102e-01 5.507802235488671316e-01 4.726155562895677509e-01 5.700867466160876029e-01 3.996839222816475079e-01 6.301137462352720542e-01 3.885144824266022479e-01 2.465161558039154766e-01
1.396909173309488272e+00
5.275042936784465342e-01
Linear
0.2

ct 2024-06-11 15:01:23.118742
