noname
4
4
4
4
-1.288797467708604483e+00 5.713621907957709967e-01 1.917782742484951619e+00 9.213397055977948225e-02
-2.492563760917071214e+00 1.062528652002831420e+00 1.349742901984538435e+01 1.222290588807731115e+00
5.048605018446279402e-01 1.884127044482983848e+00 1.803355396302121161e+00 1.788501109223682661e+00
7.838534247063835281e-01 -3.799628935134979346e-01 -1.317426327142083409e+00 9.542987668043561023e-01
-1.186990057383476849e+00
-3.492092240266609249e+00
1.046388838994484427e+00
-1.125815651310558552e-01
ReLU
0.1
4
3
1.579010364302450148e-02 2.344966612975550035e-01 -2.425609652557585844e-02 -1.225197208646743863e-01
-4.475833303768836924e-01 -3.279757173610262644e+00 6.419788961588649423e-01 3.733482587247519136e-01
-1.229434132127742163e-01 3.308673954274847229e-01 -1.649968944756028122e-01 -3.955020617835033891e-01
-4.885416890520882793e-02
-2.295570448807338765e-02
-3.453918185745400438e-01
ReLU
0.1
3
2
-2.321002739178610816e-02 7.767598622551079579e-01 1.191876071522630365e-01
1.977616245071779633e-02 7.122587776046394037e-01 -2.955652457735151173e-01
2.338525566979460013e+00
1.785463163709263057e+00
Linear
0.1

ct 2024-06-16 21:30:10.385122
