noname
4
4
4
12
-1.308151131421744218e+00 1.050175797118374055e+00 1.880035754587535735e+01 1.511526608970959362e+00
-9.839205351783048004e-01 1.176795315645658979e+00 1.478443466863817157e+01 1.175868903270868016e+00
7.538485639426438789e-01 8.067763565560814865e-02 3.323963381124791505e-01 2.000166399157679575e-01
1.356246155639077022e+00 2.118543180643398749e+00 6.995195313296786566e+00 9.697289568910255619e-01
3.892736989051055474e+00 2.825983477113491737e+00 8.090206449863542870e-01 1.368288830313962201e+00
-7.778821917704905609e-01 5.178164134353809706e-02 -5.247075156632904580e+00 1.016356779861333992e+00
-3.377391752322085772e+00 -1.967122637775149618e+00 1.006535542091106628e+01 -8.037631751946028302e-01
2.535910973768737975e-01 1.791620149399427708e-01 8.453748424687640428e-01 6.210408495040272703e-01
1.006971870554757453e+00 6.085246769819367962e-01 -7.120800016331833016e-01 9.178215954934301202e-01
-7.966956271563527814e-01 1.191750113963291779e+00 1.723607957846560179e+00 6.412477359154425960e-01
6.870015429073845770e-01 1.608430400784272907e+00 5.404261343385303284e+00 7.320751063992297913e-01
8.284472364459528615e-01 2.070195678363307756e+00 -1.033647380541701466e+00 2.714416607265889514e+00
-4.457742167250250631e+00
3.664541892683003788e+00
-4.142174559226420305e-01
1.075268847799965677e+00
4.575898276049732982e-01
-1.768469793177700478e+00
2.824770110635236087e+00
-1.513712615561248143e+00
-1.022466966562942892e+00
-1.351992243513377767e+00
8.475966974631412576e-01
1.028982168995815405e+00
ReLU
0.1
12
12
-1.670230249010928869e+00 -9.150028335741421104e-02 -7.066065136767948895e-02 -5.773367277767070815e-01 -1.104710081285352058e-01 -1.382180353953862129e-01 -6.382844490354604439e-01 -2.816468960381344755e-01 -2.945015965947898884e-02 2.831456855302684483e-02 -1.473022319725374729e-01 -1.746846058272814584e-01
-1.781981901683226566e+00 3.791722318818393500e-01 -1.556476814811940668e-01 -3.487363918325895630e-03 -7.446467183985755467e-01 -2.658445397223545559e-01 -1.904038822017692700e+00 -5.764252678611258007e-01 -3.618778631914332244e-01 1.526423613372344390e-01 -7.320783676559226016e-01 5.550572365574987094e-02
-2.111151573991588926e+00 -2.918795807386836971e-01 5.038631812292367895e-01 -4.011377289719512684e-01 -3.292200644795825054e-02 -2.390801212896746519e-01 -2.050198422882375304e+00 -9.360016280302650704e-02 -7.198123263694106155e-02 4.011223262174683502e-01 -1.744511184590565867e-01 -4.208152315926953491e-01
-2.340615857021638657e+00 3.450834594464515237e-01 -2.110119464676305789e-01 -1.098991867976204961e+00 -1.831898408555860669e-01 -9.752262870867177691e-01 -3.009213383739212766e+00 2.318297989780424007e-01 -9.483390049832582380e-02 -3.584086562290733080e-01 1.339725651307169529e-01 -9.672288748815024428e-01
-1.457645411318164941e+00 2.363887752784436525e-01 -6.658574070873609640e-01 3.627890393670647664e-03 -9.774953151353947822e-01 -2.496290106922676166e-01 -1.268886709300933058e+00 -3.289474540709820816e-01 -7.858942225471458876e-02 1.777441609515210685e-01 -4.628401922028882454e-01 -8.189593582712410003e-01
-3.002617038830744267e+00 2.643799192332744741e-01 4.514128084357905968e-02 -4.528156391482527354e-01 -1.400262340138253847e-01 -5.593442730554416542e-01 -1.989193991391716709e+00 -3.357640763440890019e-01 -3.665559859037501034e-02 -8.385724193341782817e-02 -2.222407993045019681e-01 -3.678810660873278460e-01
-3.614376947121932915e+00 2.677994112295758455e-01 2.064172281698501699e-01 -5.303004686259208400e-01 -6.967286762925495314e-01 -8.653051153596961198e-01 -1.732714788437738962e+00 -1.859553826095441120e-01 -1.043541484581691353e-01 1.213240861608857052e-01 1.212828179529201605e-01 -1.039988411119799894e+00
-2.783886194373662359e+00 1.377249319813431960e-01 -3.132992587054744260e-01 3.395034021661670343e-01 5.293822891754235843e-02 -9.503988643097531774e-01 -1.907690151269954004e+00 4.201467864538777769e-02 2.377890443374640339e-01 -4.010977545783246667e-02 -2.610442596283873984e-01 -1.946842111929850905e+00
-7.030455139633217776e+00 1.956350952293800516e-01 -2.580320663704823922e-02 2.665749271652497199e-01 8.505754691544072099e-02 -2.027834031143839866e+00 -1.199063579874606988e+00 -1.099822105739084732e-01 -6.421695019861666243e-01 1.203211348299907668e-01 2.311331718923480827e-01 -1.663366961711448377e+00
-1.990095225314223226e+00 -9.438391792173472794e+00 -4.317182105001634435e-02 -1.425299847089913363e-01 4.286819117162084525e-01 -1.251270417401691537e+00 -8.788490400741797437e-01 1.273658261163149730e+00 1.395113016692371311e+00 -8.085413778453683087e-02 -2.828383807353470059e-01 -7.840217135446965191e-01
-1.561475603261339939e+00 8.067580744512194146e-02 -2.961140036369387385e-01 -3.825401949643312816e-01 1.767824766247354067e-03 4.312131871566120545e-01 -6.222260660675501577e-03 1.380132955187879651e-01 -2.615598742537184052e-01 -1.281701178226120341e-01 -8.844232665270046478e-01 -8.654898998714438685e-01
-8.257276779470021921e+00 1.083236988395505973e+00 -1.803036392491235984e-01 8.977594343246764197e-01 1.576645210900078142e+00 2.592464212042708271e-01 -1.325805805038341889e+00 -1.045823543612362100e-01 -4.551384469236023911e-01 4.405862714348007803e-02 5.522035124762743052e-01 1.265553669127646108e+00
-2.152420328203763777e-01
3.322001487942959075e-02
-1.418146375470791809e-01
-7.297661082589768089e-02
-7.811026115064043096e-02
-1.990004122869725445e-01
1.039854606086110467e+00
5.899918387794815811e-01
2.294579711914655373e+00
2.911322067833813865e+00
-3.111462484703095277e-01
4.378241347585779764e+00
ReLU
0.1
12
2
4.379715004843028059e-02 2.208280605492485282e-01 4.645030191713729328e-01 4.351032065225191592e-01 7.092320080370323465e-02 2.113921032580912684e-01 -2.198245252516173309e-01 2.504951092358638776e-01 -1.907089936713902423e-01 -2.234505953541606527e+00 7.665314127497548091e-02 1.394260553097743438e+00
-1.005056425557642602e-01 5.491505671010214057e-02 7.801188176524646856e-02 2.450383516868493428e-01 7.352676614188903559e-02 2.992318666833025387e-01 -1.198922737040712672e-01 4.797631696251385414e-01 5.614279492720206655e-01 -2.251737140555534644e+00 2.923913677967792876e-02 1.392210984268657192e+00
7.113728136833656457e+00
8.317246410385738642e+00
Linear
0.1

ct 2024-06-11 13:29:22.308040
