noname
4
4
4
16
1.377749236999534777e-01 3.756533532898074790e-01 5.427013939381719609e-01 8.512533323074064073e-01
8.083643057766541906e-01 2.372530945517564993e-01 4.909086799129898093e-01 5.619721854924370624e-02
7.183149777543140768e-01 9.183417566421688827e-01 2.259543987913122387e-01 5.806851261229628580e-01
4.378202949375651354e-01 5.412173446095690510e-01 8.750915686911043823e-01 1.519480587343909339e-01
3.207004071113275234e-01 9.020023851271998794e-01 3.823429685055878546e-01 5.910959072125361313e-01
2.793580863594186114e-01 5.536609803229859406e-01 6.275798811972586044e-01 8.494869451654172288e-01
3.083431566347071828e-01 8.567531211012466841e-01 3.823382251898448936e-01 1.301539382801980282e-01
6.950066608215551556e-01 5.328400416237374371e-01 2.229604962994384265e-01 1.017373041194637312e-01
6.570706871234988089e-01 7.679631478970778691e-01 5.348167247924358048e-01 8.362434887785861193e-01
4.484181718286343182e-02 4.142501259467987751e-01 4.463789894936682212e-01 6.861429995436844065e-01
1.294884649852373892e-01 1.208148472794485229e-01 8.909979132535802426e-01 7.463761472378236395e-01
8.379926868465542578e-01 3.644437794270662112e-02 9.587519650300291296e-01 8.454089850438223364e-01
2.029922279366800364e-01 3.983686319998922531e-01 8.055158386664992842e-02 5.311042265212100322e-01
5.016458311314155871e-01 1.099797505340781439e-01 7.069927511160684075e-02 9.340470410841500426e-01
2.927039823187234102e-01 7.188366946682714920e-01 8.820553269803268481e-01 6.274142754748966988e-01
6.169166422725427812e-02 8.008122495090147508e-01 7.086170174440008518e-01 2.831204756708931569e-01
9.710770712870248067e-01
5.172468049663501155e-01
3.012717815954574219e-01
6.760011471014287787e-01
5.810058193942202465e-01
9.672537407401113896e-01
9.177996857033383638e-01
6.164690204884710756e-01
7.113433900935154375e-01
7.454288389198072684e-01
4.830120289414472912e-01
9.785024787810937541e-01
4.743241561024436059e-01
8.098752400538555829e-01
8.860782489486687119e-01
5.236857035488167167e-01
ReLU
0.001
16
16
8.470543841630014947e-01 8.955677850758421155e-01 2.231904001038043928e-01 8.422738795692656932e-01 3.431147815068341655e-01 9.192929848972929419e-01 2.113563112191013671e-01 7.271192483004825791e-01 1.773580087431988472e-01 8.999539929853626052e-01 6.431742921424516979e-01 8.926231787891651948e-01 2.230667290631049848e-01 2.927408376708039994e-01 7.390151655796453056e-01 9.582090329363924797e-01
4.883081236830163485e-01 3.923083948516237207e-01 2.941943311174589626e-01 3.287769174642604653e-01 5.806662317417116137e-01 9.353495857034184180e-01 4.214263823664710085e-01 9.071718559103874036e-01 8.921968016149141312e-02 3.802180675788786879e-02 4.445339510016964590e-01 6.150389744870395914e-01 7.442836258858287479e-01 8.128870716036354915e-01 5.069981190050872749e-02 4.261307188966423909e-01
3.817766443102659779e-01 8.161029054560291485e-01 7.263599050418508840e-01 2.377295321225981473e-01 4.610497885796264739e-01 1.600188293869552261e-02 6.821096767913638059e-01 5.491023090401149220e-01 9.162442280278318973e-01 8.653696271382216310e-01 3.096244999002698700e-02 7.164996786084784075e-01 3.810481194705389041e-01 4.866098833216812025e-01 7.843267649401651775e-01 1.799187982183389212e-01
9.166286646556114082e-02 8.950263847214294799e-01 5.861457775602018500e-02 3.650522022042632653e-01 2.209701770383629416e-01 4.565218104245294950e-01 2.078989020341620031e-01 3.040958926680140118e-02 7.819415833754973510e-01 5.075944130860150505e-01 8.417125433155230319e-01 8.288150055141958461e-01 9.872676393982769971e-01 1.402691149604207155e-01 6.173947409442018808e-01 1.293786772088102999e-01
2.459994906379270319e-01 7.047734295262310100e-01 1.868532079056182127e-01 3.683046423347066667e-01 7.585275530828623491e-01 1.021301279606806833e+00 1.096727717388468887e-01 6.606882246978381668e-01 9.153866991274753895e-01 4.452786477562326040e-01 5.737020079126702310e-01 6.990546377948482215e-01 5.816757434018545725e-01 8.997122689806865692e-01 1.480156463506504816e-01 9.974480241346281861e-01
8.581943238376921190e-01 3.099620860314937221e-01 5.350833351603917487e-01 4.134175191282589701e-01 8.181492810788387748e-01 7.795314130923952645e-01 1.036828711288337451e-01 7.663138887575013936e-01 3.368488755390416367e-01 9.509902582418079398e-01 2.153672449372673325e-01 9.989361338364657339e-01 4.406372885469904133e-01 5.922553795015968181e-02 2.006052740676713408e-01 6.120214578099448799e-01
7.680949221203871025e-01 3.116853695551011216e-01 4.281141380638329719e-01 1.554611633172955643e-01 9.704647612309956761e-01 9.890417914391546050e-01 8.651716007869204583e-01 8.144600515304000199e-01 5.082497925949779755e-02 8.647706543825660619e-01 5.764068220679351429e-01 6.173815481613864620e-01 9.271801251731691673e-01 2.649563243075578334e-02 7.340700267295510173e-01 9.003429971745340321e-01
8.478019852766327524e-01 7.014611169409099567e-01 3.832309139268100240e-01 8.783128127888748526e-01 1.000403981041646961e+00 7.197702103951394426e-01 3.388039746070215519e-01 8.531229879798110094e-01 9.276486276175961443e-01 6.698616916026189916e-01 1.016651702137540747e+00 8.829677241157192213e-01 7.580747083563617317e-02 9.288877801580637250e-01 3.236330976590889308e-01 1.309664817857721653e-01
9.359866729945546249e-01 1.488329350239943893e-01 3.925467415866034093e-01 1.114412601652968460e-01 1.592382908046729717e-01 2.885620774401939648e-01 5.022991182220579859e-02 2.734342869906226658e-01 1.826631637261496577e-01 1.016556384565808213e-01 9.486629652705204085e-01 4.409717303381294196e-01 3.881139448662367930e-01 8.088718381145880709e-01 6.963104873285445029e-01 8.179021206604635275e-01
7.599933592455981879e-01 9.314499087497903895e-01 5.371390611438138230e-01 9.759660334917015234e-01 3.569553926870089877e-01 7.448303699585065996e-01 6.522322969850269381e-01 6.712089169901680474e-01 4.156930803357561377e-01 4.581392043279389203e-02 4.899312974041377666e-01 4.228736189651878530e-02 1.557584661358631939e-01 5.607270649255680084e-01 4.460916789464187127e-01 4.829901995804142811e-01
6.275535730669463685e-01 1.134430737880555984e-01 1.319399422174797332e-01 9.823950080753349190e-02 6.328932832508281647e-01 1.996462175570951070e-01 1.152406574893781732e-01 7.064589705339434367e-02 4.511773341512111818e-02 6.977907276550061599e-01 3.407407288649347277e-01 6.553717490012364033e-01 7.183735447663228135e-02 6.377759031370566767e-02 9.560593392825484926e-01 2.437912660369499773e-01
3.753469555907139044e-01 9.365217748624030669e-01 2.296712325479616790e-01 2.664772595345301642e-01 7.162811187191516771e-01 4.717763930449184878e-02 8.905440206001666859e-01 5.463004758001452910e-01 1.660503695551759917e-01 8.580670539951719133e-01 1.554658478351391704e-01 9.801048535459663258e-01 1.213820174296458415e-01 8.917619776132262865e-01 3.991911737059571919e-01 5.871986541448206420e-01
5.863207409965489614e-01 -2.343122100115517178e-02 7.073335089580010671e-01 3.102324957619295720e-01 9.032461463135532664e-02 2.595081258507674904e-01 5.240665593426538926e-01 1.712123335890338716e-01 1.799101114401940316e-01 8.214610638084386685e-02 9.447945943684193937e-02 7.998227487250806345e-01 9.179582738901805872e-01 6.610637521543041295e-01 2.419117521446259578e-01 -7.930106049194120266e-03
1.570697237732386897e-01 1.077475968950974694e-01 1.838483260136784536e-01 4.795703357368739650e-01 8.670990502664479571e-01 7.501712411873252551e-01 5.829668510687612271e-01 1.611863947747214088e-01 8.244927552284545547e-01 3.090387714575811851e-01 8.223581955985543868e-01 7.373120881778483238e-01 7.513133616510593304e-01 2.245642892733056284e-01 5.775508023682616177e-01 1.522887540744141122e-01
6.742386949465908330e-01 1.594091862557359962e-01 2.281734566268827369e-01 2.021249528817009589e-01 7.728454926606762587e-01 9.891082649154003814e-01 4.887308214015756436e-01 5.740440324380456927e-01 9.399044953685619097e-01 4.901726322152683002e-01 1.169715098676662735e-01 5.778915856168433951e-01 9.889744030742197989e-01 3.827823644769287603e-02 8.318711278821249167e-01 5.039651878619629821e-01
9.425974972740011060e-01 8.956553267098702475e-01 4.807281809030589104e-01 2.200812284686621545e-01 6.311745363562604183e-01 4.949792058432558317e-01 3.853836239379366257e-01 4.729606384101060490e-01 3.175625998646754156e-02 1.527444134241797424e-01 1.318039403397358589e-01 7.990572840071978877e-01 5.131908106169433825e-01 9.773025604382268305e-01 7.655606078620372790e-01 6.653576791202929774e-01
7.195113111610870194e-01
6.603538475873914626e-01
3.981124847259990274e-01
7.613190846575256243e-01
2.754567370234625723e-01
5.165869367231751275e-01
2.895571835964601548e-01
1.272251747235925157e-01
3.968917644246292009e-01
6.835300757778750569e-01
3.951561897581175042e-01
6.030249840997919941e-01
1.478129073313112496e-01
4.095589725053542240e-01
3.953415351674712253e-01
9.998835119154685369e-01
ReLU
0.001
16
2
5.094013004923762800e-02 9.006958391104651351e-01 -5.269948254537292279e-03 9.556303553569968079e-01 2.544518640529339071e-01 4.573004583985710303e-01 4.895607026553414620e-01 6.122479005947525366e-01 5.885654636731290079e-01 4.949450770094776519e-01 3.893540312739781073e-01 6.675501240995381780e-01 8.745195261432727740e-01 8.275544602925897220e-01 4.158544615879366524e-01 6.374720465611724007e-01
3.334361212790174500e-01 6.304357540694862649e-01 5.378083662875980941e-01 2.971897631750556462e-02 3.105294915295989666e-01 5.881972115178325522e-01 9.973417195786643541e-01 1.666672221377153151e-01 4.679931161242941590e-02 7.451467374021673029e-01 8.260944108042120870e-01 5.874308178869259711e-01 1.288924450220498702e-02 2.523929266186169529e-01 1.905147652869064456e-01 3.385877211952937338e-01
-1.370058874524948331e-02
3.752119298449027029e-01
Linear
0.001

ct 2024-06-03 12:40:17.475500
