noname
4
4
4
16
2.549702735944489040e-01 4.337765781611188642e-01 1.923445595269673153e-03 8.621181735286919112e-01
6.359832138471869234e-01 1.567771250371894354e-01 3.090503513002105795e-01 1.786697104012767434e-01
1.202908473725313038e-01 5.806252243436552662e-01 1.330561785421999488e-01 3.906028614295428691e-01
2.770453335735111877e-01 2.851747780750925609e-01 8.717031738274992891e-01 7.669645214896229080e-01
9.477361034514965032e-01 7.256706885191946954e-01 5.363889206103995555e-01 7.398866465929885283e-01
1.899567948187170230e-01 2.702368599304554309e-01 9.974109213585112821e-01 2.140580004441362261e-01
9.085796560999388483e-01 2.105083470450888963e-02 3.176468148610499531e-01 1.660922602230506528e-01
2.345668701825507352e-01 8.485688767680178435e-01 6.353587804739545541e-01 8.597484528726574426e-01
5.040464220927109995e-01 5.404510212270697833e-01 6.629169331289243017e-01 8.338976660873461677e-01
4.935674036690129718e-01 8.725167857444270370e-01 2.499349181554202382e-01 7.100632844060944526e-02
9.648397787096184286e-02 4.346562924155895624e-01 5.149286890338740097e-01 4.647377240266223342e-01
5.353528223236869721e-01 1.746173879715781085e-01 8.113008255883367159e-01 8.248762136329097494e-01
8.796130583731932573e-01 8.047803928784531546e-01 3.156625395721384675e-01 9.621638106077240460e-01
8.944757096107524008e-01 4.006560841871688594e-01 9.349451495100616905e-01 5.812953420039855823e-01
2.623899727373409929e-01 7.735902042799693845e-01 9.630825738274592096e-01 4.020974531369738147e-01
5.807010238748020470e-01 3.739905603258820710e-01 3.985521485605527103e-01 2.685682777938272481e-01
4.055354546943826799e-01
3.804005544556589569e-01
3.524451556386570816e-01
2.788818377663667553e-02
3.725155831404143303e-01
6.498747623464657952e-01
2.077920584196726872e-01
5.927544599101496337e-01
4.117858314985095025e-01
3.567697265004818874e-01
1.964018281284927447e-01
1.244965513134747293e-01
4.882585170253758017e-02
4.798655808804873080e-01
9.108320815909787260e-01
2.710157160680243815e-01
ReLU
0.01
16
16
6.240698744730829306e-01 2.504134518115361252e-01 5.787182295783813712e-01 2.446473372201518615e-01 8.951324814832144483e-01 2.204958865733259443e-01 7.893597507684001480e-01 4.909535731422141058e-01 6.381321989805059935e-01 6.326190016398377525e-01 2.870924418625883101e-01 1.308552799481338957e-01 9.254821041499169398e-01 7.310013385662809948e-02 5.273166200579079144e-01 2.472852176237855804e-01
2.126384984678711121e-01 6.923334564093249766e-01 5.538309668609150416e-01 7.588422247865659331e-01 1.507988469242021734e-01 1.045911539162324988e-01 4.216037504055543117e-01 8.713636774124813300e-01 2.052916153892713758e-01 1.606757915937146591e-02 7.344323611693267528e-01 1.006246287848011275e-02 7.882007778952276889e-01 8.150034677616615486e-01 5.385994274896322986e-01 9.319877967359238569e-02
6.221424920179845219e-02 8.879092167896244225e-01 7.095387621250456300e-01 4.416308548812545309e-01 8.311827515921781373e-01 7.182953168158948687e-01 7.654811223130830733e-01 4.314337185794254736e-01 7.835386461908086519e-02 7.092257709186386982e-01 6.966082226273823119e-01 7.699319677668525763e-01 6.667861748664213328e-01 6.618233250856293548e-01 2.619246792609234431e-01 3.203822716416313554e-01
6.265139938476763648e-01 8.733072810671731467e-01 1.367294718880651128e-01 7.096017342044727005e-01 2.359846740941628218e-01 7.445204383580273921e-01 6.872711035895252563e-01 8.301721109448451097e-02 4.100194032437349811e-01 9.570318177714527696e-02 3.968280626912263909e-01 9.571186843747071793e-02 1.025940571924201378e-01 3.581315304313886089e-02 1.496751937792297205e-01 1.131747283108072294e-01
3.393553107629956878e-02 1.925414086986512452e-01 9.289957234530289432e-01 9.515367078584229255e-01 9.517956640077576136e-01 5.281819189502107159e-02 4.756450533127409841e-01 8.822476270432266787e-01 8.323704454880492820e-02 9.721207131933782275e-01 5.274577866129083192e-01 7.568410255908702977e-01 1.965918769860264259e-02 5.483229394776160115e-01 2.116963160944719535e-01 6.072735162255099572e-01
7.533534115160224198e-01 6.932877752998345411e-01 1.137611279758911909e-01 8.956085545418268623e-01 8.277709321056516689e-01 8.371979781204663684e-01 2.220617275638415433e-01 8.942361104997512689e-01 5.385486865286931435e-01 2.647733149096596073e-01 9.467671091498555125e-01 4.287031390992762647e-01 9.055135305658968958e-01 7.765808940318716935e-01 2.851899312642778295e-01 2.210953121916767877e-02
3.803468888724375052e-01 6.152970761242985281e-02 4.133050380598755069e-01 5.496286685907388891e-01 3.654835337359233494e-01 5.510320398468274705e-01 6.757385522671430778e-01 2.474428944604393221e-01 5.191419789859271772e-01 2.614412695585247026e-02 4.140867592686878762e-01 5.749877489722351326e-02 6.119394035769697426e-01 4.758207525824711959e-01 6.192895138929025434e-01 -9.916514056729048079e-03
1.746988246283366075e-01 8.089514944662022922e-01 9.690002271234222642e-01 2.084326147334455426e-01 5.156346923465847665e-01 9.523721578202533344e-03 7.120443099578860346e-01 8.158322291029103113e-01 1.675659530867875113e-01 8.707859841083543939e-01 6.466967238663505757e-01 3.491391534661301144e-01 6.244663197914808173e-01 1.522394206824685403e-01 1.365311543372739467e-01 8.601522201674285384e-01
3.217589166862853678e-01 2.321289391016724199e-02 2.697314463805019491e-01 4.691377840123185927e-01 9.612551216013488498e-01 4.936650281075645741e-01 7.867098261760704370e-01 8.704213811960275216e-01 7.743315964929107231e-01 1.903480102604686308e-02 9.418262763597384790e-01 2.911208057961314211e-01 5.455898385789029192e-02 9.130448637605823592e-01 3.925399549186865955e-01 8.497928751815089221e-01
3.324175433497455479e-01 3.693485150024940489e-01 3.300462964845771729e-01 6.264168860894995250e-01 5.365150150803108531e-01 7.776800648810275884e-01 3.469349189098714925e-01 7.170397636016616616e-01 6.670017545085389354e-01 1.984492260593655188e-01 4.681044154632889587e-01 6.638374613422716175e-01 8.782936856313351415e-01 9.515080549262115994e-01 3.072798750780050270e-01 5.171602344456192046e-01
7.056726772237206791e-02 3.984601472422695523e-02 4.415945549177766605e-01 7.558937012989432880e-01 5.376185881187303117e-01 5.247492084922590616e-02 7.952666531095096136e-01 5.122105524932925036e-01 9.769083218003845603e-01 8.888989681965985268e-01 7.441736569195769313e-01 2.643233486301848623e-01 8.383381138627721274e-01 -4.635081483258246884e-03 1.188392930304009304e-01 9.029031714659165875e-01
2.561260606990853339e-01 8.172878684649708125e-01 6.452130870951999775e-01 7.808891404684156212e-01 8.600570724794182054e-01 5.643717247693412764e-01 3.411456920890951205e-01 4.092106222280672001e-01 9.831258977228128915e-01 8.138357699668138379e-01 7.191290973305389800e-01 3.521523071020443707e-01 4.579564332211298328e-01 6.274445856785387798e-01 4.352857255166157069e-01 5.334007041244887004e-01
7.864149937908918586e-01 7.868420446602473195e-01 2.401664279824361481e-01 1.728420089254748548e-01 3.975681370723470609e-01 3.037211038677578023e-01 4.504325639789110158e-01 3.362992152036765048e-01 1.486937559558116628e-01 1.182307612899261007e-01 4.554669487724945509e-01 6.233988596407000760e-01 6.640924195256100449e-01 1.443228180087793022e-01 6.758080035574024480e-01 4.129501141843554546e-01
7.466542774412044947e-01 8.936826396002461870e-01 9.347846932630557992e-01 4.093293537228051560e-01 6.292648909733128404e-02 8.015293057283611189e-01 7.047539327850498303e-01 6.122584992530180070e-01 7.933399582057858446e-01 1.314498477620597641e-02 7.935351673339809953e-01 8.825726498748683868e-01 9.375489299039024838e-01 4.706972331712769853e-01 3.588020171330178476e-01 6.985880820129801438e-02
3.728731736620181092e-01 7.997808952745336653e-01 2.586067586421929021e-01 4.318632511307986532e-01 9.311445853390539762e-01 4.366735752950388627e-01 2.750395857750106421e-01 9.748347293099443034e-01 -5.992121164003456207e-03 8.173375608309405571e-01 3.931138443216599665e-01 9.047514068843414137e-01 7.434633883174284197e-01 1.488290696924258194e-01 6.857083031181134825e-01 5.490808816944351411e-01
1.596928789786845049e-01 3.259452672327591283e-01 6.505070546316022995e-01 3.540902347587090299e-02 1.388620296690640799e-01 5.947146794563079597e-01 8.740305141394120181e-01 3.698584262053801752e-01 2.524383904303952875e-01 6.853554191360082815e-01 9.393574240591850977e-01 2.452163509870488589e-01 3.945182016754414378e-01 7.509580015954512300e-01 2.868676295324512626e-01 8.013128372976675573e-01
2.806863960191481322e-01
1.686316383228800980e-02
6.312888904628765063e-01
5.615748073458314282e-01
7.038415488930295227e-01
6.315589010442413942e-01
2.208922540087692177e-01
9.650414714483330769e-01
6.043326457679003560e-01
1.394414064827309840e-01
1.010832048580530967e-01
1.988883285864164463e-01
8.979608616558791834e-01
5.231367831981645899e-01
6.437316110300913552e-01
8.237421967526151745e-01
ReLU
0.01
16
2
7.114022328846861809e-01 3.054760205154005009e-02 2.510844784069785063e-01 1.430174031203116647e-01 5.412385862594776276e-01 1.925914722948265934e-01 6.354369960269931616e-02 7.189731603701341456e-01 7.589399960214521235e-01 2.453465420785926332e-01 3.839206852299779232e-02 6.273461235166447603e-01 7.585607185302056799e-01 1.117650938641501779e-01 3.031696658801792399e-01 2.204320981452346367e-02
3.543780129494594200e-01 1.668921987187021727e-01 2.722963127287865714e-01 8.447512814839234219e-01 4.220834624188289919e-01 3.200868648704468522e-01 9.518140419212042236e-01 8.301028483645087608e-01 8.040318466502318628e-01 6.591410592100738208e-01 3.671044938253817391e-01 2.638809963498183614e-02 3.529028237946303936e-01 2.469817433511600213e-01 4.973770979580610652e-01 3.936021392412862308e-01
8.365303626446024543e-01
5.598190550603602267e-01
Linear
0.01

ct 2024-06-03 20:42:04.429341
