noname
4
4
4
12
-1.491677148687715171e+00 1.356986954071752072e+00 -1.629772231769793578e+00 1.034464543249657753e+00
1.148782525165285284e-01 -8.793276610803725524e-02 -6.167998075094464072e-01 1.330586056958632524e-01
1.676689792644261212e+00 8.167789284986122222e-01 8.638117738916678556e-01 3.042453156292872940e+00
-1.049847217601497684e+00 1.702351560815500875e+00 -1.207561052818302061e+00 9.349045127468216254e-01
-1.338774836776019106e-01 1.591757554270741837e-01 -6.536047639875533499e-02 3.869665346873458756e-01
-6.023933403299435163e-01 7.178462072346941669e-01 -6.688821740150280304e-01 -3.851561795000718602e-02
-4.387081304278100391e-01 3.927369108075194903e-01 2.873234439485062097e+01 8.095004111991531692e-01
-2.504139858694689469e-01 2.927311046228180946e-01 8.510677707984791451e-02 1.630569466450045579e-01
-1.698227359030734851e+00 5.989941289265604540e-01 -1.546510322596168496e+00 3.875347078954033408e-02
2.795035421160153355e+00 2.980320320617066976e+00 5.620737790208726992e+00 3.078509654363822623e+00
-1.742970060801880827e-01 3.432527800139886232e-01 -2.327482408556635074e-01 1.933322052703579097e-01
-1.018808211887870518e+00 -3.040656431951570537e-01 -4.662511223656338188e+00 -1.989383399473902414e-01
-1.245985538660020930e+00
-6.627593233697465225e-01
1.146589053097825994e+00
-2.997868580648167303e+00
-1.405930232477579311e+00
-2.129892974666184990e+00
-6.025857114789205049e+00
-3.784541631097715908e-01
-1.345047149215868876e+00
2.347594294706574214e+00
-4.716550096392769231e-01
-2.515456968214048850e+00
ReLU
0.1
12
12
-6.942726717588206808e-01 3.808589068957525248e-01 1.479665885810981907e+00 -5.678437944769242351e-01 -1.932695276875305013e-01 -1.381855285094329755e+00 -3.120513248342394075e+00 2.769219798753111764e-02 -6.587208542471471029e-01 1.058577229691865407e+00 2.485703108433451602e-01 1.264400789784004830e+00
1.163692043861468406e+00 4.696456377289231487e-01 4.013522418518739032e-01 2.574146458477149513e-01 4.547257571768489881e-01 2.915301354693396463e-01 -6.803817774298305032e+00 7.789003126949106681e-02 -2.798017468192119384e-01 -3.805467908316418346e-01 -7.881930941215452291e-02 2.984005571976596771e-01
6.260538970353443089e-01 1.096776437613096400e+00 9.173249437574516607e-01 2.195895666277133673e-01 4.862967630199646618e-01 -1.012035543096844847e+00 -5.887399397478590757e+00 -2.339743152727226383e-01 -1.084500294226363459e-01 -1.660703949934279278e+00 -4.862458714128686799e-01 -1.029960462760966200e+00
7.041569498751666378e-01 -4.939714357470496586e-01 -2.475518757560164207e-01 2.898206890460386931e-01 -1.001682867614783534e+00 7.336475942975780873e-01 -1.182478422703173138e+01 -4.921164033597898446e-01 -3.790790393688491799e-01 9.593660781611586252e-02 3.170147024304380001e-01 -4.124031458742821732e-01
1.320277965853913216e+00 5.874251813070865413e-01 -6.789019476156514799e-01 4.430500780728585108e-01 2.437612165111077006e-02 -4.607758140668303803e-01 -1.127662139494877991e+01 -1.198903788899155359e-01 -2.829526831789660468e-01 1.273146131292627325e-01 -4.336077356820502993e-01 -6.927401811736649817e-02
-8.308236786366174353e-01 -4.895428781157404874e-01 1.169665288055423275e-01 -1.937505273167512421e-01 -1.418044943899444410e-01 -1.417256429154244435e-01 -2.959744765377743114e+00 -2.235878304758245894e-02 -2.415165432885582608e-01 -1.036520577123073661e+00 3.035398066775794046e-01 -6.082547500525495865e-01
-2.688391258485319235e-01 -3.783127334673582753e-01 3.731082992226089634e-02 -4.708717672477867877e-01 -1.915750394130668055e-01 1.510208591652400512e-01 -2.476936069654310568e+00 -2.487799183830916028e-01 6.517965430776355429e-02 -3.108658285080869166e-01 6.615300463691307087e-01 -7.939636590225200227e-03
-7.278475731024031115e-01 -7.435637507866411644e-01 1.001323352132130307e+00 -1.188708017935940608e+00 -9.962251345735217978e-01 -5.002600441786758667e-01 -2.010156187499856983e+01 4.629430987906245631e-01 -1.540326127818625990e+00 1.368022508059966835e+00 -1.803872903958979312e-01 2.038683577148734175e-02
-1.314957187370506153e+00 9.808710823493504982e-02 2.714375400906392510e-01 -5.291451882665823003e-01 1.785141691888151860e-01 2.187456785477118748e-01 -3.153132005677427685e+00 -1.067011509951886067e-01 -6.237485223397332135e-01 -4.777395659173899745e+00 2.364778808831023149e-01 -5.543098216101687535e-03
4.788989320753881396e-01 2.327879976143282237e-01 -1.043591269417864709e+01 1.922856908743370674e+00 1.730094890927444951e-01 8.553025604024070416e-01 -1.115338752114296339e+00 -4.407200384243152858e-01 -3.099465103157643675e-01 -1.330916070368266624e+01 -6.079874382093506530e-02 1.128543343098880491e+00
-1.682579239351728262e+00 -7.678697034204859939e-01 -2.230531781353795928e+00 -3.527444859144552858e-01 -5.840997538524537180e-01 3.432575050415893024e-03 -2.566855309934862994e+00 -5.907755635977781639e-01 1.555342546910446211e-01 -2.096425216945842163e+00 -2.513381429114412424e-01 -5.103822722935293793e-02
7.231233940674519634e-01 2.590180606267692420e-01 -8.964606578473360843e-01 1.242141940447183818e-01 -1.063667280530268267e-01 -4.767105447134053348e-02 -1.752109419786876066e+00 -2.154134302694825365e-01 1.760602944354544008e-01 -1.332671937327657874e+00 -9.721840645463093733e-02 1.460569051708705303e-02
-3.089173505620910198e-01
-1.611138087730607626e+00
2.655757013679463929e-01
-3.476495164895916812e+00
-3.342697097320809441e+00
-1.397046609222203806e+00
-1.650274592791556860e-01
-5.849266527853563824e-01
-1.033815575811478649e+00
1.463301310138187983e+00
-1.959847260849356898e+00
-1.237534868216641826e+00
ReLU
0.1
12
2
1.639659896923979066e+00 -3.285811396493222847e-01 1.173182835363459464e+00 -1.948850821417964230e-01 -2.803536918955780097e-02 1.607704772666786741e-01 1.860299798627027545e-01 1.923360080114494552e+00 -8.586223491900683014e-01 -2.751768313892517082e+00 1.719839908901450221e+00 2.151046043572291955e-01
1.516991762525710774e+00 2.117565571716816530e-01 5.050244731995253700e-01 7.514198279816055592e-01 2.426325211587171682e-01 1.200487318124704578e-01 7.783444666017023950e-02 1.366767242519794756e+00 6.335895077690838484e-01 -1.448019073583637351e+00 -1.377725428005315500e+00 -5.193670583176903666e-01
1.239845348712722739e+01
9.909158915165635406e+00
Linear
0.1

ct 2024-06-11 12:08:51.283150
