noname
4
4
4
5
-7.150949795176453350e-02 7.715255682157127204e-01 6.142477185997665678e-01 3.835616940771932604e-01
4.100319431488181898e-01 6.413804789603018142e-01 1.177343992451321375e+00 8.521210926725049095e-01
5.656409758963789614e-01 8.853069478832843453e-01 7.458405066809409290e-01 2.252014965747410613e-01
1.568145731682498711e-01 9.110271875727372626e-01 9.472276562437242919e-01 6.150076173452511119e-01
5.360201530135264569e-01 9.676182980263042799e-01 1.726923443114189993e-01 4.731521767329626149e-01
1.085092976893980765e+00
-3.844902442733753173e-02
9.927276736213556940e-02
4.364228960963172921e-01
6.642177819539524242e-01
ReLU
0.1
5
5
8.381259543755308350e-01 3.618410421530481313e-01 -1.577048940743928374e-01 1.951395762935579370e-01 2.056862661446565987e-01
1.591198062983204542e-01 2.583493960573410853e-01 2.054584870591757706e-01 4.348131768551557474e-01 8.277618206067042239e-01
5.798952623506107296e-01 3.414434664222604776e-01 2.308115825589991121e-01 8.543984868849348047e-01 8.105454251579105041e-01
9.029176280968580492e-01 3.110089441910249275e-01 2.821123998535703392e-01 4.739640170498508054e-01 5.271290172637651539e-01
8.532299910161091905e-01 5.953615325144517856e-01 -8.443673247072269739e-02 7.367965811121585107e-01 6.536634883601690760e-01
8.717503740502653420e-01
3.137014029440207130e-01
2.826500877831865099e-01
8.158965029174737316e-01
9.566253568102931482e-01
ReLU
0.1
5
2
5.860069307428875662e-01 7.586364430349556986e-02 7.105535886246856503e-01 4.239490898702139576e-01 5.665120298638002261e-01
2.984836719733498511e-01 5.619020962371941152e-01 3.881814574465954348e-01 1.029931439416273742e+00 1.257108811200617904e-01
3.152854374670329696e-01
1.197961190775858498e+00
Linear
0.1

ct 2024-06-16 14:27:09.732936
