noname
4
4
4
22
7.663587743822476428e-01 6.575651871263945569e-01 1.222051931961085414e+00 5.765350211621225185e-01
3.407764945854732663e-01 2.594097131787144184e-01 1.857479966114232051e+00 5.370743629302645594e-01
1.321892641417947933e+00 3.677310846890272100e-01 4.140083008490386129e-01 6.999687307537272307e-01
1.403238466173664933e-01 8.847678540201415753e-01 1.052922355515276243e+00 8.503844317290454313e-01
5.167557754055914776e-01 3.933523210251288482e-01 1.787646375027570622e-01 6.584445921379584732e-01
1.250130401192204310e+00 8.340754720736510697e-01 1.181704754115266987e+00 -1.368797087903566023e-01
3.937208738135133945e-01 6.150796368158057970e-01 7.893162249628076221e-01 8.242642589844081380e-01
1.357994335666812269e+00 8.614971865945042495e-01 7.642752978536114794e-01 4.774717533571151140e-01
2.997609340263758804e-01 8.851013160852987116e-02 8.889233760188419708e-01 6.277000458951704776e-01
1.436077799935632671e+00 1.130508110608441363e+00 6.873475131657071913e-01 -2.893287193943743785e-01
1.660622264209831389e+00 1.075630126773982509e+00 3.032482028118876349e-01 4.371505593833031611e-01
3.117929079628969924e-01 7.956667049893961785e-01 3.713634902405428817e-01 7.583689415224377228e-01
1.004491001543596607e+00 1.164853619234020421e+00 9.492459143775755503e-01 7.512652340816608487e-02
5.048253681227894418e-01 3.030404709322617740e-01 3.894192308598866115e-01 1.006722885085379771e+00
1.808032635952602440e+00 4.897892024631383401e-01 5.557913848078270824e-01 2.093481167762081263e-01
1.000442089946172564e+00 4.445347983478161180e-01 4.305571832223808321e-02 9.061667354300915189e-01
1.137887112415909785e+00 4.598162171898861339e-01 8.792601854265323924e-01 4.971486182643552465e-01
4.631579603703627757e-01 1.928505142800113203e-01 1.308401738016717664e+00 2.763376224640415324e-01
1.051354371090652107e+00 3.546211234113545996e-01 6.904496521821474886e-01 4.615472225778022297e-01
1.839533878057507399e-01 6.494944311288560757e-01 9.816448200908227673e-01 9.822124651586339183e-01
9.506060317453532971e-01 3.889642155516226940e-01 6.695352401304103251e-01 4.745461575473567395e-01
1.046294728744051383e+00 5.019490201982169664e-01 2.561475109426963881e-01 5.399412563477554716e-01
7.447021514428726618e-01
-1.281648972317953383e+00
2.659547870029170258e-01
9.634036548569461234e-01
-1.203462655948897453e+00
4.403005123278340149e-01
1.073908961351687452e+00
3.615707988793123717e-01
-3.455010423484194404e-01
-1.798621577853041498e-01
-3.030268913605177472e-01
5.814541970956383921e-01
4.044440939077266206e-01
4.852304728708115578e-01
-1.002460335165405114e+00
-1.038985079332509276e+00
1.068460683266515110e+00
7.933344132252422298e-01
1.019080382859492012e-01
9.802791422034498048e-01
3.751075148302545625e-01
3.845383244310676130e-01
ReLU
0.2
22
22
1.065428577711336366e+00 3.885413240467762153e-01 5.241960826702459775e-01 1.143349047527553175e+00 2.290732949247497041e-01 7.597073178752161704e-01 1.214079464784534768e+00 4.458526622179076471e-01 -1.190438555586147834e-01 7.146837134470090946e-02 7.244166418900586935e-02 5.992239512363939369e-01 3.366113060417303404e-01 1.043152958459250129e-01 4.271888986306923153e-01 -1.776519840466671968e-02 2.289192011270830829e-01 8.386890235599726851e-02 5.015893585217227058e-01 1.039951722071542184e+00 1.666537979351827847e-01 1.355432689501968602e-01
-8.915162495768637063e-01 -8.409596945060858753e-01 -7.851111997082466099e-01 -1.437776402345853688e+00 -1.564661130643455911e+00 -8.868754646665255592e-01 -7.922418716790645687e-01 -9.991406824835673550e-01 -1.607632217461912205e+00 -1.611948194800374212e+00 -1.198986647576281594e+00 -9.255051731168897344e-01 -1.120844447721362824e+00 -9.799567937637059245e-01 -1.042111302161929709e+00 -7.525543680198306662e-01 -1.101082328953346456e+00 -1.429687367107704610e+00 -7.532154880298649324e-01 -1.373049669524889937e+00 -1.223539843168361951e+00 -1.206790206135080368e+00
1.547164662360486498e-01 -3.918280829217868355e-02 -2.318108900128158234e-01 2.086506263445047082e-01 -4.269804676158403534e-01 -6.223126165253226733e-02 7.148674391331535372e-01 3.652265926316776712e-01 -3.979423630165902503e-01 -3.482945691587336912e-01 -6.857650746106546125e-01 5.055587726519199521e-01 -3.274193641276323397e-01 1.708371002173478814e-01 -3.521333876075607439e-01 -2.241699746800301929e-01 3.392676131486103280e-02 5.879929983502084623e-01 3.192813838429446882e-01 7.617794608445795923e-01 3.454382001049218776e-01 -7.757256227380147917e-02
-1.251346825116779637e+00 -8.417448427403576572e-01 -6.090257301810432233e-01 -1.053134132182921290e+00 -4.053707750172763080e-01 -5.579318219922141386e-01 -1.198209489286188978e+00 -1.049920470739355016e+00 -1.005342608500523927e+00 -9.936744979419664947e-01 -1.654806678159471023e+00 -9.418992764598775880e-01 -8.394696050039168744e-01 -1.267549301890293467e+00 -8.754599492708950992e-01 -9.458245748803780772e-01 -7.775042319247024158e-01 -1.226563262974506685e+00 -6.184309620919702377e-01 -8.650490253511462502e-01 -1.135067855458307351e+00 -8.276277494974594306e-01
-5.684993022851605460e-01 -8.221936859320355673e-01 -4.518763817424162887e-01 -1.180151597403701569e+00 -1.216167428360575009e+00 -1.251579083016796323e+00 -1.138242549786992130e+00 -1.127445798518642794e+00 -1.468008443414727360e+00 -7.137327488261738795e-01 -1.189078782065947859e+00 -7.410552159914358672e-01 -1.003851048889885078e+00 -1.145498324924058231e+00 -8.180180459869330623e-01 -1.122274370967824675e+00 -5.282150951330576438e-01 -1.190270518036409930e+00 -8.247503490940976123e-01 -2.153244612088958121e-01 -5.252782877682572460e-01 -7.947938376184560116e-01
8.913243840349545088e-01 -5.771034072603201670e-01 2.447130444828237716e-01 8.759878355136345718e-01 -4.528739066072611230e-01 1.467999404107847017e-01 5.509139149652392264e-01 9.815479545372891856e-02 -9.582845597379538449e-02 6.695328065689908348e-01 -1.271308636594051800e-01 7.125464758808569554e-01 9.222648437245948294e-01 6.294127252191420441e-01 2.986364853577125333e-01 -4.775823702618223754e-01 8.247444285613463322e-01 9.301042138322432873e-01 -3.845464611544289341e-02 8.770155690249221703e-01 8.154552232642962029e-01 5.881539591976134851e-01
7.762355580172881631e-01 7.866790773975480822e-02 6.411580426254159804e-01 5.522793605655037519e-01 -5.023720093420973587e-01 6.544017738477087009e-02 8.902341796781348959e-01 -7.880766796936368446e-04 -1.240257145730241650e-01 -2.698058174234444495e-01 -2.334597640357230219e-01 8.418831784686880981e-01 6.268304549726855246e-02 5.232324505706630324e-01 1.333413341340476677e-01 3.472966801967847794e-01 1.046751333000297768e+00 9.148985264339197787e-01 5.590323556571578090e-01 7.380105142596657952e-01 3.673128340831999239e-01 3.052342101123749485e-01
7.940149379930176998e-01 1.880719091527428832e-02 1.261147656174383402e-01 6.121806278970960691e-02 -2.096755851638714419e-01 1.731812694061550528e-02 7.240696753623302451e-01 1.240924310857581536e-01 -3.991566461324105308e-01 3.533653219496876718e-01 -2.812240484620932846e-02 3.898483599834088320e-01 -3.259656364218884717e-01 4.969723253065712054e-01 -2.541104085348386277e-01 -3.192931944862819615e-01 3.993271812451262281e-01 6.898170183612732653e-02 3.209738308158637254e-01 9.523952295934005885e-02 -6.863336985440254834e-02 1.258781335140209401e-01
-1.011983774561071359e+00 -1.306885570967212251e+00 -8.255183589892648444e-01 -4.916070567938508606e-01 -1.073655271086464635e+00 -1.275478980756354019e+00 -5.038680841092091356e-01 -6.675878470823770616e-01 -1.457839424078319235e+00 -1.013321874844978154e+00 -1.335267668476332492e+00 -4.885871205255770122e-01 -8.697693664917006684e-01 -1.070959746074801044e+00 -7.159710122862977810e-01 -6.976751891717063447e-01 -1.344450599013289116e+00 -4.611525826946831219e-01 -9.896745398910703484e-01 -9.358041153191776207e-01 -1.195478261106125206e+00 -1.180026748511822543e+00
3.431667412054806299e-01 -3.110613985162806738e-01 3.184579997857552858e-01 2.087037063343312460e-01 -1.708715174937748271e-01 7.764643147833356629e-01 1.218525490950948198e+00 6.151904739031016645e-01 -1.786682740825084048e-01 4.062790718012712077e-01 -3.011850642948112333e-01 2.880039417086276421e-01 9.031731436185171102e-02 7.796991371100517876e-01 4.083576617939608244e-01 1.726031975411946862e-01 3.002352014683675185e-01 2.272136692709803563e-01 2.138132141518409718e-02 1.094118949529986562e+00 -5.687085878046206633e-02 4.697182707507548960e-01
-4.551845082801936337e-02 4.310191752144471034e-02 6.532933750101128645e-01 8.346894220881672100e-01 2.129922244961530708e-01 -1.117616636155500803e-01 1.746768513579188276e-01 -7.107235935764691370e-02 -3.572274946901376480e-01 4.885004098473209044e-01 2.014042722329846546e-02 4.085529004211654325e-01 4.197037949679341406e-01 4.583871899134184247e-01 4.075244717394829186e-01 -4.378288558312812828e-01 3.316685273114238219e-01 6.821696252765782065e-01 -4.335604151590766731e-01 5.889272080649937680e-01 4.119961556244158274e-01 3.977498076255110981e-01
1.076423920293430037e+00 1.248706219262054051e-01 4.753346482866675493e-01 1.172000723587283799e+00 -2.480013503727491742e-01 -7.927780404073023202e-02 4.411768629611638182e-01 9.512203696563449329e-01 -2.684038297119076821e-01 -3.372585023422230432e-01 -2.982290745758374162e-01 3.045081287717388285e-01 6.560965345123965786e-01 9.898444229358300817e-01 -1.382771536557590164e-01 -1.064331696370486163e-01 5.795181539108438251e-01 9.642193115345876198e-01 2.696769738874761346e-01 4.626143084421707186e-01 6.097012115709474767e-01 2.436381945772982394e-01
-3.107506347744858899e-01 -4.316912741939950560e-01 7.501396447919979338e-02 -2.762162383491287287e-01 -3.532755194531574383e-01 2.295943413204989403e-01 5.745834399362521605e-01 5.739269060746796797e-02 -3.273473748799600180e-01 -5.465876751193977645e-01 -1.572643038293619067e-01 4.408220840706129073e-01 3.982189767838940631e-01 2.283047465858281666e-01 2.260432450922033598e-01 1.169041074247434558e-01 3.655016747462973559e-01 4.157452666105566630e-01 -1.583941462157270955e-02 -1.434973586978477156e-01 -5.616929871731097812e-01 -2.037745179026846654e-01
2.911656305409667245e-01 3.903318178593920829e-01 3.859504109448688713e-01 1.180540401499418968e+00 -2.953858401951600099e-01 7.841978886894924727e-01 8.932476522820684828e-01 1.137470822935589820e-01 -5.316751063350935169e-01 -1.484342763946727706e-01 4.664463026191707079e-02 8.709650106908582989e-01 1.896082655827630303e-01 5.289437659844083983e-01 -5.182034195024394496e-02 -4.337273380835996450e-01 3.465931251896747778e-01 9.333180554777790183e-01 -2.940343549219121000e-01 1.291696205016394705e+00 3.253908421597721534e-01 3.817734296446387288e-01
5.325232552808558673e-01 -6.203801081913581372e-01 3.951329521712644843e-01 4.843456133955805210e-01 -6.691452849611132514e-01 5.804944289342349739e-01 4.200177476559313061e-01 2.848854358995523972e-01 -4.754143239905898044e-01 1.467099631046565600e-01 -1.089940230145891170e-01 1.178887353558320111e-01 6.365141921682437864e-01 5.421156271404103943e-01 5.767514236976616082e-02 1.110186607570752548e-01 8.817107190492169400e-01 2.441734929546570537e-02 5.312871949516670966e-01 7.710740571673038168e-01 -1.504954266897335913e-01 9.022308770311154857e-01
2.825097564691149699e-01 2.926352901547889518e-01 8.452351008798673904e-02 8.383343686866592259e-01 3.467832131110549776e-01 6.396132991201592954e-01 8.341558572578163799e-01 7.488423463053799356e-01 -3.215487812234504861e-01 3.165361304411408727e-01 -1.621970644983685705e-01 1.629656079895693832e-01 4.571619717785095904e-01 5.455796415930109777e-01 9.559253925917872083e-03 2.846723558650732788e-01 9.312483615012181470e-01 5.015427332225388390e-01 -1.280275657260075695e-01 1.113812069723539855e+00 6.156042136374821894e-01 1.324026698815061465e-01
5.127779455347464266e-01 -3.947894990029473528e-01 3.607391982307343037e-01 1.023757230026066445e+00 3.257359202539682197e-02 -3.368047474945255748e-02 1.163021119066283138e+00 7.901665629755343090e-02 -2.938440379784584278e-01 1.754057692865052531e-01 -2.924167349171886143e-01 1.015588682975162138e+00 1.785608765408016607e-01 1.119665735588970534e+00 1.663234234928403221e-01 -4.881009222729146280e-01 1.140940821220626900e+00 5.488154819793491512e-01 2.504726004857982247e-01 1.242445185943856556e+00 1.852370526409252982e-01 5.534029386667489447e-01
4.441274184716708651e-01 2.953105334680459770e-01 1.605317506857040222e-01 8.260498090781223102e-01 -4.066876252446244844e-01 5.140405540469795698e-01 8.505522989011553570e-01 6.846233291611340810e-02 -3.676095804576642312e-01 4.374020670026136925e-01 -4.338794633943425794e-01 3.424776823010466931e-01 7.356232005669732787e-01 2.691786690624254352e-01 1.550856060049923546e-01 -5.363191326771903356e-01 9.575991899540562402e-01 4.777211010180765216e-01 8.360879155277129576e-03 7.255806612826672941e-01 2.178541541834361772e-01 5.953531927509683186e-01
2.927752153880889274e-01 4.158196499239112665e-02 6.357380476138536629e-01 9.486127976351438340e-01 4.010364261682201614e-01 -1.404628083485911783e-01 4.060142598804408753e-01 4.824300142262650248e-01 -1.030364827658698801e-01 1.801713341589763484e-01 3.753145627954503349e-01 6.956104255041435369e-01 4.818258854949513115e-01 5.102891910068997339e-01 8.683814368388057536e-01 3.127683755791798026e-01 1.023771061349360689e+00 9.130553275133141966e-01 -1.108333207567576556e-01 8.999186492616048083e-01 5.558648020016119240e-01 2.179689930954055999e-01
4.912779718484179270e-01 -4.962713035967545316e-01 4.401020323792307898e-01 6.869534596925845615e-02 -4.655693899115178613e-01 -1.290907540408214871e-01 9.702622046690211333e-01 -1.567544960442051327e-01 -8.608022586201289350e-01 6.687698980966371165e-01 -1.334989503546063772e-01 -8.236497018360855460e-02 1.375299051474208195e-02 -5.846208374903988370e-02 5.570109032171984831e-01 3.109625048793129842e-01 1.792278441302488368e-01 7.549727072622562929e-01 -2.198676341150749558e-01 3.372312823013876582e-01 1.131694311893980398e-01 4.511295226645972156e-01
4.168996348725643175e-01 -2.875206479028050155e-01 6.908081874004270984e-02 9.382302899505754468e-01 -5.225053703575309738e-01 5.243390143890593880e-01 2.307360498250619341e-01 3.414261406306942082e-01 -1.005171139951387405e+00 -5.481776929292850875e-01 -1.539859064408944100e-01 7.858397376559101977e-01 2.119761700980464791e-01 2.300861878664662852e-01 -1.040200033398283735e-01 -5.013376109066903785e-01 2.252898835595021909e-01 3.116961333417129706e-02 -3.214604834135846856e-01 9.614288368231521664e-01 2.690587519631726932e-01 7.219321654226228124e-02
1.887974470680705841e-01 -6.620678480873261051e-01 1.469962782342339007e-02 2.402367699438616166e-01 -4.445927146039600486e-01 5.272326640206423942e-01 2.483576640421581994e-01 -2.411267116778668951e-01 -7.843246407311358359e-01 -4.373141355179057665e-01 -2.631544654750909637e-02 -1.245813442468892834e-01 3.481100600573193427e-02 5.533361330103726550e-01 -2.894052971571282051e-01 -9.885466944595223959e-02 5.772771434349083242e-01 -7.769141962735746920e-02 3.366439668908969285e-01 1.381530022775916133e-01 3.790360181760675795e-01 -7.745736790859238108e-02
1.346706139630263310e+00
-1.677078574814130807e+00
8.335200832026783413e-01
-1.175936449045526633e+00
-5.797886696843846943e-01
6.986544523258898520e-01
6.460031044789379395e-01
9.096017327987784284e-01
-7.451751751778675770e-01
9.434949332136977063e-01
7.406200583884209321e-01
8.199064050553621641e-01
5.127618890317018341e-01
8.000356590039312543e-01
7.783802995950177550e-01
6.750492713937508160e-01
1.305508050309208690e+00
1.099630155647162599e+00
1.633143250216453346e+00
1.296264190098068925e+00
5.142731064983284694e-01
9.805959993336559322e-01
ReLU
0.2
22
2
7.784239656337997859e-01 5.769647497209624554e-01 3.801170335754809892e-01 8.587624320246232124e-01 1.056128599862454109e+00 3.505095738542958195e-01 6.063295860007189564e-01 3.448027712484829088e-01 2.584994964103923265e-01 6.656477566411261870e-01 2.920469891001681861e-01 8.737054651138438377e-01 9.301256510552799450e-02 9.185720208358891803e-01 1.918878450524247048e-01 6.414053664611854000e-01 1.055151007528819740e+00 3.461833518986741076e-01 8.261996775972557661e-01 3.578372579378680807e-01 5.681280954221851198e-01 3.009683322626792168e-01
5.361703479950209461e-01 3.749943630370803360e-01 2.084182414088377178e-01 2.722440983137211501e-01 9.309259237453694213e-01 8.736010526082569339e-01 4.603017848227731745e-01 2.468736337398024783e-01 3.247101460498434400e-01 4.492657534940469044e-01 3.712244285800315735e-01 2.959985593759576483e-01 1.924745947582809646e-01 3.900467288036268410e-01 7.364605669743181648e-01 3.522909730525254912e-01 7.055008863983348588e-01 8.878008650248979672e-01 5.589258876889614536e-01 4.104180895210836622e-01 -1.306811247537255881e-02 9.244687495996870008e-02
1.082627294508770266e+00
1.656884762859544891e+00
Linear
0.2

ct 2024-06-12 17:40:15.621896
