noname
4
4
4
8
9.473521794103424432e-01 2.674470480815719364e-01 7.575228179800606032e-01 4.488622323572124539e-01
-2.225522033161627528e-02 3.961054765966084967e-02 5.638817468699930391e-01 5.130572630820339208e-01
3.622891654590666977e-01 2.229038970210964754e-01 1.584841084321436389e-01 4.937304884948157668e-01
8.405022257765070171e-01 4.609831305891783360e-01 4.982447367029763097e-01 1.033782393870301242e+00
8.278914551199288985e-01 1.345638064858819316e+00 4.073625906909195127e-01 -3.311840825397908694e-01
1.149674532294900214e-01 2.404055327627760419e-01 1.127512300116901622e+00 1.016484824266643772e+00
3.011262410210751028e-01 3.854405335989719017e-01 1.138333586832064093e+00 9.369803500513147476e-01
2.427840388554640683e-01 5.859399875122400791e-01 1.190279834653197755e+00 3.278289931057252748e-01
8.988495112226924100e-01
-1.205828593192264375e-01
-9.364586699648061452e-02
5.546803553559001010e-01
1.205385902300194351e-01
5.404097544601799141e-01
4.326678637459873550e-02
3.925860657165760603e-01
ReLU
0.1
8
8
2.445277372318502840e-01 2.290069319850057405e-01 -1.118572282761310342e-02 6.157046512067795296e-01 8.952537558432553944e-01 1.628691989439173260e-01 1.646840409118952575e-01 4.464579655844900796e-01
-4.072252546456573558e-02 6.824956281748096876e-01 -1.858008431564485141e-01 6.406562447915185032e-01 3.299075701858268928e-01 3.863991485128012715e-01 5.796421677701368153e-02 -6.303251603058179775e-02
2.621000330265269573e-01 2.975863270174534947e-02 -8.722682445721911815e-02 6.107789219196133601e-01 4.640017857673534030e-01 2.619972580869416312e-01 5.971374047201374324e-01 -3.823820185783240178e-02
6.284035499454834195e-01 5.351372247252529635e-02 -2.047522697650549783e-01 1.008052306901523920e+00 1.686098156633996648e-01 1.078852266625118572e+00 3.513049084448494619e-01 5.645096132601471473e-01
5.165393847134793770e-01 4.401631245730243114e-01 5.006421254445959645e-01 8.643778845107390474e-01 5.360608789643324101e-01 2.721486831531447215e-01 6.576788932457543480e-01 7.163203942650112066e-02
6.570967015123858612e-01 4.885942979687059040e-01 1.502917179001229675e-01 8.831191399286232313e-01 3.227083652592683261e-01 8.844848467155155269e-01 3.818135180298553033e-01 2.676088765742390962e-01
6.210034325248420251e-01 2.457471503984288985e-02 6.005586926394833602e-01 1.865326695890799358e-01 3.607297129761755095e-01 3.315059322512032280e-01 3.164818852135197619e-02 -2.068043332649552590e-01
4.081978506539806761e-01 2.205138666917553503e-01 2.123271664955252991e-01 6.023801999565518983e-01 -4.256795305061718965e-02 5.004524923605245812e-01 6.876729091422968398e-01 6.706655499288052269e-01
1.157039484243604699e+00
4.725529388903241257e-01
3.038939112628711858e-01
8.975308604227707487e-01
1.165268241192963350e+00
1.849162241993826394e-01
2.624715609489994828e-01
6.711849368954383444e-01
ReLU
0.1
8
2
3.431065332596254236e-01 2.617805537832537111e-01 6.145683730939151962e-02 8.745963625101619288e-01 6.829857868802431398e-01 5.067802220259113311e-01 5.628516595750389095e-01 9.079641751907172598e-01
8.072533620558517420e-01 2.212144273426449592e-01 4.709397745626154874e-01 6.804663994313099318e-01 5.325115089230083587e-01 2.140202740419462901e-01 6.316185124247218619e-02 1.615760653455517171e-01
1.302159247904804085e+00
7.441239193629339832e-01
Linear
0.1

ct 2024-06-03 10:32:23.145329
