noname
4
2
2
5
8.286323717593520044e-01 2.341098264004841389e-01
7.619280317158105831e-02 1.750624904528524928e-01
-1.175624420378873769e-01 1.445192174095945858e-01
5.251803001676691451e-01 -1.387802921604671356e-02
1.575032357485436074e-01 7.022466347267675157e-01
1.141333183762197889e-01
1.942376433633795363e-01
5.165821686685346803e-01
4.686341152426151679e-01
3.419260094536238359e-01
ReLU
0.0001
5
5
-1.846032182656807269e-02 4.565594963796903438e-01 8.676640429255575437e-01 3.836080172090228224e-01 3.005428920111004043e-01
2.864244915235075045e-02 1.770893881895261313e-01 -1.203968476704700072e-02 7.509482785136259997e-01 -5.740698958390928058e-02
6.084014586561903304e-01 1.850680123127985965e-01 6.601132830179732291e-01 7.690488785132675309e-01 7.503834770241477603e-01
-9.960739904286189383e-02 4.002542769671015299e-01 7.315935610973715031e-01 7.224720457279630859e-01 1.730017132982983319e-01
3.791263925831827447e-02 2.555713116494175985e-01 7.323610360407116493e-02 8.459784179581253394e-01 7.945008185215480800e-01
8.284704425808804285e-01
1.553365810154517801e-01
6.106200738991347521e-01
-9.903429396731289192e-02
3.470113753663276457e-01
ReLU
0.0001
5
3
3.708195211799305557e-01 6.151659237789453005e-01 7.893454261739495381e-01 2.208817060083054784e-01 -5.202121595349584173e-04
3.001817262212121418e-01 2.561302976530016595e-02 8.758020835400603943e-02 7.622234868664955476e-01 9.550662153845715929e-01
1.985844810271931715e-01 8.049390091888660725e-01 8.806578585238045154e-02 6.516197118836175584e-01 8.589246624948873032e-01
7.560664740821692043e-01
9.267315105337871062e-01
4.576795799353446104e-02
Linear
0.0001

ct 2024-06-02 01:47:21.139789
