noname
4
4
4
12
9.105523993479389122e-02 -1.571840398492612700e-01 4.033079681920790915e-01 -1.884099745005646254e-01
3.573829392219030066e-01 7.602708589752625867e-01 2.252175479104467359e-01 6.610303662644511080e-01
-7.334657369995753462e-02 -7.241805906015827410e-02 1.422206099234015475e-01 -1.452991289183116763e-01
2.642176293982125279e-01 4.370754509951234601e-01 -7.216947207625581950e-02 1.345288130309686414e-01
8.821788879341263545e-02 6.755007204259699805e-02 1.848377093344270861e-01 2.091455429772911580e-04
8.801146264354805515e-01 9.498396010321207283e-01 1.181333158432504193e+00 6.713120033117560004e-01
4.132939566933425679e-01 -2.782159146797626992e-01 -4.309266478325779470e-01 3.607364188207194955e-01
-2.352951964852747491e-01 2.325370225918820255e-01 -1.929025545537937925e-01 -1.645065397909248328e-01
-5.157973171293048775e-01 2.136344465985055008e-01 3.154808112506546358e-01 3.675584493459033153e-01
8.190154217227077482e-02 6.336759647960593655e-01 5.257910241233337834e-01 1.651242340452662161e-01
9.549614692132855076e-01 9.489103045969354833e-01 1.016536232960123298e+00 1.067567037966970167e+00
1.641237078644192382e-01 3.205681822215550314e-01 -5.014719167259437116e-01 -1.860570531794292493e-01
8.004842353426588897e-02
1.431057871910620949e-01
1.922468649806318430e-01
-2.800429656853835048e-01
6.456960628929645507e-01
1.156986367734672116e+00
1.296688035670008794e-02
2.996576202086362328e-01
1.062125885977562717e-01
-1.514321390631044317e-01
1.086316832774134822e+00
1.498858378442700923e-01
ReLU
0.2
12
12
-5.879458579017723951e-02 7.291914102317779145e-01 -2.221563113795695099e-02 3.812056249974132283e-01 4.607559436564219735e-01 9.483985812926879477e-01 2.746060763962017148e-01 -2.755045283845270476e-01 -7.486761730109238455e-02 2.442762002692834278e-01 7.684527174060652444e-01 5.236034170969116053e-01
-2.574211088942334191e-01 -1.997785338740415417e-01 8.561103798764042871e-02 1.906532479838912164e-01 2.138849120221955613e-01 6.257581694451870569e-02 -2.711154490909324921e-01 -3.094209750029459638e-01 -4.349163263456199413e-01 -5.491259051905121868e-01 6.011257840702746887e-03 -6.453424066628951628e-02
3.364623392011404368e-01 2.106277198603571654e-01 1.926133277062671567e-01 -5.244660439124453066e-02 2.558925893865010015e-01 1.509472030668579379e-01 1.249518887291567876e-01 -1.305308518898696257e-01 -3.091075729550152862e-01 -3.815360488408622852e-01 -3.713235104600739328e-02 -5.471701050309113468e-01
-3.777442584617627386e-01 -2.567501481156030940e-01 -2.083577147264205065e-01 1.849439096183552733e-01 -1.718693713081782537e-01 2.587800856379825487e-01 -3.266746070407120506e-01 -3.208288165446095963e-01 -3.207660670306589773e-02 -4.658807081090817204e-01 1.052406147080826165e-02 -4.423358868973514824e-02
2.440387704782845668e-01 8.424245580684925905e-01 2.960064662391709844e-01 -1.672133058234334113e-01 4.902592730571850854e-01 1.374422153143791236e+00 -3.568662827592510856e-01 6.298317833068649285e-02 -1.722049319948365242e-01 2.248366349943280162e-01 1.325730224738181473e+00 2.215677441372702616e-01
2.085017861347646939e-01 -1.367523191345144662e-01 -5.146194376646506807e-01 -4.992613321387341929e-01 -5.719889522811064664e-01 4.731736907777700507e-01 -4.344627806162199013e-01 3.008395368225801336e-01 3.700431123207524597e-02 -4.659889453518549773e-01 -5.042222360771940470e-02 3.422270694962497965e-03
1.586696733706950690e-01 2.562607140326561561e-01 1.717456690213295667e-01 -4.252468175676954454e-01 -5.879640141627904271e-01 1.710703269597573795e-01 -5.504060188389879871e-01 -7.870195310790083498e-01 -4.843283310713468182e-01 2.241601852252193550e-01 -5.094109964043038730e-01 -1.702306017666201932e-01
2.381302538797441248e-01 1.010315386674200067e+00 -1.343807782054656508e-01 4.364237174773150651e-01 2.762689441210475771e-01 1.225557697393177214e+00 4.650072106762588309e-01 3.948252075497195035e-01 2.930424695907001831e-01 7.201147570586909907e-01 1.068924716257774854e+00 -1.765370575034617417e-01
-5.552109320658269592e-02 -1.826235504276673971e-01 2.079175625115005643e-01 7.994785660192013643e-02 4.608305207661997360e-02 1.160944167355870915e+00 -3.303174881610567715e-01 -4.974478944878135134e-01 3.647531584406487060e-01 3.634694902884998413e-01 1.085427922977990400e+00 -3.070865261539256763e-01
-1.451546758643312007e-01 3.469756564713216695e-02 6.229344522606765355e-02 -4.540562725766468799e-01 -7.862421761534756082e-02 -2.192343876276772741e-01 -3.233224201540225717e-01 -3.899578951430825446e-01 4.179751558054695670e-01 2.324494608157322562e-01 3.482764194559086895e-02 3.824268033518929411e-01
-4.493416049690023284e-01 -2.683060609962829579e-01 -4.024975983758908860e-01 -4.593738490124150697e-01 -5.786337465576304462e-01 3.309268580409427396e-01 1.876779741077139740e-01 -5.028164169679139733e-02 3.844146224271849377e-01 1.819772015773557239e-01 9.238148068090501486e-01 3.716692391171643184e-01
-6.735024450188555750e-03 3.708794198492166294e-01 -2.705617879478246224e-02 2.263831890972502758e-01 4.487971294220136076e-01 1.226695611240552264e+00 -1.868071582751651069e-02 2.062820806968649334e-01 2.850608247988072746e-02 3.801653967825226882e-02 1.073639413079840121e+00 -3.312589265828693175e-01
2.443508025246531545e+00
1.167302210122041384e+00
1.238873049726437303e+00
4.748239796325502970e-01
3.113846681329915267e+00
1.695780226746969710e+00
4.775294006594251184e-01
3.251518108710504062e+00
3.140437149590266763e+00
1.343652951200505541e+00
2.771869019014155722e+00
2.749312635427343388e+00
ReLU
0.2
12
2
8.583307557592430026e-01 4.752162142911714460e-02 1.508436294484748197e-01 4.234783980420560312e-02 1.228177484691417298e+00 1.614997108713963347e-01 2.933404903794398777e-01 1.306271269330220974e+00 8.139294508422462160e-01 7.366413962554951844e-02 5.507013230284190097e-01 9.355432579365813295e-01
9.111818158250976074e-01 4.466984112603412937e-02 1.493499282469077649e-01 3.477658033140880456e-02 1.059054831416062159e+00 1.780875352371254217e-01 -1.678792276902069391e-01 1.164739062525745661e+00 1.060825978401749303e+00 6.333339870948070938e-02 5.446066001001961254e-01 1.137016070337282470e+00
4.141948126508240513e+00
4.726510175085737231e+00
Linear
0.2

ct 2024-06-10 16:08:39.544239
