noname
4
4
4
12
-2.635637823090938525e+00 1.276698765849727746e+00 4.569532298405449389e+00 4.960689457071365549e-01
-1.496709417334169290e+00 -9.947176220450115736e-02 -1.630935002567751813e+00 3.372674984821225075e-01
5.187540270453732560e+00 2.239705939130035350e+00 -1.524409705902065504e+01 7.306477645503647311e-01
7.265209985565052042e-01 5.935189204828567044e-01 -1.849871776611241359e+01 8.914769869918813539e-02
-1.644860846069640781e+00 1.294231673920341663e+00 3.341163958752742857e+00 1.143995204444402614e+00
5.297518878444632762e+00 3.900559857548151044e+00 8.007321307367364582e+00 2.426635307843463707e+00
-1.642504229443063846e+00 8.689674292339382156e-01 3.135746525392997697e+00 5.301624724651308185e-01
-6.505834592657431248e-01 6.393820377254125775e-01 2.567801831092832554e+00 3.625368333069639015e-01
-1.007754549155570611e+00 4.265994004666339712e-01 -1.678074195003250169e-01 -4.914940280939475992e-01
-1.823537172568633791e+00 1.396589692290780338e+00 1.939027167546845121e+00 1.303090702104450882e+00
-1.215137870029002753e+00 8.701318916183714558e-01 2.212079912745105403e+00 3.932359907999491422e-01
-1.683487679407196902e+00 1.276369663594345338e+00 6.478151994502631794e+00 5.090115667802952437e-01
-2.654614603592232669e+00
-4.601553752669446773e+00
-2.474444043916705471e+00
4.082115925700409598e+00
-2.332448331337901415e+00
2.823444196909200343e+00
-1.901807780894563926e+00
-1.509657174230770948e+00
-4.509206536376075825e+00
-2.903361817148037094e+00
-2.289723628187354532e+00
-2.697746867318881137e+00
ReLU
0.1
12
12
-1.546359941550803085e-01 -2.496317685725866348e-02 1.468698593873429270e-01 -1.248575964685696649e+00 -3.421090226831414172e-01 -2.182145047812354688e-01 -1.140937422944633510e-02 -8.771735189778033515e-02 1.953953953048633008e-01 3.580532161117019330e-01 -6.229345004212847314e-01 -4.276456198898040961e-01
-1.735149141679605655e+00 4.096993031269830610e+00 -1.535663736657516543e+00 -3.774012435777159169e+00 4.700314095551800797e-01 6.482071165168319382e-01 -1.172429042380768865e-02 4.356010388229744068e-01 -1.862583785927121038e-01 -7.997082808299960099e-01 6.388002349122666734e-01 -3.622021107065430012e+00
-8.079438310747910634e-01 1.437747472324153453e-01 -3.485547731770931579e-01 -1.353691016655020674e+00 8.046217721487971541e-01 -1.035239258418765518e+00 1.689632092176019396e-01 -2.443498912200994799e-02 -7.885333185258566746e-02 -1.734608100202807979e+00 3.183464130727685082e-01 -1.596642229056152384e+00
-2.272936415380816533e-01 1.659798552425843787e-01 -4.827066427980438584e-02 -1.636501979867686529e+00 1.097991177937120560e-01 -1.413392481863270600e+00 4.961101468156409733e-01 5.891144309472512441e-01 5.289388314727596629e-01 8.893803556598625093e-01 5.094788580426793390e-01 -2.832752445520317242e+00
-1.137682875085656853e-01 1.380601501283618138e-01 -3.501767022321117473e+00 -5.922997857611980166e+00 -8.611214538083066250e-01 -5.409865704949265997e-01 -3.110585603277556399e-01 -7.166854084202278763e-02 2.669691228235719915e-01 -2.399411219737264400e-02 3.265870711335465137e-01 -3.513476656265541731e+00
1.458885389749382533e+00 1.873948496280398723e-01 -8.428051822769085100e-02 1.535578119515525808e+00 -1.004812148955348983e+00 -1.720732975970485468e+00 -3.511650273696347302e-01 1.462521109781816583e-02 -1.442650844205153049e-01 -9.264162797087804879e-02 -4.882920832908467790e-01 -1.538380252626501576e+00
-4.566946855875780864e-01 2.821524996286119968e+00 -3.915613902803820601e+00 -9.915284096520974089e+00 -4.909957905230954295e-02 2.587312826380284481e+00 -3.094682647932696096e-01 -1.354279188742901485e-01 -1.592369817548963118e+00 -6.876605721886742684e-01 -3.745518650837029173e-01 -3.231086887208696190e+00
-7.798404777709798397e-02 6.496061847486556129e-02 -4.158056095434786159e-01 -1.981700201155544905e+00 -7.222175392151566897e-02 -2.145806986218387280e+00 4.495070411564748292e-01 -2.991031092517558165e-01 9.281972772805568983e-02 -6.478140384230783866e-01 7.359777474244945106e-01 -2.789728614159489695e+00
-4.276095079385260900e-01 2.177805976055741666e-01 5.602750950964740378e-02 -1.250387929416602706e+00 4.583048219696117531e-01 -1.114127600580045563e+00 -2.447385287683581934e-01 -6.219494719736378130e-01 4.731574397624576656e-01 -7.640313470753010705e-01 2.334991922461586711e-01 -1.397133593514952477e+00
-4.650405879103921419e-02 2.146301743922127137e-01 -3.247009928378438021e-02 -1.224964230590455339e+00 3.647433878132462781e-01 -1.216232602721187606e+00 1.257541640442269570e-01 4.257889465904520776e-01 3.534165847421893436e-01 -9.831801488842998316e-01 6.470430975455582212e-01 -2.492652986527860381e+00
-1.299283168518818199e+00 -9.118547825265215234e-01 3.715394623421989451e+00 1.270488027844273615e+00 -2.557732232811271267e+00 -3.146139900398058131e+00 -4.155327454181829694e-01 1.031626621824218992e-01 2.296090965227150227e-01 1.614555132475660182e-01 1.321967618159756441e-01 -2.822714016551647109e+00
-1.518978939354939106e+00 -1.650394742205315568e+00 -2.205742259908418379e-01 4.716140700213842796e-01 1.818156764759589317e+00 2.443874771043293759e+00 -3.009914644064160538e-01 4.410293546327884728e-01 4.717997836639172826e-01 1.221786451643415816e+00 8.968085853971511368e-01 -2.893976506088200562e+00
-4.235024231064187655e-02
3.976808371664181774e+00
2.664819860494164860e+00
1.947088104959400656e+00
-1.256961370944481793e+00
-1.498998202894336274e+01
-4.875584590776465888e+00
1.438521605384764479e+00
7.540492569066619133e-01
1.711024830771835648e+00
-6.414943983032754815e+00
8.679723989199522594e-01
ReLU
0.1
12
2
-2.583123706694585575e-01 -1.979351364754932341e+00 4.162128370545467582e-01 3.238369250038746761e-01 -8.582636071534961719e-02 -9.333926219575275907e-01 -2.068553103761215262e+00 1.154142361094539826e+00 -7.466322995328647516e-02 5.024727023424894190e-01 -1.917713929830002995e+00 1.873991733478509003e+00
-3.246790979717082415e-01 -1.642069367053506923e+00 6.396987932420485912e-01 1.320584045704959741e-01 -8.648985860105973256e-02 -3.080878878424408107e+00 -2.479862901929275054e+00 3.289903965197824576e-01 -2.747935454241110520e-01 5.096124045542165248e-01 -1.514648145214058772e+00 1.860036769932924994e+00
9.896159852477754981e+00
9.937348981565609307e+00
Linear
0.1

ct 2024-06-11 14:22:02.460486
