noname
4
2
2
4
6.561736709833040360e-01 8.169238996656328355e-01
9.628677977891528794e-01 3.649872849376933903e-01
1.577696507005862947e-01 3.040804428647127522e-01
8.743993188314487242e-01 9.816116801680234705e-01
4.393631824426106336e-01
1.934042671825979276e-01
8.539878992753835441e-01
9.452087167222449349e-01
ReLU
1e-05
4
4
6.851420888106767304e-01 8.619279819553298250e-01 3.864603916605207079e-01 4.011319880618257061e-01
8.986972727442620323e-01 7.660902976945196396e-01 7.023513362695348317e-01 1.299295050818614905e-01
8.995041827700315240e-01 5.936118865981768744e-01 7.881056902573877476e-01 7.316788729746523945e-01
6.487017584998475694e-01 4.989371339899947300e-01 5.133083233585218341e-01 2.659856747759092310e-01
7.909594474441937473e-02
7.308648085046235421e-01
1.007586637733441703e+00
7.312031769386591051e-01
ReLU
1e-05
4
3
2.233839821131245185e-01 4.142862189065324441e-01 1.211569624349045915e-01 3.018306907859861221e-01
2.951925380167972901e-01 4.768215570475444753e-01 3.701050250494238719e-02 4.908157764230444697e-01
8.032513847750569758e-01 3.365612904843895414e-01 1.797014564658533098e-01 9.220519435182041867e-01
1.005778783107537988e+00
1.770505283408720931e-01
4.580527662764672936e-01
Linear
1e-05

ct 2024-06-02 01:35:46.723783
