noname
4
2
2
3
1.810611664179942737e-01 5.011545637379190010e-01
6.692449265077617948e-01 5.247054105809355606e-01
5.517500557142545475e-02 4.309444764072088707e-02
1.261081565237948399e-01
7.461709598149904865e-01
8.431540833137909363e-01
ReLU
5e-05
3
3
5.421461835819894881e-02 4.509496877788865543e-01 6.510137799104694922e-01
3.689925710424942773e-01 8.249054824996349122e-01 9.040535518967918183e-01
7.876375883740152073e-01 3.240288850938347620e-01 4.779744382999716046e-01
5.437182565017075753e-01
7.885185933150488102e-01
3.388219396244958603e-01
ReLU
5e-05
3
3
3.076689391294146758e-01 2.027689707604890812e-01 7.423098674179244849e-01
2.907712358004760356e-01 5.167835295215338354e-01 5.882460152130375430e-01
5.964780451716775733e-01 5.986523628083688653e-01 9.869907589128185110e-02
6.092927845175662993e-01
1.240819254139979705e-01
5.837953472418558887e-01
Linear
5e-05

ct 2024-06-02 11:35:13.438540
