noname
4
2
2
3
7.328839424315661266e-02 3.925594400111310223e-01
5.610802578024232101e-01 4.156820878221009763e-01
-1.491789927878580876e-02 -2.665561828302100145e-02
1.700685710196181075e-02
6.367351703433752341e-01
7.717719510911587033e-01
ReLU
5e-05
3
3
-4.629464283825941717e-02 3.460027613909377187e-01 6.181275427862272798e-01
2.661601527678839063e-01 7.185817151322534402e-01 8.678641544511809247e-01
6.818333728873716693e-01 2.145707966888790175e-01 4.413844980932467021e-01
4.327268561567362282e-01
6.765145096448604844e-01
2.234795168303924107e-01
ReLU
5e-05
3
3
2.978232604243981063e-01 1.905674350617319324e-01 7.312993657050697038e-01
2.135919808444210477e-01 4.342038655379454881e-01 5.080817867500028173e-01
5.578597451668679819e-01 5.565152121964522802e-01 5.912059848223801678e-02
5.883592059759933379e-01
2.634953279431455006e-02
5.274823337113547783e-01
Linear
5e-05

ct 2024-06-02 11:37:06.650802
