noname
4
2
2
3
-2.559078827702222086e-03 3.153288381236559190e-01
4.803599690229413133e-01 3.349207878006753569e-01
-1.491789928469254393e-02 -2.665561828895321103e-02
-6.008504490314323793e-02
5.561338649434218739e-01
7.717719510838541019e-01
ReLU
5e-05
3
3
-1.228399492192177589e-01 2.617948398778572328e-01 6.181275427862156224e-01
1.923121109350758307e-01 6.371626786129270803e-01 8.678641544511659367e-01
6.102827331375276776e-01 1.365772075939337415e-01 4.413844980932288276e-01
3.410651850081266589e-01
5.874405121621792958e-01
1.370236773366051708e-01
ReLU
5e-05
3
3
2.662559011935297093e-01 1.489821929340297557e-01 6.952957945159767839e-01
1.556801824470645523e-01 3.658708971626947748e-01 4.467131144609773896e-01
4.859286783796739617e-01 4.740696333292143683e-01 -1.495200476279497093e-02
5.222878975575052651e-01
-5.967894614729331998e-02
4.279639054542705989e-01
Linear
5e-05

ct 2024-06-02 11:39:49.341789
