noname
4
2
2
2
-1.664871116297416964e-01 6.923871529063847508e-01
3.758531335414881380e-01 -1.892766507720224645e-01
4.246774071800773487e-01
-3.514800825171741638e-01
ReLU
0.001
2
2
5.630644580450916425e-01 -2.779181015602089425e-02
5.495786834626372741e-01 5.901531799680492796e-01
-1.240769238754884929e-01
5.377835095365324919e-02
ReLU
0.001
2
3
8.857717491452844760e-02 4.153975241061497736e-01
1.791016173775527298e-01 2.813138976783246537e-01
1.052129097128554902e-01 3.340861271209956129e-01
4.731176947735840077e-01
7.169762870388461939e-01
8.190303617651520929e-01
Linear
0.001

ct 2024-06-06 11:25:39.405225
