noname
4
4
4
7
9.355636133150871947e-01 6.243251182690643386e-01 5.101077804496355617e-01 4.821380505651738924e-01
3.842589399709765013e-02 3.095988018399222774e-01 2.186665440061086318e-01 9.093230716363894794e-01
7.305111666440178286e-01 7.171852789466603983e-01 1.051915494508507187e+00 1.307354595661160968e-01
1.297111928325512809e-01 5.835043871702750851e-01 2.180895698016169781e-01 9.001917874618217130e-01
7.001228509087599194e-01 8.984531425087546319e-01 1.980256458585719637e-01 7.775270157748899180e-01
1.204733747735374783e-01 6.348802413236531716e-01 5.384482128573433446e-01 6.982974659362024550e-01
3.768841216294592233e-01 9.032693200040317061e-01 9.597103929436219261e-01 4.836522827709252570e-01
4.816430064791652477e-01
8.149273491366355593e-01
7.071008960917556374e-01
1.163465735151756608e-01
-6.848246061336296653e-02
-1.884280510802583547e-02
3.024449513497473041e-01
ReLU
0.1
7
6
1.360138159535154712e-01 7.181346219873789849e-01 8.778917112129703826e-01 6.374065919253518731e-01 6.343329624794149524e-01 1.436778631449458499e-01 7.406465048229637915e-01
3.739767201531872254e-01 6.066713327475266038e-01 8.849030971500281284e-01 7.521413145194801864e-01 2.652670272457592349e-01 6.298457844925487992e-01 8.960385816295642902e-01
9.302053189660733912e-01 9.358945417705180070e-01 6.282905208490724425e-01 6.025685099083841201e-03 2.778230015378151396e-01 7.854328651030110242e-01 3.318837767101435188e-01
3.251886078089540055e-02 2.544780308679003844e-02 8.698300497923836527e-01 8.555656030262052125e-01 9.920784130072890505e-02 -4.291027146113926549e-02 2.729003138016037888e-01
5.370225588438198860e-02 9.245888419513060424e-03 6.933858882269512414e-01 7.299321855532601155e-01 1.467177432631073530e-01 2.320801995370452564e-01 2.989063277972863752e-01
3.971296989224357699e-01 7.381189238815485387e-01 9.645963627750986369e-01 4.541379310698676619e-01 9.343068670650531149e-03 -7.453224754213652603e-02 2.921776710214568640e-01
2.060969992466189504e-01
4.495547753792080159e-01
7.408056687526864970e-01
1.315839821475565385e-01
9.432349054483266104e-02
9.998624648096640644e-02
ReLU
0.1
6
2
2.984659336269687713e-01 1.231946371802943307e-01 4.428817325060379617e-01 4.866677274588452340e-01 6.491158556998930518e-01 5.145325258095375665e-01
7.164075558320333048e-01 8.293345038386582546e-01 6.765617796058536193e-01 7.929731894871232256e-02 4.272725834585518467e-01 1.322586168287033792e-01
8.465752921643018292e-01
3.186176852663332726e-01
Linear
0.1

ct 2024-06-16 15:29:15.330767
