noname
4
4
4
16
9.069585449946694355e-01 1.025604732217592074e+00 2.788481883663842531e-01 6.164402433521434244e-01
3.919107805156388236e-01 2.681374384519622511e-01 6.637534085419288798e-01 4.964237679558153316e-01
6.721837836402430044e-01 5.779601855363146745e-01 -2.253325775894172711e-01 8.298135264313969417e-01
5.826200609833899202e-01 6.363501712726614690e-01 5.125317338232462383e-01 2.333859574191281816e-01
5.926878471876780852e-01 2.646769992767888380e-01 2.419583211789631261e-01 4.135180696102436770e-01
3.763530109976664234e-02 6.491919041939133717e-01 4.691851267471423559e-01 4.422122768917062241e-01
4.939708129175462981e-01 5.073155866478041842e-01 -2.334612827390417922e-01 5.291142542000430993e-01
7.482054881289298409e-01 2.037654552345877501e-01 1.647877980329434666e-01 3.405221218579432274e-01
1.670109541476966664e+00 8.347553986261552206e-02 2.123310882555762835e-01 5.663836951360734506e-01
1.290880297688314915e+00 5.188580905990739511e-01 7.626920230627785846e-02 5.932105848301176820e-01
-1.742800467134544840e-01 1.281720635389790974e+00 1.682911478004279759e+00 1.967756506530078664e-01
3.896167094640319295e-01 6.981650095647349286e-01 5.888387566545105756e-01 6.945207399773766221e-01
-2.728683488727614778e-02 9.050524280628226004e-01 4.297501361604914583e-01 8.918836620846134489e-01
1.108535483243817676e+00 4.542940443098147374e-01 -2.508064675875692484e-01 5.563736871839930487e-01
6.569617517668706330e-02 9.217590670712443313e-01 1.220494191507214943e+00 1.973118734726407308e-01
1.037111796101471972e+00 9.006617942733524673e-04 3.410787951180819788e-01 3.936814792409669139e-01
4.618603385438643238e-01
9.567893885631405526e-01
9.881801783557827568e-01
4.260500207311950227e-01
5.461637409920030439e-01
4.283733269570092483e-01
5.074296721761728524e-01
9.739176117356921347e-01
5.007232157622941715e-01
4.616138891646978104e-01
-1.068148145347224409e-01
6.854810229118534215e-01
8.333894746781039808e-01
5.254602067932194753e-01
2.392438773423078424e-01
9.455665189815438687e-01
ReLU
0.005
16
16
2.227577527130575330e-01 1.017145316617093620e+00 8.331866926222829539e-01 2.429984313135610530e-01 9.398393746291716644e-01 3.061239785403833125e-01 2.660568307087953777e-01 7.049549286937830672e-01 7.185725671548426341e-01 -5.811909138809426972e-02 4.215565349966094999e-01 2.809869810299791548e-01 8.854056515805932559e-01 3.620980416213975817e-02 9.979835675289605579e-01 4.946729811240362928e-01
5.012914247142549184e-01 1.556874523216313089e-01 3.776040807665373422e-01 -2.832445251809272493e-03 4.535871060949061562e-01 -1.371317963462084788e-01 5.347432084348008319e-01 6.783684698569986127e-01 2.508035205360945596e-01 1.980266626964231891e-01 7.158129920214010289e-01 3.309627981010510728e-02 4.021499457145998879e-01 8.108794718993692641e-01 9.355414292188717340e-01 6.899608101697337625e-01
1.614037549076338673e-01 7.908249599193717394e-01 2.354272229004052974e-01 1.915849123064754800e-01 2.803611500963671954e-01 9.180842924692875218e-02 -1.434298935608865622e-01 7.874969088338248380e-01 -1.488160176235912291e-01 4.309367559261969571e-01 7.094725555272203277e-01 6.068174190854874750e-01 2.974973901179804869e-01 3.412076537676084764e-01 1.703075106375432635e-01 6.598505496083403310e-01
6.507696486447185347e-01 1.314190511763420888e-01 -2.991796348283566609e-03 7.233111744176444757e-01 8.020004102585833738e-01 3.811902471622437560e-01 7.267979431568301063e-01 2.928193718489970898e-01 6.542734117764631430e-02 1.572977355040994785e-01 7.409876767140884946e-01 8.269696004771143194e-02 4.037299722242774780e-01 -1.221642440713994193e-01 1.033207561913686234e+00 1.329294478764791662e-03
5.033067147072207703e-01 7.057079141793268784e-01 2.753992385356385797e-01 3.539865738713683374e-01 6.739050077779281667e-01 6.423259089458851490e-01 3.038814649380459643e-01 5.843269787482312516e-01 1.904717109626789528e-01 7.276454434219004064e-01 6.448944764559125797e-01 7.138975562953028264e-01 1.555665060789508392e-01 5.119302437471234812e-01 6.922273218179629817e-01 1.454960371835588573e-01
-6.668679596845211721e-02 4.492523341900150902e-02 4.879572833566252904e-02 3.626621722428877703e-01 2.046023802485890386e-01 6.187064462128212261e-01 6.855547438469090649e-01 8.438858821681989308e-01 6.608101591233349614e-01 5.992622051348313050e-01 9.362515606640658961e-01 2.929320491923323999e-01 8.474497787946035920e-01 8.548547663114625106e-01 9.376115832649384307e-01 9.698367466302608708e-01
5.402128911522596777e-01 3.640542169739569012e-01 4.200942412344951249e-01 4.719379347797186819e-02 5.919897388806837357e-01 -9.586949603336607229e-03 7.956532308136777809e-01 4.875928506976434651e-01 5.522025187613601727e-01 -5.177544379890763881e-03 4.358392207595055967e-01 8.538201755420102845e-01 8.802983961202272001e-01 4.951736177811925654e-01 6.136206325093542802e-01 2.338092265063407005e-01
2.692882438377259824e-01 1.839936925535293477e-01 6.464322813277481039e-01 7.137596427886144790e-01 8.786040430109454125e-01 -3.273752514604631042e-02 1.139384571592803735e-01 3.192595118542831401e-01 5.865104666589400217e-01 7.159948927561352594e-01 1.078177993087953146e+00 6.892367110839026090e-01 7.982596621795930991e-01 4.971512451679611089e-01 1.049556809439751826e+00 3.102832905577258826e-02
7.265727890399931166e-01 8.769184149817049745e-01 4.800345401911005894e-01 4.182826470317319023e-01 1.999729806536573729e-01 7.121609865534830330e-01 -7.566228032143355875e-02 9.962858028459657955e-01 4.070684985979329817e-01 5.205172547978419439e-01 6.145942655136535926e-01 3.762488192542876586e-01 2.514221843711872406e-01 1.708288888538146422e-01 3.849929365127348624e-01 1.563360254228317592e-01
-2.470145424176113103e-01 3.028914175423593758e-01 2.685672723196728118e-01 1.297104077665275912e-01 -4.798270691092902385e-01 -5.758660880567195717e-01 2.004593031310030193e-01 6.643653227634166436e-02 1.273448514587732505e-01 7.378817242676904975e-02 3.238854189234949832e-01 2.430203061917625418e-01 3.329999045265028546e-01 3.929462145535653206e-02 -4.116341164176825496e-01 -2.426157390186127749e-01
1.881527359073651151e-01 3.736222794954301429e-01 5.664770918655449572e-01 9.003762995576807260e-01 6.375779565645798286e-01 4.958600765245307351e-01 5.570576506786868720e-02 1.577563774927881191e-01 2.234681694113221651e-01 6.493215976357365193e-02 3.783330409301809416e-01 7.850266690561184812e-02 6.132103165600636535e-02 5.179192650495733075e-01 9.190656751254455692e-01 7.054358426186316811e-01
6.978643960458579265e-01 4.925219895814794691e-01 9.527078857719860627e-01 1.293631024602768798e-01 3.125000856589175702e-01 8.129759626757914193e-01 8.087552720752004820e-01 7.271508717429739921e-01 2.374041889806068062e-01 5.419031179328346326e-01 5.250387545711016068e-01 2.078493031711722006e-01 2.458211541226994201e-01 4.240526855771424297e-01 7.883188287873250655e-01 2.718061690059060953e-01
-3.723458741311558295e-02 2.640622839438392933e-01 1.151795534449780167e-01 5.826197801682350130e-01 7.944024447014060852e-01 3.816358745450791345e-01 5.433289081649341767e-01 1.003538497311475597e+00 3.035283438803714207e-01 6.675316928282706286e-01 1.425390860175348440e-01 3.048744292395878519e-01 3.846288439522127511e-01 8.407098244191625325e-01 2.895965106681287482e-01 3.831083119767623169e-01
4.641124195746924030e-01 5.174250790673251554e-01 6.483958950742071403e-01 9.297866278751744096e-01 3.477096380858707425e-01 4.701306871783745289e-01 -1.468468173417280566e-02 6.696374892268937284e-02 4.672545995407268449e-01 9.072434711074232050e-01 6.600737666070772836e-01 4.659063506385691111e-01 9.807767919414527302e-01 3.058666137722646505e-01 5.170850946651900371e-01 7.230258412039688443e-01
-1.081184709045439063e-01 5.470985774361074583e-01 1.001603714855461069e+00 3.657459007938085871e-01 3.455395319115263097e-01 5.173249907858786800e-01 2.707888264032766168e-01 7.937360824059287445e-01 8.001223890671759209e-01 7.904933191648368940e-01 1.129932145144050715e+00 1.005982394862955931e-01 9.086907462575418704e-01 3.715634256080391773e-01 5.321001374067284573e-01 4.441858546960505416e-01
1.099030196383826291e-01 3.417839171137525001e-01 5.137533295074191431e-01 1.420886906759316615e-02 3.311303065658869893e-01 3.860795193989426388e-01 -4.460669412349915069e-03 -2.706074605889562112e-02 2.189609012941626243e-02 5.883899694227266997e-01 4.276160418105768302e-01 2.926295900723066001e-01 3.586411111349371850e-01 5.677064903515220973e-01 4.519950160732101319e-01 -1.126582536621414804e-01
6.277241223255843883e-01
5.716209390897720732e-01
5.556082841697267405e-01
8.630586699830724573e-01
1.677419572557017069e-01
1.266031427603263315e-01
3.874710648241028732e-01
7.778072671632182411e-01
1.131734354870086889e+00
2.956180766843578001e-01
1.149502038984848040e+00
7.428240384271873609e-01
2.000926784154150040e-01
1.643481635825164711e-01
4.205680948821959864e-01
4.580656963996032061e-01
ReLU
0.005
16
2
9.246955731101283993e-01 6.437821198652280419e-01 3.848213012917646725e-01 1.276740647334455026e-01 8.030183332628929027e-02 6.054337920643368953e-01 9.698163779734594314e-01 4.632706282743271897e-01 5.031550427729044594e-01 9.392279148280233136e-02 9.714530554108090632e-01 8.941247618242531559e-01 6.643375915021336731e-01 8.863049758946369705e-01 2.630761327650883441e-01 1.688114280672487200e-01
4.969970392104010037e-01 1.940308260209270552e-01 7.770702225336999225e-02 6.627235323114823995e-01 7.504600821514257891e-01 9.536288050785781678e-01 9.665825397925461582e-01 8.401380082910545610e-01 1.990662292138070388e-01 1.451797282613840299e-02 1.518006831218752239e-01 8.132696681664554061e-01 -7.154137681350170377e-03 5.454534811830564767e-01 9.814069436583994221e-01 1.338843510418186722e-01
1.066204739283117764e+00
9.628145456879919628e-01
Linear
0.005

ct 2024-06-03 12:26:31.819521
