noname
4
4
4
16
1.269663540767302479e+00 1.061346878357924073e+00 -4.907438684673624818e-02 6.063484189954886361e-01
5.599089744852856487e-01 3.146807330297690664e-01 3.086413036153503597e-01 4.437493640769540337e-01
7.729343912128212590e-01 5.983547634539008175e-01 -5.169844353591259711e-01 8.104494643242097229e-01
8.379142608678389337e-01 6.476381393441009715e-01 3.478452651026409104e-01 2.941741176791462520e-01
6.783885936703776265e-01 2.885752028852413553e-01 -3.312813318537857765e-02 3.907355289353839356e-01
3.065866953673536122e-01 7.321286470961700932e-01 1.484404501542090637e-01 3.742086309418236056e-01
5.481624772690784075e-01 5.135532851776845042e-01 -3.785655600549324706e-01 5.521365238799620379e-01
9.006489125231942339e-01 2.393821556287571428e-01 -1.738718632636289396e-01 3.009353422754533214e-01
1.858147281383049521e+00 1.493883701522236152e-01 -1.614870832306849469e-01 4.940127214000654687e-01
1.579887553238564335e+00 6.466362287513536256e-01 -1.642038988433566771e-01 5.313426287375008217e-01
-8.809142871790557328e-01 1.058704955793371205e+00 2.091453247464710952e+00 2.944263886477382908e-01
3.268580661207137750e-01 6.688947877794466645e-01 4.162702597155660822e-01 7.108569987382785671e-01
-4.801753056482559179e-02 8.794746062106101325e-01 2.491399121367087188e-01 9.137276851505773401e-01
1.395519472410913675e+00 5.813140590563332655e-01 -6.804930847756519574e-01 4.358576791891663471e-01
5.770233048526945963e-02 7.646163347545731348e-01 1.594337967046588922e+00 2.653216878629519049e-01
1.301963331521183154e+00 9.595696826431869553e-02 -1.626502687770084166e-01 2.675342837950299701e-01
5.216537015094870888e-01
9.682662968921560420e-01
1.013635451115754593e+00
4.513210886429194213e-01
5.628398292361146416e-01
4.391667278879182179e-01
4.781530962914606886e-01
1.004849590749380406e+00
5.311576312880968986e-01
4.054848286369278076e-01
-2.022263005455604001e-01
6.918554085512780283e-01
8.799289518943448352e-01
5.424685759564410459e-01
8.890900939038885731e-02
9.967703601748284514e-01
ReLU
0.005
16
16
2.816038601087718640e-01 9.967730651252245666e-01 8.394662898506315418e-01 2.154856306674532151e-01 8.771977049824871697e-01 2.347991874352503838e-01 2.111430828985284003e-01 7.449949312888283215e-01 6.305102385487920680e-01 -8.291014298696953999e-02 3.240561844538485947e-01 1.880455202775794254e-01 8.162594517927711513e-01 6.095380068452204564e-02 6.779560381013174375e-01 5.197220991990701977e-01
5.744085911728603611e-01 9.475620256140444841e-02 3.412843363082003756e-01 -6.897477257755914651e-03 3.484425492630889853e-01 -2.152507282271097777e-01 4.395872168492043208e-01 7.179955931366286404e-01 1.008475278087390542e-01 1.559915332704521762e-01 5.159374156854287241e-01 -1.340702387970234277e-01 2.564116033201473410e-01 8.411412490376912743e-01 5.340913640974713772e-01 7.018937168184470332e-01
1.990998232105117005e-01 6.758705017143231686e-01 1.443102615948271827e-01 1.511816514364795472e-01 1.209663655495652745e-01 -2.907930359204035156e-02 -2.931315743104712102e-01 7.843942106652651569e-01 -3.553363688426304234e-01 3.467534282300825388e-01 4.564722653132169961e-01 3.744195631914356004e-01 8.510812499984653223e-02 3.346103593512225194e-01 -2.924016061090721763e-01 6.278859356310306783e-01
5.029634047788316131e-01 1.349329319917919046e-01 1.892892787180893224e-02 4.756267061775565907e-01 7.869792988792747579e-01 2.381836311386708593e-01 6.957253406153544040e-01 1.605492005898196406e-01 1.307855956248636098e-01 8.061616225876674924e-02 1.002703534913050198e+00 1.781602789188025948e-01 5.221149586559674649e-01 -2.613327402609874617e-01 1.045148297441614860e+00 -7.455326905909460955e-02
3.241514980501560839e-01 7.180414739519095368e-01 3.051342752490238674e-01 7.483540636848072525e-02 6.724381924697512281e-01 4.897611314038067820e-01 2.846720929865458882e-01 4.312492340975135341e-01 2.842647126446887218e-01 6.468115868039395755e-01 9.679478222530223386e-01 8.442795795774504786e-01 3.076578927933911745e-01 3.491107837678596448e-01 7.647882807604625688e-01 5.810208811390803890e-02
-1.058115899183533354e-01 6.229589178423175500e-02 9.122390471652389032e-02 2.238343932619037413e-01 1.897802849755673982e-01 5.190610112791075315e-01 6.664012478128135131e-01 8.111935207680912585e-01 6.797337585684928296e-01 5.621029862148735345e-01 1.070948399118927918e+00 3.306095911220229278e-01 9.111486231830937532e-01 8.050752106305653077e-01 8.123548002710839766e-01 9.609311761325540768e-01
5.552655452809290848e-01 3.754707287814464389e-01 4.581065066049671008e-01 -3.258413736272578604e-02 5.659350550753433629e-01 -8.792596490851699309e-02 7.712445161339337441e-01 4.993221903676379747e-01 5.320935651638664110e-01 -2.739053319407643711e-02 4.741169096557443230e-01 8.430954949298498091e-01 8.952600803763645088e-01 4.890537268450027009e-01 4.057780254810716691e-01 2.512205959676325207e-01
2.041200823850354840e-01 1.970548877426746281e-01 6.841975185126963899e-01 5.462304313348614881e-01 8.613733272237047434e-01 -1.471904580231729598e-01 9.041118716732821081e-02 2.643435192019216173e-01 6.133510541886060263e-01 6.678505985477406481e-01 1.243303208020991368e+00 7.374117578812666718e-01 8.723838793076831299e-01 4.256250369830018587e-01 9.467690091037717082e-01 6.609908042375877389e-03
7.784562475209889643e-01 8.058469506849641473e-01 4.339973052403641729e-01 3.859454591986582472e-01 8.402353839062472185e-02 6.156818310638576541e-01 -1.837687723863675182e-01 1.013672596149491234e+00 2.532411032143421781e-01 4.636518899687998019e-01 4.342983906569586328e-01 2.067490264139768552e-01 1.045716281355656974e-01 1.808581872849406302e-01 -1.820566864915681635e-02 1.517983859573634742e-01
-2.508131913171520733e-01 1.573878459532295215e-01 1.346513817995162454e-01 9.504066444541922620e-02 -6.449532562354546306e-01 -7.108467024603554174e-01 5.468285419161370009e-02 -2.484797119167681326e-02 -3.597570239654151319e-02 -3.202378526775617046e-02 2.872161439046280185e-01 5.171255447502470098e-02 1.418158952834428499e-01 -5.974558498742332108e-02 -5.296247035943044690e-01 -3.537402332415511275e-01
3.088264020934282095e-01 3.263898164817192193e-01 5.430416594148690379e-01 9.541029624028398715e-01 5.457809701655171875e-01 4.526551967283581890e-01 -2.297768543095840554e-02 2.395017836325575022e-01 7.117073134633820908e-02 4.840173798825649076e-02 1.227594433236547655e-01 -9.542525377159018218e-02 -9.250249388211571888e-02 5.898570551164016296e-01 4.979274162655426550e-01 7.478043557108186024e-01
7.288452472005637617e-01 4.956443347945519440e-01 9.818957062595621288e-01 6.729293060143043403e-02 2.761447114745708142e-01 7.397505121482543800e-01 7.747256614253226203e-01 7.469582953197270170e-01 1.979759246983396059e-01 5.196261217114859221e-01 5.297998815672698703e-01 1.742296754732809150e-01 2.377951914941763278e-01 4.284726090932836073e-01 5.498659124023629330e-01 2.921384143566287395e-01
6.631703506001353221e-02 1.788108656007283692e-01 5.220074707142092346e-02 6.270308006520919353e-01 6.660028507348694227e-01 3.165816240575581308e-01 4.294747812490411487e-01 1.065402276225918987e+00 1.082644196695298072e-01 6.264841213605120140e-01 -1.693983175164403832e-01 7.915540494369580071e-02 1.761703400817730414e-01 8.954384475591159465e-01 -1.736343644011197895e-01 3.999533497562178797e-01
5.084336495794860022e-01 5.024695668772887203e-01 6.600578313301651567e-01 8.857259887886256289e-01 2.916560203430525466e-01 3.940902510334926556e-01 -6.464733992053928180e-02 9.774117828460673896e-02 3.936146696037835513e-01 8.807366411095033376e-01 5.934261116250676427e-01 3.901967023385740085e-01 9.292824146026451571e-01 3.208639891112782250e-01 2.204787903253849768e-01 7.441344289033544612e-01
-2.278255695909993939e-01 5.732300076392949917e-01 1.049003498911622811e+00 1.438279566223543970e-01 3.501032240632481751e-01 3.908391215355084269e-01 2.627790297202629577e-01 6.945209267430908495e-01 8.788151588819389515e-01 7.337446748497201687e-01 1.403026976588464425e+00 2.116950019711980602e-01 1.044186541632197818e+00 2.572497297420640594e-01 5.423017312296853909e-01 3.951471056697694606e-01
-2.844967045941768080e-02 1.900917878931465133e-01 3.852634440709501451e-01 -2.231901498664672079e-01 1.429531214365768188e-01 1.542381779651377238e-01 -1.946452985614874065e-01 -1.820667706429162092e-01 -1.489005562837296126e-01 4.228613494887344948e-01 3.861338997639089943e-01 1.138451898060631878e-01 2.007794437174528768e-01 4.102842045939508742e-01 1.296358120443629747e-01 -2.516645342045724099e-01
7.976215726036939291e-01
7.790701583000978481e-01
7.337061490191990609e-01
6.631016127253025472e-01
-8.605939435991349917e-02
1.188430757537202453e-01
4.717403476267644780e-01
7.311184098909514484e-01
1.308582820771631239e+00
2.893372143172972533e-01
1.424185444485174257e+00
8.511318810275222413e-01
4.714442077765402805e-01
3.103119933939014197e-01
2.688317929889202373e-01
3.737735469963303636e-01
ReLU
0.005
16
2
8.892021496145897652e-01 6.407664998659915456e-01 3.838412700432971558e-01 1.259536575602645536e-01 5.310711601182728503e-02 5.654664205271972000e-01 9.086330677840764869e-01 4.204967656445481872e-01 5.301776659676323833e-01 3.272861015343561664e-02 1.003835767956342107e+00 8.997295449708992976e-01 6.464438099362558310e-01 8.287129355797576702e-01 2.405254984900672688e-01 9.703483893210328171e-02
5.448651439310896460e-01 1.732683455613701629e-01 6.056806429662763003e-02 6.068058911848949188e-01 7.586693162692100811e-01 9.679912368312425519e-01 1.020490401792497392e+00 8.765093040890650222e-01 1.684598927122933631e-01 9.111532562350132050e-03 1.012483396449783413e-01 7.998724860818329230e-01 -1.585521445580492447e-02 5.922527423587344853e-01 1.019498721194682878e+00 1.100525535615481942e-01
1.425010935122819733e+00
7.586143814281980369e-01
Linear
0.005

ct 2024-06-03 12:26:38.105571
