noname
4
4
4
3
-6.268467142148037574e-01 7.397884424022249661e-01 5.574112700158235789e+00 1.040835947881340928e+00
3.438376757973062414e+00 4.544198900207833680e-01 -4.833751157546936739e+00 1.635403373723282705e+00
-1.555673918681654611e+00 1.188267450132363567e+00 4.060049446981261134e+00 5.322115745085902461e-01
2.533611293879758808e+00
2.844034003547408207e-01
-2.141666829455921128e+00
ReLU
0.1
3
3
5.905679687144866664e-03 -4.467770047191068072e-01 -5.251007051031700845e-01
-9.447026118490088331e-01 4.712946969292164945e-01 -9.749064086609761093e-01
-7.775327173726854779e-01 -4.406884802654774114e-01 -6.672867507531643483e-01
-1.517141544650814078e-01
-4.762864762995071555e-01
2.562516162122572716e+00
ReLU
0.1
3
2
9.188672274171778842e-02 3.372249805357920710e-02 -9.331373957738073877e-01
-6.958582840283043802e-02 1.825666832191807087e-01 -9.687398077251642148e-01
4.063139617646841728e+00
4.090737841670185837e+00
Linear
0.1

ct 2024-06-16 23:30:47.523080
