noname
4
2
2
3
1.332557966028311558e-01 6.047155610156452754e-01
8.830585457468548283e-01 1.666128920014003645e-01
9.902449086277449464e-01 1.095893856820870926e+00
6.851732215722974306e-01
7.423176434314002758e-01
8.688742643844930003e-01
ReLU
0.001
3
2
1.018646456618514273e+00 6.152418440419963469e-02 9.355536580157853832e-01
6.332244737186897288e-01 4.864081083757764712e-01 4.146826645548436496e-01
2.195097600636833068e-01
6.591571582968301923e-01
ReLU
0.001
2
3
2.367238081465151134e-01 4.284609780435449378e-01
3.405781357831128564e-01 2.484384782283131921e-01
4.649726773815188730e-01 8.296252776213031144e-02
1.732830325646343705e-01
9.904282586654887810e-01
3.548487972406807467e-01
Linear
0.001

ct 2024-06-06 09:51:32.420941
