noname
4
4
4
4
-8.228432500927643778e-01 9.159072325130492853e-01 1.018258744823110851e+00 3.590348832909013854e-01
-2.178293820479392462e+00 1.811408374428591372e+00 6.749369448360061696e+00 8.760398094591466123e-01
1.660961544990269712e+00 1.075491356930865061e+00 9.319349447890381555e-01 2.327224437478326191e+00
-1.732103544579861820e+00 1.358334887561583271e+00 4.353313006448441769e+00 5.425065022439631290e-01
-1.197534629942518025e+00
-3.037056878967298257e+00
1.233105697991025096e+00
-2.233180849153191261e+00
ReLU
0.1
4
4
1.053836093947903674e+00 2.258755932750202422e-01 1.026051702844084090e+00 -2.494330317284225440e-01
2.973441037415200383e-01 1.268030972544986534e+00 1.702582294695190179e-01 9.781210541611825571e-01
-6.249659884686914468e-01 -5.309878655405065873e-01 4.791954984179504912e-02 -6.320144117776304027e-01
-7.814411038081157945e-02 -2.540625354327136431e+00 1.432599573682372229e+00 -1.378926111422792422e+00
-2.255376713679767775e+00
-3.510896898227522822e+00
-2.756585483073227261e-01
-5.626029347295435218e-02
ReLU
0.1
4
2
-9.217241971459232408e-01 -8.246714825551048067e-01 1.094183890997958292e-01 1.111660697882002946e+00
-4.383425231378791920e-01 -8.550095544661033831e-01 -2.614778920050777611e-01 1.284734797456217992e+00
1.641928792025670214e+00
1.873685206010896831e+00
Linear
0.1

ct 2024-06-16 12:40:38.301147
