noname
4
4
4
20
7.674483964063442132e-01 2.447795547956277851e+00 -6.424962010383707955e-01 3.758084907915434147e+00
-3.331823735881084825e-01 1.024405485515422543e+00 -2.198527973404363678e+00 -1.231656047043418134e+00
7.545140946926913728e+00 -4.843148187195700061e+00 -5.920617133149534084e+01 -5.028925236681550892e+00
-3.918037710344322910e+00 1.132396857792644873e+00 4.926339363117887338e+00 2.803468328615774108e-01
-1.880158529447185201e+00 1.112688838574846795e+00 4.699697199227575339e+01 3.245677169594230804e+00
-2.969630500116865690e+00 -1.432496038967234098e+00 -4.065316949588430262e+00 2.471278476043206607e-01
-1.924750995719569646e+00 9.058935163965304849e-01 -4.029371590893267907e+00 3.174711702251741485e+00
-9.208124954425475295e+00 -3.385681401649236921e+00 -6.530962051675589741e+00 1.772424170856684578e+00
-7.063616630413215525e+00 -9.026059669349976167e-01 -3.452401686987016660e+00 -1.127992539451374773e-02
-7.044028624302257624e-01 3.347262315281570033e-01 -2.184599258323761450e+00 6.353422863178715962e-01
1.226203585687443559e-01 5.592030919276098633e-01 -1.942357849840497197e+00 1.590124146092871671e-01
-1.352699960629789144e+00 2.181191218691989953e+00 1.957616890336909332e+00 5.561298626941465706e+00
-5.319468050175560903e-01 -9.366174467227984524e-01 1.931787194844429845e+00 7.959890439487110614e-01
5.317242670701717300e-01 1.929580759360995046e+00 3.376203190508076268e+00 3.974715724838997932e+00
5.916951014572735978e+00 6.994395845277571411e+00 9.410604894917128149e+00 5.953360603801062467e+00
2.626250206996536551e+00 1.209910191717108174e-01 4.475159909789938162e+00 2.164100288128146254e-01
-1.116312117595004816e+00 2.343131627120317306e-01 -1.635117109310873174e+00 -3.868323350638246949e-01
-1.935791844406358875e+00 9.818592554440904729e-01 2.497704966852508690e+01 4.917813896818777342e-01
-6.061507878953420914e+00 -1.981971877567567875e+00 -1.712926695590208659e-01 -2.786519729745474683e-01
-3.055577396288072567e+00 -1.867371958188713155e+00 -3.821336329480014893e+00 5.118089607305565947e-01
-1.133198067168176593e+01
-1.222654456027161096e+01
-1.194387711387741113e+01
-9.230480561431420483e+00
-9.054837239194352350e+00
-1.183264312157899134e+01
-2.028195558858545411e+00
-1.293404048985892452e+01
-1.215956114417109823e+01
-2.839625429292018222e+00
-5.030147573675795236e+00
-1.801116240594706142e+01
-4.090688601868549767e+00
-8.121838043727720446e+00
2.764743543384901692e+00
-6.212688459948287445e+00
-6.956168909308579451e+00
-6.739532568427587300e+00
-1.319291456488148384e+01
-1.235635760646545656e+01
ReLU
0.2
20
20
-4.282745777014824173e-01 -5.270366303813329711e-01 -2.244516286914574277e+00 -1.137508605187255606e+00 -2.207822265860009292e+00 -2.334584645219702770e-01 -6.954972378689350254e-02 4.019699098947898674e-02 1.080790259753596994e+00 -3.667639110747716313e-01 -7.579735964165578155e-01 -5.332824756896589191e-01 -3.386325715505098533e-01 -1.707167153983338181e+00 -3.991119052978026271e+00 6.535609270661686676e-02 -6.282409324215297852e-01 -2.206224267700706232e+00 -6.733338460895714750e-01 1.297662330883198045e-01
-6.973758107039360610e+00 1.312770017096072106e-01 -2.372597466950737033e+00 -7.423767517463438104e+00 -1.785395242141949668e+00 1.884822931624996131e-02 -3.892027149029531063e+00 -3.997390691472569313e-01 2.272762494128490185e-01 -8.623777293154807344e-01 -2.218122820015745733e-01 5.309679279623713555e+00 -1.237974903482107258e+00 -1.305484283020217795e+00 -1.996957201506133872e+00 -2.492413888338067984e+00 -6.154740462028647219e-01 -3.042878037350375209e+00 -3.490686597326952967e-01 2.189682783585504833e-01
-1.459087596135069331e+00 -1.354403994081928853e-01 -9.815577624711708804e-01 -2.500435738607893921e+00 -1.631510828987765338e+00 -4.093857866009833341e-02 -1.031371745514031435e+00 -1.332343839366285865e+00 -4.619994190016508684e-01 -7.792740553194036357e-01 8.996306262707280954e-01 -6.534169610314989107e+00 3.282440850885303130e-01 -1.088316124048711808e+00 -2.562411557934743733e+00 7.067526463484733457e-01 8.199224389942387781e-01 -9.812454246898504095e+00 -4.420397697863580055e-01 -1.767867075999315085e-01
5.608644900137291223e-02 -7.099899937470577349e-01 -5.404341264009562273e+00 -1.010694405074030744e+00 -3.330784019456171308e+00 -2.312954061492460134e-01 -2.481096813142796620e+00 -5.069067902839888617e+00 7.564506043220258213e-01 -5.007191435219977560e-01 -4.469926830012094232e-01 -7.355613428976797152e-01 1.505679034187720422e+00 -1.491319709754954204e+00 -1.051809209975631543e+00 -1.001293188604634565e+00 -4.139156190025839455e-01 -2.048439917307383507e+00 -2.049470147333201375e-01 1.669294675653520132e-01
-3.082476624493882822e-01 -7.126379200540839953e-01 -2.729636943448739306e+00 -8.489968009323110021e-01 -9.973129124835624637e-01 -1.452328463742415643e+00 -3.029486156005510633e+00 -9.912726404161191773e-01 -4.131554083884540485e-01 -1.084837001638177201e+00 -7.805235703451592899e-01 -1.990310076535316275e-01 -1.275197133077579759e+00 7.503304740682374685e-02 -3.225286814549155334e+00 -5.782487486920961928e-01 -9.031732476026556322e-02 -1.570770818473089081e+00 -2.411295487353879996e-01 -5.897868808233484028e-01
-9.609016541721062676e-01 -8.862317131546346705e-01 -1.327206248210668349e+00 -1.019344536296487913e+00 -8.099674022167823173e-01 -8.613833481050069407e-01 -1.239344572735028738e+00 -5.522697287580369263e-01 -9.885960876813822962e-01 -1.055889180760072765e+00 -5.692024464026953501e-01 -1.230954057005253954e+00 -8.026926996956629257e-01 -8.011442990359479710e-01 -1.003110784830569147e+00 -1.323536998530656650e+00 -8.093468175082372262e-01 -1.088203658257615558e+00 -1.010614956283908406e+00 -1.000918096346174346e+00
-5.179663147642450394e-01 2.853829099244344913e-01 -2.239488465674824180e+00 -9.671247164326257639e-01 -2.795540487918371841e+00 -6.739599495774113436e-01 -2.794006899594991378e+00 -5.855011251132903105e+00 5.739168602141478948e-01 -3.151149192020389483e-02 -6.931456747929876094e-01 -1.098676862078349081e-01 -2.306125160104440519e-01 -7.540842604841403451e-01 -2.205840720288375412e+00 -3.354282545339302146e+00 9.786619818673162122e-04 -4.596916114084527827e+00 -6.325660232848780984e-01 -6.638930300328058642e-01
-6.014939455296037352e+00 -8.724638212504143286e-01 -7.022775838008741722e+00 -6.749493961628136418e+00 -3.482750602965675735e-01 -6.860389181309952678e-01 -5.576705010423715692e+00 2.994362265629837427e-01 3.265416691829415956e-03 -7.142809319070186902e-01 6.723668536125506634e-01 2.291200730358379900e+00 -1.093684865306502607e-01 1.142629240171390670e+00 -3.418399723318788830e+00 -1.709595325258962406e-01 1.503764075262082001e+00 -1.693666730006782473e+00 -2.662711262309107041e-01 5.320396993557360288e-01
6.827874844402832544e+00 -2.494466213422672773e-01 -7.017186691733965809e+00 -1.032036151230145027e+00 -9.508435599725747478e-01 1.310339358318935443e-01 -7.975399330100024109e+00 -7.834217678791525197e-01 1.980120994781461863e-01 -4.934918022846221386e-01 3.868298527545728227e-01 6.052525259906316180e+00 -2.457249774293163158e-01 -5.258388572314256493e-01 -2.850576368721311926e+00 -2.756469850924386789e-01 -5.797142892235283007e-01 -5.053283818016063300e+00 3.017900787011917330e-01 -3.747953637720971565e-02
2.276747368290354123e-01 -5.854012475616149347e-01 -4.472598542881733863e+00 -4.863534430109797135e-01 -3.757797389887616024e+00 -2.791131867579754178e-01 -3.485683892550061724e+00 -1.585460382205746421e-01 8.671167707589307883e-01 1.846515413640807957e-01 -7.262840191627720765e-01 -9.390534262004096577e-01 -3.980696697949597240e-01 -1.331297646122031386e+00 4.228887047137697835e-02 -4.466576690443609388e-01 -7.751027224171938568e-02 -1.418903698004899105e+01 3.087113137456395373e-01 -7.197800713597146682e-01
-2.068525847641002058e-01 -3.400695998731594893e-01 -2.031726219255453270e+00 -1.212101243666537792e-01 -6.500519455317043116e-01 7.503716438749041123e-03 -1.285275423409203699e-01 -1.788323155240201523e-01 6.102221031872951534e-02 3.937832289954466304e-03 1.244658180366585987e-01 -3.449149566541052980e+00 2.962048870437708481e-02 -9.102733981681065956e-02 -9.841226519932476657e-01 3.749280259541377253e-02 1.233966605611963308e-01 -4.999245130196231734e+00 2.306496241870041042e-01 -2.670936850507184962e-02
-3.701708387342284468e+00 2.262817877146993950e-01 -3.012359317013412419e+00 -3.551968551481954339e+00 -6.447216022679362446e+00 -1.435986836461810467e+00 9.635615500881612450e-01 -1.186205183854601719e+00 4.058421943452503733e+00 1.201792808885675523e+00 -6.272232597129787646e-01 1.816920129966055564e+00 -1.041236478777774199e-01 -3.884418153187206624e+00 2.014745318995713408e+00 -2.179188790592252012e+00 -4.343949320658079927e+00 -1.148682153164596542e+00 3.563739933092608392e-01 4.301340803667284440e+00
-3.888215749853887737e-01 -3.772187346881751946e+00 -2.125110311229110760e+00 -4.103029124549979062e-02 -4.600754744872486701e-01 9.442137660514031416e-02 -4.510844890150442765e+00 -1.548692012055389977e+00 -7.293003609608538218e-01 -7.222252630589659494e-01 -1.711957676874965584e-01 -1.452367799125915626e+00 -4.974712543569171502e-03 1.380509936413357730e+00 -5.280079634518552112e+00 2.332650497897096470e-02 -1.309329556198928879e+00 -2.270279637114839044e+00 -2.026682915405664809e-01 -4.191152825720368402e-01
-4.013069012802412239e+00 5.455193485805106407e-02 -6.608020802110919689e+00 4.435181544281803667e+00 -2.574767016617661053e+00 9.552749807022075101e-01 -2.187511032295087698e+00 3.405222432868016291e+00 -5.053071444567855508e+00 -6.973535653899304299e-01 3.710608529118601673e-02 -4.893587850458782640e+00 -1.485301883873153539e+00 -1.000299367622512259e+00 7.899346314726760632e-01 6.207465051220347974e+00 -3.495343595160044003e+00 -1.310558129624153745e+00 -3.327883671869260596e+00 1.083711821120544760e+00
-9.520730148120104541e-03 -4.506901894680345855e+00 -1.418493079661250045e+00 -1.769111313793694018e+00 -3.679038387320355596e+00 3.010212726721665094e-02 -1.536753293163706680e+01 -2.796242940346504557e+00 -1.549975043694341359e+00 -5.923378367789251531e-01 -7.593272729492813733e-01 -1.315640020635731933e+00 -9.336305145910038794e-01 -1.220772080089667977e+00 -1.164596013385181550e+01 -2.868958869772713638e-01 7.247442776724563274e+00 -1.920641062504306884e+00 -8.867986162871877021e-02 3.414854819254068419e-01
-4.008348454139424311e-01 -6.320751704054614062e-02 -2.394625213787805684e+00 -3.284705328579280992e-01 -7.919392754152767555e-01 -6.263595901714430481e-02 -1.076548850955233894e+00 2.463377222573162495e+00 -3.699548231150735778e-02 -8.520275931263583680e-02 -4.954704103752562427e-01 -3.422691337901451747e-01 4.327464887907807589e-01 -8.115448388775422517e-01 -3.883343746412071806e-01 -1.277031563778431855e-01 -2.439903305082871121e-01 -7.126425145452821575e+00 3.653242299409218408e-01 -9.086759992286559673e-02
-9.505788847128082697e-01 -1.171622957062040449e+00 -1.201293072138331475e+00 -1.197527232201660796e+00 -1.063319614399283131e+00 -5.751626013204877985e-01 -1.451688926010591851e+00 -1.152514535244562932e+00 -1.670407342133400919e+00 -1.247944689972871890e+00 -9.151920649838289901e-01 -1.319214681274437639e+00 -8.328156640941863920e-01 -1.020144433281814589e+00 -1.287680374992616894e+00 -1.326057367960422395e+00 -1.451161345879534492e+00 -8.384241188191503547e-01 -8.881177183450207346e-01 -1.058001686927327434e+00
-5.925379646899792796e+00 -2.304626020072855219e+00 -4.054412730731320025e+00 -7.027170954796799762e+00 -2.770588226802901399e+00 1.181362304013773706e-01 -9.810354632025911625e-01 3.475267959085120428e-01 4.524451189233110737e-01 1.158344445967735004e-01 1.297455122515675630e+00 6.390743014457808124e-01 -6.054089576935933054e-02 -1.001936739741067228e-01 -2.662799624771829965e+00 -4.932902453601475945e-01 3.247142422856505561e+00 -1.081628585824721966e+01 2.346505875291921284e-01 -9.419044465211162676e-02
-8.517240899922050579e-01 -9.290936910973837115e-01 -1.394884963676420675e+00 -6.215533112311344421e-01 -6.061998456157473569e-01 -4.916847207974336942e-01 -7.303862670605321128e-01 -3.433444782001510709e-01 1.065023177886633282e-01 -1.939568463277182020e-01 -1.108706309339495988e+00 -1.348711493449336718e+00 -4.539269933236034227e+00 -1.160401225443761675e+00 -1.074165157747996924e+00 -7.457568066357955772e-02 -6.548433316674961979e-01 -8.891913881250054885e+00 1.623303665693606734e-01 -1.351117223111411247e+00
1.309936012032108799e-01 1.368048558732616327e+00 -2.149895104727406636e+00 -3.385870651413137811e+00 -1.126322776202021991e+01 -2.022028189582862456e+00 -1.905315494720146496e+00 -5.794471806015985216e+00 6.107844108653867066e-01 -2.488650116564025960e-01 -4.743491700263987448e-02 -3.964107350440922328e+00 -1.463118912344054223e+00 1.341688942230572223e+00 -3.188111938088269870e+00 -2.752793515481119613e+00 2.936928989653981859e+00 -2.682314442996615256e+00 -7.316954493788259406e-02 3.066056578150259671e-01
-5.562378694254297429e-01
-7.516656672526963234e+00
-8.195174021696337296e-02
4.413960537573053400e-01
-1.272735518844192892e+00
-8.145667796813600425e-01
-6.844711689799486187e+00
-9.086077791407712212e+00
-2.243123637056706254e+00
-2.436771370483466814e+00
-7.001091551775452393e-01
9.529653434624995256e+00
-9.565560319910998421e-02
2.056114705793754549e+00
-2.567572003791620400e-02
8.029456586536679041e-02
-8.297591716337449075e-01
-5.458831401375209502e+00
-1.459537768333817320e+00
2.580692285547331544e+00
ReLU
0.2
20
2
9.166152133525202750e-01 -5.120388163801455228e+00 -7.943705014007357290e-01 -1.034014999442797317e-01 1.183755291695453016e+00 2.900499924767344084e-01 -2.372210779032058348e+00 -3.502956235782229921e+00 4.360617278326823332e+00 2.121467606281826068e-01 3.504272766830170971e-01 2.827321350327857363e+00 -8.640521085853561378e-02 1.689051451803849524e+00 2.078364454300730621e-02 1.635360069112568593e-01 9.537736704877060046e-01 -4.466963320472859600e+00 -5.923327801876157039e-01 -6.036368601382854360e-01
1.458984381633147802e-02 -3.933575966889479414e+00 3.339762528367952732e-01 -4.183801578033630730e-01 -1.439699365039422752e+00 -1.243926437299488902e-01 -3.000530144467703053e+00 -3.986860127518995878e+00 4.773396983966915030e+00 2.142536022860573597e-01 5.303431849480731985e-01 3.121884581052063012e+00 6.116002524149880687e-02 4.355759525406363020e-01 4.614745258085282686e-01 5.124464141332192302e-01 8.686905150824894006e-01 -4.411505499853238810e+00 1.505875832623829458e-01 -1.237014683950586447e+00
1.307542691248542077e+01
1.091687014206813622e+01
Linear
0.2

ct 2024-06-12 02:13:45.068903
