noname
4
4
4
4
4.175035240919452439e-01 7.069267947310774458e-01 7.461022686882412547e-01 6.601238298730407461e-01
5.166570422133942575e-01 6.209475138454447762e-01 2.246606556077313244e-01 4.356887449038090443e-01
1.218459252539538518e-01 4.372574120685263077e-01 1.437742224014975756e+00 3.301228317989509664e-01
1.008365533616486731e+00 6.056848682981614829e-01 7.196995589651531411e-01 7.292453247921999449e-01
6.520969113534860195e-01
1.559874910019286576e-01
5.192762050532540030e-01
8.442141997036927137e-01
ReLU
0.1
4
4
4.591179496968526563e-01 5.273373399097824876e-01 2.644610926419219046e-03 8.908717824299802746e-02
3.854416420724441905e-01 1.840760683801791753e-01 2.128744736429208084e-01 6.640516383352567109e-01
4.382166749589781474e-01 -1.103302738481468787e-02 4.379077045535316182e-01 5.550842803345552579e-01
7.999077344804841339e-01 -1.475179372310087000e-01 3.962276669813347141e-02 2.976653213793255537e-01
2.615399988136097864e-01
5.069468129602923423e-02
5.949160604957240972e-01
9.183618487356157711e-01
ReLU
0.1
4
2
2.051401434934668200e-01 3.542778823646705044e-01 8.510507885256541893e-01 8.051806432478827436e-01
4.686159685833581889e-01 1.603106510869134471e-01 9.234773612672207976e-01 5.092875438528342569e-01
6.271147546180965149e-01
1.173515491499577124e+00
Linear
0.1

ct 2024-06-15 15:51:56.316803
