noname
4
4
4
16
1.683378655130942425e+00 1.148959531415663315e+00 1.347514461298958244e+00 9.126550279515326380e-01
1.076115607357708503e+00 9.509650512532731303e-01 8.397240753013338610e-01 4.303059190204001627e-01
2.638155573014668409e+00 7.590016108898780534e-01 -2.366461079030266201e-01 9.585837087212558671e-01
1.865612114842077673e+00 1.133674439765675335e-01 4.302252398448829784e-01 7.657770214325833047e-01
1.103976994844253712e+00 1.092811391385653863e+00 2.345376035704497042e+00 6.180296682865695779e-01
-1.889470976315173800e+00 9.836793830208353517e-01 4.904018784033463696e+00 1.258168455680829467e+00
9.120672062289076898e-01 1.405291189012319197e+00 1.236604865815846832e+00 9.298998644632805455e-01
7.166776156393748209e-01 1.298500514836183672e+00 2.329596110819931898e+00 7.544852474095643524e-01
1.057770866975327406e+00 1.025234933455636543e+00 1.366503525773174743e-01 7.875442502357512531e-01
1.173545272944502837e+00 1.128291156984404520e+00 2.294466167291693559e-01 7.351697057507766697e-01
-9.433216500909623603e-01 1.061451873117383871e+00 1.595554303560398735e+00 7.587747109483190533e-01
-4.956711289200895210e-01 6.629526865558807991e-01 1.774827889949977422e+00 3.334149057143014905e-01
4.288315298374194007e-01 1.061102751210065920e+00 1.042792193056051309e+00 1.018148857723735201e+00
9.811838500944387587e-01 8.082773046812675721e-01 1.210345620483593621e+00 7.076915325838892823e-01
5.516232822187595586e-01 9.808733535002791548e-01 6.237350670688034393e-01 8.138744645157502955e-01
1.184848860959723638e+00 2.164862243728888080e-01 -1.460674477115389558e-01 7.010719423865577893e-01
5.031008852710515677e-01
-2.809307069858369421e-01
5.035257145687598718e-02
1.904761849093943582e-01
6.689339182731892652e-01
-1.438477580719774274e+00
8.672379501812585989e-01
8.567054934117160903e-01
-1.614478213115921323e-01
-2.437001112695814375e-01
-1.325633122473493852e+00
-9.841117586590746313e-01
-5.404716988210275241e-01
2.338449782229677643e-02
-3.682241397312723818e-01
-1.203590773262772196e+00
ReLU
0.2
16
16
-1.088339216618332134e-01 3.507514068664733808e-01 3.393259631181040903e-01 2.521306231400972653e-01 1.284349236890187651e-01 -6.935590990619304730e-01 4.533585608156566193e-01 3.389544853464664387e-01 -4.080593038835390041e-01 8.688412308854049498e-03 -1.500726914717821492e-01 2.586549871099376174e-01 3.806354521172981009e-01 6.424392761822327325e-01 -4.773901782608104272e-01 3.863809735327155548e-01
-1.801048420760681668e-01 1.113142356917656839e+00 6.590302030268049838e-02 2.458413750458528779e-01 2.574563029260488189e-01 -4.232659977480263791e+00 5.731183775366605060e-01 4.735036148713639426e-01 6.454268815736006193e-01 -1.365531094051818939e-01 -1.359321785227008972e+00 -8.052352442850820857e-01 6.134363466715002655e-01 6.107237784194295971e-01 9.523953577392796355e-02 4.239696737635775259e-01
2.184444364225759105e-01 8.073267519156365202e-01 6.892800182290403921e-01 4.926928116308653682e-01 7.661299803742221970e-01 -9.258256728476564890e-01 6.368789526545182156e-01 6.967083640853337645e-01 -1.158584119110206839e-01 2.087817543279753552e-01 -4.187713611039066697e-01 -3.681083878072480831e-01 -1.533841993221589373e-01 -3.299426229709737091e-01 3.181610888873527831e-01 -1.298978909442672358e-01
-6.556004060470949080e-01 -2.617591285927393652e-01 -5.306698882591533994e-01 -8.429757877572260361e-01 -5.516125677540968386e-01 -1.113904109095434025e+00 -8.387683062434132530e-01 -9.091004471131649556e-01 -3.640516559529784479e-01 -5.172789542798496010e-01 -9.323220090586186171e-01 -1.020659027028681720e+00 -6.335893173819850954e-01 -6.151596381605370922e-01 -3.782910714443205730e-02 -1.090182741404094102e+00
5.712311766091515697e-01 4.410042252359364090e-01 2.146895156409165187e-02 2.163959913289664055e-02 1.728007612534208925e-01 -3.624890760336249240e+00 9.087094727175062947e-02 1.415048552665136572e-01 1.688221214517336977e-01 -1.777203079202265834e-01 -1.212217968123680212e+00 -9.145196659462816458e-01 5.374462993295873181e-01 2.286766260520769478e-01 1.795116420982798000e-01 2.589466131583121888e-01
5.349469071112962215e-01 7.791280382466363452e-01 -2.452504986670972775e-01 3.086709039760077156e-01 -9.173173330913991785e-02 -2.036769203456239463e+00 7.136850466771049728e-02 4.060913091560539034e-01 2.428636966319230317e-01 -5.032967157592732610e-02 -6.098540454542035194e-01 -6.557992961123175757e-01 -4.458883340136281515e-01 9.820195879240541104e-02 -1.463099988950305463e-01 1.956288453816557305e-01
-2.355284035602928094e-02 9.110253245907994346e-01 8.396796368263884092e-02 2.856206523496623295e-01 6.614589542452867788e-01 -2.166974208307608230e+00 2.841088762710164417e-01 2.388953780605578281e-01 -4.704276284972965239e-01 -8.144814204264930191e-02 -6.366370557816838360e-01 -8.042054800228325417e-01 -5.725738967606747165e-01 2.970487103763831960e-01 1.997056875864136050e-01 3.081372764915814577e-01
-7.583846177506119168e-02 3.530914411937517983e-01 2.357149930278720218e-01 3.301176504757294405e-01 7.018605912521884704e-01 -4.455015495031772188e-01 8.023605712342611884e-01 6.483806773540367052e-01 2.529279164973570748e-01 8.903361891314399978e-02 -3.028150716006390297e-01 2.459900138416224458e-01 -1.518666586239641736e-01 8.887059467028959880e-02 2.709375638945992204e-01 1.295287479805257436e-01
-1.024208539349695579e+00 -3.701672607437339058e-01 -4.820700707620508840e-01 -1.141773225411852444e+00 -9.252493444719771254e-02 -1.855822299201350889e+00 -6.531834774746295147e-02 -1.020180809544809497e-01 -5.175024980685133391e-01 -2.335386011575128207e-01 -1.129939148112139247e+00 -4.175665884404597405e-01 -3.915206786864579569e-01 -6.506376724849251003e-01 3.761274652517228312e-02 -5.090740783605878228e-01
3.480143145485537493e-01 5.896484220518203312e-01 3.163476402032477375e-01 4.480357935026388905e-01 -1.736840634984332388e-01 -2.011596770631542519e+00 3.314946874497660123e-01 3.584108398095743331e-01 4.515557497773122625e-02 -1.582854639615935421e-01 -6.668068277281079537e-01 -4.651303970986211955e-01 -1.707813033122153601e-01 -3.289246744016577906e-01 -1.191340912041116695e-01 8.500538381090322337e-01
3.330521609503307445e-01 1.032338721904495271e+00 3.085432335968985584e-01 6.501446183808134993e-01 1.269049395398211960e-02 -1.282447647558304871e+00 8.830995694870015233e-01 6.529827263984114838e-01 4.339464649438345978e-02 4.135248003270565187e-01 -1.459880179115460030e-01 8.090561543725292848e-02 -1.546181205889566035e-01 2.225982001570168956e-01 -1.311212488933962139e-01 2.943217190453704668e-01
7.712017262365320480e-01 8.317649629998707939e-02 3.088860629226463095e-01 8.349141237643236124e-01 7.021702293532003925e-01 -1.135509478697585006e+00 5.599914363365846581e-01 9.274049978673003514e-01 6.603511377022409923e-02 4.740334146798421688e-01 -1.099937260823112384e+00 -3.284634625534057495e-01 -1.946219326635264812e-01 3.221889374264089168e-01 -2.051751554029988267e-01 2.879097888450994902e-01
-9.500171147009637274e-01 -7.542537686051234980e-01 -1.183528399247248508e+00 -5.676454926361673703e-01 -4.224807321945601157e-01 -2.041512451536477535e+00 -1.079463753906342305e+00 -7.153681025063696186e-01 -6.403247045547855176e-01 -7.221385555895037944e-01 -1.211695678193049686e+00 -6.228145673532836657e-01 -5.485728592707400653e-01 -1.291851707092652513e+00 -4.345176306321777426e-01 -1.251338237474590498e+00
-3.691367460172486070e-01 -2.210393271850764896e-02 -9.286233905484412299e-01 -5.340118337935245707e-01 -5.956186294796198544e-01 -7.140706087161196036e-01 1.051140396992239490e-02 -5.395657991681710453e-01 -2.087376977001434153e-01 -4.075226037886490182e-01 -9.179225665914832882e-03 -1.041405708432023847e+00 -3.753604304692990667e-01 -5.365587730515343212e-01 8.271834769868777193e-02 -2.199022452253124316e-01
8.482197457336387858e-01 1.531596353120167064e-01 7.486398635466627871e-01 -7.322835353152797044e-02 6.882883908573451670e-01 -1.205747457456090244e+00 8.412881791755676408e-01 1.029771962830589471e+00 4.279825683288143168e-01 3.282241912374453396e-01 -8.729290269030468563e-01 -6.970872047258133142e-01 -3.107177156155383480e-01 -2.203787374236039209e-01 1.554232197137819516e-01 4.963226815311462536e-02
1.521443450998024582e-01 6.645126780502814690e-01 4.879460158796283809e-01 3.358893649532749826e-01 1.099383020881514322e-01 -3.850533399657006806e-01 4.176749013967848700e-01 4.216461054999087743e-01 7.040257973581592887e-01 3.460382356435697804e-01 4.059618279107047867e-01 2.029113455076484718e-01 5.926258586273180223e-02 1.669636300439665821e-01 -3.179137596657735099e-01 -1.308957660248619703e-01
1.780079502993510809e+00
1.156725940291526200e+00
1.797396717400786104e+00
-3.567768336387971417e-01
1.455670251827857475e+00
1.686339688037021167e+00
1.239192476507939178e+00
1.862925741976182659e+00
7.334654288412305670e-03
1.457286054382772589e+00
1.756951894611298304e+00
8.872619441281491826e-01
-7.147151675987831743e-01
-2.821952657255624164e-01
1.250851221644983635e+00
1.566269289051424263e+00
ReLU
0.2
16
2
9.496039827220891238e-01 1.345961552296874864e+00 9.840543727401264151e-01 -4.669497526873658821e-02 1.151502693264518262e+00 1.261010852143312544e+00 1.088345915723230917e+00 1.070107702877086453e+00 7.441330368815733953e-01 1.199334550336003113e+00 1.211780291502774221e+00 1.161405930901171280e+00 5.677381464901690156e-02 1.908595170986070733e-01 1.330113159188784033e+00 7.160648330644034942e-01
1.427330956743385171e+00 6.545038141923511521e-01 1.315034530492562803e+00 1.333742595304336254e+00 6.767575600820451287e-01 1.048470330393885153e+00 8.944863683447125124e-01 1.480241058906087703e+00 8.584376870904053547e-01 9.773967145651601962e-01 1.385434278178633072e+00 1.288980667549773251e+00 1.202375462185484079e+00 1.085309432035602262e+00 1.427443618182816287e+00 1.204797079850599140e+00
1.683186278391859636e+00
2.215238290756565753e+00
Linear
0.2

ct 2024-06-12 18:38:27.062331
