noname
4
4
4
12
6.430137003824232256e-02 8.630060775488719305e-01 7.286696379525443579e-01 1.217546297203122574e-01
6.461451732070961906e-01 2.314605927661816942e-02 3.541246997774289973e-01 1.993095072045985017e-01
4.915310834721697830e-01 1.056772708943899408e-01 1.118914116092093458e-01 4.095285505862940045e-01
9.138670302130681433e-01 3.722181697694072477e-01 8.617688836800990737e-01 3.007729782097455784e-01
3.708363603756326121e-02 3.269523102187031904e-01 4.651489425462190797e-01 4.558864706022243141e-01
8.350385749266470148e-01 5.514773017890478579e-01 6.546273186498242636e-01 4.693596994179853876e-01
5.917936113941513199e-02 6.717729717017814073e-01 2.770686019128166810e-01 8.437925902355244423e-01
8.416745671229047820e-01 9.667924194277610628e-01 5.169539196482419996e-01 1.460368555241154942e-01
7.724531279782715920e-01 1.022107838175372319e-01 1.260616616048469973e-01 2.467028526397035959e-01
8.035520781384927202e-01 9.265243630691288867e-02 3.042780362132190275e-01 4.141880837409137595e-01
9.859321291449028024e-01 6.257395120164748192e-01 2.154726664164546834e-01 3.081524782573249466e-01
7.756500339761636109e-01 8.817775863613374066e-01 2.585240541555501315e-01 6.994515674337939970e-01
8.504312504845590315e-01
7.931368006405948856e-01
9.645122550335065714e-01
6.280413678447090975e-01
9.082297697342622822e-01
9.801973816053624056e-01
7.921623183864727746e-01
1.746369560810092647e-01
9.977077513786736240e-02
2.551257705374599949e-01
7.816354630312254415e-01
8.163219673948177713e-01
ReLU
0.2
12
12
7.867682713770383085e-01 7.482288876267717548e-02 5.312777436866313874e-01 2.938965599145951790e-01 5.916351924093256054e-01 8.872834979027136582e-01 9.243232768667178911e-01 4.939054354011688241e-01 6.457205481430028371e-03 7.461132276199294866e-01 4.119821773669483100e-01 8.072593233424382175e-01
3.404626610033599787e-01 5.490956269753207719e-01 3.090452849953725378e-01 7.382597243532306175e-01 6.455578526778672499e-01 8.481540390990079947e-01 2.939859891117848623e-01 3.942903640567522183e-01 7.702838517672495611e-01 7.761913436910561348e-02 8.921571368749156017e-01 8.156590138134691692e-01
4.772739258888140101e-01 6.767900953625596294e-01 1.109129048377599513e-02 6.825913340545008978e-02 8.975023125148879899e-01 7.364907407550888019e-01 3.314793240464950497e-01 6.532977776483234189e-01 1.814737648957205352e-01 9.424893232347664185e-01 9.926216553417555044e-02 9.810676291011306560e-01
7.097350844372370959e-01 7.937660608483382285e-01 1.266828011660436903e-02 1.646606191932233898e-01 5.261711669183797291e-01 6.890695124154341267e-01 7.296709029858224893e-01 6.237424000819069558e-02 8.090199322944736648e-01 7.049209847004024310e-01 5.110491936239760502e-01 4.827909091938589192e-01
3.886803248786924181e-01 8.219302175520110110e-01 6.960166580213651422e-01 5.591018079929122031e-03 7.066416747376313978e-01 5.788949846683950629e-01 4.951658584937678187e-01 6.207596712563459018e-01 1.285668349927894250e-01 5.572369337173610493e-02 2.063185332779747805e-01 8.960082704818397303e-01
5.367381471204821786e-01 4.007289756937179037e-01 8.517855667523230867e-01 9.430097218611915855e-01 9.979977330721552242e-01 6.193571876546859478e-01 4.038711636395510007e-01 9.771766207301223472e-01 4.738200824377301057e-01 7.860532448803129180e-01 6.974090330868880638e-01 3.243672841020804887e-01
4.372523316694354456e-03 3.706726491005242208e-01 5.156802603715031630e-01 8.384409659301698126e-01 4.632925941986527629e-01 9.420663285185318925e-01 8.474005747669842714e-01 7.625036920767203075e-01 2.193146983804807881e-01 3.420634582006187863e-02 6.626222389840269456e-01 4.973742880044785819e-01
5.454331113417213439e-01 7.841041236220602784e-01 6.491287690934810506e-02 3.554188350434522858e-01 2.891966064036481932e-01 6.870550386243081675e-01 8.252644611177171186e-01 1.210633397531212241e-01 4.899056992372533559e-01 5.128505841112470653e-01 5.107922338322765654e-01 2.207042203254132584e-01
1.924414328734901369e-01 1.190319189878077388e-01 3.811929500237639656e-01 8.409036857812673960e-01 1.671971806389367377e-01 1.561004444438249816e-01 3.173625407953927224e-01 2.876787454865229465e-01 8.000187034391768037e-01 7.996389404663375444e-01 7.394324755080373679e-01 4.721814113021025605e-01
3.948806602464748350e-01 9.804939896076940720e-01 6.837442905167259166e-01 9.050047237891715168e-01 7.001418859873411726e-01 4.265718333263097684e-01 7.375462640880262599e-01 1.373365638312122883e-01 3.040965987955560612e-01 1.568758495363279382e-01 5.085705246209732966e-01 1.257835112519152254e-01
9.987339823914870296e-01 1.977728544069802252e-01 5.415783894289388778e-01 7.727257886749097082e-01 8.710677906164721040e-01 3.538239244019781848e-01 8.068496549985836319e-01 4.279911081364908831e-01 4.464895147330549818e-02 4.038466470454810109e-01 7.534714410679554941e-01 5.512333449391463303e-01
2.735357164209620828e-01 3.723011076396597341e-01 6.012674215815562162e-01 7.822825831290400878e-01 2.213963027745292633e-01 1.006212149942515843e-01 3.807545413734957362e-01 9.508341379413763894e-01 2.619529604932140376e-01 3.831638684992868527e-01 2.049769163892919410e-01 6.886591153962526857e-01
1.507958827829536386e-01
3.421320671318948126e-01
5.272062099165788496e-01
4.180546199061623280e-01
6.120125434717582635e-01
4.314165570897864344e-01
7.532648865582364239e-01
3.017224117866350586e-01
1.464856377533447773e-01
2.470492155000669765e-01
2.944149090545189473e-03
6.237964179573854961e-01
ReLU
0.2
12
2
6.781385625377013282e-01 5.122029888778429907e-01 9.604530905831859533e-01 4.872536639047386764e-01 5.291337375652718222e-01 6.434033230354683219e-01 6.842456651800996603e-01 3.522771921118064142e-01 7.317665037350395973e-01 3.763028386794099456e-01 6.369027543989027595e-01 6.957088155663350149e-01
6.608867090802145183e-01 5.983007259560794155e-01 8.348909225991086869e-01 1.076442626443863126e-02 6.690004854740124740e-01 2.422565101882427907e-01 4.531661604382242192e-02 5.165168909450952306e-01 1.861662077352765898e-01 8.123503670797028731e-01 8.444302770249058065e-01 6.532746304997318898e-01
1.549649079117370043e-01
4.069675081698533869e-01
Linear
0.2

ct 2024-06-12 14:29:01.414377
