noname
4
2
2
2
-1.008547501323054263e+00 -9.540941002091973822e-01
-1.097329575376662092e-01 -1.184092678606254889e+00
2.950483635090201950e-01
6.845196724409460254e-01
ReLU
0.001
2
2
-1.516580956426611060e+00 -1.187464866222675663e+00
-7.912901640108478407e-01 -1.462050162720129887e-01
6.560536866271372558e-01
-8.165024382122294810e-02
ReLU
0.001
2
3
2.756270068359534253e-01 -1.214911440303675150e+00
2.234073587959320983e-01 -8.091468706853929271e-01
4.566247098602351784e-01 -1.659882088646037479e+00
1.393887669013434527e+00
1.429266064339564268e+00
1.274607714005999703e+00
Linear
0.001

ct 2024-06-05 12:47:14.101342
