noname
4
4
4
4
-1.797201504854290421e+00 -7.924207959031541737e-01 1.627434971871533520e+01 5.381178882375137196e-01
-2.654002142777509565e+00 3.129587529374995847e-01 2.388340775415125350e+01 2.478726436925271059e+00
-9.000347017179093356e-01 1.427044362095861940e+00 1.935062429942592033e+01 1.302252309145726539e+00
-1.230880132013814965e+00 5.524048391833834559e-01 5.641266487420220521e+00 1.008433839986885960e+00
3.352504617113904128e+00
-5.513720593974494655e+00
4.835128703684308249e+00
-1.089564000968958890e+00
ReLU
0.1
4
4
1.990441639732059773e-02 9.312435956475572096e-01 -3.113577018720683487e+00 -4.736545060753023506e+00
-2.527979313827455332e+00 -2.508623188544846894e+00 -1.278308849027609106e+00 -3.439799666958085478e+00
-1.495806165548726252e+00 -4.229775615240046527e+00 1.542920584633717507e+00 -3.632981001239508068e-01
-1.259070426173870827e-01 -1.673396391594097254e+00 -9.530789265203533089e-01 -3.285130096587486892e-01
-1.043769757837427620e-01
9.629619731784686554e-01
-5.044590458277504741e-01
-6.179108858483006034e-03
ReLU
0.1
4
2
-4.544378331807873671e-03 -1.894495090759758193e+00 5.047415818787467368e-01 -1.654756071352710134e-01
1.064363961363709414e-02 -2.198859302055879095e+00 8.759178140507263288e-01 -4.395935333507276499e-01
4.123146307812328715e+00
4.452089014451980908e+00
Linear
0.1

ct 2024-06-16 15:18:48.653958
