noname
4
4
4
4
3.577807255022448785e-01 2.100111478438665136e-01 1.297422954956096997e-01 9.308214932880020109e-01
7.390529015393697554e-01 1.362339357451878841e-01 9.994509829856734751e-02 9.707491677404129771e-01
8.791681086693701186e-01 9.801750156932214075e-01 1.752510703311069395e+00 4.333657491524541272e-01
1.336773016871191100e+00 3.409480862686926073e-01 3.140752390110398418e-01 8.018474781315871880e-01
-2.372373565000331364e-01
-5.703947768470984947e-02
1.081012123495300514e+00
-1.082169478311545141e-01
ReLU
0.1
4
5
-1.540256505876718696e-01 -2.674832390467005161e-01 3.396509337988111443e-02 -3.461804666245368312e-01
-1.540635219369750064e-01 -1.011354495962785288e-01 1.103023474675594473e+00 -2.050492572271566671e-01
-2.096719302647905847e-01 1.092466659030407461e-01 7.795900865615230657e-01 9.163220866272811516e-02
5.851312219345960325e-02 2.624739253865080446e-01 -8.941053352152683598e-02 -3.537075918165598631e-01
-2.769041289388203819e-01 -2.760095496163462170e-01 -2.894280273662282466e-01 -2.873659589216498444e-01
8.382753644459549625e-01
8.089748140533697951e-01
4.730728462137839263e-01
1.958917255784112521e-01
-2.889719498396037811e-01
ReLU
0.1
5
2
3.984256368613202093e-01 7.350827703471993768e-01 5.402898963305515778e-01 -1.217703421029322358e-01 -2.933630876268423227e-01
3.232684119662854183e-01 7.530538293262007965e-01 5.849974066721189692e-01 3.260472719137463282e-01 -2.815123060640393193e-01
8.897706331382483347e-01
8.831090710301162661e-01
Linear
0.1

ct 2024-06-15 19:25:38.674675
