noname
4
2
2
3
5.261790167232268667e-01 6.874839200514291093e-01
7.090534363556333375e-04 6.860792130428450264e-01
4.708572438480166378e-01 3.301610502520353485e-01
9.309151011324592329e-01
2.434791995932337194e-01
5.770596076688112586e-01
ReLU
0.001
3
3
3.528546573901018002e-01 7.728508048458568869e-01 9.995217950638106696e-01
7.841901002240130314e-01 2.437295539841303205e-01 2.814152791547286370e-02
9.384863734702423299e-01 8.964254968040044069e-01 7.742097353144569150e-01
3.951172478772008168e-01
2.802766201599437013e-01
8.795667987842860081e-01
ReLU
0.001
3
3
7.098838810567253965e-01 8.229354328683047282e-02 7.739651367624018619e-01
7.768947145832784118e-01 2.845139575183193159e-01 5.453406493683912171e-01
6.698377160584325640e-01 5.952714744414717707e-01 3.494080545986895103e-01
1.293146372061106941e-01
4.473679402483011769e-01
6.710697261778610923e-01
Linear
0.001

ct 2024-06-02 14:47:16.067338
