noname
4
4
4
16
-7.602962893311034920e-01 1.976817261065554887e-01 -6.417666986144183738e-01 1.378354944570533702e-01
-1.107059835182710783e+00 7.600564605476960445e-01 -1.487637284899610834e-01 5.671510531668773059e-01
4.222563172223455230e-01 -8.286164935033960011e-02 -1.706540081650388396e+00 4.451077534822276416e-01
-1.240531281260487811e-01 -8.922419250775742716e-01 -2.831668762662075345e+00 -7.135355055841451077e-02
-3.519678836445730985e-01 2.402922168449019014e-01 -4.217636421562347415e-01 8.391762798186842842e-02
-1.696800297036128669e+00 1.057726891219219478e+00 3.137452260130053183e+00 4.597098627487539724e-01
-1.087508607878455713e+00 6.403244848728375516e-01 -6.275754253656001813e-01 6.150012315417638931e-01
-1.569332107628212070e+00 1.201501862842958124e+00 1.507456473727701196e+00 7.417296449245677215e-01
2.643311406969996558e+00 1.293213541188947824e+00 -1.233179278137081836e+00 2.434239447592571270e+00
1.171882162642405190e+00 5.557638740304418068e-01 2.291597427518259789e+00 2.253285813902059953e+00
2.200644965354683347e+00 2.075695383869536670e+00 4.403796641062989181e+00 2.776216510260262726e+00
-6.559256980981893470e-01 5.096170128077835981e-01 1.919232503147747515e+00 2.489858332421792109e-01
-2.088781355060863820e+00 2.763272577135454267e+00 2.821633200283775622e+00 9.915932647293338453e-01
-6.380831032791373092e-01 5.590771100779572400e-01 -3.171130515763077029e-01 3.928020896972583831e-01
-6.598209237339057731e-01 5.168920965077686835e-01 2.130345740248499808e+01 1.312649666540082194e+00
-3.330456893826629905e-01 4.004114133174260237e-01 6.522799863003081455e-01 5.036735605305278085e-01
-5.913763863379764008e-01
-6.826313834527271140e-01
-2.057263638637798930e+00
-3.003230173978201467e+00
-3.927028227699584928e-01
-8.253265024586079468e-01
-9.375775537049272357e-01
-1.335285978764503945e+00
2.777016590531388163e-01
-6.013112015937660537e-01
2.485975582047938115e+00
-8.831295476497994512e-01
-1.034273360236920070e+00
-4.466258352036041046e-01
-4.204586210487383902e+00
-9.379610863134837384e-01
ReLU
0.1
16
16
-4.139642051520808774e-02 1.146374037986376895e-02 -1.030593944470647116e+00 -8.895774173193225776e-02 -2.730582244809736658e-01 3.300992733540786817e-01 -7.822247109029520917e-01 -6.861989348345063355e-01 -6.512907876382939554e-02 3.729813785141666838e-02 1.516612976525235322e-02 -1.359149369050496547e+00 -2.249284508248476921e-01 -2.569684822516867806e-01 -7.467544834347554783e+00 1.542555291295711478e-02
1.714561724654217398e-02 3.352728888977113408e-01 8.001875762639627798e-02 7.017824665128775674e-01 -6.717510269792249800e-02 -1.031532058117107686e+00 5.717124502601081959e-01 3.442557954425480848e-01 -3.876758169828231626e+00 -1.576068743460730115e+00 -9.221493437018509765e-01 -2.804468532257278213e-01 1.141880148269571738e+00 2.402511482686741362e-01 -4.898813277986812764e+00 -1.800404203625101951e-01
-3.819416227976752537e-02 -1.283717587551443384e-01 1.189334731408407508e+00 -1.465865127745708818e-01 -3.407004263429521118e-01 1.454285305528983108e-01 4.918576060836313268e-02 4.240387730055344417e-01 7.840402068220126974e-01 1.479902844444989984e+00 2.261707991276919572e+00 3.065728301242797715e-01 8.989671749022648539e-01 -4.485873362741336634e-01 -1.072118159226218737e+01 -3.877967527561247962e-01
-5.606838600378490911e-01 -7.430026134953218175e-01 -5.076601533956991430e-01 -1.469970338960019607e+00 -7.305617842064385803e-01 -1.492389249264836903e-01 -4.275773363860037590e-01 -2.006693422384607517e-01 -1.004088206412910633e+00 -8.144679122101727842e-02 -9.105277286334033382e-02 -5.155267135963437219e-01 1.015652995661539687e-01 -6.292256473721051790e-01 -2.731015151777461902e+00 -4.120807517464948888e-01
2.747737874448336406e-02 -4.983469997275200014e-01 -1.037102281447831315e-01 1.154260126286247745e+00 -8.292860603034217515e-02 -6.354972553904174315e-02 -4.424107130958568890e-01 -1.966254271472832882e-01 -7.625257019227871247e-01 2.026003784597462942e-01 -2.127329270856202076e-02 -1.322215773232023217e+00 -6.037171750658170133e-01 -4.005090949400475497e-01 -5.081125822876199294e+00 -6.235848001927767337e-01
5.459733087237138988e-02 -4.096974755783497346e-02 -3.221650126610642872e-01 8.348025804390685201e-01 2.286783144444402560e-01 -1.106001819903778410e-01 -2.343362195555382110e-01 -2.436080456542196460e-01 -6.541871970406651915e-01 -3.356245656495426277e-01 -4.513059606029238280e-01 -7.026190239641701973e-01 2.659112424119980944e-01 -2.489967064025118137e-01 -5.472469994681750549e+00 -6.293268110595836573e-01
-8.537019048330385385e-01 -1.134791777473417085e+00 -8.379860360339570491e-01 -3.103124701009078557e+00 -9.791411836247718714e-01 3.567968996650546232e-01 -8.213480960314050172e-01 -2.532386971307385437e-01 -4.826955671450091079e-01 8.939101823291450977e-02 -8.772825740119336024e-02 -4.377891726427786123e-01 1.049953478981786870e-01 -7.453543162756648410e-01 -5.835629243931868437e+00 -1.832755877112569598e+00
-2.047952000636607262e-01 -4.933860663528590873e-01 -2.289316987023188588e-01 -4.322929884886174412e-02 -6.192984499402945930e-01 -2.300251033378388321e+00 -1.983680329727413483e+00 -1.763709337997808824e+00 -2.528890395425519522e+00 -1.841767641559500568e+00 -2.402541497351301736e+00 -9.635472736166200702e-01 -2.682465029574759630e+00 -9.531620069417354735e-01 5.019556225485443335e+00 -6.276335480369503728e-01
3.236738945317186450e-02 -8.127929225363590415e-01 1.338935634372721006e+00 -1.055657020556713288e+00 -7.883193284140733725e-01 -1.614578353929741139e+00 2.530825003197623713e-01 -8.922145054591167357e-01 -1.203041924529716811e+00 -1.535390803121851500e+00 -1.233526191305920605e+01 -1.955445713291904752e+00 -3.422165723604719267e-01 2.710298612532388018e-01 -6.024806358877252688e-01 3.003299522240027719e-01
2.263539135292247373e-02 1.819411170283632695e-01 1.331873272533024677e+00 2.189166679496635515e-01 -5.260595603599545894e-02 3.556793599167331066e-01 7.495326455211184236e-01 -1.010058137784456689e-01 7.332924795203907831e-01 9.112794612524843796e-01 1.561517632397606548e+00 5.239474419674472472e-02 1.077875912948778048e+00 3.333971394678951206e-01 -9.270177237242664958e+00 1.154218543290100735e-01
-3.132339706674858726e-01 3.553066576382992170e-01 8.748883913410456792e-01 6.113207708596737344e-01 2.511300858531354541e-01 6.664389587694837802e-01 -7.025614481863082759e-03 1.019091632862141550e+00 6.451338059521953827e-01 2.631657517998204909e+00 2.609242593774012131e-01 7.068171128090376953e-01 -3.723341610044788030e-01 3.339005741310940856e-01 -1.147882297990290290e+01 4.229786994500070452e-01
1.828801664939747884e-01 3.668613667875488815e-01 1.489396614808614183e+00 -1.548262992217983580e-01 2.467326394047273663e-01 -6.142178795378195888e-01 -6.351728999409977927e-01 -1.084753388338907776e+00 1.402997948023000152e+00 9.571441608020156422e-02 1.950412039353669691e+00 -1.744716948544593749e-01 -4.211556954303014577e-01 -1.794162803792556660e-02 -1.122062919698412742e+01 2.933092981321797077e-01
6.356421481581968347e-02 -2.409761718437519185e-01 -3.986735340204405897e-02 -1.206377635987927022e+00 -1.264302842680830874e-01 -1.118580324431177053e-01 2.021561886314597045e-01 -4.085887659155568730e-01 3.670293126772172787e-02 1.521939518005612779e-01 -1.856736870553463981e-01 -4.044094074902736535e-01 -9.990253229438411653e-02 -6.975897848665646439e-01 -3.614575718427858408e+00 -2.938237886344370331e-01
-1.598616791346803567e-01 -3.796775310505401402e-01 8.640028001058389640e-01 1.497008034713010138e+00 1.993435487656010918e-01 -6.816935636954628563e-01 -1.531791416882514745e-01 -4.424707755526139374e-01 1.010395762261790675e-01 -9.037527940541698612e-01 4.156704264121676151e-01 5.519600878171383451e-01 2.131600625528456694e-01 -8.376531014666273312e-02 -1.587546024865471139e+01 3.846153279379834200e-01
1.347646997119315293e-01 -1.492376140994945977e-01 -3.882670403259530501e-01 5.930976899373177069e-01 -4.081646839162816898e-01 2.449573451308489636e-01 3.975866074691633556e-01 -4.230252691092728501e-02 -2.074175298301210724e-01 -1.896228772186722977e-01 4.465217842461972203e-03 -9.134310185882892341e-01 -3.400919812626098104e-01 -4.713014857123770662e-01 -5.306031903951813788e+00 -3.943853224811144087e-01
-6.086658994687034197e-01 1.056067823728920052e-01 5.612490916676649705e-02 -8.756607054101982479e-01 -5.092328991707832930e-01 -4.195982140457706899e-01 2.187098326768650014e-01 -3.328406308047520690e-01 -5.886093509085045250e-01 -3.021059703890900394e-01 1.689341672676852590e-01 -3.679368445476403071e-01 -2.336970932169378234e-01 -1.343636803293054571e-01 -6.141528439403871609e+00 -3.792455769675596167e-01
-3.435639799168374586e-01
2.172783831399171639e+00
1.184473871491782848e+00
-3.199805370208641531e-01
-7.664617360523666434e-02
1.654770203263459249e-01
-2.830821673183204767e-01
-2.643927755376999755e+00
1.230390903020746274e+00
-2.236980945142363342e-01
-1.749042612513217909e+00
1.248944762794278684e+00
-1.017679315783011872e-02
1.532349529233944629e+00
-3.649689474701217629e-02
-5.458749937728029078e-01
ReLU
0.1
16
2
1.985363106436109290e-02 -7.327934135751338340e-01 1.644157064782386879e+00 3.011601583847415831e-01 2.122141566166289295e-01 -1.677679392794898250e-01 2.531697491201134187e-01 -5.141320238229595274e-01 -2.200583366564111465e+00 1.273248626023597563e+00 -1.068068642336720719e+00 1.801255527898981024e+00 1.624983134979498395e-02 4.574742736723175218e-01 3.768811235862038617e-02 6.306992721645618416e-02
7.646033073932029245e-02 5.524998693339077116e-01 2.197980608276708825e+00 -8.701778569630973237e-02 5.099274435151281148e-02 9.250500402538405775e-02 -3.183412757461437370e-02 -2.678737821083590487e-01 -1.141884010414479511e-01 1.213814358079065903e+00 -9.968227572336428866e-01 1.341380300425742522e+00 -2.748325847083944382e-02 -1.298384634806090343e+00 3.970511318842460599e-03 1.050514312109258885e-01
9.227882857051499244e+00
5.744928620450069801e+00
Linear
0.1

ct 2024-06-03 18:53:40.817161
