noname
4
4
4
12
3.455094645543770882e-01 3.427443352871767934e-01 7.847166015419436702e-01 5.988138120904309414e-01
8.532495480391122378e-01 2.516803697758969727e-01 2.731937042792392245e-01 3.229285960445999470e-01
-7.593181411403623904e-02 3.600958840164677488e-01 9.481021988022705349e-01 4.197410451029307543e-01
-2.485629328391655846e-01 8.089877698808306539e-01 9.255271341456233758e-01 2.942551144371921001e-01
-5.619156320648177605e-02 4.442352819642307327e-01 9.144506481105116880e-01 3.118632289319850925e-01
4.896797473208790996e-01 1.789230393229429839e-01 1.061857888952111306e+00 4.082774528875883768e-01
9.875672219381718131e-01 8.668079580812165785e-01 -3.169696080234680746e-01 8.052393572190514881e-01
2.638590881495061092e-03 2.237262698146769702e-01 1.149676858286516001e+00 1.793789058096662559e-01
5.933679258862412098e-01 4.273198514091321454e-01 5.394454143875984098e-01 6.603552249774664595e-01
7.706102533424081802e-01 4.348197470528850084e-01 4.528980405444590907e-01 1.770327184880165217e-01
2.811071525839533569e-01 9.316483751426983817e-01 1.073923662485293251e+00 3.738125326789395464e-01
9.800824438907128622e-01 6.906884973653946158e-01 -4.000057852521152202e-01 7.594890260960929229e-01
1.134999078687567220e+00
1.347292263522821831e-01
6.963518939663179141e-01
-3.044627638301370884e-02
9.621746174248684280e-01
9.196617844803041120e-01
7.822362254610490395e-02
3.342890281996574453e-01
1.044091398002557458e+00
8.013893180028872631e-01
-3.781195449795195229e-02
3.109829233929272130e-01
ReLU
0.001
12
12
9.007156749002115381e-01 8.308216047377684488e-01 2.506919091807267019e-01 1.278437190211185459e-01 4.039443300422396743e-01 1.175193759161108076e-01 -1.224153800186051494e-01 7.097812928598243865e-01 5.986891477947519080e-01 7.646485130537992170e-01 2.217769003458254229e-01 5.217926957469296717e-02
5.505771314584572140e-01 3.128167737768920986e-01 7.263745838020859713e-01 6.384989832802762111e-01 3.149761321561082017e-01 7.779626390170510941e-01 3.148303917325890877e-01 8.417541413986313614e-01 8.363367531027878776e-01 -6.265251426735538032e-02 9.509375563871906856e-01 4.584730496937186595e-01
8.800870586357361081e-01 7.999258827275147476e-01 6.633095206997829951e-01 9.477889138477667563e-01 4.672512293640495584e-01 7.480352773188254645e-01 5.978163727235837888e-01 4.213742250848761528e-01 1.718735197432997297e-01 6.590484158616900512e-01 5.782872833359649078e-01 8.474347349103487081e-01
2.252073670991258103e-01 6.576005449585021756e-01 3.480774572249463739e-01 7.514455346687312076e-01 7.304701501925279228e-01 1.834169796803480357e-01 -2.839709239653500084e-01 6.535603208770452976e-01 5.635639885414820416e-01 5.259459669855323094e-01 8.490480628555787668e-01 6.065992439553794524e-01
2.283802988832603076e-01 6.792317952107235213e-01 4.007965771565286661e-01 4.493526096374501066e-01 6.777231801171537118e-01 2.073517135300164127e-01 2.763297656132928520e-02 8.602667679881819129e-01 7.563965259627779547e-01 5.460221691243968278e-01 3.857470645086836236e-01 6.394859247358242182e-01
9.126701843206068698e-01 7.726407877954699632e-01 6.181335974656912979e-01 3.650281938854510466e-01 7.307846047766883846e-01 7.435485022581538317e-01 8.497670836239002989e-01 -8.131828850368176716e-04 5.012321570816000715e-01 4.850723246985534920e-01 6.701964274068477057e-01 3.935891083299294935e-01
5.131770794981547201e-01 6.773703282621916788e-01 2.563376143566980514e-01 2.157313687808471436e-01 3.713467853577279154e-01 3.512843068417134118e-01 4.519533105698937958e-01 7.469323293140226472e-01 4.951562812334504571e-01 -5.338065894016581076e-02 1.885645718903097845e-01 -1.339155806688099304e-01
6.005868258058520981e-01 2.643140499766710727e-01 6.480402859879645927e-01 4.434621621615957299e-01 6.177753535919641159e-01 5.722625806787451364e-01 1.800102862673135795e-01 3.437263573817757045e-01 5.876559873352900087e-01 -6.452351700359598707e-02 6.874477495073471056e-01 9.267954445500510563e-02
4.112475725863806164e-01 -1.057557130552332220e-01 8.430201634839654679e-01 2.729634816191385815e-01 2.834621290241113312e-01 2.518829587900787703e-01 4.042482725539544020e-01 5.095893400766686732e-01 5.781692729250986762e-01 7.558700803696180026e-01 4.370800827133401456e-01 5.209007168153907408e-01
6.945530410894484863e-01 7.741779343196163454e-01 3.347466835252594919e-01 5.710141837203235315e-01 9.262669054983198036e-01 4.880647734974454810e-01 4.624267734450683842e-01 6.556405038406504238e-01 1.667047222742933932e-01 9.986540002168924068e-02 8.442011243242368568e-02 1.673652562897899321e-01
8.661530875116150163e-01 7.303071233646650784e-01 7.001810160061072708e-01 6.724215969051103858e-01 5.773613885089901032e-02 8.574746381743492130e-01 1.219539467468264277e-01 1.343675313012051287e-01 7.574471991595043141e-01 6.183815762449395015e-01 4.999343389027480766e-01 7.742870535000426768e-01
6.990879179086619821e-01 1.529887818931472687e-01 2.910162897798869719e-01 2.249452440240368722e-01 8.880920388243866703e-02 7.318766682180920524e-01 3.564848728341627471e-01 9.157292975374160537e-01 3.890451694203138633e-01 3.302841763046854284e-01 7.164680672385121962e-01 6.441104835475367496e-01
1.004563144753819470e+00
9.503535145486229352e-01
3.514168395022337354e-01
5.222057079475277142e-02
2.933534470854479159e-02
8.813236154092913832e-01
-1.170962221990694274e-02
5.392080452865380957e-01
5.980531484853259805e-01
1.000196684826611726e+00
8.985387839490580619e-01
5.290334975993458144e-01
ReLU
0.001
12
2
8.805350792829406137e-01 1.788830981285229327e-01 6.069018835582216109e-01 4.980291345665960323e-02 7.116995046614232878e-02 3.985526555105521895e-01 2.022313037625449728e-01 2.510261153270313406e-01 5.891052660301220739e-02 8.911835316225839021e-01 1.786198657053706673e-01 5.072974935695692134e-01
3.519371039363368148e-01 8.955148939091178706e-01 4.304145342620107478e-02 6.660311468252021194e-02 -2.180524401097655093e-02 -4.213337510604032998e-02 7.108766891740687655e-01 8.409339389377735730e-01 6.801387039947218160e-02 9.152344263356395615e-01 4.600139820441664362e-01 3.123745663800784889e-01
3.292471409006797467e-01
6.872179848206989849e-02
Linear
0.001

ct 2024-06-02 23:37:28.956039
