noname
4
4
4
4
-1.603868005491028981e-01 6.364318744659366311e-01 5.729524726117398714e-01 4.215249935526020897e-01
-3.077624468854305295e+00 3.536938365920199612e+00 5.575719203576529281e+00 -1.640056910975586646e-01
8.453894192232380700e-01 5.738589684481408826e-01 1.598919172306675351e+00 1.507916992497585040e+00
-1.236219390610777902e+00 5.817409787259983922e-01 2.246916779988191237e+01 1.470118770982766776e+00
-9.093381476105721894e-01
-3.744929350002378587e+00
9.368566590588421894e-01
-3.964022712649537983e+00
ReLU
0.1
4
4
3.604569793851504500e-02 2.464955485500348875e-01 9.355093107435669131e-01 -1.768255157902877794e+00
2.271750502144775363e-01 -6.326421435193583243e-01 -2.509697558138954121e-01 -5.390576792241801030e-02
5.806877599123652818e-03 9.325053623117686430e-02 3.555554817595732442e-02 -5.307492437016110287e-01
-1.983231954297200866e-02 2.191262479343407399e-01 2.077023307594322965e+00 -1.286142553800984523e+00
1.322463792453197007e+00
-1.907664049958793517e-01
-8.316065673988073392e-01
-2.943482669894239123e+00
ReLU
0.1
4
2
1.815998805349952061e+00 2.710396135633897675e-03 2.271050219001348180e-01 -4.075921340705089269e-01
1.118765361296106375e+00 -3.029560219561586165e-02 -9.130452504194019880e-02 3.021165528416481227e-01
1.812781603512366058e+00
1.587604581763961242e+00
Linear
0.1

ct 2024-06-15 13:40:04.936692
