noname
4
4
4
4
2.063696442897893224e+00 2.423275879926283238e-01 -2.113418498979505245e+01 -5.236834346368441917e-01
-1.034734491869523376e+00 9.632271843267226075e-01 7.292062065639509427e+00 5.879309681663937859e-01
5.153859210796967183e-01 -3.588502224610655156e-01 -1.015003267725333913e+01 -3.405580711228921031e-01
4.823380946856005158e-01 -8.311851593952869210e-01 -2.434736252556627178e+01 -1.536229577829838044e+00
5.757415699942131759e+00
-2.217779680586034807e+00
-2.761759894745133170e+00
4.074616381967500978e+00
ReLU
0.2
4
4
-3.270613428891309682e-01 8.781459397864189997e-02 2.942057610150668467e-01 -3.550183590698482217e+00
-5.141477931288928049e-01 5.394857407654250064e-02 -1.513079663735139857e-01 4.164892000724187276e-02
-3.242176390131788488e-01 7.675768642010757925e-02 -8.318884185899878547e-01 -1.808264862432586439e-01
1.648701220372922549e+00 -1.042555947244118819e+00 -1.443254985720515915e+00 -1.538680591915257967e+00
-5.151220977972492676e-01
-2.167658759243734634e-01
-4.962054524816004730e-01
-4.623459939545941644e-02
ReLU
0.2
4
2
4.254383359991774707e-03 -3.467571211400259368e-01 -4.336146224428378271e-01 8.312053300547335155e-01
1.399405308983794616e-01 2.512082731005964020e-01 -3.143716093818255675e-01 6.260161234499765914e-01
1.963892406540040048e+00
2.260259255616482665e+00
Linear
0.2

ct 2024-06-12 14:17:04.014884
