noname
4
4
4
16
3.124360649385344857e-01 1.066013316774098163e-01 -2.502229439050268622e-01 1.338325355572561326e-01
-6.669194599534745693e-01 6.600409903984632010e-01 1.239310836581886788e+00 5.265479857141885933e-01
1.762890714289493621e+00 1.943082829096427266e+00 2.532454232368295255e+00 1.919219866852541534e+00
-4.398823386317503026e-01 2.283853142191101249e+00 3.993778094555552549e+00 -2.981816537409387458e-01
7.219893860341430880e-02 8.355831499326007439e-01 4.805022750014582567e-01 6.798706951857208525e-01
-6.161687830042557046e-01 1.898177423571522526e+00 1.759181498267777144e+01 7.450640578000037317e-01
1.095245940039617782e-01 3.536193688732336415e-01 1.238287532942955044e-01 2.374129510177651614e-01
8.978753659167912904e-01 1.911405822849224334e+00 8.618460414421106330e-01 7.450044242582601894e-01
2.491935215244265589e-01 1.488462944750760686e+00 1.639413467120663936e+00 1.545509659976044003e-01
-5.824404115971680840e-01 1.745196440873525434e+00 3.136323899174621399e+00 3.268833907656343296e-01
5.109929056180410045e-01 1.672850045850878820e+00 1.212616535523509009e+00 5.869339594556896023e-01
2.906937273010559597e+00 2.494423411073591612e-01 -1.623456904295769387e+00 5.525593615276973569e-01
2.481959863127751298e+00 7.938185074105664762e-01 -1.013893604903790824e-01 1.995589817046044434e+00
2.187912965310274238e+00 1.120059468662801150e+00 -2.627168078338640855e-01 9.105018280934910058e-01
2.634761792363963018e+00 2.188961635571871067e+00 3.422589904172871123e+00 1.542480956199512976e+00
-1.470365467799610526e+00 1.412656475953126600e+00 2.276682851832464660e+00 8.694272583526619913e-01
-1.267522857817114046e+00
-2.616656751862885599e+00
1.833189870405481647e+00
-3.987174057988973619e+00
-7.512368030975355992e-01
-4.843717032118219912e+00
-2.662885452371279160e-01
3.190310955000671966e-01
2.884016536028333744e-01
-3.442268461289443304e-01
1.543152864984381756e-01
-7.478570989784727452e-01
3.578851759024776480e-01
6.031168185695151562e-02
1.315797850886321507e+00
-1.012442038653472043e+00
ReLU
0.2
16
16
-4.523398223618352310e-01 -9.234203072727328876e-02 6.053580166035524845e-01 -1.069196199003111358e+00 -7.310582334957510878e-05 -3.388076496596826637e+00 -3.908978511504173636e-01 7.030606934854696788e-02 3.063865048618127362e-01 6.822240472239713416e-01 6.049726472440210001e-01 -2.485448266479906021e-01 2.724214954765524221e-01 -5.408662376640116509e-03 3.332465929019673978e-01 -4.630277291242095861e-01
-6.036645935084860026e-01 -4.449991954002596173e-01 -3.258216403832565611e-01 -3.203085781329396697e-01 -7.527387984941073806e-02 -3.019463383824920300e+00 -4.483070781806158811e-01 -1.156346718118688166e-01 -7.563014060067522193e-01 -3.262890597291677186e-01 3.120337928203689715e-01 6.521729702429028552e-02 -2.323297511936268100e-01 4.251405096136338657e-01 -1.259753868983315081e-02 -1.345626255607918487e-01
-8.539704846300730234e-02 -8.373424732097374257e-01 4.990582689589052878e-02 2.619404904628660491e-01 7.579393928488302457e-02 -2.202319123092248532e+00 2.231295172563130258e-01 -3.498066995159834769e-01 -7.262415506591990422e-01 5.299219901206143890e-02 -5.622593196969155604e-01 -5.041620764196235172e-01 -4.762295207916722450e-01 1.004368575866439461e-01 -4.727902298976022211e-02 -1.790929331922504197e-01
8.032045826212984296e-02 -1.038307253988320689e+00 3.212607807429477408e-02 5.092850802578281488e-01 -5.136308107988144522e-01 -2.813629624483735547e+00 -5.835167564662745443e-01 -6.416303176966132726e-01 3.388371043467784671e-02 -5.653010361721247934e-01 -1.119008392907335503e-01 -5.076469777828438446e-01 6.485843871128965654e-01 2.195782959876544926e-01 -4.169161299061922565e-01 1.070696330436811949e-01
-4.778978901594690964e-01 -1.001982554182173635e+00 -6.406851088652595339e-01 -8.563478495215415265e-01 -2.225393406502025329e-01 -2.240902370511273778e-01 -1.090771245943418011e+00 -7.124850584078131766e-01 -5.565344970661319224e-02 -5.181193447257086415e-01 5.894605421652369254e-02 -6.134613435430193995e-01 -3.158700033440287602e-01 9.285402245570353874e-02 -6.425194027996313784e-01 -6.431070602055102281e-01
-1.269671633430110858e-01 -2.362569876873285568e-01 -3.697274087133037845e-01 -9.113161817640740014e-02 1.588601735465297871e-01 -1.592933273973993424e+00 1.642848053250010043e-01 1.178362028088036570e-02 3.245060655744216871e-01 6.149105935972857262e-01 2.285088825434578863e-01 -3.370859887848264291e-01 -2.510695511669994162e-01 -4.677318753394149042e-01 -5.575851090724773806e-01 -3.771786814389959525e-02
-4.942503815360841379e-01 -5.082827570600093603e-01 -7.531169802207121622e-01 -8.379183463142710064e-03 2.372602244392693349e-01 -1.774724809738897680e+00 -1.698380586934852832e-01 -8.351576187076408253e-01 -5.429572048626819109e-02 -6.370401625964565717e-01 -2.337638629179369376e-01 2.436845476992942905e-01 8.713317319351545631e-01 -6.347846892860395940e-01 -8.067101691514733108e-01 -7.540290094526816422e-02
-4.019716753864400194e-01 -6.817694985366905547e-01 4.303850778559614038e-02 -6.414988339289525235e-03 -4.198838821047215508e-02 -3.658918955023808817e+00 7.246260877972467151e-02 -6.562446167229486482e-01 -5.595853476214123212e-01 -7.974567005517693152e-01 -2.465818701681920244e-01 9.468432829197723222e-02 -6.160206240140270184e-01 -4.771552845820506983e-01 -6.516180513280238340e-02 -5.242220218646608254e-01
-3.033079816161511899e-01 -9.082026569569187080e-01 1.498027427642614873e+00 -1.286116810453680648e+00 2.464813725759756602e-01 -4.837586691607107525e+00 3.229964661613332622e-01 2.737896255240301890e-01 9.314451970189444596e-01 4.003549226142072981e-01 8.330171827769777826e-01 6.630637974630352316e-01 1.048868019621324921e+00 3.506563585913566872e-01 1.083297478105628819e+00 -7.709784666846953849e-01
1.104980679691214274e-01 -3.773894164509016824e-01 1.515996668407618153e-01 5.601284543519098602e-02 -1.978207513413348939e-01 -3.849658282052966563e+00 -1.721130375467412044e-01 -6.036566968530843180e-01 -4.642493579739159770e-01 -2.595243277766304257e-01 -3.387029540288785112e-01 -1.164963314436014696e-01 -7.429288442252446334e-02 -2.676446604848719546e-01 -4.222525185010404108e-03 -1.437801257949639644e-01
3.128889605499632354e-01 -1.520406781639616900e-01 5.023709681162144003e-01 -5.784074512223325026e-01 -3.756900460731906199e-01 -5.468535700105531916e+00 1.143054972100887023e-01 -1.650612976764842255e-01 -8.011635808431761818e-01 4.896878878783803568e-01 -8.197457689065076325e-01 -4.418932034319442703e-01 -4.492751287057356047e-01 -6.593734860215056948e-01 -1.803878566984746801e-01 -9.918421400842182267e-01
-8.423563284047098643e-01 -1.215793285978985727e+00 -6.206474447116911985e-01 -3.535876119372955428e-01 -4.753370075477564849e-01 -1.175891073627806982e+00 -4.911038362261979096e-01 -6.724130548799989171e-01 -7.555384738400030553e-01 -1.902783398898100220e-01 -4.170968343433291148e-01 5.890470536937934820e-02 1.775337278282452524e-01 -6.577754813565990233e-01 -8.030824098089534013e-01 1.493566628671844365e-01
-6.682357292492795142e-02 -5.500969165107234549e-01 1.339148570842202401e+00 -1.457957592246105882e+00 2.532867331563409263e-01 -5.988460746136923696e+00 6.389876771613313411e-02 3.787196477256050686e-01 -3.024168371786885579e-01 5.609297507991654053e-01 5.634852514211413643e-02 5.274526810694956103e-01 1.257438287205452143e+00 3.853436524308545552e-01 8.153537953020303375e-01 -1.408002173542230562e+00
-9.391728829251646538e-01 -9.983027635749944784e-01 -1.495108793848427764e+00 -4.209399674408146330e-01 -1.656991755519254816e-01 -8.621939237574239856e-01 1.235120266255466601e-02 -8.302928922008402379e-01 -9.915030470766060811e-01 -4.892094330212213849e-01 -4.645951854328721486e-01 1.812074134864040675e-01 -6.946466068623812218e-01 4.927666801454458345e-02 -1.746742556378702682e+00 -7.529723262723420074e-01
-2.436453556094663464e-01 -1.160603851139619946e+00 -1.629562025748672927e+00 -6.650332062464225924e-01 -4.554321873745725835e-01 -6.632212611310437378e-01 -4.155906437458594116e-01 -2.110304145078711002e+00 -2.951076683644240806e+00 -1.341685111894927340e+00 -1.622190437733744828e+00 -9.690121446561948682e-02 5.005002749993625599e-01 -1.901515550894803397e-01 -2.886374248599030690e+00 -1.597345721583320610e-01
5.163950912515039016e-02 -1.046158122027008419e+00 1.060502055104152117e-02 5.021744700376379322e-02 -1.602349315849958822e-01 -4.247915891489318696e+00 -2.442860910795482399e-01 -4.982734785399377531e-01 -2.763537260873610846e-01 -4.469122452466803841e-01 -4.031444359864804761e-01 3.080192766092433310e-01 2.804349359668737995e-01 -9.031059412977260337e-02 -7.641500803496779071e-01 6.781610542109349493e-02
1.720766046628474877e+00
2.810590521837607603e-01
3.151532658328752290e-01
3.181926641042081005e-01
-5.291925967732313829e-02
9.766133118405918578e-01
3.245668048470167766e-01
4.680972836449090457e-01
1.886068497382935361e+00
1.244981329870128023e-01
1.178655868839842524e+00
-4.007982939396106253e-02
2.500940642582671458e+00
1.569643391364114571e+00
2.654968643719426424e+00
2.036110951913688849e-01
ReLU
0.2
16
2
8.809403114520906186e-01 8.898554125881949495e-02 4.715665305902986063e-03 1.398871074874470377e-01 -2.555808114523095975e-01 -2.781045120416127392e-01 1.180874378732808816e-01 3.895051927269042175e-02 1.509717468254606620e+00 8.283907728626917211e-02 5.636792416996816435e-01 2.146561932465079064e-02 1.609316984598760492e+00 -4.926136387284650309e-01 -8.357533250840792904e-01 1.864122400387927259e-01
8.070814335704423748e-01 -7.549047752542174805e-02 -7.652450760974710553e-02 -8.565846817964531401e-02 -3.542819426566432006e-02 1.715256439175507630e-01 -9.662196474435127969e-02 -3.544793693958080832e-02 1.583249741306319125e+00 3.469345460228821787e-02 2.921710879405188255e-01 2.627153892925275860e-02 1.328015801185897571e+00 -4.958895729063841351e-01 -4.321811072186279024e-01 -1.005824321810869747e-02
5.151812639224826462e+00
5.027984871472954254e+00
Linear
0.2

ct 2024-06-03 20:35:38.916756
