noname
4
4
4
12
-6.787261074691259832e-01 6.378024835414907168e-01 -1.154335370221075685e+00 4.275469877254212681e-01
-1.493733039494463455e+00 1.464072358983321331e+00 -7.705334491547781717e-01 1.253281948080219310e+00
8.094271453810818195e-02 -9.143359732914193572e-01 -5.243852336772462763e+00 -4.406082831822197288e-01
-7.534102400261194488e-01 7.544576392446865620e-01 3.196128305324074148e+01 1.288270506944535931e+00
3.945100479390778236e+00 2.588639254363072961e+00 1.299040162993684300e+00 3.781549555881418279e+00
-1.224290991815028651e+00 6.963379832720046902e-01 1.365920590033525839e+00 4.727622360409223234e-01
-6.741792831740558434e-01 9.227637821812771923e-01 4.450142033455685819e+00 6.288998237110760003e-01
-1.285307647186247904e+00 1.338120435761509242e-01 -4.202619173915787876e+00 3.262207472118612284e-01
-6.718277014126795565e-01 1.108153096479466582e+00 5.583543793422213852e+00 8.346534630730797488e-01
-7.474790428185357216e-01 5.894265078623599496e-01 -1.378251497824672100e-01 4.622093779944637104e-01
-1.139415487330065480e+00 9.581820708347486004e-01 -1.254834160033057255e+00 8.615846911891802407e-01
6.806577601754163487e-01 2.947862192330865216e+00 4.884441353710002431e+00 2.150655366593697160e+00
-5.035710318589515788e-01
-1.247012224697088723e+00
-2.641628358856259684e+00
-6.588556192569433811e+00
1.724598845359501809e+00
-8.819939220729300366e-01
-2.076784347980717538e+00
-1.073145450017110925e+00
-3.050545094107711908e+00
-5.528107757401884426e-01
-8.595823518388737705e-01
1.231918429589824449e+00
ReLU
0.2
12
12
3.391057484380781695e-01 1.281992566840701175e-01 3.441429860138929264e-01 -3.955131259077719452e+00 1.677681080183950069e-01 -3.390085760588112396e-01 7.463539199754748443e-02 -1.436232666416752624e+00 -9.051240061604426401e-01 2.041132190904627330e-01 -1.505338740751789584e-01 -4.918260291999813627e-01
1.093695832795172074e-01 -3.456121357168471242e-01 -6.176290253578957667e-01 -8.450435331362097235e-01 -1.810722945158691921e+00 -1.200978454736520429e-01 1.385230289209137267e-01 -6.553704084613118930e-01 -3.896493375534464954e-01 -4.959777782579674055e-01 1.026566734220466653e-02 -3.423091131452044689e+00
-9.079353912570168328e-01 -1.128267671157099777e-01 2.224378041701279507e+00 4.910561464956451627e-01 -7.171125186310330690e+00 -3.226405081706087974e-01 -1.261330666639760567e+00 -2.655486160249241223e+00 -4.297553983585364890e-01 -1.858113529498336691e-01 -1.147723299564359367e+00 -1.731184527880683222e+00
5.221897107154314099e-01 8.891350188581366443e-02 2.299848267104848687e-01 -3.782859849441860156e+00 8.709752189738739769e-02 -5.558584833138133785e-01 -1.054806774411175541e-01 -1.456660002672724552e+00 -5.447242880914552332e-01 -5.973684691128489099e-01 6.556732748271812961e-01 -3.141330596984138190e-01
-3.669898558555369505e-01 7.858480339969284856e-01 -5.975003905792357628e-01 -5.427712440281499795e+00 -5.552342978069489954e-01 -1.068815406374327009e-01 -9.467482054061965302e-01 -6.958088138740157191e-01 -1.067724167129221025e+00 -1.062488387380775695e-01 -6.178398624070262635e-01 4.951630894548189610e-02
-7.765210476837805520e-02 -9.418464578566063117e-02 -8.178461926404534399e-01 -4.678742045657865667e+00 1.788399339739324079e+00 -7.323660007721573273e-02 -6.774491329174007204e-01 -5.075594946553298875e-02 -9.373376770981605155e-01 -7.655582072982214381e-02 -2.376631290238284400e-01 1.559825213077063732e-03
-3.245096674827485095e-01 9.789099745608215164e-01 -2.247648459838546664e+00 -1.726985836293499110e+00 -7.999954460968489833e+00 -2.357522959457683254e-01 -6.947976241827172883e-01 -2.176634489714837084e+00 -1.237122661415947622e+00 -4.455650620977888443e-01 -1.168696073487562215e+00 -9.541259067064977728e+00
-2.828513915795682898e-01 -2.072057006152754621e-01 -7.787576478988792461e-01 -1.032393073225250113e+01 1.348971720423070009e+00 4.054803450391212816e-01 2.709766187970150675e-01 5.091585121950693571e-01 -2.762920797300830733e-01 2.628287108476338729e-01 2.720733733442068925e-01 8.796833587044210478e-01
-2.887976410003013084e-01 3.086006712343194319e-02 -8.189015316905661201e-01 -1.968677693701691434e+00 -5.472007585804763430e-01 -1.313395983635780306e-01 -9.002680722994441664e-01 6.889971277729144417e-01 -7.816782517202794933e-01 4.420787794307518559e-01 -4.851586033695767797e-01 -1.876619375490681918e+00
3.416562104694530477e-01 7.845452775106256382e-01 -9.942051267915498480e-02 -1.610906840841634935e+00 -3.360201257651112883e+00 1.003631219411688091e-01 -2.620215080908414474e-03 -5.689991482780863974e-01 -6.611788365589763572e-01 -5.899082647113979005e-01 -4.146354332683480082e-01 1.480572790836431896e+00
1.052257182485232812e-01 3.030581558491539651e-01 1.151759668945361165e-01 -7.868179969405249885e+00 6.231417762598369381e-03 -4.503801536934208261e-01 -3.998933204804737129e-01 -9.807086975825359820e-01 -5.991738367283031552e-01 -1.123070273576174533e-01 4.369921235024705197e-01 7.570888658647753067e-01
-1.679469924798298874e-01 5.462853910297259530e-01 -2.002818496086290756e-01 -3.803731182373792041e+00 1.146964677611920225e-01 3.109767398827701368e-01 -6.989494593849724380e-01 -6.690304347735859247e-01 -5.533630324068772310e-01 1.277494951921294697e-01 -2.561493576815252471e-01 -5.709374433512248714e-01
-6.386443763544459307e-01
-8.004171353374214468e-03
1.518639294205317958e+00
-4.016522522578062082e-01
-3.349547402141048180e-01
-1.114621286090834662e+00
1.377282278472550248e+00
9.539362022513561135e-01
9.392955857207990755e-01
7.401360601456039578e-01
-2.429809588332913162e+00
-5.663740947522256652e-01
ReLU
0.2
12
2
1.255320834369226188e-02 1.445270588300602566e-02 -1.344157139531174439e+00 2.100827095883316120e-01 3.443823025062612286e-01 1.025135390424323223e+00 -1.086454519648075712e+00 1.614936514514769383e+00 -2.984204671778655227e-01 -4.103661124207116373e-01 2.464172854985876016e-01 -2.214058579791721229e-03
5.229279906943169742e-03 4.047001775408008012e-02 -4.988298141743482961e-01 8.760247109872357218e-02 4.872675508025667464e-03 1.166728795926544882e+00 -8.214306976544357708e-01 1.764762508987802070e+00 -5.547575201380930965e-01 7.117894144816746538e-01 -4.828641308372757374e-02 1.195890593907946858e-01
1.316582128243595484e+01
1.012047926665995767e+01
Linear
0.2

ct 2024-06-03 20:45:47.100539
