noname
4
4
4
4
-8.804036006077819998e-01 -1.377655836157474001e+00 -2.548819067812210792e-01 -1.613553049390375471e-01
-2.352748141254973613e-01 1.288849540263009352e+00 1.290538128582296995e-01 -4.548633783283776988e-01
-7.462671111320601236e-01 7.769217524655008811e-01 6.689508054564126116e-01 2.649395375339090863e-01
-6.270277033486161278e-01 1.494101454588226519e+00 -4.229093102515408265e-01 -2.288524009439363294e-01
-1.021922761032694194e+00
-5.596564512540828096e-01
6.142716202808820025e-01
-4.447009914243456596e-01
ReLU
0.2
4
4
-2.385124000343507022e-01 -6.864797724126648903e-01 -1.013626667774286672e+00 -4.188638544627665827e-01
-6.503876581421179637e-01 -2.164137417748577263e-01 1.271368541067988411e-01 -1.152592073431088077e-01
-5.911384292831249887e-01 -4.242780736460325386e-01 4.443696653461636226e-01 -2.929156373328485330e-01
-6.034799564787509674e-01 -6.819256811867118184e-01 -3.291168273406558931e-01 -6.923517737319262455e-01
-1.405136242079444875e+00
6.995480143862621292e-01
1.406561925959179504e+00
9.197449959885904969e-01
ReLU
0.2
4
2
-5.209075523254124152e-01 1.969474841091281569e-01 8.576922144904596257e-01 6.054479705344298912e-01
-3.874400960735029376e-01 2.594197776275053990e-01 4.716352245000344223e-01 2.136505215817378622e-01
1.594660599682846902e+00
1.615807212290135908e+00
Linear
0.2

ct 2024-06-11 20:51:38.176312
