noname
4
4
4
4
1.075883996661975761e+00 4.390979134000726480e-01 2.671155585982577518e-01 6.797347312114513374e-01
5.963560506979455056e-01 8.391077177079395710e-01 7.241819610627903137e-01 8.551820021239630032e-01
8.114230011023044753e-01 9.239994134593603192e-01 7.622978017753847535e-01 2.363472057153202521e-01
5.299486562604629469e-01 5.749412559404207812e-01 5.792228721239151001e-01 9.980458007214361160e-01
1.729433104650575370e-01
3.590643835815334195e-01
5.862214884310799068e-01
8.274307226923196534e-01
ReLU
0.1
4
4
5.161332595132726020e-01 8.977557287922010021e-01 4.653514799531527357e-01 6.943240320534829202e-01
1.549390246635336532e-01 4.802461622407927511e-01 9.730861525370615439e-01 6.130432417930774536e-01
6.606798958076156580e-01 2.474839939907853836e-01 2.131882135137674328e-01 3.872108205183449892e-01
3.442828345199443474e-01 3.269525997988613764e-01 2.034385476082874455e-01 8.381165708310683859e-01
1.280230671179109492e-01
3.815262270126347222e-01
9.505917976370189537e-01
3.319549009862418076e-01
ReLU
0.1
4
2
3.155337223662264545e-01 9.671936980105182435e-01 7.355049320996559503e-01 1.828415679626376744e-01
5.597515988982021407e-01 5.895816445297473729e-01 5.293186038038859564e-01 5.477922417934859567e-01
4.906029409019900811e-01
7.210275164937437475e-01
Linear
0.1

ct 2024-06-16 12:42:14.787485
