noname
4
4
4
4
1.027637707327368810e+00 -6.394110873020996122e-01 -9.878212494990979309e+00 -9.954143262203645204e-01
-1.185330263881983148e+00 5.267242934846514402e-01 -4.295383138109118981e+00 4.992990016736189585e-01
-8.479933704437486730e-01 1.211891944748220373e+00 5.317700472623633212e-01 4.419456776884945204e-01
1.504647770994820721e+00 8.275977337423187086e-01 -7.689865172776156221e+00 3.813432567201853751e-01
1.986583079384332873e+00
-5.688353487965716049e-01
1.020262890779408960e-01
1.992741396209506854e+00
ReLU
0.1
4
4
-3.016946478027727085e+00 5.056492565076122769e-01 -1.096545163149903468e-01 6.757781413472320198e-01
-1.094399326871440259e+00 -4.422126973655652327e-01 -3.260517400445277492e-01 1.268988668240552453e+00
-8.463135841122623182e-01 -6.600546696073675834e-01 3.704713751904345487e-01 8.224226124878762922e-01
-2.205321849448834026e+00 -5.987017583010314503e-01 -9.932343463557696817e-01 3.018161375935409785e-01
-1.914980734565565335e-01
-2.602029019116883571e-02
1.263962788146751670e+00
-4.019246573634658870e-01
ReLU
0.1
4
2
1.750826596010701397e-01 5.052588851601058639e-01 6.815628375058027100e-01 2.332441818177291015e-01
5.196288843496694732e-01 5.220533665171102067e-01 7.224263634817222890e-01 3.765446227061614581e-01
1.862901627800266358e+00
1.741727564528053884e+00
Linear
0.1

ct 2024-06-16 12:42:34.504678
