noname
4
4
4
4
-2.643664985484819874e-01 -7.003810271627043393e-01 -2.366970282616336263e+01 -1.863936611595266246e+00
3.888063946292866779e-01 -7.343222367724178135e-01 -2.488611909446010273e+01 -6.444533749643854836e-01
-1.898110691150311835e+00 7.494945908395671541e-01 1.018646854616004571e+00 2.561557416802838216e-01
6.949397602082718617e-01 6.493934003680297273e-01 -1.665049838974503160e+01 -4.641378434417235965e-01
4.037709533622432900e+00
-6.187333147564880953e+00
-1.937259649726907895e+00
4.730147618200671644e+00
ReLU
0.1
4
4
-3.376986473451096593e+00 5.056492565076122769e-01 -4.378193379623352421e-01 -5.657024166138902195e-03
-6.111306102969321641e-01 6.803665060333562442e-01 1.714455806965267670e-01 -6.261229627586729629e-01
-1.439612197018406592e+00 -1.273595567644417947e+00 -1.135968817316508783e+00 1.616726797906319568e+00
-2.205321849448917959e+00 -5.987017583010314503e-01 -1.030885330347666606e+00 -8.954104679279284440e-01
-3.776395527575254762e-01
2.977504849183313151e+00
-5.626165321099867861e-03
-6.172245119479601305e-01
ReLU
0.1
4
2
-2.986392156621425764e-01 -8.187606629883190656e-01 7.719600671696715821e-01 1.940623188467194005e-01
-2.541648115826967702e-01 -1.580395821803445011e-01 9.652232901424092626e-01 3.044305238581334061e-01
3.914994514288927085e+00
1.979779865857197896e+00
Linear
0.1

ct 2024-06-16 12:44:03.171106
