noname
4
4
4
5
-1.160424703371213617e+00 6.561898609954254225e-01 -8.803178149361786664e-01 2.880088494246869635e-01
1.588459399824341034e+00 -4.462472968909940718e-01 -1.513833229988283868e+01 -9.397877223695777493e-01
7.813150080212661885e-01 1.639411311971398666e+00 -2.142937871024706842e-01 1.076888769635157228e+00
3.223602888476019945e+00 2.269820264650087793e+00 1.205026142747862572e+00 1.835519737331003265e+00
2.485111833659872094e-01 2.485111833659872094e-01 2.485111833659872094e-01 2.485111833659872094e-01
-8.194527180854769277e-01
-2.601638036917758967e+00
1.903621514761513200e-01
9.466845812971736995e-01
2.485111833659872094e-01
ReLU
0.1
5
4
-4.204603399976976075e-01 -6.314754206564121564e-01 -8.119616507041947928e-01 -4.421390423450166640e-02 2.485111833659872094e-01
-5.499642418695582791e-01 -1.314800004814684176e+00 6.892499611791623459e-02 5.908969026145238779e-01 2.485111833659872094e-01
-3.097555508756100195e-01 -1.403023750242846646e+00 -8.815037086016063173e-01 -9.461012815452475577e-02 2.485111833659872094e-01
7.393514287210302127e-01 -5.142480141909385738e-01 -1.701536908590224051e-01 1.102300011743592711e-01 2.485111833659872094e-01
-4.324407494689477827e-01
1.599914760015849202e+00
-1.252488632802591095e-01
-1.138754177349765410e-02
ReLU
0.1
4
2
1.490861482610302546e-01 1.192296499379743802e+00 -1.710245988714601262e-01 2.235186684316420314e-02
-4.142051830261175155e-02 1.305852832616848813e+00 2.273307836865108567e-01 4.904182979469583897e-02
2.499834758344178898e+00
2.333670690976710205e+00
Linear
0.1

ct 2024-06-16 10:31:59.546998
