noname
4
2
2
32
5.404922444223032585e-01 -2.435361720839256117e-01
-6.371292374270305647e-02 1.080555969864392500e-02
-1.786013208194642266e-01 5.769514277825741333e-01
-1.651215768658873539e-01 1.778322428415078371e-01
5.831166923698688498e-01 5.020948648228487077e-01
5.912135690884469108e-01 5.396771405137453792e-01
6.186773565937886410e-01 3.770447383562073318e-01
2.090200326397427272e-03 3.482416238315623747e-01
-3.618033666989660113e-01 2.628905128617419207e-01
3.050703638491901459e-02 7.184880290181728801e-01
6.579350595190699424e-01 5.177816357306476158e-01
6.279182538511135503e-02 -8.721104003389458514e-02
4.533469353546543124e-01 -5.744286129622350884e-02
4.435119762371529939e-01 6.131161622036732650e-01
1.233302886419454375e-01 2.190299515498953242e-01
1.714028253920949485e-01 -2.221098767745529334e-01
-8.453341576349102104e-02 1.758601718315670193e-01
1.073106076155000144e-01 -7.360770637910067637e-02
1.032247068192583550e-01 3.928902112715186301e-01
8.143151481336322606e-01 -6.983659347274022607e-03
2.356948025292763815e-01 5.249671180744406307e-01
1.376471199275123569e-01 2.275036378740120935e-01
2.009489333096462216e-01 -2.001243189273700651e-01
-1.130860052023268530e-01 4.782257370577576716e-01
4.595357463022425870e-01 -1.611156453530986077e-01
3.306429298044256671e-01 -2.973865080115369319e-01
-9.484883544701339098e-02 2.729872344838590870e-01
4.318284886561918889e-01 -1.573061467177589573e-02
5.274428660994818774e-01 3.282537650282984498e-01
1.508290056317876382e-01 -2.020241105953737848e-01
1.409722719659806285e-02 -4.676139848249682984e-02
6.165196150912446993e-02 -1.076540502778714631e-01
3.847147797215056952e-01
3.955676370095890237e-01
-2.574075156843295686e-01
-7.698881007217267536e-02
5.235456752522479329e-01
2.734026818497741276e-02
9.327671743508439113e-04
-2.782666174253379809e-01
-3.330733893199915863e-01
2.901383954824635625e-01
3.401654923340560743e-01
2.262662818099696327e-01
5.917214369176054811e-01
-1.320969202462803638e-01
2.280214263080535264e-01
1.276859343027322291e-01
5.096569561387312985e-01
4.997983685803255027e-01
-2.623059287605647993e-01
1.114879255284035170e-01
2.017782048922067695e-01
1.493831214616423153e-01
-2.307877164163717187e-01
1.726030098867656348e-01
-3.011632486409241416e-01
1.427967090117443216e-01
3.353128866050115731e-01
1.163218219911961171e-01
-1.251068437809932550e-02
4.485744407354412266e-01
4.050260318383848146e-01
5.751385480105800641e-01
ReLU
0.0001
32
32
1.099023511958441279e+00 7.530035048825386435e-01 1.361794326371562391e+00 5.073295916721723975e-01 8.433910000724016420e-01 1.158835444267866110e+00 8.486705061718980980e-01 8.850166542733186592e-01 5.031852839279706835e-01 7.883488479603968369e-01 8.520343783021195883e-01 4.102859360556333490e-01 7.085874915198766555e-01 1.460944626983801786e+00 1.181260803977641327e+00 3.932417175618223015e-01 5.067209222881998709e-01 1.335799487182377732e+00 1.301291832976897878e+00 1.290996018667128098e+00 1.055885342159020635e+00 5.852925443981119580e-01 4.729300366574466508e-01 8.380712559339409395e-01 1.197634415294418941e+00 3.618993241500923497e-01 1.394064831301120799e+00 7.890457741335421549e-01 7.856556861309829110e-01 1.080498315198140658e+00 1.171411177598444375e+00 1.142117819383580368e+00
1.730166886352219047e-01 1.331601236086793205e-01 2.924461880734149366e-01 -3.289141575200252854e-01 -2.633106970371331679e-01 2.352925748055269828e-01 -1.974844200096653180e-01 3.325656402477267792e-01 1.599807925056323243e-01 -3.684925083070438034e-02 -2.087582176785093835e-01 -4.275121401072155131e-02 2.811504654286700600e-01 -7.279135814673461102e-02 4.595229002801159979e-01 2.649514151514728577e-01 2.305311606100400867e-01 -6.224923210287804098e-02 4.856954305331676047e-01 -3.913332927545364326e-01 3.271622307287805342e-01 4.597803239271096021e-01 -2.052078077779156129e-01 -9.118324604322522453e-02 2.707471804249618752e-01 -2.061544203408838261e-01 4.505245363876211190e-02 -3.303429410651695375e-01 8.592779348525221572e-02 2.388210592635085505e-01 3.278760807451437387e-01 3.898805164900518982e-01
5.185423926498246017e-01 3.766763483728648443e-01 -3.159677503104101892e-01 1.942419545726389862e-01 6.028520138976786562e-03 -3.122807943842569323e-01 1.181975310319745287e-01 5.412581237268988543e-01 3.852719986057429047e-01 4.867144336048832010e-01 2.784140664620671779e-01 5.369513673987800217e-01 -1.711450132506767419e-01 -9.485560538740957226e-02 1.825288631961211397e-02 3.557572590679202174e-01 6.381998347160885987e-02 -2.061537425631481679e-01 2.577193739656998828e-01 2.452620944196879926e-01 5.169331507624410627e-01 -3.536536966430912643e-01 2.121138345002428760e-01 2.040431974071460833e-02 4.016043706373496613e-01 4.372459040532363783e-01 -2.052570234689639894e-01 1.669114234533303764e-01 1.980534667459585632e-02 3.351092699141491188e-02 7.258934118558172388e-01 -2.076052659175724735e-01
3.693596858540278416e-01 1.589929245571528871e-01 3.595412695504911216e-02 4.870045682032520667e-02 2.820166591145733537e-01 -1.219314814234026961e-01 5.729234839501236021e-01 2.373250793096198796e-01 5.384760577409116733e-01 -1.738973059363402018e-01 4.748906829541778007e-01 5.647505665578932410e-01 -1.297646993034772545e-01 8.920756982184821493e-02 -1.761647165892767652e-01 6.770160073566006131e-01 6.166991605230536244e-01 4.900037302057667077e-01 3.171921556335662862e-01 -1.681428100993636598e-01 4.451936988016809149e-01 -1.096546795628503407e-01 2.389163833465804410e-01 -3.230885190015138075e-01 4.146688880882119510e-01 6.650254335242758996e-01 2.670324079228996936e-02 5.988215531264351466e-01 -1.386660616006431535e-01 7.917244397637445141e-01 4.048808619697454869e-01 1.216113122757607190e-01
2.139070691541284652e-01 7.422765194453470050e-01 5.897592945209698678e-01 4.088883255670475725e-01 -2.344700188655207962e-01 -4.162624683584809637e-01 2.119058761585454476e-01 1.850013098968883440e-01 5.917041805602272220e-01 -7.535958697995376321e-02 2.064030125636891200e-02 -6.770081844652355019e-02 2.180295960846342085e-01 3.291252361361764467e-01 -9.816380157229069592e-02 5.087554565749011215e-02 4.643916149835082829e-01 -1.735724138496134161e-01 2.941396600649573423e-01 -2.660874642337661689e-01 -5.611365731078721275e-02 -3.892444113417884433e-01 3.435063798567078441e-01 -2.535683395473271873e-02 -2.661470198001761323e-01 -4.775430474711902379e-02 2.156441713527446902e-01 1.266958825166179248e-01 -3.096356095684859033e-01 -8.986137675477326447e-02 6.384202969039719233e-02 -7.535980969448735634e-02
2.981669824744793140e-01 7.811025583874772193e-01 2.935517933453594130e-01 2.957374913282214690e-01 -4.218017449785116391e-02 -1.853923478121623225e-01 -9.970807133756446825e-03 2.386745921909488866e-01 5.639309128580229924e-01 3.323965395942162782e-01 -2.971492879025178224e-01 1.346638874425953036e-01 4.250686947771898372e-01 8.998115060741769533e-02 -8.575304916513143416e-02 4.664865077212065891e-01 -1.025587326938933730e-01 4.478778132748692520e-01 2.565353486060237831e-01 -2.803986518150651253e-01 -1.425278350119998927e-01 2.566157462936582978e-01 4.245982357942913454e-01 1.961514168159509686e-01 2.142075140889846407e-01 2.925925388231019886e-01 9.098656373115583673e-02 4.187024963428391255e-01 2.510083659799383637e-01 4.482119443143499637e-01 2.704093967132679688e-01 7.621405297175177784e-01
5.167388489939234164e-01 -9.883248901778707296e-02 3.150490006869065551e-01 -1.846168578594488130e-01 -3.055232750315644077e-02 1.833861362599159550e-01 2.863255644453570059e-01 2.426432589707064602e-01 7.574961893738749730e-01 -2.516471602244146344e-01 -2.882972611636488436e-01 5.432742494711128023e-01 -2.571312921105509131e-01 2.419083138321975052e-02 -2.899320233487018839e-01 6.874339897490793216e-01 3.927624499204878661e-01 -9.710892768754965376e-02 -1.815007094935597309e-01 -5.517418412047200155e-02 -2.890913689580886306e-02 1.428247624856000819e-01 6.606601851123344860e-01 -2.014421369290103278e-02 1.974065528605535580e-01 6.535895649935136165e-01 6.616484088414299469e-01 4.035997583274196221e-01 5.590656048982823867e-01 6.617468345074598579e-01 5.745081875921679293e-01 3.232832984500976226e-01
-2.193737611615470540e-02 5.177905923890532280e-01 -2.999139707442703418e-01 4.856901131994299514e-01 -3.086890927786377636e-01 3.374351437233288342e-01 -1.446530075447573227e-01 4.618190900564216883e-01 1.883804621279756286e-01 -3.225518590347002945e-01 5.857884436347227108e-02 1.488119143106675646e-01 -8.295449489999461024e-02 -3.789293767024483062e-01 5.140525137387083054e-01 3.678496373519681284e-01 6.023774025844643720e-01 -3.015673246660354745e-01 3.685321486211199926e-01 -3.399608610859460311e-01 -2.155433211427489615e-01 -8.681971715177336235e-02 5.810688170426330235e-01 3.420465695768056813e-01 5.476066274650280841e-01 6.790761838144441231e-01 -6.837299836238843603e-03 1.328900435875762509e-01 1.677441408635967079e-01 6.565082346279527137e-01 6.898671239953586554e-01 1.981533806184234414e-01
5.215271058746866473e-01 2.839086445481243670e-01 -9.822501215418100173e-02 1.038194585759618926e-01 -3.030940741956615336e-01 -2.590086584061962460e-01 -3.472882674145970072e-01 4.993016664392453396e-01 5.586453634392026801e-01 2.071979098716125040e-02 -8.765775124272887076e-02 9.214384294259064800e-02 1.422048237020181842e-02 4.936398613253893397e-01 5.500167302472229736e-01 4.523447975997981207e-01 -1.717054684272615803e-02 3.915638130734916400e-01 4.461515855346095405e-01 -4.052149697852691079e-01 -1.642716459817401553e-01 -1.335289466948447745e-01 -2.106782630358629282e-01 1.397622910835181476e-01 5.626959236683157783e-01 -2.346593431198960508e-02 1.761954758147174227e-01 5.697854911893762697e-01 -3.553028264272279912e-01 3.988430145455120618e-02 -1.471022252030906308e-01 -1.342323518976952790e-01
1.792361695018868661e-01 -1.178334881908404269e-02 1.040676195662783160e-01 3.674391889573244141e-01 4.711297639883139099e-01 -7.184547571622623696e-02 -1.257670038501800813e-01 5.328911194750222124e-01 6.824478779163194453e-01 -2.339797463650709342e-01 5.673253445549627516e-01 7.129933726336334932e-01 2.254213408764757232e-01 3.576606826959046748e-01 3.527201249448200793e-01 5.785020659060685633e-01 2.274142792777477662e-01 7.116084556686421703e-01 -3.111174634311461018e-01 -2.405229681431323707e-01 4.774198801991858532e-01 5.245325038134871498e-01 2.611996979177734768e-01 -1.230350106860730736e-01 2.152885073316800901e-01 3.652447411349293849e-01 -9.325667530989356635e-02 4.930782873462024041e-01 2.614911284532873137e-01 3.071733136268956499e-01 -1.621278963261586215e-01 5.221662468800548212e-02
4.980100105455610993e-01 7.087767596369124457e-01 -1.034303080019263327e-01 3.119152297900696161e-02 -1.371159773611426158e-01 5.174793061302691566e-01 -2.285856859601627933e-01 5.644843811805171085e-02 -1.350694791732856559e-01 -2.732778140426756625e-02 3.301487456411583143e-01 7.297473528098794571e-01 2.070878151486758023e-01 -1.557367577455415764e-01 -1.488675943277991964e-01 6.120247916171382974e-01 4.686421963586115957e-01 -3.401831879561816735e-02 3.852853890655342228e-01 -2.877767104328734504e-01 -3.851040001694766568e-01 -1.676066732525392511e-01 4.302239738106007350e-01 -7.184312454564224792e-02 7.902525952826817968e-02 8.073724864272396884e-02 -6.510265286209046542e-02 -1.068819540991395867e-01 -1.771822483712431548e-02 1.215315945591255303e-01 7.397808946108659356e-01 6.973517719627662093e-01
-5.451509559156823143e-02 6.798995069237732114e-01 6.668565285223405636e-01 5.713899008360756593e-01 -1.873807296437166592e-01 -2.059279300145961875e-02 4.317636709881309542e-01 2.262706041362293474e-01 -6.968542541316426198e-02 -2.562387128540286052e-01 2.737671716770718675e-02 -8.991635636120348662e-02 -2.024832681374603982e-01 -1.369421993291239925e-01 2.797848839002541332e-01 3.137333565529887847e-01 -1.944315239917730753e-02 2.182109162155851378e-01 -1.809114746581484967e-01 -9.904024981707203190e-02 3.726088764918927265e-01 -1.105908113257684233e-01 4.242799766361445846e-01 6.815841444006091043e-01 -2.068581338594415731e-01 -1.402396255237421951e-01 4.839564564879886288e-01 -1.297449481139135476e-03 1.160934705083792595e-01 6.774638934780017330e-01 3.478087035701666330e-01 3.485257847243933838e-01
-1.440666389761947330e-01 2.205149859111479038e-01 1.391760057903016490e-01 1.583662850718972892e-01 -1.098169781114473192e-01 -3.957339083694456083e-01 2.037738538021859336e-01 4.777173152203574302e-01 6.272707057296788014e-01 -6.348479785103025574e-02 -2.097488391054656010e-01 6.119521822551262646e-01 2.570292643078824213e-01 -3.261766435689037458e-01 1.584081004771906512e-02 6.378686919643927755e-01 4.131074227121246945e-01 1.193769620645730722e-02 4.111457885547079583e-01 -1.041585282199791324e-01 2.188636893482975021e-01 -3.067332881233938435e-01 3.309203420181934807e-01 3.980658937618165583e-01 6.304098409776958123e-01 6.175568580066770341e-01 -1.572111530763323772e-01 4.397485665647981046e-01 -7.055038063651923597e-02 6.806429216006532057e-01 -1.151263844170147405e-01 3.801077245536034765e-01
-2.389578403292001718e-02 3.927722057129977018e-01 -1.542469870891086670e-01 3.526755190483354951e-01 3.734060882597862729e-01 3.367176970773803901e-02 4.504628360271781956e-02 -3.928739429483054102e-01 -7.982354116772985564e-02 -4.238184971627968478e-01 2.143869947845473967e-01 3.997055960090758475e-01 1.356409762420205389e-01 -8.247383357356213862e-02 4.457482135625508435e-01 3.138764517947802840e-02 -2.384021571231210723e-01 3.229102124408143176e-02 -1.730657503161560085e-01 -3.542367539198518211e-01 5.320816060707672657e-01 -1.070394006998940870e-02 4.247768254761714601e-01 5.106246572795637428e-01 -3.064490432545401433e-01 -2.402232713276224174e-01 4.431040152585874470e-02 3.275112515870410301e-01 -1.515924726356572272e-01 3.048485052137111379e-02 -7.855724293954201298e-02 1.626480508578709849e-01
4.345972529202043466e-01 -1.106899722033617695e-02 -6.437013089957031864e-02 -2.267560946404052480e-01 5.494829512936791893e-01 5.166323403532283726e-02 8.003928466339228776e-02 -2.469033278198398684e-01 4.300517291724722524e-01 1.186163380135207279e-01 -2.481185817090532653e-01 7.009410439982309837e-01 -3.452567659514690357e-01 4.355168127051489702e-01 1.841989044610465032e-01 2.760440939687676676e-01 -1.461606819371834287e-01 6.693012040626228343e-01 -1.057045686842273541e-01 -3.082671013598384246e-01 -1.185077600162244976e-01 -3.599487115751292543e-01 7.001478394821710749e-01 8.233288565224151923e-02 -1.064005667953639850e-01 -1.764707866931301550e-01 -2.759127994582065146e-01 3.885220282962288385e-01 1.980137288318061239e-01 8.114010567957476161e-02 -2.138175228694867425e-01 6.526283547798816809e-01
2.649193436344822739e-01 5.762919440313677422e-01 5.280171476809261133e-01 5.707426941979156648e-02 -2.971323139663978874e-01 9.243714715241642399e-02 4.916763738890935764e-01 -1.870611147323708590e-01 6.111190310632742539e-01 -3.385761816063029839e-01 -3.807369882665623262e-01 4.354723692787053069e-01 3.984026174921309060e-01 -3.684474339603432402e-01 8.973264404378231140e-02 4.683173987760995138e-01 2.215404055579529574e-01 6.146864772873732452e-01 3.484407482355131869e-01 -8.493827367010170493e-02 2.883955841493260897e-01 2.869642998947262713e-01 -1.562407176532448205e-01 -9.606482647768020688e-02 3.588289133559216526e-01 -5.703484465663815478e-02 2.466665299257212451e-01 4.951755858125177490e-01 -5.946787863373914282e-03 -4.075361740595694580e-03 1.681306460702838013e-01 7.644173674778719230e-01
1.002612887879198167e-01 7.969562351376080489e-02 5.328485263153042162e-01 2.421469495966846741e-01 -2.053009142894631212e-01 3.210924015936857390e-01 -1.821726942641643254e-01 -4.662653817001968098e-02 8.428697427834642986e-02 -8.297544638317211167e-04 -1.059596534920439898e-01 5.802678322846270831e-01 7.046643102887218957e-01 5.500289267687685779e-02 -1.947939886721346547e-01 3.081131091961572532e-01 3.447351254617717076e-01 -1.023049360857606893e-01 6.485962129632177886e-01 4.384591537387524385e-01 1.426921789568041665e-01 1.138458332478487905e-01 2.160679180190702153e-01 2.821134645380893313e-01 5.493317265230120983e-01 -1.368866627137464154e-01 -1.367442418419125838e-01 4.236582489347039404e-01 3.478290457637597255e-01 2.413299135976269133e-02 8.665534748191784653e-02 1.463883056979514152e-01
1.774878630415345215e-01 5.237384132858374786e-01 -1.360867701786308281e-01 3.020405314148311704e-01 -3.486726382053003531e-02 -2.774698010520271207e-01 3.613767917595175350e-01 3.221125394902754069e-01 6.522615299944021228e-01 -1.520896433579442819e-01 -1.113895443840748692e-02 7.076617675370912020e-01 -1.825840791647064254e-01 -1.570161563999697973e-01 5.373594894393689536e-01 6.468923670427465522e-01 -2.011218825899314111e-01 6.094106512073875770e-01 -3.671429748826608996e-01 -2.721960586168019058e-01 -3.097769742931670289e-01 -2.345502163714538735e-01 -6.512509491916985971e-02 5.614999698436931030e-01 2.760298680692625517e-01 -1.048819464040225691e-01 -3.586182138288320220e-01 3.519106112346503390e-01 4.016867037661298045e-01 4.576878815404238909e-01 -2.072012992307037671e-01 6.231819939048203194e-01
-5.925355633082052959e-02 1.141145792178856061e-01 4.449288529504597522e-01 7.144985157403500875e-02 -1.612738613062076609e-01 -1.049669528782650740e-01 4.429601558622949242e-01 2.372861561680598974e-01 -5.030412661406117453e-02 -2.592316225480207348e-01 1.696462476960313437e-01 2.685208861821503090e-01 -1.382502213118672607e-01 4.068487139323610502e-01 4.512625185789465032e-01 1.015081569830167951e-01 5.537796442511008221e-01 2.767579951374641439e-02 -9.252170553550004284e-02 4.856277049969815462e-01 -2.388175034551169862e-01 1.236990590154178060e-01 5.449411312324939916e-01 -3.971279203058302176e-01 -2.372305089155754276e-01 1.799612250345694886e-01 4.457293708547882538e-02 -9.827884123059990595e-02 -3.250919474404936893e-01 2.309967066593891782e-01 4.690368468257109513e-01 -4.194296224282074298e-02
-3.455875654702190297e-02 8.280056344566903981e-01 -1.709453041365145975e-01 7.751801045474761009e-01 -2.204404778244677954e-01 5.153816639383915037e-03 2.065368880363481208e-01 -7.421347027867598867e-02 3.431496176888674393e-02 5.045268043791697465e-01 4.882231066221386917e-01 -1.229218200511455472e-01 6.877795910609268981e-01 8.529382379341381160e-02 2.200391842640660456e-01 2.745967110815073029e-03 3.934642420800334994e-01 -5.058521398148766585e-02 2.147716912269512224e-01 5.328235060572245052e-01 2.003565810786807344e-01 4.765588357935732766e-01 -1.015100912596491115e-02 -2.375148881753725572e-01 -3.138892057200663721e-02 5.813071306906916202e-01 1.963058389699960937e-01 4.854947998794376107e-01 2.292870264594861207e-01 3.271075509331741182e-01 3.896466164369807306e-01 9.642062298022344158e-02
-5.723905384471851543e-02 2.676213168200669013e-01 6.513751729711487748e-01 4.879316678966698073e-01 3.534921037200205451e-01 -1.641659719879229040e-01 -9.614639477986994254e-02 -6.509245087830323184e-02 6.626702791483886357e-02 3.419903504146305506e-01 5.117978204103094120e-01 7.000921568054203625e-01 5.012291009769819228e-01 -2.484270243560791624e-01 -1.976682846918208503e-01 5.888812428984342429e-01 -9.950570210611091315e-02 -1.037985721591256072e-01 1.465580559689035611e-01 -1.064526555818135975e-02 5.273454988401865551e-01 8.644415964100274352e-02 2.883414060231443976e-01 5.177062014553994729e-01 -6.999820650786124643e-02 7.808296679195232404e-01 1.224884125018036313e-01 5.486777314126083382e-01 1.098370485152024845e-01 3.550037846837716948e-01 6.343129815125935211e-01 -2.317679962375986460e-02
8.292331423868324336e-01 5.251616678838335606e-01 1.821913604325482716e-01 -1.369716352552943495e-01 1.412828912211158694e-01 3.625730600073923671e-01 8.732608736006810535e-01 5.154100403280897913e-01 4.133100817404919969e-01 6.733626680499811279e-01 3.588869746834806862e-01 -1.061604327693764505e-01 8.340336343581035150e-01 6.081311207687357667e-01 2.622780804815795785e-01 8.529205062961549011e-01 -4.412930535778636365e-02 8.271572938731711622e-01 6.813744623243063181e-01 6.795081951533692433e-01 -4.375954914072774371e-02 8.878050941633916504e-02 2.514070310650526885e-01 8.503160231296383320e-02 1.332219463691761419e-01 5.125125075066547797e-01 2.030497578480065513e-01 -5.920776393845552515e-03 2.086524375808735121e-01 4.843817771761646518e-01 2.465767684182398056e-01 7.525677347440165033e-01
6.341732495358058941e-01 6.378967266818305060e-01 -1.605342137617287168e-01 9.136562033675391103e-02 -2.025463295676407319e-03 4.968104307699439670e-01 3.334386963424894601e-01 2.607499698136882954e-02 1.857708564867379952e-01 3.026400867306782705e-01 2.398766168069656202e-01 4.203468305431621865e-01 -1.289873452507598606e-01 -1.394721678489443673e-01 -2.144047889020329889e-01 2.938993629209512015e-01 8.696342503409729141e-02 -8.687850268881998697e-03 -3.293635418490938882e-01 -2.182882356209449592e-01 2.797323257300269872e-01 -2.357161412439707782e-01 1.612309076982686162e-01 5.923006592450986291e-02 6.158896435629789001e-02 8.847503444024414077e-02 2.441599010655708391e-01 4.497395779662526766e-02 4.181954637643365835e-01 6.966950404371194949e-01 6.194652181473010444e-01 4.804720069662151705e-01
6.214975544438251509e-01 6.736786719076833796e-01 7.834153475156170610e-02 -1.916029713767374576e-01 5.557121907926951820e-01 -1.059330452226527053e-02 1.754032346199188019e-01 -2.911468942783219660e-01 -1.337797360592155316e-01 3.622669889909427843e-01 -4.060929062936156075e-01 3.390502961860932807e-01 3.956743505353742529e-01 1.744785410877227050e-01 -6.893710958101900710e-02 5.781082910217908433e-01 -2.175887900776307116e-01 -9.796102320103386440e-02 -2.868656743780229612e-01 -1.920782224139338246e-01 1.445940072137183452e-01 3.139306084243546069e-01 1.721914874208182733e-01 -3.571451060176167869e-01 4.895176881689332626e-01 -2.292360446964872567e-01 5.295345028824927081e-02 -1.060299440168796653e-01 4.329393666609765989e-01 5.043782880355933695e-01 3.321096490492458364e-01 5.483252038049333255e-01
1.026548162809483994e-01 5.375543006167674553e-01 3.554960176463767274e-01 5.457936580465611032e-01 6.123546576912528572e-01 4.267891910803871258e-02 2.718280707203883928e-01 3.960894969610100347e-01 5.221780589291851182e-01 -1.629221285816102316e-01 -1.586681081215888245e-01 6.780554769164528484e-01 -1.601793185930886210e-01 2.382106167421035314e-01 6.318699099797121521e-01 2.658916099365970509e-01 4.821240257741718493e-01 7.391889065387778901e-01 -1.432016169965517893e-01 -3.881891246811807195e-01 -8.826517591811787466e-02 1.691887712788894271e-01 2.752142694304013371e-01 3.813433557354294345e-01 2.864695728759202309e-01 1.113278432857497807e-01 -5.418244060031592729e-02 -3.097170577679281833e-01 1.256793742998580689e-02 7.798540421038229198e-01 6.047968348892591717e-01 2.135271899211311775e-01
4.828100704907698493e-01 5.879126411050702439e-01 4.904567952380373130e-01 -2.390200653269801412e-02 1.324394310853094781e-01 2.780554550961342186e-01 2.599449326939677896e-01 2.228340825717136375e-01 2.614398331233375727e-01 1.676211508218897472e-01 -7.632580251883307187e-02 5.188561128940949452e-01 -3.130915672837755737e-01 -3.240895739396751907e-01 4.822469866081184608e-02 -6.368422938131314270e-02 1.007662933987413939e-01 5.656231505114155400e-01 1.416658697293156355e-01 8.308130949029379764e-03 1.570459170307195451e-01 1.477286941762409947e-02 4.178843553393278287e-01 5.561631151455689315e-01 3.619155127291521223e-01 4.030403778642177581e-01 4.113567251442772910e-01 -1.100016221322960702e-01 8.016597562339242145e-02 3.212578779764294623e-01 7.130748026626207992e-01 1.737612551317883613e-01
-1.998041317350974233e-01 7.269947404620946685e-01 -5.828020761649412712e-02 4.247969920505373365e-01 -2.918634884533533036e-01 -2.362020879581527844e-02 -4.529085282060155843e-02 3.949337926217144079e-01 1.174158406626234913e-01 1.675872933147850574e-01 -1.617940265854065154e-02 5.978901622372977398e-01 -2.087450604195772719e-01 4.110566859395054506e-01 1.458999360930722800e-01 -6.469641100231053599e-02 7.461795543191646063e-02 1.495895158798469238e-01 2.363808397599977407e-01 4.741467250783713144e-02 2.402154925672655428e-01 1.428209811175982502e-01 -1.165842018509696126e-01 -1.343173277804184385e-01 -2.659333021616008819e-01 6.142595981557126550e-02 5.842653442165226529e-01 -8.840739394257209061e-02 5.775383580748645329e-01 1.310016214133193357e-01 1.931901174328517490e-01 5.652643664689056824e-02
2.040927983626305078e-02 3.542310458567148324e-01 5.506482006338619950e-01 1.295892588620103647e-01 4.226135966126272070e-01 3.600206701491225902e-01 -1.204367470974588780e-02 3.984263797368522986e-01 -8.460697618905130279e-02 -3.501281357596748856e-01 4.164577671204174325e-01 2.476500163919022890e-01 3.115961803827411725e-01 -4.761317059699680665e-01 3.583655433350589892e-01 6.583520100066543590e-02 6.203940858758875132e-01 3.433873195068667949e-01 -1.088114596181112420e-01 7.396224697824736738e-02 -5.866695519227474280e-03 -3.894139740635772506e-01 3.632736123664375150e-01 -8.826702635731868696e-02 6.743041837999652925e-04 -2.421409042613989482e-01 -1.250956047822119332e-01 -3.604034206174491772e-01 -4.174759573255399925e-01 4.078533887136031599e-01 -1.677983620398279530e-01 1.974037790237188061e-01
-2.946570209686196207e-01 -1.166110552261374611e-01 1.672525603256635185e-01 5.565906905465041188e-01 -3.062290000283670599e-01 -3.810018101388698564e-01 -2.262631732117411087e-01 -1.475949763549785042e-02 5.382315115360717384e-01 2.413783930487754803e-02 4.728469158689742602e-01 6.328562692421416114e-02 -2.308126463551870566e-01 -4.798708757355651250e-02 4.894853156159866270e-01 2.156934881873175114e-01 6.322101780727451548e-03 3.365891144127809986e-01 2.515169537668425215e-01 3.028829121582629069e-01 -1.985049891626798624e-01 -1.445013868933092416e-01 1.549630725962168054e-01 5.625821806668817038e-01 1.962296213332103412e-01 4.683769980173903003e-01 1.103907154558453479e-01 4.373901792708848046e-01 -8.542193253963514810e-02 -1.809532083259747515e-01 -1.228018428113031441e-01 7.034124145235997050e-01
1.464263884857261999e-01 7.301766353700077372e-02 -2.289755948579449280e-02 3.495136162063493535e-01 -3.137504491378306781e-01 -1.425114653208604072e-03 4.777525442155526325e-01 -3.000812880478823108e-01 2.352036648489586323e-01 9.378815697144983476e-02 -4.083240992189364760e-01 -2.261605013486680804e-01 1.144239388195264218e-01 3.631542892970289205e-01 -2.553669507032618746e-01 6.832370933999113438e-01 2.296158634480018612e-01 -4.594947361493888910e-02 -4.346121174585931141e-02 -2.990609967268104130e-01 8.142473957052658029e-02 -1.354706333106275029e-01 1.604937771043832562e-01 5.319773168772144734e-02 -3.566598916685617682e-01 2.280091373318784143e-01 1.630082820750183570e-01 1.947784122530894779e-01 6.684854817263578830e-02 7.104824194911704138e-01 3.647645788841415992e-01 -7.913509588024109087e-02
6.030797964138778777e-01 7.820343047537848813e-01 -2.933453060547244404e-02 2.105463402926797400e-01 2.277570544975971445e-01 4.705697805154635538e-01 -5.326439488851129889e-02 -1.590592364611677009e-02 4.479879666319964981e-02 5.512647701415577250e-01 -2.683554131967865186e-01 4.735666786295778530e-01 5.655418517888357588e-01 -3.227164841756975378e-01 9.757186538745202253e-02 6.308887614993872184e-01 5.153816388172959284e-01 -1.809170880929372449e-01 -1.932403657824812993e-01 1.731299949262616322e-01 3.497055371003716662e-01 2.669657222028002375e-01 1.409876299547409284e-01 5.343035830390236995e-01 1.728264990008248625e-01 4.085289754064250212e-01 6.703135290730426465e-01 2.234639952958756559e-01 1.183652641014744655e-01 -1.229968893961374821e-01 3.495531303635023845e-01 6.447248126449899308e-01
5.100464416234836706e-01 1.674346344080939603e-02 -1.378902091581459821e-01 -1.853128482642558417e-01 4.926346246908154258e-01 -3.995990738892136324e-02 3.435262832140582590e-01 3.180553717393370117e-01 6.984668528948800859e-01 1.698055048182845750e-01 -2.903540301496949083e-01 6.449879827330804449e-01 1.449330794966015301e-01 3.965687098047687154e-01 5.039948750243610220e-01 7.648294921218776743e-01 6.664103383749487852e-01 1.743093930060911068e-01 5.565984101165357689e-01 -8.798893233497648292e-02 1.097308175926587220e-01 4.188201246244854237e-01 6.692154179987713780e-01 8.537052153730011195e-02 1.875615031854549197e-01 6.002572772563842252e-01 4.670699731280059663e-01 2.088649316147552504e-01 -1.042845690348839921e-01 8.818206900288209915e-02 -8.440933797925941062e-02 -8.104040027043654670e-02
9.023807978549014397e-01
5.384514496271601558e-02
3.028198502539752868e-01
-3.418707652060760105e-01
-2.269562834906699578e-01
2.044741485615409610e-02
5.939857409816023254e-02
3.762460238209482388e-01
2.722756060672791231e-02
3.498021623221338472e-01
-9.991795125880155448e-02
-3.283807400197747972e-01
4.724021500282241659e-01
2.664883294282046067e-01
4.669600019425635962e-01
4.873308216284468614e-02
-2.540333742142277251e-01
4.442020212161112425e-01
-3.405252187289473653e-01
-1.142719734103173901e-01
2.029760041698603495e-02
2.547418935618549485e-01
4.679964436678735740e-01
-7.149901828947165250e-02
4.682301579258958402e-01
2.753678954019592728e-01
2.232971770703276199e-03
1.243118455093376873e-02
-4.388255874571979076e-01
3.901549311007246335e-01
-1.316097229862496776e-01
5.620190826901669268e-02
ReLU
0.0001
32
3
-4.516028581512557816e-01 -3.509342519745061589e-02 8.132754986947142439e-02 -1.912230172975474748e-02 1.997972161005805436e-01 6.884211833341192799e-01 7.097288995063606443e-01 7.004595287012158611e-01 1.495973426176828991e-01 4.872083532666655059e-01 -1.872400488257414120e-01 1.098531500220488455e-02 2.479881297177467803e-01 4.944622856471307393e-01 1.868224320199149135e-01 3.850391814337780216e-01 4.880379385793036373e-02 6.230778416559823452e-01 1.941481605459905724e-01 -3.014054094316895305e-01 4.763640633813117642e-01 -3.113339830916163689e-02 3.975753316055133380e-01 5.787578442352780961e-01 1.756942564793351202e-01 6.184755393284609992e-01 5.579513714236771643e-02 1.159352836967322553e-01 6.683891786916298372e-01 -1.768103475411900855e-02 5.956519035664366024e-01 6.550614516285137301e-02
-3.881987033379481478e-01 5.912428971320793369e-01 6.218221060697068925e-01 1.290148131034644374e-01 7.160950445255346297e-01 3.444390454523174605e-01 7.459718289960365345e-02 6.739289904516382324e-01 5.776377351152969242e-01 6.355429138637648245e-01 4.879728383399929981e-01 -3.659625365617773241e-02 7.388926087773470819e-01 6.571539242122901303e-01 3.560184906838274044e-01 3.221521294052968609e-01 -2.296942297510531084e-01 4.627962122978058757e-01 7.119537700141845837e-01 3.297467847217848136e-01 -1.482317535408304854e-01 -1.098376307119153239e-01 1.896631129370588975e-01 2.910192410142761060e-02 -1.194520316720544886e-02 6.118200229999956052e-01 5.746078866946303654e-01 7.310373963555820698e-01 7.709800980677351812e-02 4.840856715445317482e-01 -7.134544901956828278e-02 1.365960193632468622e-01
-2.791875578177199224e-01 4.123711612221558354e-01 3.617522769414614481e-01 6.727675954070981568e-02 8.418908664688855570e-01 2.818072087051781138e-01 4.032089790239271609e-01 8.143186009116288870e-01 3.488175319544962183e-01 -1.261176392001667479e-01 4.693337121907108223e-02 4.201959706795276306e-01 2.619731737256670440e-02 1.822214726475645530e-01 1.513938251993744433e-01 7.343791334641203150e-01 6.900127382010884380e-01 3.209578798233875263e-01 3.909293722064091092e-01 -2.285918171175949087e-01 -4.253187878871068223e-03 -1.954919500915495434e-01 -1.392580008924257096e-01 7.229018482427455039e-01 3.179634942506002204e-01 -5.229805605718192141e-02 -1.560788690638203469e-01 5.611965190525539660e-01 -3.566849790243882545e-02 6.231927414116360531e-01 1.670094257225899492e-01 7.458963797819571084e-01
-4.578939670365517745e-01
3.728500442945865134e-01
-1.451969750149333938e-01
Linear
0.0001

ct 2024-06-01 16:50:43.930712
