noname
4
4
4
22
2.486940866248494864e-01 7.617892452806549475e-01 4.427837728642036730e-01 6.189095284795346208e-01
6.869041483344562327e-02 6.421878676988990176e-02 1.747325514739792585e-01 4.725271676116634678e-01
4.355982940109517365e-01 4.172304060480227506e-01 2.621522843926948898e-01 7.771627342843931974e-01
1.639338698111203474e-01 7.040291582531256198e-01 8.431050677506706226e-01 5.843672763144347471e-02
1.784747215920564622e-01 7.062409549562129740e-01 5.011169930307382003e-01 2.941677297575675532e-01
7.407079855393081669e-01 5.800656492297217026e-01 3.802052251939451732e-01 9.268751568810283947e-01
4.293250777950474717e-02 6.844260720296686529e-01 6.881684539820261959e-01 8.798235156299506476e-01
3.502995412661937813e-01 1.825210783028795580e-01 9.648242256018708662e-01 2.133930167188624605e-01
7.952674315846374187e-01 7.992162011196901616e-03 1.456749673204131845e-01 1.525105431333846351e-01
5.217250064392312536e-01 6.279677167872377286e-02 9.847901388309190374e-01 5.208837678398539062e-01
4.577196708324127172e-01 2.013251159090293507e-01 7.852170578267911871e-01 8.511257995453279657e-01
5.466516335256781378e-01 9.264119176569265424e-01 2.266757628906914679e-01 7.702410269074071447e-01
8.359935918125531717e-01 7.151205617498613831e-01 4.338219340308551164e-01 2.035903508457481692e-02
9.254491324360704096e-01 3.879192745653341490e-01 3.813259557872197281e-01 1.751274439954545459e-01
3.214688641365095467e-01 7.294458987097076630e-01 8.289991148095383622e-01 9.719316710970881124e-01
8.200408941404506713e-01 8.626394208196042079e-01 7.838600661969952199e-03 5.533142401889590278e-01
8.344056954217408117e-01 9.846318785054475331e-02 6.842030785099466605e-01 5.469884596035199387e-01
7.578763384239231016e-01 9.949416768573630110e-01 1.957876849811136521e-01 4.892791315208532277e-01
6.972625004602944765e-01 1.845022035691410434e-01 3.022288558956199855e-01 4.101673921515354149e-01
3.871957126089322632e-01 7.207446660242677883e-02 2.691534539375280977e-01 3.012157694235521044e-01
2.471184656187794815e-01 2.889073623117743850e-02 4.098615006228517599e-01 2.623563625089906370e-01
4.760133529228480764e-01 9.153494324908056923e-01 5.690992744541496506e-01 4.702820295400009787e-01
2.909286585896133648e-01
7.163824635867106494e-01
1.831824701256515864e-01
8.817230034200312927e-01
1.593642021536192388e-01
3.595236738522542552e-01
7.005492117640137462e-01
5.221945853668477078e-01
8.276771843632998449e-01
8.005720484575040707e-01
7.505866062964425822e-01
4.270765024152501921e-01
3.585746183901067363e-01
8.971513652508512626e-01
3.342242887870225942e-01
9.496129181462199531e-01
1.219816973451947062e-01
7.176408924244200849e-01
4.943215371599980479e-01
8.872567892107237064e-01
7.512401987013871407e-01
8.221684320167593762e-01
ReLU
0.2
22
22
3.745939075779406435e-01 5.137547564682036771e-01 4.038741449916233295e-01 9.927895127568655553e-01 3.174001987625207910e-02 2.099676646446613226e-01 4.204226773551116292e-01 4.514905425288038288e-01 5.708859779453681060e-01 9.328434353561727566e-01 5.491880074381748633e-01 1.510300766931261807e-01 2.422399267849504323e-01 1.310923859019481608e-01 7.322194203028367099e-01 3.465237228261901503e-01 2.196206208244925184e-01 5.406895625511537462e-01 3.726885028921497200e-01 3.143771139141985360e-01 7.093786128059506035e-01 9.086514840915954627e-01
3.683775622540504946e-01 8.210489977834578568e-02 9.131784279703554219e-01 5.395448608581346894e-01 6.655708499144941115e-02 6.214188642694740139e-05 2.480811131142613979e-01 7.315136416635428240e-01 2.882926994712198265e-01 4.681546932021567464e-01 3.654356400106150149e-01 2.357384834842805033e-01 7.818761463612563523e-01 9.733195916794777913e-01 2.472820896433297611e-01 1.491187026474942723e-01 6.364776685743959161e-01 6.346648723839805051e-01 5.828067559159714195e-01 9.378052704352424218e-02 3.274082240292938151e-01 1.853389431194554238e-01
7.796029566020399315e-01 9.932448914185166844e-01 2.378942575924836156e-01 1.856009214079979985e-01 2.857118297106655547e-01 6.620501564143255191e-01 9.549200097676395771e-01 3.386318073136118656e-02 1.884120682465152408e-01 1.478648655736056750e-01 6.452398454032254316e-01 3.644957161427313519e-01 5.747417088724948719e-03 1.779108980523558259e-01 8.434064267307896934e-01 4.953756327167335716e-02 5.853782999622137995e-01 4.001469047865439110e-01 2.889373121003473432e-01 2.649301762505386071e-01 7.854858247311893304e-01 4.155733237983628703e-01
7.922808961060588961e-01 3.406405630260554984e-01 5.480007632057535272e-01 5.004658939986862398e-01 9.909202264800909266e-02 5.667065756706077817e-01 1.260973253003371264e-01 4.750803294108996155e-02 6.265148104643991633e-01 2.789061993337258460e-01 5.078016433707932542e-01 9.418474486428286552e-01 5.642048121905376412e-01 5.733977098389673177e-01 6.719342219483248613e-01 1.778513849821521386e-01 8.251059240084804847e-01 5.340482875126099094e-01 2.295634192770806825e-01 7.589987897433773112e-01 8.088415628475117414e-01 8.606224744466633991e-01
1.675225480595567973e-01 1.587337333603322520e-01 8.589924983129690883e-01 9.867667270598735607e-01 2.842416576345978552e-01 4.158488557059454305e-01 3.335509685818849324e-02 6.790762786317592337e-01 8.393760712726321405e-01 9.742646525276061897e-01 1.264396356804896593e-01 8.651547987397680828e-01 3.691804681909687247e-01 9.658156161453772537e-01 6.909170115708296311e-02 1.311889186988413059e-02 9.805813952295351354e-01 5.398098984191360694e-01 2.905492946732204373e-01 9.234322919038316924e-01 1.509877085818704945e-01 7.210188762997148393e-01
9.957170358321008052e-01 4.348743094684954791e-01 3.721281201397922400e-01 1.122783803946025838e-02 2.488467877139375339e-01 4.407869954999555917e-01 5.419745287971342584e-01 6.166775664692637493e-01 3.147694374995027022e-01 4.118797226467190153e-01 9.143331390709624751e-01 5.185103359647214027e-01 9.417973074651866394e-01 6.481370579089567041e-01 4.029907540440934577e-01 4.609434095606106396e-01 1.482960067755058065e-01 9.768745079368725825e-01 6.594226111248180366e-01 2.355945766735985103e-01 6.379395462009547213e-01 2.414110777665047225e-01
4.612068690889248312e-01 7.306864916759655548e-01 4.128406438840691584e-01 2.417727049219932089e-01 8.520034997578329605e-02 1.916025556192157975e-02 4.114920985625913907e-02 9.755238326226991497e-01 3.003356683902425051e-01 2.370609434572905627e-01 1.893127506999787713e-01 8.357284615010379669e-01 7.688996095724629498e-01 5.458566811525799034e-01 4.579112957369317893e-01 9.911088690088361020e-01 3.431668593685344160e-02 1.801568534581809988e-02 2.292624800716900335e-01 6.044574478167793474e-01 5.113697710783526862e-02 5.004335979378875532e-01
6.682326763603702036e-01 8.340275204767994000e-01 3.216554832845198719e-01 5.706261497347606682e-01 3.890532866471577700e-01 8.016649362047920668e-01 5.321366940816784075e-01 5.265084580008960735e-01 8.147284680511501787e-01 1.970286458851295830e-01 3.500359978037411723e-01 5.373348402657966982e-01 1.035405404728508838e-01 8.250778200681833097e-01 3.278562615962339333e-01 6.746498963071444477e-01 9.870405749516215632e-01 1.602935831693952373e-02 1.788625485319818020e-01 3.342304628627179586e-02 3.245213326466842574e-01 7.999207075123075938e-01
6.585522702948718443e-01 7.391234686848409119e-01 5.644311321231583189e-01 3.778811588108479391e-01 3.038374644758102816e-01 8.787454183103006189e-01 6.268833752039645324e-01 1.398229930882796124e-01 2.831407888920420834e-01 4.810507026554492471e-01 3.294379379484049242e-01 1.078351181971956008e-01 5.547431244205134337e-01 3.469627649325828234e-01 6.140173457000515089e-01 9.158692254557874168e-01 7.096689404427409809e-01 2.129788348894533501e-01 4.910953536795528152e-01 7.706415865064227821e-01 9.737240047856973169e-01 2.288793239142042912e-01
3.810793812764110555e-01 9.765125972580134261e-01 9.621221687029213321e-02 5.500100972003130195e-01 2.163645398565470224e-01 5.286075509387699878e-02 8.423364558729790064e-01 1.605387033594585233e-02 2.978463343160354659e-01 6.971095284232459166e-01 5.772713760980033859e-01 6.841749391314040363e-01 4.756466906237940551e-01 8.242347491077572919e-02 2.589770370603948768e-01 4.343396132595634951e-01 2.003505789951842697e-01 9.404036930625069290e-01 7.000370983823845927e-01 7.142363377401017566e-02 4.683668298331336022e-01 9.163686026615756042e-01
1.132643412488321122e-01 9.070852014778502115e-01 7.929233540859651486e-01 9.566669424605932504e-01 9.831512790467885621e-01 8.578758451786272499e-01 6.706007634427455510e-01 5.990665750495415276e-01 5.890362326031185480e-01 4.295533148685779512e-01 4.567307248274499187e-02 6.526591906423685474e-01 4.979659061669957643e-01 5.915205664749222381e-01 6.396294161585376337e-01 6.937527398420720859e-01 2.499554671079086132e-01 3.045611507946761609e-01 7.110722717730695308e-01 2.964807757392337040e-01 5.233815616820532979e-01 2.531228194411148102e-01
6.214553576150948500e-01 1.273972774793088458e-01 9.274516642031850333e-01 3.131636663875800863e-01 2.338113935373309360e-02 1.615756472991372039e-01 5.025287455828000294e-01 4.922026221562928461e-01 8.825174596966244289e-01 9.192648536924039604e-01 8.721554374914330943e-02 2.104786879981513925e-01 9.434234545931218241e-01 1.758745000021387783e-01 7.601205370141295159e-02 1.108628945301594060e-01 6.546295024498544057e-01 7.523117251820425899e-01 6.109151417642254556e-01 3.904261467586831458e-01 5.487263030924497409e-01 4.845434938867242414e-01
4.819539946846431722e-01 2.332467963863086302e-01 1.329857771619425977e-01 1.069913863757342432e-01 9.261776780451473901e-01 9.556028695774886339e-01 7.661757740570120934e-01 2.614494195640546526e-01 9.005037389260062142e-01 5.750838306749694873e-02 8.406251987869036713e-01 5.389985646004077369e-01 8.898162925746453400e-01 3.429252569768137526e-02 9.113272726429535453e-01 2.302979022588542701e-01 3.699400705504614084e-01 9.624873411461389860e-01 5.698954222782359746e-02 2.288323899053975596e-01 7.891923690993759566e-01 4.606397381612337139e-02
7.879931924710340541e-01 3.911029802345151740e-01 8.857928729099835419e-01 8.873970976403516842e-01 3.789040578722782104e-01 5.363925275760269562e-01 2.483751197521779641e-01 5.605215804621237474e-01 5.895002658730887912e-01 3.585099401226844451e-01 2.048391711995302122e-01 2.795502808000128736e-01 8.000929129049687560e-01 3.799242588199028825e-01 5.304186373443676716e-01 4.086846081201120917e-01 9.753334688279935438e-01 6.843702463832002092e-02 1.925092093795160997e-01 1.559715987853269592e-01 6.246098874897625386e-01 3.064108229280575468e-01
9.216263114028292458e-01 1.970489058627435952e-01 2.060565332351764756e-01 4.478742468844609803e-02 1.620420282696228842e-01 8.566315968150174376e-01 3.840701779106767688e-01 2.207404500490048882e-01 1.713195896252048822e-01 4.839952712132005175e-01 5.280279069976301365e-03 6.699617285829339020e-01 3.368930650431938290e-01 1.833656689418615704e-01 8.552173605547238600e-01 2.156717514469973507e-01 8.209002648382467404e-01 8.808873968276457189e-01 2.236616032699050294e-01 8.831405938526961652e-01 1.050253936770726426e-01 2.904576644388734419e-02
2.550775294817432259e-01 9.949448565169568548e-01 2.074820402074880610e-01 9.762727148388592457e-01 3.587714159041394124e-01 5.525890113102006618e-01 1.429829856226444429e-01 6.369687575264663115e-01 8.314938641482179094e-01 1.161394812079490357e-01 1.700206144189880808e-01 6.459227814461838690e-01 7.606257149842425846e-01 8.154946868916109759e-01 8.347727157150688360e-01 9.275602433070735398e-01 3.847109409084445986e-01 8.604946391723237165e-01 2.853245321664669154e-01 9.080219753345106781e-01 6.278110091324867748e-01 2.563151712169009500e-01
1.785580311378838214e-01 9.632258252222958284e-02 7.979878485367349894e-01 8.146600617739543360e-01 4.289100026120351572e-02 9.592546939446557897e-01 1.638776224871154596e-01 9.289590219314135533e-01 2.517688207213729656e-01 4.253816108820988040e-01 3.125151558236811677e-01 4.572162064134656090e-01 7.700782418284712882e-01 4.209929701472348018e-01 9.031604394324377338e-01 6.639147729422242294e-01 6.822515102066055714e-01 9.687925185960497565e-01 4.055770492184647136e-01 1.942661718178400054e-01 2.247204534807669685e-01 4.179236310751048844e-01
8.892969224052762467e-01 3.440885525644670206e-01 6.583259897545200579e-01 4.563086293776119629e-01 3.523915423459663687e-01 7.129243298695908670e-03 5.194889110811905519e-01 9.018909506475181193e-01 4.963822282935104191e-01 3.572495068698349208e-01 3.061440966375131856e-01 2.703472117693912491e-01 3.078397917418900231e-01 3.855901149057607835e-01 5.858073073685099441e-02 1.498596256164913543e-01 1.524581004228832137e-01 7.023666054120780711e-02 8.185172085960604749e-01 2.939342490953477105e-01 7.746955787057115961e-01 8.108334188916638263e-01
1.231615081943792100e-01 5.805806135499856913e-01 8.284473375473541124e-01 3.101827040004724312e-01 7.056516662378350402e-01 7.169034797132011194e-01 1.640937844766177101e-01 9.736058441763385529e-01 3.779600318751343835e-01 7.113398691808694441e-01 1.235547242878803909e-01 6.444496489288850105e-01 9.965827482040821028e-01 3.254303650788785696e-01 4.382366469362436456e-01 1.232351557498276851e-01 6.019243746856792754e-01 9.342934141368928191e-01 3.213151579541602132e-01 6.722474194075842568e-01 7.022507989771772374e-01 4.685587885130365615e-01
8.770095515879026138e-01 7.620900601541511499e-01 6.176791282502837044e-01 2.481864323582421150e-01 5.276022221622251873e-01 9.926273219558869876e-01 4.719879302417160361e-01 7.660440200558893409e-03 9.037530662838636486e-01 9.987921089338450686e-01 2.186653768508580731e-01 7.485618528744484301e-01 8.368169056092124025e-01 8.455516132884016711e-01 4.043215440891325674e-01 5.127089712083749973e-01 2.576835587330882360e-01 8.194430718350474985e-01 4.688379877217684344e-01 2.996668259259371858e-02 7.439856904312500685e-01 7.153007833110924807e-02
5.481801725428050442e-01 9.397076049650193719e-01 8.915599529425910497e-02 4.334206445804731356e-01 8.433633521736748628e-01 7.186299748378276453e-01 5.046495656326321910e-02 8.561712115306410187e-01 7.267207691565628069e-01 1.619342917111313840e-01 6.649654714402180034e-01 4.666710543261975985e-01 8.526119995382031025e-02 6.315563364687474257e-01 3.731938206212015441e-01 7.464732511244065449e-01 1.278572772826463977e-01 7.801210760923100729e-01 5.081794552992028313e-01 6.733928501314511150e-01 9.144271215403665387e-01 5.283478973687639746e-01
5.121778777826997420e-01 2.591065176438769324e-01 1.905222256811902604e-01 2.136044520865385543e-01 1.144917625044760134e-01 6.901017322216594918e-01 3.023518627216603694e-02 4.838103699986584516e-01 6.314434920276013052e-02 4.932206017750885296e-01 7.739550849601822824e-01 1.086615748403445547e-01 8.285181348024851511e-01 5.047258987786640283e-01 8.845379988375404734e-01 6.259712421358456513e-01 8.411779952326863263e-01 9.452276597853396245e-01 8.571826732901060009e-01 1.895662391085787268e-01 3.009074769629758173e-01 8.194619259292104108e-01
5.373233379311928015e-01
6.996957535969716702e-02
5.649036242453648882e-01
3.555719864279134335e-01
4.237686624866475738e-01
4.530255486993175484e-01
8.115848923642093871e-01
3.870632216684120053e-01
1.337957158208475938e-01
5.207876122348384929e-01
6.582461635433800584e-01
1.718058307883862934e-02
9.425926022583922537e-01
6.031704581094369244e-01
7.213643934916836864e-01
6.340301342504843785e-01
1.304576418977946295e-01
5.613667639507626816e-01
4.205070307134113339e-01
6.317002984918448361e-01
8.114867942021987135e-01
7.296234742224341208e-01
ReLU
0.2
22
2
8.990592902039643564e-01 3.267495916140883416e-01 8.020048966855688466e-01 1.411463272763683330e-01 9.912876276083200100e-01 8.909330820547520791e-01 8.789280012806417464e-01 5.396634556572977859e-01 5.048004985230382102e-01 3.508095757012819060e-01 4.038529330521833938e-02 2.340428485601155906e-01 8.433591189445887037e-01 3.058632519472966882e-01 6.434087262083527659e-01 4.068455925060270317e-01 1.959912157879889483e-01 7.993618768835143440e-01 3.801773563816287504e-01 1.917095752629006666e-01 1.916804279617673190e-01 7.760045127195976944e-01
5.225731207122570332e-01 9.228489317574894990e-01 6.237777130484700727e-01 4.861772615861829072e-01 9.058512337839923489e-01 7.831627303400257034e-02 7.760242949897058207e-01 9.470050831402804237e-01 7.124572721235192807e-01 3.031614508818978315e-01 4.251862635447267724e-02 8.837520927632525058e-01 8.339905371006870460e-01 9.583221225073361715e-01 9.434232326502447474e-01 4.948674070087843990e-01 5.288863338953817550e-01 8.925211938889654473e-02 7.259522170470322777e-02 3.012687203384214474e-01 4.350877386144880177e-02 8.953155154827528994e-01
1.198389185437951365e-01
4.279539925387485511e-01
Linear
0.2

ct 2024-06-12 18:57:40.375751
