noname
4
4
4
4
1.405707501340852872e+00 -7.377074363979502225e-01 -1.138988681802734959e+01 2.302109179148476015e-01
-1.222099174415587575e+00 1.019381399644216257e+00 2.626721417564904471e+01 1.877212011871452146e+00
-8.932344315185442030e-01 8.922508423523332066e-01 4.777649302398037534e+00 2.509671438936003640e-01
1.204737997023552554e+00 1.361094638823021619e+00 3.302465726684732372e-01 1.754066083971217438e+00
-3.640111434175132832e+00
-5.022108712460301660e+00
-1.875439997393690161e+00
1.275041320964650504e+00
ReLU
0.1
4
3
-4.023714728351067138e-01 4.661667264057723914e-01 -1.181296946829190730e+00 -1.074106593850511882e+00
2.198419841311106959e-02 1.672190238603958601e-01 -2.815714783705892676e-01 -5.114369035823943532e-01
-5.199954353378337668e-01 -1.278159232992378769e+00 -8.115989976530099126e-01 6.483644846142645468e-01
-6.332010335878166529e-01
-2.756081978727108472e-01
1.307945972944564605e+00
ReLU
0.1
3
2
-3.822694452538380472e-01 3.642054336130199493e-02 1.469093924724703015e+00
2.024913285475508917e-02 -9.110095293456365022e-04 8.835409264541587149e-01
1.872486499370139335e+00
1.953864596718441593e+00
Linear
0.1

ct 2024-06-16 15:16:43.629866
