noname
4
4
4
11
2.417147939363020193e+00 -1.878399449194583459e+00 3.086653857158564662e+01 -2.776045476373670162e+00
3.197878964015595793e-01 -6.856384969713001931e-01 1.647224671597536272e+01 1.288934967526252473e+00
-6.973282618031313440e-01 -3.649877930537814841e-02 -1.012007200126991080e+01 -1.033263852895326407e+00
-4.046497747054599858e-01 -1.092316743431122728e+00 1.574901860321641500e+01 -1.013905432058624045e+00
1.264757732438673288e-01 -3.024787891215514612e-01 1.078295388793274512e+01 5.110277729868358820e-01
-1.591346261664762451e+00 -3.250852145250642700e+00 5.305076971741285341e+00 -1.529320789206969566e+00
-2.679785828268810843e-01 4.883587252910529530e-01 1.192070434929038136e-01 4.680939663944600482e-01
-8.225804614157071759e-01 -6.918680267381831506e-01 -4.150418107197536566e-01 -7.321598637274362442e-01
-9.607186429129609129e-02 2.719731216455482103e-01 1.458975741695236750e-01 3.081285922123777610e-01
3.961777140022091914e-01 -7.296614308713998964e-01 2.105371080407044015e+00 7.637032973850973461e-01
-2.478109140611128580e-01 1.672843785213214973e+00 -2.400571776093243237e+00 1.016984818871068841e+00
-1.183025616182209383e+01
3.148369421710944582e+00
-1.014712180593491908e+01
-5.685166074278400039e+00
-3.723695596211691772e+00
-1.367686169677382324e+01
-9.502347643877976369e-01
-6.794855618173642142e+00
-8.800444979322629147e-01
-8.045232911321630098e+00
2.461146899362133822e-01
ReLU
0.1
11
11
-2.034407811928023335e+00 -6.623743409552311334e+00 9.747090185068343349e-01 -2.176180739163523725e+00 -2.085240940399692544e+00 9.329814207050202146e-02 7.947910282034699181e-01 5.173441694237325139e-01 2.491542955079929511e-01 5.110787076575747934e-01 -5.109045127358545144e-03
-1.494950216753226924e+00 -3.737373470915413165e+00 -1.086793987470534351e+00 -4.697425570163872299e-01 -3.632117702383129920e+00 9.329814207050202146e-02 -9.760743681718515863e-02 5.173441694237325139e-01 2.491542955079929511e-01 5.110787076575747934e-01 -1.095234850648774572e+00
-9.647127159040298494e+00 -1.708871936828639582e+00 1.173418070444202099e+00 -7.333651329804047325e-01 -1.373408885429711512e+00 -1.313688189683721586e-01 7.947910282034699181e-01 5.173441694237325139e-01 2.491542955079929511e-01 5.110787076575747934e-01 -1.081795158537776080e+00
-2.064658721133394437e+00 -2.334505568911612094e+00 -1.505729935711915601e+00 -9.298088470639935821e-01 -2.251065816874648462e+00 9.329814207050202146e-02 7.947910282034699181e-01 5.173441694237325139e-01 2.491542955079929511e-01 5.110787076575747934e-01 -6.223527574667158113e-01
-1.040489708827859072e+00 -2.666078504884149769e+00 -5.590379564763412468e-01 -1.472027036901409014e+00 -1.537859223929342600e-01 1.311344208619305285e-01 8.594234921314933273e-02 3.000678160832964014e+00 2.119937297857407699e-01 -1.011615053487216587e+00 -6.411612158688301255e-01
-2.887000731173691381e+00 -1.819784452122491292e+00 3.421840558555685696e+00 1.745183041688325831e+00 1.676027557384918154e-02 -2.103078963551624270e+00 8.503534976510600252e-02 -2.726212312945792693e+00 -2.128212913720924776e-02 1.378405649266984279e+00 4.798340867982331948e-01
1.125609248086704151e-01 -1.347081271586210605e+00 1.125609248086704151e-01 -6.228275752564058632e-01 -2.495909673249121052e+00 1.125609248086704151e-01 -5.827568506583475916e-01 5.173441694237325139e-01 2.491542955079929511e-01 5.110787076575747934e-01 -1.368711511209556309e-01
3.748068549368112068e-01 -2.642689202869799914e+00 3.748068549368112068e-01 -5.355574816061303700e-01 2.379697707729993769e-02 3.551102372106678118e+00 3.748068549368112068e-01 3.014632130066006166e+00 3.037125390428803140e-01 -9.253187035764293134e-01 1.520475084927254139e+00
5.212444924484175290e-01 -3.370738874086402603e+01 5.212444924484175290e-01 4.040362577127843968e-01 -6.769320582063907965e-01 3.697525167409218660e+00 5.212444924484175290e-01 5.212444924484175290e-01 3.773778392658653780e-01 -6.919238075635223417e-01 -1.049480731821552243e-01
2.150989290994480552e-01 -2.166066724184073422e+00 2.150989290994480552e-01 -9.906607427140238231e-01 -1.768937862349470258e+00 2.150989290994480552e-01 2.150989290994480552e-01 2.150989290994480552e-01 2.150989290994480552e-01 -2.870748603422881851e-01 -4.286614339359717807e-01
3.202368615287971565e-01 -5.326123975889277690e-02 3.202368615287971565e-01 1.329657206139173847e-02 -4.570936018115892008e-01 -2.855546728940288048e+00 3.202368615287971565e-01 3.202368615287971565e-01 3.202368615287971565e-01 3.202368615287971565e-01 -6.733810790702673410e-01
-3.425659038855602301e+00
-3.547949555741825911e+00
-3.260942001013847680e+00
-3.682280336609151661e+00
1.449514457519492439e+01
1.569714324105409808e+01
-7.857153019619066425e-01
3.239339412425686682e+00
1.565676012358377056e+00
-1.163239627738940296e+00
-3.620337389535635553e-01
ReLU
0.1
11
2
-1.234609431540078406e+00 1.966543380731788471e+00 1.697443240037423084e+00 -2.034831460675938342e+00 -1.084610341363387187e+00 1.479636911508919184e+00 -3.576219881896183228e-01 -4.114634441491871186e-01 -9.864061348022212794e-01 -1.598834298311282986e-02 -5.376764209802452621e-01
-1.080935081832213207e+00 -1.598890625552303657e+00 -9.110184870507076482e-01 1.246026983094890239e+00 -1.097223382077736176e+00 1.387011496619463990e+00 -1.401154539926103004e-01 -7.341402402876711086e-01 -1.451643828319393537e+00 5.236284727257657368e-01 -3.910771362669584472e-01
4.903372582533259916e+00
5.400588904158491133e+00
Linear
0.1

ct 2024-06-16 12:12:29.304697
