noname
4
4
4
18
-7.702102370852437208e-01 5.413475408896200047e-01 -1.805295476946971317e-02 4.299107155979546291e-01
-2.646123822023028760e-01 6.167077521714211530e-01 7.075396250120735697e-01 4.569076821236868757e-01
-2.335350639027341302e+00 1.159854779472575315e+00 6.279500139092165645e-01 4.613348117367033763e-01
-2.515868204247620366e+00 1.249353760573607142e+00 -4.159844067927150890e-01 6.547385677048361829e-01
-1.096620656233531221e+00 6.814049997632942723e-01 -3.372395771861674135e-02 3.809621945257583575e-01
-1.036169319217022933e+00 3.381188746428823722e-01 -3.586794478836277111e-01 7.129374074880658052e-02
-3.933497227707175359e+00 1.017839667093145772e+00 6.743074561849247139e-01 8.028586643277522972e-02
-3.860568074262609728e-01 5.761637785035421677e-01 7.570681742453079510e-02 4.408481043578648118e-01
-1.214779102921535259e-03 9.312110106344175797e-01 2.992478690020222842e+01 1.650915935959180958e+00
-1.263900231005621100e+00 6.734698318687010188e-01 -1.996429552386978390e+00 6.451324251871539683e-01
-1.490510298673640932e+00 8.334053640165203225e-01 -1.549845069487158611e+00 6.914949115850199668e-01
-8.022433590616734334e-01 2.181978446956120976e+00 -6.154003867908824921e-02 9.066487369269640162e-01
2.733464533246698913e+00 3.276750161374057058e+00 7.418265746130413341e+00 3.365031131612856274e+00
-3.266867568736500527e+00 2.467911992621550699e+00 1.954698612996732976e+00 9.919882211038328901e-01
2.636806217996386259e+00 1.484562661448203036e+00 -3.013247957101250485e+00 2.419681200460549242e+00
-1.831813110175457782e+00 7.716580831064870916e-01 1.313163796259737337e+00 3.679382723827470669e-01
-1.573198698239658633e+00 3.286775994926026123e-01 -8.465630814909411161e-02 -6.215931758138628499e-02
-3.250275561585620920e+00 1.704864773276584922e+00 8.088337940774286139e+00 2.158212229026716500e+00
-5.362409610243029645e-01
-6.040332228640294954e-01
-8.876751758403725878e-01
-6.864327388762070381e-01
-6.021016937129447522e-01
-6.698718818987582369e-01
-1.725576251514131521e+00
-7.816683759370945950e-01
-5.236527587975662534e+00
-6.263684766682121596e-01
-6.132328715347441506e-01
-6.980078392751860594e-01
3.041956715407631684e+00
-1.141772782539183240e+00
1.948302153102091372e-01
-1.066240638324494006e+00
-1.103862945462077860e+00
-1.994997685144635824e+00
ReLU
0.2
18
18
-1.147212330013507753e+00 -1.135824911358165545e+00 -1.498737507325602181e+00 -9.353910605502617770e-01 -2.013989403427293823e+00 -1.529827218674353562e+00 -1.224041893542033854e+00 -8.363033677283248091e-01 -9.905044305832318985e-01 -1.697148391265630663e+00 -1.515739375781009368e+00 -1.815786507846818720e+00 -1.471068270603378414e+00 -1.112423947021550674e+00 -1.707502862040265246e+00 -1.153252145496176828e+00 -1.178368691481927577e+00 -1.258286532863359897e+00
-7.084873853194966209e-01 2.835947726841495098e-01 -2.112358212387456802e-01 -5.492064128466975781e-01 -1.343465114496572854e-01 -7.489458982475110105e-01 6.179911606036913446e-02 -2.960840022172334107e-01 -2.596105305200893998e+00 2.985224950398903121e-01 8.940724424387300195e-02 7.038451361155079189e-02 -1.185270438299302675e+00 -2.942538844501302320e-01 2.586673764416194121e-01 1.346428350773204718e-01 -8.807342595412921693e-02 -5.187325827872574235e-02
-1.140411554526666205e+00 -1.054198711583526210e-01 -1.112895837501678642e+00 -1.705349546915840286e-01 1.183042914605866719e-01 1.612690750397247907e-01 -3.187354351587916579e-01 -1.862803861638124281e-01 -7.966401955321000372e+00 -5.679531184078232542e-01 9.573624142785165658e-02 2.427399018355634597e-02 -3.672620389262784557e-01 -1.276228323900037986e-01 -4.209236608969493809e-01 -6.687753437471940510e-01 -8.363646363836395592e-01 -7.717393205500515663e-01
-1.438340981221968296e+00 -1.175856916778488026e+00 -9.392962420227997100e-01 -1.736032719861225315e+00 -1.530815860160578135e+00 -9.088186575825460967e-01 -1.075845608268544584e+00 -1.558634650726052007e+00 -1.577851748560661571e+00 -1.566799500944722645e+00 -1.240718600573254671e+00 -1.403939159563387218e+00 -1.678742824156878255e+00 -1.710030626319602565e+00 -9.272650724442595971e-01 -1.443129562302881475e+00 -8.707678598712174090e-01 -7.806863907735147601e-01
-1.695321892337375624e+00 -8.014294222173482529e-01 -7.784207890323532331e-01 -1.027576963469131632e+00 -1.478807013816697991e+00 -1.254018739388840897e+00 -8.198950826669287872e-01 -1.530541553948979949e+00 -8.165923292153913771e-01 -1.101652579041847213e+00 -1.027622708946978936e+00 -1.741930581320980442e+00 -1.228077051900720917e+00 -1.282218743758861024e+00 -1.199107025207114541e+00 -8.511100159464903836e-01 -1.366935362369230189e+00 -1.569632351362807210e+00
-1.122591205440347656e-01 -2.955117034700457945e-01 -1.222024240006815698e-01 1.645436310422619119e-01 -6.168933158648846893e-02 2.467910054313154911e-02 -5.200265292417440705e-02 -5.105529451879454728e-01 -5.522095538746246035e+00 2.136534977441114647e-01 -4.513803551795525504e-01 2.916274127794398208e-01 1.828099770797905643e+00 2.372203715312753425e-01 -1.530390529645857429e-02 -6.896484704135174004e-01 -1.379719789419717006e-02 -1.278790439515989696e+00
-1.814600604503480985e-01 -5.236896816512828234e-01 -8.164319894327253246e-01 2.370134149602500795e-01 5.077854939803980172e-02 -4.627583338458320927e-01 -2.341073542775592708e-01 1.756123002626613083e-01 -2.206795013507774073e+00 -2.521122306921439859e-03 -3.200693511355028054e-02 -3.702381963833731859e-01 -3.902216767427234001e-01 -7.868297515100380890e-01 -3.007919114413744599e-01 2.712726937242808042e-02 -6.570968172583776523e-01 -1.023731678380832566e+00
-5.992996886792913980e-01 1.954949239937605818e-02 -3.068000930958280636e-01 4.005897605681995460e-02 4.749778493133109403e-01 -3.043796198914324735e-01 -7.324434739226215463e-01 -3.948299709059837070e-01 -1.346177919265803702e+01 2.257968903212053957e-01 3.416315680962659918e-01 -1.427610696265692869e-01 1.780060649999619937e-01 -6.228543920861357996e-01 -2.650101288623028517e-01 1.942238818924978960e-01 3.973274982311258280e-02 -2.313951873989704033e+00
-4.687269350450127270e-01 -9.787721694474066370e-01 -8.010254977120162545e-01 -7.784610019720497043e-01 -7.403203086060178295e-01 -1.066958115034199572e+00 -8.155086972578896587e-01 -4.016484884716132742e-01 -4.097449361945010970e+00 -1.221550938868654762e-01 -5.620749610438252608e-01 -2.347552373937712156e-01 -2.265845684729335396e-01 -4.442188932948511471e-01 -8.835620283555459253e-03 -1.440641034889151406e+00 -1.135331236468285265e+00 -4.969905086895849977e-01
-7.296490842063865223e-01 -3.878447695902362269e-02 -4.609985164370579702e-01 -5.918069617608521238e-01 -6.847980270858081697e-01 -2.921687160735351174e-01 -4.689009030443729853e-01 -5.618454432061881221e-01 -2.504497262956614900e+00 -7.126504321313062440e-02 1.113127373679679843e-01 2.851372465104903275e-01 -1.437444653387474069e+00 7.374901312832081446e-02 -4.768842649614165596e-01 -3.230090433793066373e-01 -5.677747804483836980e-01 -8.175306070321929075e-02
-2.912102172457915472e-01 2.274384280380157275e-01 4.646072529051490929e-01 1.596099821111315875e-01 -1.315888516226849658e-01 -1.296439271249308356e-01 8.217357922566848050e-02 9.926885234715096540e-02 -5.831673473179700196e+00 -3.762599132349646602e-01 2.567679637924663236e-02 4.089574211976965135e-01 2.380352327050350603e+00 4.949813695827156024e-01 8.943666133862469003e-01 -2.409428200042310758e-02 2.661873437183058522e-02 -5.036533804063350606e-02
1.518391980153527276e-01 -6.143265394541029822e-01 1.367638213778347600e+00 6.381603066927453438e-02 -4.453090779202314303e-02 -2.195831374245946210e-01 -7.035217430553622475e-02 -2.207916673533706076e-01 -6.122118989428513292e-01 2.634874065877569893e-01 -1.700997137181548546e-01 -6.525093434789289715e-01 -4.282853847265371883e+00 -7.161566650172564996e-01 -1.814154591381438753e+00 5.119590333619081918e-02 -3.786843651890116069e-01 -7.669752830582738934e-01
-2.046612679515217970e+00 -4.769469999275835481e-01 -7.696687707989395832e-01 1.530372648607308261e-01 4.529455000133997267e-01 -1.005119854942137181e+00 -3.510335203779694213e-01 -6.483048184678927850e-01 -2.697581255651938736e+00 -1.009776039219792532e+00 -6.199145474187673921e-01 4.817886123030287182e-01 -1.107450377331740476e+01 2.439273350203962631e-01 -2.965910483873264170e+00 -1.952273701183272481e+00 -6.300523201092933512e-01 -2.574598550136096620e+00
-4.446342019357571451e-01 3.796719071532571044e-01 3.730810342999740792e-01 9.606769652993793485e-02 2.879674423506657366e-01 -3.383863599072859385e-01 -4.537917941286896961e-01 -4.020536450824288011e-01 -1.294916688275516092e+00 6.484514898207580091e-02 -1.487422213659721493e-01 8.703478992835967931e-01 -3.058216013138916445e+00 2.153253570298219177e+00 -2.059242031367932046e+00 -2.089015087839200466e-02 -7.693968947773772715e-01 -1.125306127479823282e+00
-2.773694703671486517e-01 -2.300528239842684897e-01 -4.264042034171205420e-01 1.555334837453245800e-01 1.883222894714108031e-01 7.231093781394160036e-02 -2.622037781201366421e-02 3.514013510310639021e-01 -3.221986746365653520e+00 -2.141212152089654597e-01 -3.518573296768093273e-01 -4.488764266507606626e-01 -5.875571433359021434e-01 -7.201516846574661512e-01 5.006823958652083517e-01 -3.296065150482097028e-01 2.307692005658585135e-02 -1.113345109972573965e+00
-3.529562139305469359e-01 3.659753683817823511e-01 2.241115092484956828e-01 -4.510216379896947458e-01 -3.467078578128737765e-01 2.184912795873547864e-01 5.272584586895742165e-01 -3.821914229633534554e-01 -3.116004444882721991e+00 -2.137514828844260806e-01 4.222275642528269257e-01 -2.080123760974365021e-01 -9.309039846531916851e-01 -2.715956101509073295e-01 -3.781412682211526266e-01 4.847214780401993411e-02 -2.969835714564018070e-01 -1.750743729519995406e-01
-1.734221601270126978e-01 9.801770383577383672e-02 -6.332705728610358298e-01 -6.848082796295748564e-02 1.689219757503578057e-01 3.932665572849881053e-01 7.477307507754431537e-01 -3.476684385164412472e-01 -7.320662629579405944e+00 1.699902004636858754e-01 -1.981826480638696208e-01 -1.938003629183069065e-01 -6.320525973601371916e-01 6.989774196845794929e-01 -2.918780760975119848e-01 5.489102413778702561e-01 6.027677163676234962e-01 2.310171670817144918e-01
-1.569135008049399038e-01 3.042065915626189151e-02 4.674249774569260163e-01 -1.724649580180964148e-01 -8.078125260762442084e-02 3.606537476094796579e-01 6.569685986739948191e-01 -4.759292998354662241e-01 -1.427505418424594197e+01 2.312597031739473674e-01 3.516488552142928992e-01 -2.305733622371602398e-01 1.811286904111163720e-01 -6.300287292459136324e-02 -1.492901094609314083e-01 1.011458651165468181e+00 1.917938899354324489e-01 -2.215616915361207084e+00
-1.751280317370405459e+00
1.862557598188809616e+00
-4.301535016276768902e-02
-8.321731399006423446e-01
-1.228880812485515728e+00
1.112876273760087020e+00
2.608176826361436329e-01
1.647641123526605966e+00
-1.538093758802600367e-02
9.635389170798021041e-01
1.325532640178431976e+00
-3.635102615818718852e-01
1.803389274376390183e+00
2.000678144773493816e+00
-1.390138803831126452e-02
6.640810727568096095e-01
-1.966810825593469716e-02
1.434469526154626307e+00
ReLU
0.2
18
2
6.790216120151445489e-01 -6.624445448000164660e-01 4.156000475222226820e-01 1.006488389037417219e+00 8.788840666104305033e-01 1.540209502953969523e+00 -1.135923355485484870e-01 7.131170424966123411e-01 3.925083731467071124e-01 -4.730201986190866181e-01 1.789911375829240203e+00 -3.211407581904827113e-01 -1.596459664947384782e+00 -7.970356930489697067e-01 3.113682039063499496e-01 -3.545804678009365496e-01 1.067577139417623111e-01 7.336893244571282002e-01
5.938287230197349942e-01 -3.525613058147498702e-01 2.940522866299833879e-02 9.495126788597212375e-01 5.397628681379220694e-01 1.242185892154635152e+00 -5.564655299556826862e-02 -6.559179592050788932e-01 -6.801022485637894799e-02 -2.062540337758249076e-01 1.901717307874349450e+00 -4.555699432703596563e-01 -6.164490705993505015e-01 -4.323209770618495762e-01 -1.275018951806544121e-01 -8.756217184655666619e-02 1.578994806802979933e-01 -6.308818722629309095e-01
1.137795729350464136e+01
1.154962751403143528e+01
Linear
0.2

ct 2024-06-12 01:37:12.839053
