noname
4
4
4
16
-1.884263674513743547e+00 1.381993090898860466e+00 7.178378572624415810e+00 1.372708698871865529e+00
8.488301019205872766e-01 4.035450139587526408e-01 7.357200298392758964e-02 1.738062493500083516e-01
8.691622429710795794e-01 9.017910188340333422e-01 1.332605504306429989e+00 7.562989609293419013e-01
4.294595600233082067e-01 2.883190460527417787e-01 -2.923363991279502860e-01 -3.937732282420931124e-02
-1.776358973370608441e+00 9.854739422226377332e-01 3.786322548339988714e+00 7.375816959474452705e-01
4.504882422644150841e-01 8.090087029514602124e-01 1.432738973699055895e+00 -4.691725306552116392e-02
4.139158177655932747e-01 9.602723284881615751e-01 6.623238982651600271e-01 8.154062201418623701e-01
1.072709579424431237e+00 8.751337839798020157e-01 1.136604325248739666e+00 1.020200842210810643e+00
6.885445514924447563e-01 2.147572427143550622e-01 1.126702753766952725e+00 1.923790189892428046e-02
-5.131302250344253052e-02 -3.747265620687588727e-01 -1.458688304050670403e-01 5.211668847755236422e-01
8.653292363565203704e-01 3.105040896775387305e-01 1.294076444823724747e+00 2.449184537035997977e-01
6.735610630433402912e-01 5.820961599366055728e-01 1.157285294521756436e+00 5.570311069164886053e-01
7.427965532314521058e-01 1.002240047684919144e+00 -2.596669293633008246e-02 7.206985928203912817e-01
7.591677671140555361e-01 8.289221337778848175e-01 1.240638429952731547e+00 8.497583275452447182e-01
5.001980469943968499e-01 1.049534388502343152e+00 2.921879658281947845e-01 9.103236808416788062e-01
8.530457206390927860e-01 4.038886869218270559e-01 4.943048392502674138e-01 5.165938571710229077e-01
-1.904146889341533866e+00
5.465858603500455687e-02
8.269544515652847982e-01
-1.662025604093230191e-01
-7.877966886894983700e-01
8.776491901697354436e-02
8.290551958160642387e-01
1.216153791161105113e+00
7.441286452854010969e-02
-2.146066542973640523e+00
5.108035353344281271e-01
6.599181491927402776e-01
1.700962221962668275e-01
9.850038002003550508e-01
6.080854300164244552e-01
4.176408344381938864e-01
ReLU
0.2
16
16
-1.884445655740291992e+00 -5.360788695244069757e-01 2.852835895847222192e-01 1.801197280691344341e-02 -3.366977082234532404e-01 -3.508869661681257024e-01 6.105815116408198628e-01 1.045977739289883246e+00 -6.020741037290213704e-01 -2.157415134420480329e-01 4.065611211605370534e-01 6.029218399356374158e-01 1.413425550538337794e-01 6.390796645578739055e-01 2.792914380871395208e-01 -1.190831922910426943e-01
-2.233014648105034361e+00 -1.333545294174104737e-02 -6.229406297518292474e-02 -1.853113878971239803e-01 -1.079913611573789289e+00 2.274800036474535214e-01 -6.999633696862658794e-02 4.194973226743243244e-01 -3.350806921983934261e-01 4.359456845872145547e-01 4.275865419720105143e-01 1.843817875952664664e-01 -4.427550177464251863e-02 5.311951061697335330e-01 5.226328087813753021e-01 6.896045513160822815e-02
-8.992446072609385777e-01 -5.796309399547421304e-01 -6.505979635755442247e-01 -4.534721082979644158e-01 -1.270574722157747694e+00 -1.167989467742077681e+00 -9.169711179521192745e-01 -1.126536773185161211e+00 -3.269117472030629301e-01 1.101510434009610462e-01 -3.779937030883149807e-01 -4.051600087047140808e-01 -1.160862169072694350e+00 -4.644321736745511964e-01 -1.215077514595956254e+00 -6.847026040582707695e-01
-2.689273480545783190e+00 -1.326965329495981838e-01 1.826579664537834602e-01 -2.358401560841084654e-01 -1.171260422206126917e+00 4.550535406828268292e-01 5.075324537877283770e-01 9.095340452139668574e-01 3.707812898629501697e-01 7.571695228155950197e-01 -5.977696020018700290e-02 -1.717966477032876749e-01 3.664352179463157277e-01 7.558044569896510412e-01 2.340421766070314158e-01 -3.263037754193932050e-01
-2.168189768765900638e+00 2.666431626899410934e-01 7.797727244097223398e-01 3.179464607041078139e-01 -4.655376644248063189e-01 5.075087356723431142e-01 6.608574878652689888e-01 8.159190042140158639e-01 2.619119232679918974e-01 -7.559235350284673749e-02 3.510779815672191440e-01 3.279326807908826136e-01 2.859235808511681465e-01 5.297521737333628078e-01 3.515439760585596374e-01 7.198923631162478243e-01
-2.805635142209895072e+00 1.627547515656469976e-02 1.121075149189226794e+00 -2.579771051350691069e-01 -6.394991098801997564e-01 4.244144582241411445e-01 2.382855335007939834e-01 7.577384182431449178e-01 3.685005463329195652e-01 6.110312810915093790e-02 -6.591618030344742474e-02 6.033668039765639479e-01 2.798557318104203384e-01 1.031283856056185444e+00 7.589653078288960408e-01 9.290038358745602576e-01
-2.386543002360674848e+00 -3.282434964742581701e-02 4.599234230536069501e-01 -7.802713338326404402e-02 -7.218582863788038928e-01 3.078293438634560619e-01 4.304294374542977364e-01 7.796990397223297897e-01 -2.103349677817960561e-01 2.034200359844198433e-02 3.980365444900535454e-01 8.029149779115767327e-01 -3.205369715215035664e-01 9.793906765911343237e-01 8.193922754447535706e-01 6.694721503360637760e-01
-2.477029682787782683e+00 -3.841210617456831955e-02 1.517508611738471909e-02 -3.555444452567226854e-01 -1.203912780249770664e+00 -1.277423251638387658e-01 6.091050717967282369e-01 5.066511168461086401e-01 -4.786051658559693500e-01 5.999886600720724106e-01 1.535733549212695281e-01 3.849430234000321693e-01 -5.132497535185388537e-01 9.436260034007118991e-01 1.789838669007403904e-01 -2.851048919593974218e-01
-9.048393373098835291e-01 -6.711204489583698640e-01 -7.772674233130766330e-02 -2.472584203086008181e-01 -9.023826926845675001e-01 -7.819958306572689644e-01 -1.182385523710875186e-01 6.819860809342166708e-02 -8.564732254067930484e-01 -3.399633675213123429e-02 -3.040236460928964490e-01 5.165593190508912524e-01 -3.931834557571276534e-01 7.726480053353405042e-01 4.070635876742994576e-03 -1.914424395423863223e-01
-2.809967650454481269e+00 -2.745610501551487004e-01 6.342642922768783158e-03 -2.961705478672556624e-01 -3.427875437703714612e-01 -3.422947135977338906e-01 6.578585248652598638e-01 1.053365153489239203e+00 3.215168951040314194e-01 -9.904841047677095944e-03 6.528853178526610179e-01 3.812781002284292287e-01 3.504812947731831829e-01 5.070516285341929441e-01 4.973035929000739763e-01 -5.710657916047690019e-02
-1.859576237643901564e+00 2.986443527410027055e-01 8.367214881708959218e-02 -2.560708014666094323e-01 -7.172141430825835773e-01 3.193667606551524041e-01 3.421425361504177864e-01 6.377617523640578545e-01 -6.221727171244914589e-02 -3.511842202587785455e-01 1.870854665235089087e-01 9.566638739417959725e-01 4.791615012804325002e-01 2.083669065042663138e-01 7.921240100201506484e-01 2.411088588265069554e-01
-1.123148283794417557e+00 -1.233597155265898193e+00 -4.247297294429239201e-01 -1.075534409794687285e+00 -8.261360009605798194e-01 -8.724230916475643749e-01 -8.274163408596010294e-01 -1.105111753215800574e+00 -2.509051992779737783e-01 -4.509172155689087358e-01 -3.052636040915919780e-01 -5.812821298789763169e-01 -1.229577070934458005e+00 -2.759501936708435577e-01 -5.197239264114145163e-01 -8.994389839454128843e-01
-2.623193998530566340e+00 -5.329934325058939548e-02 5.347262038836935183e-01 1.168307187896907018e-01 -6.626622564369231139e-01 1.552083374733596172e-02 6.739743320844039653e-02 1.209836921174696350e-01 -3.188909975331983282e-01 -3.378241689073349097e-01 4.374816670373034982e-02 6.149682354049029742e-01 1.399165507204817860e-02 4.707169768034490942e-01 -6.667242786858215697e-02 2.186723552306738816e-01
-2.732703389767482172e+00 -8.079436426352167022e-02 7.079745064936243670e-01 5.066504579751510695e-01 -4.042100517846466956e-01 4.807424263591287272e-01 7.296598419854923856e-01 1.032496623418265980e+00 3.553461345101992519e-01 9.654623139223702522e-01 -6.754280779590086936e-02 -7.403119097206709021e-02 -2.589527457995348669e-01 3.930530420581156426e-01 -2.021339378604685155e-01 3.396524869161520188e-01
-2.653339590650378277e+00 1.664958267792072677e-01 7.893437009938104598e-01 2.000403217872162853e-01 -3.080197880952283418e-01 -2.784571527917689138e-01 7.890988093567604666e-01 1.249828410662199074e+00 4.194999029884333153e-01 -1.426868915171796148e-01 2.832350379051914446e-01 2.987672919326076482e-01 9.284990769261845800e-02 7.345481463520342480e-01 7.556241264489210741e-01 2.437400654727669980e-01
-2.331404994798627950e+00 7.272046559273097621e-01 2.187166425633804978e-01 4.721583524196366205e-02 -9.945687245126787479e-01 5.845300602763006115e-01 1.019273993121957878e+00 9.974178349709601488e-01 -3.290722556017126599e-01 -2.015053704872396823e-01 1.546933259417982744e-02 1.238715779403196521e-01 2.977250585604581667e-01 2.857623796972141306e-01 2.497029327119048847e-01 1.495886839388509415e-01
1.000444126883387908e+00
1.142070011283157216e+00
-5.549051657492426459e-01
1.173879942383286190e+00
1.605633532623351512e+00
1.671595407606934591e+00
9.755049096204932990e-01
1.036300520054628693e+00
5.633588550084975832e-01
1.361108427540450361e+00
7.339782996826920147e-01
-2.916235468281884735e-01
8.071500157952031795e-01
1.633082107976526753e+00
1.397185613125768944e+00
1.380908593085615310e+00
ReLU
0.2
16
2
2.905369926254457447e-01 4.144943390102620029e-01 3.728992880863439274e-01 8.734330952242137514e-01 7.159667652830009610e-01 7.421626388879021263e-01 8.899321934024577718e-01 5.956321931289224603e-01 4.444896962561172699e-02 6.003009966961267985e-01 5.024910043669005288e-01 4.049127389237411334e-02 7.727612549226156036e-01 1.022796305718581822e+00 7.750374427635503549e-01 9.258300042768980997e-01
7.064838188223607762e-01 4.997505510844400534e-01 1.723707823740365519e-02 3.216836692119102725e-01 8.804942481517470387e-01 1.140562839382814220e+00 4.913569692377002252e-01 4.364123291274170091e-01 3.097422813677483955e-01 7.172814753760311524e-01 5.521026632972149129e-01 1.672010353323681864e-01 2.197056268913562815e-01 3.085191440262620155e-01 1.062350868862555586e+00 6.196700289516793303e-01
1.900371585655914242e+00
2.200968018509061430e+00
Linear
0.2

ct 2024-06-03 20:34:54.860895
