noname
4
4
4
10
4.739653493143078933e+00 2.359784119267128943e+00 5.036467502197391477e-01 3.039300436906804848e+00
-2.052582150739712841e+00 9.624764406677182027e-01 2.356146981794673412e+00 4.136636573566013220e-01
1.949150439379918387e+00 3.965314194870131814e+00 1.713627442597914552e+00 1.438513899334952217e+00
-2.313239001358703195e+00 2.066971042964698579e+00 2.314099378271017216e+01 2.192172282598074506e+00
1.672957430208430019e+00 3.971509382858353643e-01 -1.450565207497025166e-01 1.679103068259046594e-01
-8.826386631513059022e-01 6.858860916615214798e-01 5.148996746280298797e-01 3.256572472048526179e-01
-8.347795746595992883e-01 1.529382001591433449e+00 4.475547135349771999e+00 9.554720085823518172e-01
1.030306150620142303e+00 3.627161326624614102e+00 5.618425254734782825e+00 2.737606229193700003e+00
6.614046829782043169e-01 1.997989324907995246e-01 -4.498329958059005484e+00 4.132692194773516237e-01
-6.332016766633883353e-01 3.488028323950964182e+00 7.626727809869399799e+00 -4.061391826094141733e-01
4.694148579886667783e-01
-1.179365004370689363e+00
6.615145174846238652e-01
-5.149913471695117373e+00
-1.720679221454529895e+00
-6.119631160079995746e-01
-3.124851365385952207e+00
2.594726461775082704e+00
-1.297270812879306678e+00
-5.390015008972252275e+00
ReLU
0.2
10
10
1.014109604815775167e+00 2.495654450650557354e-01 1.097333494547128696e+00 -5.919804091290184367e+00 -6.726984592804769771e-03 6.784355536667896480e-03 5.346476398865371849e-01 1.242160310465927564e+00 2.256184386164988842e-01 -3.213955998596001451e-01
-7.855548940910443978e-01 4.402822133101139124e-01 -6.327594968152243649e-01 -3.599650483983264371e-01 -4.772781059681340809e-01 -4.902106281244835717e-01 5.476147470192009870e-01 -4.212031542928986738e-01 1.954872866004198906e-01 -2.010968589290026420e-01
-7.934957557055541955e-01 -1.325376249457428934e-01 1.634633494210504037e-02 -2.776025461147094142e-01 -9.186047818357695460e-01 -7.240033928491274029e-01 -5.273726061021146716e-01 -4.488277248482726023e-01 -4.740946857370195167e-01 -6.984619980852854182e-01
-6.634061989038821938e-01 -6.621023341738699886e-01 -5.433176113296636078e-01 -1.363153611745295535e-01 -8.841941592844552167e-01 -6.785118275924951758e-01 -4.211088468891979186e-01 -4.944868975254151922e-01 -1.225771691437891775e+00 -7.958959277688905098e-01
7.218443841669563987e-02 4.104768674506796729e-03 7.682178470116990399e-01 -3.433758493250281263e-01 -2.753193157360196430e-01 9.493909076829583349e-02 -7.203300524992924947e-01 -1.602383245478701701e+00 -1.229521323622821738e+00 2.011527377362825053e-01
5.786594833938245586e-01 6.667257970916545817e-01 2.603502156747238838e-01 -1.545242606986922063e+00 -7.184829018537330914e-01 -4.596522407102070495e-01 -6.984854052287671200e-01 -4.647125132566565675e+00 -7.150858661304050345e-01 -8.663180928522062896e-01
-5.986553962329446144e-01 -2.817664592683448710e-01 -1.160890879403250336e-01 -3.227011453393676121e-01 -5.932741890309531918e-01 -7.399315559093403438e-01 -7.021887703723630469e-01 -5.621262522453427390e-01 -1.189220551429196249e+00 -1.191416743934947231e+00
4.852417882082711853e-01 1.784761207459436561e-01 -2.762067973149829325e-01 -2.053346311424867066e-01 -8.405017719763614448e-01 2.524333254928871617e-01 -8.403018982899244094e-01 -1.070262410821261501e+00 -8.330929173143803990e-01 -1.508431926378764887e-01
-3.856233232803956135e-01 1.580598382667564583e-01 -5.891551785533153535e-02 2.554159648681224581e+00 -5.715764263083131791e-01 4.434395720059289281e-01 -4.213258043394539354e-01 -5.101247734071868711e-01 -3.605072603608776571e-01 -7.928481880023657835e-01
-1.107936012368137213e+00 -1.192538644719370877e+00 -7.665397798376991645e-01 -8.150325264683745408e-01 -9.989399728063081962e-01 -9.591780390453311655e-01 -8.000247213653353118e-01 -1.094195390390241052e+00 -9.316252680234299310e-01 -1.188503838569451077e+00
2.302973324175240588e+00
8.915615827958984774e-01
-2.410204398800180337e-01
-2.546955044572450366e-01
7.127049346779433803e-01
1.100591478633419218e+00
-2.324493453289441236e-01
2.025390627873462801e+00
-1.546023582571633970e-01
-1.180636717124214918e+00
ReLU
0.2
10
2
1.656735596408922095e+00 -5.211870248349013135e-01 1.032396539187412365e+00 4.504174338722306548e-01 -4.955015461679640465e-01 -6.401825408078620772e-01 3.248972468118823120e-01 -8.043306994871944893e-01 8.329136771578475873e-01 -4.636412783196043885e-01
1.542037829658517767e+00 -1.903056290255339400e-01 2.731716344676780595e-01 8.639805891275282868e-01 -5.242034192435748308e-01 -1.393305840401410034e+00 9.075539453531430434e-01 -4.022403866140186190e-01 2.634970337949867347e-01 1.416615317205003333e+00
7.687332375742078838e+00
7.015250988332185855e+00
Linear
0.2

ct 2024-06-12 17:16:28.429385
