noname
4
4
4
5
-4.365189193113949706e+00 1.927795498280715059e+00 6.857773736970914413e+00 5.887862753856253073e-02
1.222469948939829409e-01 1.348621014275277030e+00 1.279425252631390109e+01 1.196874360276981353e+00
5.602718726411231032e+00 1.685164356351438020e+00 -4.617870799998383013e+00 2.178144988172023400e+00
-1.688519602770029993e-01 1.599216207950579394e+00 2.866463423080015005e+00 5.573770706010817699e-01
-1.733324936046902964e+00 4.658819992184442427e+00 1.103072862820877198e+01 2.022821702398236443e+00
-4.490028343734988603e+00
3.250926618118432643e+00
8.307259050092659081e-01
-2.742598506961414273e+00
-1.927164671498819537e+00
ReLU
0.1
5
4
-1.211471180642154533e+00 4.161308486452194866e-01 5.202273422906722455e-01 2.840190231085478259e-02 1.023458925943316888e+00
-1.672617761799302105e+00 -1.234002567837633846e+00 9.385723845364393747e-02 -1.369198608254848237e-01 -6.313054280407837116e-02
-2.217127488117170309e+00 -1.926327451445661643e+00 4.825960994242060043e-01 5.364505498494402946e-01 -2.251688313845609191e+00
-2.015439777870569493e+00 -2.208008592894626254e+00 -5.026954941427178580e-01 2.346140886356935518e-01 9.732803495299214847e-01
-9.388154065933209669e-01
-1.882866595340070004e-01
-1.053864177355276821e+00
2.175416740210733835e+00
ReLU
0.1
4
2
5.207906803404432905e-01 1.504151618330534512e-01 -6.042018965897283378e-02 -1.058102307901980454e+00
4.820577779556040610e-01 1.036719877125086148e-01 -9.733899206795625370e-01 -1.158635773312557626e+00
4.160181144078723747e+00
4.251502859763864883e+00
Linear
0.1

ct 2024-06-16 21:36:00.757345
