noname
4
4
4
4
-3.007862489537579620e+00 1.439499967525284863e+00 3.556686759328658098e+01 2.514403231475507372e+00
2.087275277015753439e+00 -1.436441946117376633e-01 5.103097883021854742e+00 1.869437587175658000e-01
-2.399539142775854561e+00 8.699955586248650508e-02 2.322017156485129874e+01 1.236444329895901584e+00
-1.079149025319422250e+00 1.310820914012388538e+00 2.084211529089699155e+01 1.619989922696477125e+00
-7.964949744525583242e+00
5.687691418334219623e-02
3.972543974301009140e+00
5.684721376744179544e+00
ReLU
0.2
4
4
-3.219812185075269895e+00 -1.298747445329732075e-01 -1.505065253790016433e+00 1.930052759942608054e+00
-1.345638097999879434e+00 -2.791194922255809119e-01 -4.466232422054918771e+00 1.306642145197754457e-01
-3.953497178421558345e-01 -5.193740917747606822e-01 -3.137033471717284860e-01 -1.848155340674630664e-01
-1.388837175943379521e+00 5.737540802641338811e-02 -1.470338639864883223e+00 -1.559207032316977937e-01
-7.708873523480133660e-02
-5.546623042187273089e-01
-2.702976385656534197e-01
-1.731066209689910151e-01
ReLU
0.2
4
2
7.184692839272461828e-01 -2.475194218513329311e-02 -1.366214791262564399e-01 9.484042360022747198e-02
9.501799736843181687e-01 5.975954591887699258e-02 -7.048661249817468333e-01 -9.876331525961594415e-02
2.204994524215413865e+00
1.679912979819421004e+00
Linear
0.2

ct 2024-06-11 21:59:52.774163
