noname
4
4
4
4
-1.817475294433904320e+00 1.269262862302762862e+00 2.360190123109832783e+01 1.781506006669646425e+00
1.937630268124341248e-01 8.004971248789165550e-01 1.026187482555054942e+01 7.427106409417167932e-01
-1.796752305668093186e+00 4.908000442647171280e-01 1.874542545294644214e+01 1.626599917278538587e+00
-7.464738591283340829e-01 1.330954219787545911e+00 1.428721758864102398e+01 1.470204931990315211e+00
-5.276183539668086731e+00
2.476956531082877166e+00
3.536315408842996000e+00
4.007467501652378417e+00
ReLU
0.2
4
4
-4.642495560227451357e+00 9.210338585972753789e-01 -1.771844425437174797e+00 2.022330295381421728e+00
-1.345638097999879434e+00 -1.980876107846954726e-01 -4.466232252939977165e+00 3.306579135598283758e-01
-3.953497178421558345e-01 -5.193740917747606822e-01 -3.137033471717284860e-01 -1.848155340674630664e-01
-1.388837175943379521e+00 1.243439161200704662e-01 -1.470338585794753072e+00 -1.323840156129697798e-01
-6.205413078906503455e-02
-4.909400313406934169e-01
-2.702976385656534197e-01
-1.417114049074590376e-01
ReLU
0.2
4
2
7.178612385856368849e-01 -1.679285582104412741e-02 -1.366214791262564399e-01 9.794339084713581112e-02
8.850933014846137370e-01 7.027497644544311584e-02 -7.048661249817468333e-01 -9.996366523854098574e-02
2.575780041356376948e+00
2.826735187954003248e+00
Linear
0.2

ct 2024-06-11 21:58:24.708783
