noname
4
4
4
8
4.728393375227304268e-02 3.515188245450349691e-01 -1.559303887447787584e+00 5.234809004326170800e-01
6.238319658860798089e-01 -1.126780425354609576e-03 -1.249431501683603507e+00 5.016897557568380378e-02
-3.139117092146532784e-01 7.369394172743517490e-01 -7.100314551205857860e+00 1.219165608345093688e+00
1.468453503993540021e+00 -1.066209485233688081e+00 -1.530686006057367976e+01 -2.998619063951402097e-01
-3.079968324034744409e+00 2.161633323653319838e+00 5.966956746391119282e+00 1.605164212321082307e+00
-3.809736094707307785e-01 7.320089011069040863e-01 -2.724428482313149047e+00 2.384667888658412449e-01
2.060016598948428257e+00 3.320722315701587490e+00 3.553912293637116360e+00 4.053160333554359340e+00
-7.819925872272621703e-01 1.132582801184071286e+00 3.483265100506097411e+01 2.297106143683574242e+00
-5.816531941047482501e-01
-2.065977270452569403e+00
-1.575087096434297784e+00
-4.636017456804458092e+00
-2.151316388503607957e+00
-1.753271782530290590e+00
3.198096634940409189e+00
-6.661786216859303167e+00
ReLU
0.2
8
8
-6.456009927331946008e-01 -1.475255639870123758e+00 -7.536904498728225210e-01 -1.065326443072156071e+00 -1.363515842634210884e+00 -1.749207389273160773e+00 -1.217651686670090383e+00 -1.455110662712511660e+00
2.164224377503539132e-01 -1.103294122108026354e+00 -2.867569565741632798e-01 7.542965323944559111e-03 -4.017782692223589303e-01 -3.547889352635872906e-01 -2.175111032651181817e-02 -4.766336042691482255e+00
7.310261242091813383e-01 2.161397819466866210e-01 -3.692104786425760565e-01 -1.683599690585851905e-02 -1.899230103843406736e+00 1.425631612865043384e-02 -1.488306919963557018e+00 -4.692684135636390197e-01
-2.147376677006366252e-01 -9.587410764872121849e-01 1.272524480467318586e+00 9.497765363644099235e-02 -1.892731822548243237e+00 4.203388911634358682e-01 -5.921842987098291822e+00 -1.380741954403328142e+00
-7.112254103451866316e-02 -6.411218172989399111e-01 -6.050599812515059517e-01 -2.373932463809257654e-01 -3.876820873946934531e-01 -6.053646773673426740e-01 -4.058223038593788967e-01 -9.843024344236281920e-01
-2.116393858168981457e-01 -1.034976662811775583e+00 -7.091645364868569557e-01 -6.131137023571742173e-01 -5.519648847039700712e+00 -2.422062436007899611e-01 -5.699821892112722388e+00 -1.108311166412712545e+00
-2.995916887428431985e-01 -2.280258325609900161e-01 1.988852549735364850e-01 -1.840900943931393363e-01 2.919401937085405394e-02 -2.618875449757263052e-01 -2.106961138137788403e-01 -2.704947697684433994e+00
-4.068506432935234951e-01 -2.109989871436967201e-01 -1.779374696349068363e-01 -1.457363489794830658e+00 -1.975120675141076865e-01 -5.064749907114364236e-01 1.671173404486645309e+00 -4.277573499498084075e+00
-4.754611606619687514e-01
-5.319687616288045762e-01
-1.028780371212612982e-01
7.090128677946075930e-01
-2.134321108461265937e-01
-2.359245176431048197e-01
-2.325499556341764362e-01
5.610047117320664523e-01
ReLU
0.2
8
2
-5.409769445564485690e-02 2.501277589567840742e-01 -1.754816804446363288e-01 -1.189828416757396257e+00 -3.007236269102970400e-02 -8.350804800518301096e-01 2.743585827472186725e-02 1.601752582135735015e+00
7.279560345220361661e-01 7.385923133446678501e-02 -2.338310510375530837e-01 -3.598080591457386013e-01 5.258286587715711446e-01 -4.679834164889226655e-01 4.574235724227254662e-02 1.521256127838195527e+00
5.045473756682771871e+00
4.322599639777167546e+00
Linear
0.2

ct 2024-06-12 14:52:15.284431
