noname
4
4
4
8
2.297480493902346765e+00 3.694124429970284673e+00 6.867641636357508794e+00 1.510792864302338723e+00
3.769608842260743220e+00 3.039938166267446285e+00 1.178809745652248608e+01 2.654831846774701187e+00
2.939176516175963094e+00 7.955320757540311760e-01 -1.567762533426583449e+00 -1.087023117551700002e+00
1.513420551551529103e+00 6.661191992105103266e-02 7.370419217541910761e+00 1.407961450167385387e+00
9.503965807779543029e-01 5.288109788354340424e-01 3.300519301548001749e+01 3.338747515638377905e+00
1.017191187394668850e+00 5.992396325586701877e-01 -2.622052569160247515e+01 -1.452941628724721657e+00
4.983690151101266563e-01 9.095739067856502269e-02 -5.766070720731822918e-01 3.832756125745666043e-01
-3.781893188916598536e-01 2.469828552667304444e-01 -8.523910064486579785e-02 1.572498003679614897e-01
-1.508049306502032616e+00
3.312194321612921932e+00
-7.461814677361129355e+00
-6.491586327006498180e+00
-4.698699899903982846e+00
-4.626104075420816919e+00
-2.774948941744817432e+00
-3.596545113037862840e-01
ReLU
0.1
8
8
-2.296624353530285045e+00 -3.678021516768795962e+00 -1.113266661540283975e+00 -6.292152767475403863e+00 -2.675047993439719995e+00 -5.592959722293712188e-01 -2.895322334716173285e-01 -1.446827885848634976e-01
-2.079915642247736507e+00 -6.515939149186548818e+00 -8.707750867055131794e-01 -2.448888284609143540e+00 -1.436273284927843230e+00 -2.080520982997470014e+00 -1.053628750365695588e+00 -2.717514765885728489e-01
2.895911163471018845e-01 -1.874670143837133818e+00 -1.144890722435622926e-01 -4.641976178353728777e+00 -2.721923215709426636e+00 -6.825403237386880040e-01 -1.036322511693869020e+00 -1.617197665422234476e-01
-3.344378915341339464e-01 -7.640019506289579265e-01 -4.740168163581445770e-01 -5.766357528187093795e-01 -3.943696378538604774e-01 -3.778876983716217830e-01 4.408122377284071636e-01 5.177988660904059293e-01
-8.273424857177059666e-01 -5.875583196937207431e-01 -7.210124004198995573e-01 -1.519987745728337725e+00 -3.601039379601855828e-01 -5.736540395910580958e-01 -1.074543032971950196e-01 -3.573788194553301906e-02
3.593259652426197825e-01 5.690865480849131020e-01 -1.556702538982175588e+00 1.290879361855711949e+00 -1.580155332324079787e+00 -1.892234540944230048e+00 7.282866842962825160e-01 6.220458096579054019e-02
-5.257508707993739927e-01 3.643583858122608626e-02 2.682455172932965981e-01 6.609972344355382612e-01 -6.718675365766324514e-01 5.061327341923792938e-02 -2.191159885678015395e-01 -1.820551542843419357e-01
-2.424850327927748683e+00 -1.433608726923836674e+00 4.609118588244910386e-01 -5.298499585222546937e-01 -3.732798175750518865e+00 -1.187028824430592877e+00 -1.522730722327811925e-01 -1.699323466666688709e-01
-4.380311737674752237e+00
-6.083404570112821652e+00
3.180158759785475020e+00
-4.799934831122266155e-01
-6.469587935670677581e-01
4.480472166970970171e+00
-4.044095113360739457e-01
-2.188443388844338422e+00
ReLU
0.1
8
2
8.605596565495911010e-01 -6.627865202943115097e-01 1.488140399081553655e-01 -2.749515589505062696e-01 5.633497968682338319e-01 1.332285553409342516e+00 9.166708127648176552e-02 1.086653531129884442e-02
3.180605034234449957e-01 1.110300326303244933e+00 -6.841684047292165838e-01 -3.233919662825079921e-01 4.040377328742965068e-01 1.274473214115375841e+00 5.354684174529939639e-02 -3.827218234444164646e-01
1.737742244383711387e+00
2.065229356363578184e+00
Linear
0.1

ct 2024-06-16 13:26:43.927445
