noname
4
4
4
12
1.145993179401725959e+00 4.992861684076562168e-01 -2.035326903055204029e-02 6.521526674255387901e-01
4.656749739437694435e-01 1.948729796583317797e-01 8.798755564564220144e-01 2.671586955039626510e-01
1.670610236750293964e-01 1.764672804447459664e-01 8.514028253462806450e-01 -8.838416837750882882e-02
-6.305654242876893023e-02 1.454941967579151674e-01 6.928083139160603476e-01 2.418121117393503272e-01
6.684598023409765721e-01 4.551447598794001181e-01 4.248732133023390700e-01 6.411858676222180753e-01
4.683846265539743925e-01 4.245449680819374794e-01 5.562429143223095451e-01 4.178879528115679309e-01
6.142347728104451815e-02 3.707176598661572897e-01 7.476057465290315562e-01 3.066129511730485424e-01
6.501104748617049234e-01 7.077564203242950880e-01 9.476773095508506106e-01 1.404805419320249715e-01
5.951176623048151995e-04 7.251893806142061250e-01 7.823808250213888371e-01 4.450503865772776901e-01
4.927713446795009000e-01 9.332651670148460754e-01 5.445020770416889588e-01 4.973371476963890925e-01
6.986410413363718375e-01 5.901449677216553669e-01 -3.151574668751386255e-01 7.054885647171550422e-01
8.858813618006737833e-01 6.637785787400879434e-01 1.463122246030555407e-01 4.203991356522288614e-01
3.454627302982631876e-01
6.750681451773155040e-02
6.055241299329521265e-01
7.001821115083170510e-02
6.102953150579293329e-01
6.007287346378200610e-01
5.820360838015335991e-01
8.127758045045573310e-01
1.103836495906442283e-01
-1.406201488805003674e-01
-1.070289556713881762e-01
8.494607528898473481e-01
ReLU
0.1
12
12
4.987229736159012883e-01 6.142753838907206720e-01 2.351767599135388132e-01 3.074810279107370037e-01 7.239742480789751466e-01 7.498132041327653097e-01 -6.954969022077082952e-02 2.384226482294235505e-01 4.155232976284113922e-01 6.230668188774761695e-01 4.711372525065424810e-01 7.275036504915618485e-01
6.122742860817323995e-01 7.740269952526335206e-01 6.757861551412621681e-01 4.094798919986604169e-01 6.874291622934909363e-01 7.732023466498432196e-01 9.494418511673047290e-01 7.058692199569045478e-01 5.555722724978239269e-01 -2.571450502673160443e-01 -1.363685408877745864e-01 9.874793554248443295e-01
-8.135858320823251277e-02 4.308018997398458394e-01 1.014990333883563745e+00 4.647072634383542789e-01 2.622473979410987477e-01 1.456249069953312603e-01 3.320921489922119552e-01 1.717004493457481573e-01 6.450353046636011500e-01 -1.486201673710086379e-01 -1.716909438771932472e-01 3.226542312096143394e-01
6.360492724963717759e-01 4.070689647938180444e-01 7.575061351848213498e-01 -3.622071644332913731e-02 2.804649364956187663e-01 -4.779304380005198333e-02 2.216673656010125781e-01 7.766149344232681218e-01 6.487005138694356132e-01 -2.396280253940207688e-02 -2.979486567392241603e-01 7.690827235294670494e-01
8.876604569215776896e-01 8.343815289073737429e-02 6.932818998697041213e-01 2.024923733709776685e-01 5.749061022678010335e-01 2.759286837362117106e-01 8.617734613222730600e-01 2.848769614555901053e-01 3.145967359477295777e-01 5.276061017594806390e-01 6.031709988739939465e-01 2.903669569787696303e-01
4.685497226269371152e-01 5.351179484007695386e-01 7.282454097551820382e-01 -1.158003851362021247e-01 9.149132251495178947e-01 1.584572227613437190e-01 7.313932089727734898e-01 2.038202012793217943e-01 6.221252078157373244e-01 2.989877163214076927e-01 4.540880021801072530e-01 4.544490875530700358e-02
1.635720376467078574e-01 4.725544165884472403e-02 3.858199158666304474e-01 3.719405452111025911e-01 7.738724461560521073e-01 1.497376038878049098e-01 4.368742398529072424e-01 4.055144446751756115e-01 1.482810316169440035e-01 6.188767255691082214e-01 3.010024829157640358e-01 1.529054641729027941e-01
8.244011899159676693e-01 4.511132966955712364e-02 2.708694319626209768e-01 4.022239875695571842e-01 8.339734970049660356e-01 6.730013161154946300e-02 6.042587667718679612e-01 2.602954986540604865e-01 4.059798412914198962e-01 6.522350992895444843e-01 -7.966174475905064833e-02 8.902844502579091435e-01
6.283719201774959906e-01 -6.003249095122588364e-02 3.170665646196828003e-01 3.080023492229676529e-01 2.235606422207854771e-01 2.475117253863327593e-01 8.987425091987730763e-01 8.634019823499025081e-01 -2.700491796964899494e-01 5.625490687744472140e-01 1.520929725397210386e-01 9.436373585016041288e-01
5.812374467581135074e-01 2.910962000061242255e-02 6.695718867557264309e-01 7.513110951024662976e-01 9.169104050114195159e-01 5.675488263461134775e-01 7.070452147597975356e-01 1.986667053672960120e-02 7.354746866565026187e-01 5.459674708781206975e-01 6.693188245997278019e-01 4.849746021027325216e-01
5.103085496438483082e-01 9.342855136596547871e-02 6.233624984643494349e-01 2.556565830050463450e-01 2.110911194213637918e-02 6.223579935975859234e-01 7.443998295166853740e-01 3.014774692718880655e-01 5.428050818699616809e-01 -2.400877115453373956e-01 2.820769591561581024e-01 9.013265528624091472e-01
6.382390103982872598e-02 8.141390831764520053e-01 6.211897899739402540e-01 8.892974812897371795e-01 3.517715126118702851e-01 6.668695224151609535e-01 5.557847299690452658e-01 3.310461686050466534e-01 7.722113637981420364e-01 6.516813891848562967e-01 3.858308426771596134e-01 3.668912890967027662e-01
4.930163267806295102e-01
7.837258737875196779e-01
9.705971511338364888e-01
2.392340947996920431e-01
2.306332173465391044e-01
3.834139472359779921e-01
5.996709191206488487e-01
5.486782757023648399e-02
2.795254188685117880e-01
5.043754541344082076e-01
8.605990369913282256e-01
8.732614669272757701e-02
ReLU
0.1
12
2
4.464956604739658275e-01 1.076160784468437548e+00 5.831977848847310630e-01 4.177250634332505541e-01 3.413544175843419848e-01 7.124086964660925059e-01 7.399239227230586247e-01 8.236314285297765547e-01 8.033210228832219357e-01 9.921901418354763802e-01 9.735766717929463798e-01 2.974563488160135716e-01
3.354856586158627141e-01 3.728638960871200059e-01 8.522186413725445497e-01 3.903517468805946522e-01 8.646836544240663613e-01 5.341692613518668198e-01 2.917568882000300401e-01 1.051870888153182859e+00 1.727932551709572828e-01 2.473088463778993495e-01 9.176752332963714620e-01 8.595418396701285380e-01
3.566163829409692565e-01
1.113260107510083641e+00
Linear
0.1

ct 2024-06-06 13:45:27.709641
