noname
4
4
4
10
-5.489516774349335604e-01 7.242454095890920041e-01 5.580805104576158637e-01 4.622661606533970402e-01
6.972379171910799700e-01 -2.984228465504209504e-01 -2.350425493940751398e+00 1.632148288551251991e-01
9.748937641126803610e-01 1.739754780969354320e+00 4.037953758719102559e+00 1.244846093700515910e+00
-2.050226280615584873e+00 1.130351822801411110e+00 6.771946964756179632e+00 8.987330201576915201e-01
-7.271452067109772655e-01 6.256052449650417735e-01 3.595053474692115447e+00 2.172512649736809964e-01
4.355421233204936904e+00 4.035531577520043989e+00 4.693371890890181142e+00 1.308371747740526780e+00
5.398859049951570732e+00 8.169535569166327393e-01 -3.682508442911629931e+00 2.122054918313231564e+00
4.064252224017337767e+00 4.554261440505298353e+00 7.032349373018858429e+00 2.796819046005992071e+00
-2.990938183009087314e+00 1.600677512255405777e+00 8.714910942936713312e+00 6.136768869743565169e-01
-2.721767550002984315e+00 2.964295654785849443e+00 8.542543389169043877e+00 5.360214045779071457e-01
-1.068527993100666595e+00
-1.044592983239045259e+00
-1.773166936168638852e+00
-3.246045471932366144e+00
-1.270667304403781062e+00
1.413451827659523499e-02
1.987414624938973334e-02
1.980725976993124915e+00
-3.761355393502562094e+00
-5.005846771622843860e+00
ReLU
0.2
10
10
3.768474358111343486e-02 -2.997492671211425819e-01 5.064449141473604810e-01 -1.489957769912348517e+00 3.972023375346898089e-01 9.884609746205822445e-01 4.734440574521385225e-01 1.002236130334674513e+00 -1.395719587081453605e+00 -8.729961870598834661e-01
-5.612752432637510003e-01 -6.512712643365355936e-01 -1.275540300283913409e+00 -1.090595694235385160e+00 -1.009829384436519373e+00 -1.059336239739877783e+00 -1.103108841948180485e+00 -8.324886427246218634e-01 -1.009323366864491867e+00 -1.100501195564080215e+00
1.339347519934821207e-01 -5.848126166886585819e-01 -7.375286662563351747e-01 2.112846987646750663e-01 -7.014896263492259587e-01 -4.576797020625615331e-01 -3.825265428321886901e-02 -5.226489891830303769e-01 -1.220552651313346199e-01 -6.172411433456366225e-01
-6.016622148824449789e-01 -5.524262435985194397e-01 -3.688513932850127075e-01 4.162615762224865512e-01 -1.339559814164696938e-01 -7.888130891022483437e-01 -9.936168307716309878e-01 -1.380092233122965084e-01 -4.974473345605285313e-01 -2.394743562208541676e-01
-3.144258974695212094e-01 -5.797833846042717010e-01 -1.021797143986216572e+00 -3.403930477235355134e-01 -2.040786758056432060e-01 -5.412268100039848706e-01 -3.999154523912553105e-01 -3.192642604231917848e-03 -9.140387445136431699e-02 -7.570679273808749166e-01
-9.630443315133079274e-01 -9.701530316061893755e-01 -9.652480724568254233e-01 -5.868696923687599654e-01 -1.536285201770338782e+00 -1.515844280058226801e+00 -6.083732714949671161e-01 -4.816827647799902801e-01 -1.376622577672328429e+00 -1.395028790906588601e+00
3.512906436015095224e-01 -9.033001195740163469e-01 -3.518952937052188812e-01 1.774797793528000087e-02 5.806232704013140067e-01 -1.021094418915738045e+00 5.262781845528861080e-01 -1.086574079968970263e+00 -1.112869626068368145e+00 -3.029092026957219685e-01
-5.934699004728563043e-01 -6.339911722349770296e-01 -2.588088449896505328e+00 -1.810179745937886553e+00 -7.591447802469710737e-01 4.118853349681709797e-01 -6.213032206584782058e-01 -4.217522331547249870e+00 -1.448389965375864508e+00 -1.899287747438030083e+00
-2.804332972974485014e-02 -3.597111812150007859e-01 -1.416856307905852430e-01 -6.330136815735706857e-02 3.650116137863719246e-01 -8.724857652674557207e-02 -3.493393961766271261e-01 2.652605669343691130e-02 -3.692015992654982259e-01 -4.417379314966176640e-01
-9.147495121096543835e-02 1.496069827754268611e-01 -7.908012997759132912e-01 -1.399401372974674373e+00 1.749063188201181729e-01 -1.169585847227431197e+00 6.303619502276810449e-01 8.103839255087628979e-02 -1.632133668856690534e+00 -1.641778854177684099e+00
1.476429651068699389e+00
-1.752039108120400646e-01
5.541052701423533344e-01
-9.515636153804286207e-03
-1.238560949118873988e-01
-1.789779235867814122e-01
-2.990626417640051549e-01
1.888257350868555173e+00
-1.543296623138400436e-01
1.537125193858566163e-01
ReLU
0.2
10
2
9.350062303086555948e-01 -3.468172681762545784e-01 -2.594110533089558635e-01 1.538029357014139287e-01 2.530561423536649701e-01 2.283729350841509909e-01 3.750454729039612856e-01 -8.914123436279464130e-01 3.405167929712162728e-02 2.440985671155394277e-01
1.222154693706128947e+00 4.500694753494002276e-01 -2.740776921820182177e-01 -8.843225637890352042e-02 -1.769979254470876173e-01 7.021753766738700886e-01 7.645437217769478211e-02 -1.363195192323399363e+00 -4.842837540104310244e-03 -2.902644711124771626e-01
8.698360180506091055e+00
1.062454423226971656e+01
Linear
0.2

ct 2024-06-12 14:54:27.151049
