noname
4
4
4
3
1.181447561491750120e+00 4.015946024446420681e-01 4.115916192597681711e-01 4.613269590342786164e-01
2.622435918186930559e-01 1.087045249441677686e-01 4.632721809521894718e-01 3.237255316187530041e-01
1.296188531668833965e+00 2.455147804052112137e-01 4.289804017868635855e-01 2.804775479825863949e-01
3.475861183243686425e-01
4.983360285779969145e-01
1.918353715893830469e-01
ReLU
0.1
3
3
1.754977525096742541e-01 3.274782344888316765e-01 -6.757975450157795855e-03
2.110914030533301844e-01 3.469192397282838125e-01 2.103489564767151432e-01
1.480571899502520217e-01 -8.719186141099211085e-02 1.372111836699194953e-01
4.316441786489014394e-03
3.968580725898052664e-01
-1.451428148321063510e-02
ReLU
0.1
3
2
3.029070274795805928e-01 6.013456960717750155e-01 6.132725547269118199e-02
3.577309422003051576e-01 5.573056745793388833e-01 6.772052164129349627e-02
9.683181351885163934e-01
1.142425470381000618e+00
Linear
0.1

ct 2024-06-16 23:15:02.666319
