noname
4
4
4
8
1.019437467344818993e+00 6.196425913546707021e-01 4.737415901647187844e-01 7.272737879516500970e-01
1.033527727319394351e+00 6.572732461126464809e-01 4.707930745258651073e-01 4.789781759436110842e-01
2.350177376369852744e-01 9.719532267551570515e-01 6.483365021734383005e-01 5.034892012179381648e-01
3.310101395900933996e-01 3.197612070368990866e-01 6.798539351982253454e-01 -5.621414823163135670e-03
5.080542722816519530e-02 8.303735414179584939e-01 7.902605013348109608e-01 4.354868930284775397e-01
5.527361227084333084e-01 5.722156407892293739e-01 7.060058634422683443e-01 7.914370016025434884e-01
8.314202591081394367e-01 7.921080750761263500e-01 9.115250294022236854e-01 2.887548182078540360e-01
3.070517321423135715e-01 7.829573120893986715e-01 5.251023090108433156e-01 1.521634985827590436e-01
7.632259745318343835e-01
2.705049563954824432e-01
-1.563501949623460341e-01
3.274843622051813452e-01
5.267665858107762888e-01
9.774024968388836943e-01
8.350742694852161252e-01
8.980410509732983382e-01
ReLU
0.1
8
8
1.927700392141983576e-01 7.270518669295914505e-01 -2.388616613067080507e-01 -3.827667755843582043e-02 9.262819178897147010e-01 7.750357286616835761e-01 1.318779036845625363e-01 9.722673393596761304e-01
8.557089948663424428e-01 -2.727924545991256174e-03 2.096879172618501819e-01 -8.202148228380859440e-02 1.265822946025851881e-01 1.101547779599173632e-01 1.009982815375368714e-01 6.712907386632888107e-01
6.099353828675455613e-01 5.849796925781001189e-01 -1.969438708631180909e-02 7.152901345621740514e-01 4.707398533254529838e-01 4.769575093756454054e-01 5.731372563735039893e-01 8.055749913723481148e-01
6.898077319703873611e-01 -1.288189263655658071e-02 6.309075675091641022e-02 7.292725594452189597e-01 -2.686702334623282742e-02 9.960021679466729561e-01 4.334075333983111178e-01 2.501510625820873579e-01
8.003495747170554786e-01 -1.366228131412091651e-01 -3.669363419466174780e-02 3.292491908588902061e-01 5.569390399776920075e-01 4.417659917389621382e-01 9.105818379550046915e-01 8.417959749953018989e-01
1.387259688340701513e-01 -3.384730424829067719e-01 -7.050935676087334292e-01 2.976233613968670144e-01 3.410032243819875741e-02 -3.208010009354003156e-01 -4.396433221046838757e-01 3.433600203223083347e-01
2.721663468086353913e-02 3.551275662667692234e-01 5.882797607169619747e-01 1.289240491770884678e-01 2.587378689425869904e-01 5.373706095382240200e-01 -1.235721354785139919e-01 5.883831872355119730e-01
5.269680501565697783e-01 5.527756350515029560e-01 -1.302715501922770414e-01 1.291701115284313028e-01 7.116445001196100018e-01 4.863145632328613743e-01 2.798565750772021854e-01 5.380564689372473453e-01
3.992939387793378314e-01
1.188573609749646431e+00
7.118265820298831370e-01
3.522715523627966694e-01
6.506207576268255854e-01
-6.308389567607501636e-02
2.136974952158063878e-01
1.027795986189318445e+00
ReLU
0.1
8
2
8.025041930321363814e-01 9.545294392810594886e-01 2.915786321874588860e-01 7.602702335585876936e-01 5.209155495546082815e-01 -6.599184543160231675e-02 4.923084670936015428e-01 5.382015049078479052e-01
6.594484931902721003e-01 8.221129165873423128e-01 5.901658754437489884e-01 4.714969185123083495e-01 8.171260508474484929e-01 5.525694922792185465e-02 -9.685920545760096090e-02 4.515678612447703300e-01
1.144814362346220138e+00
1.110161751340517311e+00
Linear
0.1

ct 2024-06-03 00:00:34.190252
