noname
4
4
4
12
-3.214163322652435206e-01 7.469039221154095687e-01 -1.002837608113071433e+00 4.812929739600798063e-01
5.011425694269896480e-01 -2.518042422051964824e-01 -5.355115945920508658e+00 -3.740008682757908209e-01
-1.142995655495683938e+00 1.102718386527425931e+00 2.233969505009521406e+00 4.410927526444287095e-01
1.091752803969377572e+00 5.372740867084291327e-01 -8.190257709704534150e+00 3.354617712476416769e-02
-2.399683477363031558e-01 -2.699229707362971534e-02 -5.105731727337458281e+00 -2.494952201247902512e-01
-1.975181087581581174e+00 2.093137314561723361e+00 1.875976941449463364e+00 1.758492821268957951e-01
1.144182992038996483e-01 2.656504175830992076e-01 -1.908137136107453058e+00 1.818227314886283474e-01
5.991159802417749258e-01 4.877303544688214587e-01 -7.653253198234772015e+00 1.291834753243951972e-01
1.512485999751559396e+00 -2.120792186911817090e-01 -1.114156068995208315e+01 -4.461115952898676573e-01
2.027103181392878040e-01 -7.215042113907021992e-01 -4.414714620118886046e+00 -3.288818938419177940e-01
6.153987955857835868e-01 -7.736507345568136573e-01 -7.461777445623401839e+00 -9.481039105333657346e-01
-1.248092222274872265e+00 -1.630272497428894907e+00 -1.141486806481269589e+01 -1.694273254854123056e+00
-1.883981821918235822e-01
-1.153704998843310348e+00
-1.666224490236124955e+00
2.098049438121927679e+00
1.943410229932014399e-01
-9.221636356770614995e-01
-2.090752165822506448e-01
1.467694149252430025e+00
2.809629271617173352e+00
-3.197401797032007331e-01
-1.804062493011411528e+00
2.692408844311638294e+00
ReLU
0.1
12
12
-1.959667253003217757e-01 -5.144222916539437085e-01 -7.006858316160734512e-01 -2.516225020332512941e+00 -1.499414676585324235e+00 -2.249033103682325674e+00 -2.146541755575204213e-01 -1.086969537039233824e+00 -7.537265385007639651e+00 -3.154069525273007213e-01 -2.336278321219328186e-02 -2.026519321403603691e+00
2.675777469871402567e-02 -4.445625902840938393e-02 -4.621897863793256178e-01 3.163583884665486234e-01 1.709287351517015385e-01 -8.860974752052896974e-01 -5.300886415883147851e-02 -3.010326601668991131e-01 6.100700119437266755e-01 1.873820213470925311e-01 -1.164291855387030034e-01 -1.934572631394795961e+00
1.606545785116562375e-01 -1.248202853353617137e-01 -4.815421239265165743e-01 3.481603407002361039e-01 1.487248243959461832e-03 -9.277686526523923893e-01 4.021925278517047286e-01 1.846382951262195982e-01 1.836414756649911162e-01 -2.044021789871345446e-02 -6.389557971044834694e-01 -1.602805643398008018e+00
-1.902027897725179495e-01 1.419995021122544276e-01 -1.068063994709777115e-01 1.807765888130831167e-01 9.374842831835547563e-02 1.517650478297631667e+00 2.857748748949634487e-01 3.113231176610192219e-01 1.535919115688600400e-01 1.821645776029245656e-01 5.356069351874611639e-01 -8.465607985735656982e+00
3.228430127261337490e-01 -9.741806329283089205e-01 -4.445123171899816872e-01 9.022156385596489248e-01 -5.863953339724528036e-01 1.775060550382613067e-01 -2.137809874110623565e-01 4.274753468212527108e-01 9.394400431779660332e-01 -9.938809359067657390e-01 -2.096826829174969209e+00 -1.573431593234505765e+00
-3.003998928209066291e-02 -8.646308887119416031e-01 -6.357456681371274065e-01 4.364739106326043228e-01 -6.548582716043382934e-01 1.827023212531938279e-01 6.711300324632804570e-02 -5.363157793738806273e-02 3.673669864294348830e-01 -4.996756391824599408e-01 -1.141692507604105122e+00 -8.610205037398014349e-01
-3.053577980122517688e-01 -4.440152555215919894e-01 -2.342723987988590273e-01 7.132164452638716234e-01 6.083127188009091607e-02 9.455429449874537262e-01 2.079848660653194625e-01 -5.703811096797740676e-01 -7.093582253802185322e-01 2.547988963176763821e-01 6.606372258483399727e-03 -1.695099326043809418e+00
-2.942452948914447419e-01 1.334877398600859411e-01 -2.126842732561393945e-01 -3.295532355971842464e-01 -6.969706990769505284e-01 -6.051445629731384557e-01 1.601780129781093381e-02 -3.578892588256244456e-01 5.414540167879050570e-01 4.879580829712737433e-02 -6.540816959261978036e-01 -1.363758015460950990e+00
-4.531828276671073796e-01 -3.995755631644136718e-01 -9.746424438717981031e-01 -8.650857277001339218e-02 -3.431568350720110572e-01 4.043718801609055835e-02 1.701931965443171380e-01 -1.174467400636398928e-01 -5.948675168813750691e-01 -5.094568687119216399e-01 -4.160293297293762328e-03 -1.158787529807478123e+00
-2.458330933602375090e-01 1.508026691118822572e-02 -5.445691097829931104e-01 -4.880937299584539035e-01 -8.560129968426394287e-01 1.517752900799946847e-01 -4.118990246677118883e-01 -1.090017442023871325e-01 2.972495521164434940e-01 -1.186524290352277411e-01 -3.546001259320591958e-01 -1.355744203016841398e+00
4.062949504464966055e-01 -1.588321218745659402e-01 -1.153768285743912436e+00 -1.328792560430505532e+00 -7.011887843891858596e-01 -6.567984739367508373e-01 -2.789685243615397936e-01 4.047255864491851596e-01 -4.949135207924946656e+00 -2.633253604290733407e-01 4.929743860484814277e-02 -1.885252932146654015e+00
1.442928728821665507e-01 -7.183903532839122086e-01 -5.699279458019138600e-01 1.459803445421442580e-01 8.559595145748616005e-03 9.528711160221624288e-02 -1.714117467789938731e-01 -1.008248340087801870e-01 9.497483896778067258e-01 -4.658421837353918793e-01 -1.204761362385752932e+00 -1.148800185562634413e+00
3.526024118612598013e+00
2.594571485898246710e+00
3.613103185965693243e+00
-1.399769412486381981e+00
5.503639233512418016e+00
3.829243400286396426e+00
4.989311298620084933e-01
3.545542970103722880e+00
8.016046643477762190e-01
1.820999007363156785e+00
2.235565057508682063e+00
5.188364062885820083e+00
ReLU
0.1
12
2
-3.365827219625515454e+00 5.758023775251999155e-01 6.758641826013572773e-01 8.231760592807634280e-01 1.997412665988757219e+00 9.092414601929335038e-01 1.985315272527321540e-01 8.952337687358542517e-01 2.056316830765763659e-01 4.500117055362245488e-01 -2.203899760456976775e+00 1.694475203557611609e+00
-3.197827197354790485e+00 5.274736672079313182e-01 4.593567915899188780e-01 9.286420369905594718e-01 1.636666382384563523e+00 7.418098767758660728e-01 6.380096239748774822e-01 5.149116386631477083e-01 4.516849948995194652e-01 4.828465570253941963e-01 -1.800451537906188948e+00 1.351016512290375671e+00
5.703766322855973847e+00
6.536543596714926352e+00
Linear
0.1

ct 2024-06-11 13:25:31.498205
