noname
4
4
4
12
3.734672904184458408e-01 5.452102055434610017e-01 5.079724885463009487e-01 3.703444290018689244e-01
9.889467332732215787e-01 9.814581689697765565e-01 1.025372151955483924e+00 5.095642891155718335e-01
4.355128966416833003e-01 9.225510505709992870e-01 1.708746648304725113e+00 2.116085474192856697e-01
1.042415007863630949e+00 9.549389983162344109e-01 -8.189534855642925659e-02 5.884156271812558403e-01
7.646708038966242293e-01 7.173979879971816853e-01 1.137386546953790045e+00 1.644699452183404631e-01
4.444977778295216009e-01 4.245908717501275520e-01 4.483501699431059473e-01 4.496312955461292948e-01
9.683325592822003558e-02 8.721857863065550776e-01 1.210869538479702578e+00 3.395468235403091839e-01
7.420650441196070535e-01 7.927203053146175682e-01 1.287912431582631800e+00 3.106595073508869320e-01
-5.442402641408512487e-01 4.302179806402669504e-01 1.535730962410027933e+00 8.628681215287887785e-01
6.341595691262731371e-01 6.439426500510244677e-01 3.048531186933661763e-01 7.803421119934422778e-01
8.494639874917786493e-01 1.030673881943663162e+00 3.970156181865124312e-01 6.070321649549484944e-01
2.239713649057054057e-02 2.878178682690192836e-01 7.419620139028965111e-01 1.564896831088947726e-01
4.709825519595024490e-01
8.043280827980009429e-01
1.939383910419033852e-01
1.802965771529904948e-01
1.819742166085475121e-01
9.705938754021650183e-01
5.756210023979360102e-01
5.921092751183841818e-01
-2.748918820120747064e-01
8.906952197565973783e-01
9.424316473547149631e-01
5.810341491515695900e-01
ReLU
0.1
12
12
3.614341583580931161e-01 1.133236335054538940e-01 6.052108094522352655e-01 -2.426271914230916094e-01 8.767343501271354644e-02 3.222980588678184266e-01 3.060049503409504879e-01 7.648314609189681423e-01 -1.699710348232517654e-01 5.299636161472254248e-01 6.253540281440045367e-01 -5.015256847534788065e-03
-1.685645657732066233e-03 8.650601191871348794e-01 9.956715208743541212e-02 -2.801218386017029771e-01 3.985326930216471775e-01 7.159669367629434289e-01 5.727716855186587575e-01 7.225004454063130854e-01 -1.687817624535025984e-01 2.586703260226624890e-01 2.520347579665379589e-01 8.097219744684657217e-01
4.202035806708074306e-01 -3.233391262225233237e-02 2.266463575763214555e-01 5.354188200292246957e-01 4.338125085785650425e-02 7.392534332917340967e-01 4.492216261218116014e-01 2.764155673634433596e-01 -8.386501348547027446e-01 4.767562468504544237e-01 1.701130795325718759e-01 -4.570877893501824191e-02
2.413726516596753635e-01 7.595558955589178929e-01 8.814098369774181485e-01 5.687610171085599048e-02 8.454242962434735387e-02 1.811187583477919805e-01 1.376596551070904950e-01 3.258025214403186820e-01 -4.269907104827463940e-01 1.370261199351481274e-01 8.311488678960997634e-01 3.610512149114387670e-01
-5.114922849314488401e-02 9.518491180753128056e-01 6.024553730482547220e-02 -2.881617664334643059e-02 5.495674428441180703e-01 8.682505881473807641e-01 9.324891037703654240e-01 5.741146263762764157e-01 -9.045071328858496074e-01 1.892938447965888671e-01 2.146762627974921067e-01 7.239168970222342736e-01
4.867923453462982275e-01 4.617026692946034072e-01 2.088845031037686595e-01 9.617591224997171229e-02 1.630347007491682321e-01 5.471739930505022942e-01 6.146673925624297485e-01 2.210453569833374932e-01 -7.780238187058737820e-01 3.945960051086627035e-02 4.878404207512980761e-01 4.171517601863881652e-01
5.517537015409367251e-01 7.763089776220842841e-01 3.863043540776520124e-01 3.946091938832786417e-01 5.729597519941653783e-01 8.775628393404782956e-01 8.767784242923161164e-01 5.854043521916919568e-01 -5.947150897772991440e-01 7.133001390628431748e-01 9.629414514947751691e-01 6.181042503674308852e-01
8.785040025983216205e-01 7.782484546655986657e-01 8.570045140353926838e-02 2.553845914201318540e-02 6.924053881499753205e-02 8.454156539061596920e-01 8.598544633538423021e-01 7.133846070281874008e-01 -8.602319699776054263e-01 5.030777738505936014e-01 5.355967228566893557e-01 6.494336918564006522e-01
5.176838761545542456e-01 4.869946078492023434e-01 3.756968544091800477e-01 3.678158720722375929e-01 5.173712895163522507e-01 3.079260423642968814e-01 -5.750344814557491191e-02 7.855862464372585785e-02 -4.267728182911308954e-01 6.560741532815859145e-01 5.727163925497035235e-01 1.578158241377743964e-01
6.474884334120822871e-02 8.455372825473193021e-01 6.333645012192480606e-02 -9.232185659511470133e-02 4.684596816232522998e-01 4.147400350339747188e-01 7.100059236656323103e-01 4.720454232228467051e-01 -1.070110696447460041e+00 3.404307606881876169e-01 6.693210702487121244e-01 -7.917896668860303910e-02
5.787539946515364297e-01 8.402786250878457874e-01 5.746028394640512182e-01 5.293432163752997965e-01 2.189945092725507358e-01 4.727136655603033644e-01 8.041572191255520752e-02 5.983846128937659881e-01 -9.595597312997810047e-01 3.356301835274552170e-01 5.535638263467685949e-01 4.859049525282433946e-01
4.316919357939751900e-01 9.572241904231515441e-02 2.870171692664208810e-02 1.851382319491959305e-01 7.827713145147933149e-01 5.219974067839071585e-01 6.082188975443555412e-01 6.006432364182582306e-01 -9.646882722561109791e-01 1.960338161364585385e-01 4.993141939499317616e-01 7.113692999205053491e-01
1.166089714010107192e+00
8.868337751932762192e-01
8.243571355631046371e-01
7.370125025730466239e-01
9.394436328247005585e-01
5.822984584680880316e-01
8.383642564547502118e-01
9.644882397074423519e-01
5.128587124051061652e-01
8.436675261414045002e-01
1.003368024645266310e+00
2.807059538668408849e-01
ReLU
0.1
12
2
1.407294255734644617e-01 6.413199973093469675e-01 4.407904553913861156e-01 4.235085849715916617e-01 9.589552979093931562e-01 3.358886242972065062e-01 9.821980120597155473e-02 8.980445579712044157e-01 5.618978311675025816e-01 1.294668057852356446e-01 7.873456639313055616e-01 4.942300689160942229e-01
8.124985161276345735e-01 2.163908285623281080e-01 2.001012615297106390e-01 4.416594415645522798e-01 2.893275529580232597e-01 7.875781841829235796e-01 9.044910035795999947e-01 6.207033378936070989e-01 2.972610591034418603e-01 9.145950426927192956e-01 4.522673923065222978e-01 2.864150671214769628e-01
8.852241350566607547e-01
7.929975128764704673e-01
Linear
0.1

ct 2024-06-06 13:46:57.625643
