noname
4
4
4
6
-7.844964831939842398e-01 1.381043255354432064e+00 3.881537956841979220e+00 4.464248334472503688e-01
8.278472958528269032e-01 2.203990201935651871e+00 3.673973177744966012e+00 2.217887293440196750e+00
9.336962353185489505e-01 1.757110605136110504e+00 -1.227102082721670984e+00 1.232298212344076438e+00
-9.361759506973807987e-01 1.328626276972678877e+00 2.267801788339647473e+01 2.295043531733923281e+00
0.000000000000000000e+00 0.000000000000000000e+00 0.000000000000000000e+00 0.000000000000000000e+00
0.000000000000000000e+00 0.000000000000000000e+00 0.000000000000000000e+00 0.000000000000000000e+00
-2.009013782696026151e+00
1.955082982643927103e+00
-2.532143344235032068e+00
-4.073954999343362360e+00
0.000000000000000000e+00
0.000000000000000000e+00
ReLU
0.1
6
6
-1.638054264323314246e+00 -2.873859895040769413e-02 -7.338382818654548556e-01 -1.284018927105561980e+00 0.000000000000000000e+00 0.000000000000000000e+00
-1.642883944722365097e+00 9.224527099941658426e-01 -2.459533163114853982e-01 -1.702112460998404631e+00 0.000000000000000000e+00 0.000000000000000000e+00
-1.226510004586974345e+00 -2.196176117578020115e+00 -6.731547989645577657e-01 1.126161886102560405e+00 0.000000000000000000e+00 0.000000000000000000e+00
-5.985057683641809012e-01 -2.830600205890630328e+00 4.127204440303506305e-01 -2.690320610207810326e+00 0.000000000000000000e+00 0.000000000000000000e+00
0.000000000000000000e+00 0.000000000000000000e+00 0.000000000000000000e+00 0.000000000000000000e+00 0.000000000000000000e+00 0.000000000000000000e+00
0.000000000000000000e+00 0.000000000000000000e+00 0.000000000000000000e+00 0.000000000000000000e+00 0.000000000000000000e+00 0.000000000000000000e+00
-3.899493668512690053e-02
1.455869834321681155e+00
-2.430310067698115084e+00
-1.588466017730702784e-01
0.000000000000000000e+00
0.000000000000000000e+00
ReLU
0.1
6
2
2.546581662339736721e-02 1.348126560861525824e+00 1.820221430403638818e+00 1.912134739841513942e-01 0.000000000000000000e+00 0.000000000000000000e+00
-2.283400129852557886e-02 1.148973459426225086e+00 1.461979236812950278e+00 -1.898725244914367411e-03 0.000000000000000000e+00 0.000000000000000000e+00
1.465344895316042839e+00
1.639541307372421874e+00
Linear
0.1

ct 2024-06-15 16:03:42.936894
