noname
4
4
4
12
8.266054095871029350e-01 4.438763327956574689e-01 3.108762872386120618e-02 7.323843508667052804e-01
7.578934671013930896e-03 6.456118034779559922e-01 9.887708881246597414e-01 1.783436211774914459e-01
9.850425936887804435e-01 7.195378692622864669e-01 7.084970121636470497e-02 6.278668984771310635e-01
4.232662707524385004e-01 3.122299363061252220e-01 3.115385348050608849e-01 7.941785048305636252e-01
9.980992055561426213e-01 7.932246166209077076e-01 7.482162583466062111e-01 3.378959367240061962e-01
4.470268995077067431e-02 3.473631924479091415e-01 8.503341481141783731e-03 3.956762920252269722e-01
7.198332739815471726e-01 3.837641603933343304e-01 6.074078662057699196e-01 3.222284743520481554e-01
4.554643836039405924e-01 1.043916339809664473e+00 6.790054589552230180e-01 1.638030075476028247e-01
3.334387359020882236e-01 4.534514842996245632e-01 3.328882560108536448e-01 5.412118062470229196e-01
9.548708740926449279e-01 5.245426465972045094e-01 3.351074046168299458e-02 7.894479777785667896e-01
1.853705784978432747e-01 3.639243470372604539e-01 8.297012157340261096e-02 3.067871339431160194e-01
6.779498700459064553e-01 2.615249327637237942e-01 4.731941832816290994e-01 8.240574771794969555e-01
8.220863375616809243e-01
1.208660731594110305e-01
2.626589692895657246e-01
5.573858024586749726e-01
7.540018591170474793e-02
4.199836919805274849e-01
3.378075238580046658e-01
3.567798327356439536e-01
5.456535447679607964e-01
7.070706626232146075e-01
7.378406604429083027e-01
7.061009820562557104e-01
ReLU
0.1
12
12
-4.724188419595941324e-02 1.085073909149223276e-01 -1.424049564562898662e-01 7.815972092146998840e-01 5.888434125193573454e-01 3.405843701762358289e-01 8.119512140202355122e-01 3.809440619801090500e-01 6.017159996497767338e-01 2.658715026616232380e-01 3.900488675130071581e-01 -7.087399603608107376e-03
6.330586261290118699e-01 1.012153406180203719e-01 6.153007795810823133e-01 7.060907603750171679e-01 -3.316107632955563322e-01 1.121026693056694362e-01 7.663518164853393433e-01 -1.633179415722659233e-01 8.824105405023920934e-01 4.211140893523092621e-01 2.118192813578006206e-01 3.493199301646432442e-01
2.950594962067946692e-01 6.419604300200917324e-01 7.641496829911372801e-01 4.313981571554730277e-01 3.309895201987058111e-01 7.317313190185474880e-01 9.090315083780106664e-02 6.404822160877839121e-02 6.348074575266584585e-01 5.619311841768781512e-01 8.182148860632888487e-01 9.407376623311770603e-01
1.624882150690523941e-01 5.975307211273804819e-01 8.776302425794608730e-01 -1.171839787279632533e-01 2.822622030685005834e-01 8.757152128530200086e-01 4.815570954533162640e-01 3.940054652179365569e-01 8.952584821365908718e-01 7.962464680934335792e-01 4.766762900087559429e-01 5.381956772916778320e-01
-4.614588454758763308e-02 3.696708763658201891e-01 7.376589365389403519e-02 1.253802268044270640e-01 -3.173501543442019401e-01 1.513796900496546805e-01 7.449588181281378008e-01 1.439457163765777425e-01 -1.216505683909390734e-01 7.961264182357855601e-01 5.150394143249379386e-01 2.456157060826253125e-01
1.427308514851394483e-01 4.446460721227115109e-01 5.452229657515708094e-01 2.752390357856526193e-01 -2.429148762299674635e-01 2.969292028146549023e-01 2.564488009342105190e-01 3.845419529195682751e-01 7.581268300435074492e-01 3.836340645127109955e-02 1.942981441215725913e-01 -2.896012612971390898e-02
9.274663258174675740e-01 -1.482792785475663122e-01 7.008308277762116401e-01 4.205401162703864548e-02 -5.322507230816023172e-02 3.754563109759784800e-01 7.711060605725782446e-01 4.921368746306363229e-01 7.202405716304810523e-01 5.748128327645214419e-01 8.592360145228233881e-02 6.338779941384222738e-01
7.926926603480466405e-02 -3.588548847817089049e-01 2.819458840644681885e-01 3.629899997046318605e-01 5.113402963935667067e-01 2.756793919877757459e-01 -1.224616532383582257e-01 -1.371210851710334688e-01 6.340439600295384726e-02 -9.063138979592851030e-02 4.264252812226820288e-01 -3.328142069469522957e-01
5.044314559943101628e-01 1.760400065927340274e-01 9.241990709380044633e-01 4.093836377987001840e-01 7.255560059123541405e-01 8.690578269434978687e-01 4.787331620850275860e-01 1.941224183106480539e-01 6.834132754182329350e-01 1.710269379246122934e-01 3.359538295790132634e-01 2.944277035863142045e-01
6.866170286362197617e-01 2.820266648382834251e-01 7.815128729221265669e-01 -2.082251908201711299e-02 -1.072969314011214675e-01 6.203239913867657496e-01 8.062254971151634475e-01 -1.894448316032023572e-01 6.547162949696658796e-01 2.416433145527115411e-01 6.886674589377035360e-01 3.691569405004284099e-01
-5.380475995148906870e-02 -4.570226565346205763e-03 2.718535991191447510e-01 5.527832411108882793e-01 -1.143607697627115338e-01 1.173781441043870166e-01 2.087359834966085459e-01 -3.366972076172841666e-02 3.959380004655812524e-01 4.524174700011543981e-01 5.460784137184704345e-01 1.928959922924577963e-01
8.128710057673703693e-01 6.735165699487726254e-01 8.666706462823305923e-01 1.919497205164099329e-01 -1.153680589423111691e-01 9.779052125173990362e-01 7.511429155805824376e-01 -1.862962422327718581e-02 9.139544962825774110e-01 9.556733965411629006e-01 8.729311712098262177e-01 1.038079154255032277e+00
1.319250429631283750e-01
6.083353187322670941e-01
9.758031717699597873e-01
6.731420797920358856e-01
3.728152770717356734e-01
5.742850289756569193e-01
7.915485338844782115e-01
-8.913272217374382245e-04
3.770130683898079704e-01
4.760022685811227117e-01
4.420504754476637377e-01
9.475806271039101114e-01
ReLU
0.1
12
2
7.498998817023247998e-01 9.208660488486716256e-01 5.297016117080322051e-02 7.599077639264524286e-01 9.442327371099985545e-01 4.424412415748255611e-01 9.607152146426470862e-01 2.589687076968936325e-02 1.712305867797990211e-01 1.924297515192986974e-01 3.786550826852133622e-01 3.691404810872384035e-02
6.722165509206354805e-01 1.086553689524109023e+00 4.655877137504260133e-01 2.542157371957195489e-01 5.515736278396029535e-01 7.380840889112790792e-01 3.579319248135666709e-01 1.866016988735582915e-01 9.692133127332673848e-01 5.645566573030826873e-01 6.218146422417245578e-01 8.721248787913580269e-01
9.398119969214038250e-01
3.732086986155978003e-01
Linear
0.1

ct 2024-06-03 13:00:48.736760
