noname
4
4
4
4
3.364748073110030102e+00 3.859811355838185687e+00 4.455503625724621664e+00 3.375833937432261678e+00
2.124129994562957702e-01 1.982588280463478458e+00 -4.000497501059343541e-01 7.281843077187706292e-01
-1.254940386817896991e+00 1.103043861515806912e+00 2.925402621567226547e+01 1.785690951484982358e+00
-3.440775727498640801e+00 -2.753093933073829991e+00 -1.580847207773856233e+01 -3.160876519131881501e+00
1.715913886742736816e+00
-8.938644551282375339e-01
-6.267204993904019972e+00
-2.414134580553709331e+00
ReLU
0.2
4
4
7.282540113481829058e-01 7.486000885983522257e-03 -3.188926346865593064e+00 -1.240041006984118344e+00
-1.102498911409089510e+00 -4.973763232693695913e-01 -8.761210961642278416e-01 1.357189065621490442e+00
-3.099261670442564690e-02 -2.553744255176783051e-01 -1.338556152260825138e+00 -1.137338341374695971e-01
-2.921214998739819768e-02 1.397436143911234274e-01 -1.664059610432369052e+00 -1.349951223336318118e-01
1.381075391679959408e+00
-1.447965054049255018e+00
-7.211589806226195200e-04
-8.823782954423166347e-02
ReLU
0.2
4
2
1.128603440881725373e+00 -6.097691400896824154e-01 5.281419993594664575e-02 -9.259511230919603968e-04
8.750746246043381582e-01 -6.431049770939599730e-01 -3.809531531443467733e-02 1.481039427463040799e-02
3.977697983893498712e+00
3.565901482212247675e+00
Linear
0.2

ct 2024-06-11 17:50:17.405894
