noname
4
4
4
4
-1.502370549679068912e+00 1.314512977335488220e+00 8.816753610900551763e+00 4.416253474557616521e-01
1.114352128723981705e+00 -8.446762833303426282e-04 -1.567282590515580232e+01 -2.196204581197680195e-01
1.029185454979362424e+00 -7.270633368882429837e-01 -8.133021196231654315e+00 -5.760848281111831115e-01
1.201235184227513075e+00 -3.164698045857822772e-01 -1.848587061577208601e+01 -1.227993649056021708e+00
-2.986417658530371444e+00
3.883248564108692680e+00
-2.462131176705620650e+00
3.009338831083566035e+00
ReLU
0.1
4
4
-4.971553527033613640e-01 3.744292783832477850e-02 -1.223478185723263278e+00 -1.746055754753044198e-01
-2.784936316121233713e-01 -9.187901084049096001e-01 -5.477506526837769979e-02 -3.911977526091405810e-01
-2.754314392473968809e+00 2.047958545095052596e+00 -9.172753086056011362e-01 -1.493777459715500022e+00
3.031017742493553602e-01 2.690366969913173811e-01 3.031017742493553602e-01 -1.235730594289904949e-01
-2.615348648983580326e-01
-7.116001457497135307e-01
7.683794338716273820e-02
-6.997347939945264272e-02
ReLU
0.1
4
2
1.895302042409384088e-02 5.025006897733559352e-01 5.794371011249402903e-01 -1.507481162941251042e-02
5.684285941136225928e-02 5.420961421688069715e-01 5.000913182358464049e-01 1.656615485841942126e-01
2.593558974268854733e+00
2.352757926597020433e+00
Linear
0.1

ct 2024-06-16 14:30:13.503109
