noname
4
4
4
4
2.089896300016622188e+00 1.380007116843343651e+00 9.354483801259131370e-01 1.820562292373138158e+00
1.837108287212970481e+00 5.850986031725482484e-01 -2.971231721455482422e+00 8.244687940857915454e-01
-7.358644269545950856e-01 7.801359729281113209e-01 1.211899704460008920e+01 5.504659690615740925e-02
-1.666786100945275351e+00 1.741822113972313568e+00 8.748658317464725442e+00 2.922459078813424149e-01
1.341919582823482671e+00
-2.826278041240756211e-01
-3.422447873704058896e+00
-3.991686036970506279e+00
ReLU
0.1
4
4
-8.966126476659880273e-01 3.052680035900757760e-01 -1.014990356370336189e+00 -6.085641500010786215e-02
-1.002113756890376656e-01 -5.641189668599653206e-01 -4.396049548345222213e+00 5.136051691535953312e-01
1.557335122615131993e-03 -6.976297173330706092e-02 -1.552807477024491511e+00 2.853258903896491172e-02
6.799329617991646257e-01 -1.193261674773578654e-02 -4.018628636128092957e+00 -1.617735597580907347e+00
-2.854055590770745443e-01
-1.282777516053139610e-01
-4.131224646296653702e-02
-2.171348341541173843e-02
ReLU
0.1
4
2
-3.515557394695042470e-01 -8.844021952518484053e-02 1.891635424377926394e-02 6.702970253839419801e-01
1.109694053353007526e-01 2.365201711634577486e-01 1.298561115277684606e-02 6.298398239216266292e-01
3.565150962145244851e+00
3.057994808673004883e+00
Linear
0.1

ct 2024-06-16 12:42:55.853790
