noname
4
4
4
12
1.204627135654689818e+00 2.695797871327846318e-01 -7.066568503411468916e-02 3.997003627589899022e-01
9.767909869400340783e-01 8.589505548213539621e-01 -6.610192686181921851e-02 3.364369654541902732e-01
7.375405464542410527e-01 5.560314873604114139e-01 -9.827215929170919628e-02 3.510363212399758570e-01
7.591720137603884533e-01 1.063560574750038068e+00 -3.524108085193093376e-01 5.116813105759462355e-01
-4.265203020557209457e-02 5.582407947779279844e-01 9.514486136443011111e-01 4.959034555631452318e-02
1.394057338858295525e+00 1.219499797824055376e+00 -5.704089152672646712e-01 6.303055727831112787e-01
2.244362399346126580e+00 8.705961081701716342e-01 -9.104840116533531591e-02 8.332787497588454162e-01
1.160501959180716858e+00 9.572625353946041526e-01 5.598200446531694796e-01 5.940433358937103892e-01
1.261388238105073611e+00 4.208010732301452061e-01 -1.752608323470352392e-01 1.137731205767436859e-01
1.789424673537933774e+00 2.626566139950686773e-01 -5.017490301756367899e+00 -8.177259332080928367e-01
1.927410110123621567e-01 9.300524366766298456e-01 5.711399629312065018e-01 2.125683293785375627e-01
-1.554209904534352260e+00 4.359734525073342692e-01 1.792044417539648160e+00 -3.650507914260837650e-01
1.260751188447746252e+00
8.662611430081633701e-01
6.132869794667192981e-02
5.862358081389776876e-01
-1.429194704764057966e-01
6.142550769722867621e-01
1.393759839318029270e+00
9.193060791702414303e-01
5.120526134380323224e-01
8.653790644880166028e-01
7.262427541531893960e-01
-2.880590154640094158e-01
ReLU
0.01
12
12
1.203413728049735232e+00 2.358794067399254055e-02 3.096070252421916774e-02 3.804421638965019836e-01 3.605559990063874065e-01 -1.543413991110436922e-01 8.539589011790263973e-01 6.459543223864565586e-01 -1.124470357856175579e-01 -1.002653735391889400e+00 3.048652851789868459e-02 4.973440563318607954e-01
1.012304573921825046e+00 3.121799416561577001e-01 -2.116217051533424154e-01 4.974914180290929133e-01 2.045828542168291186e-01 5.260247741640788899e-01 7.151722619416717164e-01 7.274208201361159754e-01 8.180077588613252071e-02 -1.319970521097382221e+00 -1.144957511943440198e-01 8.551776947042415422e-01
6.541650709997604007e-01 2.132676527478908624e-01 -9.489248557898735670e-02 4.144809240759899649e-01 4.887481011993211610e-01 4.303813988611213115e-01 6.356479769705303262e-01 4.628355557609006854e-01 -3.504187306159685655e-01 -3.176372122364522488e-01 -3.525704010316912385e-01 -1.130763305079708347e-01
1.416164917073520879e+00 8.960883097790038887e-01 2.740345932895201231e-01 -1.666791496940875361e-01 4.906452640726231829e-02 6.530258567357475341e-01 9.548366978293710838e-01 8.006804474501432248e-03 4.813377678158702877e-01 -1.423881811657013774e+00 6.705334466868886345e-01 5.716135143751969183e-01
1.156849834327080773e+00 2.897428077947642455e-01 1.742695242565016067e-01 -2.912860938071814010e-01 -1.421011718496697773e-01 4.327094942513979858e-01 1.075981956654389338e+00 5.313630498166373867e-02 6.534674342350391685e-01 -1.075420693027213437e+00 1.051026253600417792e-01 -1.285821665323673146e-01
8.618284070310455736e-01 4.911841096618022595e-01 -1.425642750723382646e-01 5.972417601786990105e-01 -1.318523902049930641e-01 2.404066558086228461e-02 1.235903933521826925e+00 5.722539455342742221e-01 4.013063126767396072e-01 -1.172890910533727737e+00 4.503378325346508171e-01 -7.642732864929922820e-02
8.807417437289773998e-01 4.261761708469181120e-01 2.843660764202882718e-01 5.776054513858027567e-02 3.134956117056069136e-01 -2.230059690366092695e-01 9.402101503097506363e-01 5.757574904707736252e-01 6.390831232639465620e-02 -6.180780379490384835e-01 4.330463587283200910e-01 1.484880043135209104e-01
7.309356061654090908e-01 1.703866248556510365e-01 -1.460784840201413970e-01 -6.044241244494494986e-02 2.202856077767909038e-01 1.964591930026862998e-01 6.904408618579367385e-01 3.266371768825419020e-01 -1.406074489581025100e-01 -6.568012520205377403e-01 -2.433477999942151582e-01 8.713258342179416305e-01
3.461920159671034170e-01 -3.310403307978571630e-01 -2.418284198599323087e-01 1.472980296575100712e-01 -4.014891067545910408e-01 2.753601797865068979e-01 -9.112353458168216680e-02 -8.564675568191121302e-01 3.542482820416482658e-01 8.509880410677896911e-01 -3.568166728353293071e-01 -2.998421795133961454e-01
8.464037132219613957e-01 5.977859670410823334e-01 -3.485548036439663488e-01 4.913918090939290440e-01 2.636033584197836066e-01 2.784797094446856414e-01 1.374325760484438996e+00 3.923274743912679718e-01 4.416323279716494188e-02 -8.915435086327611058e-01 1.534682780743817643e-01 6.667474071450645301e-01
9.373068980936767325e-01 7.530693716613373612e-01 -1.470674933389829464e-01 4.008703502073451830e-01 1.904999585937247053e-01 2.390171877751170459e-01 8.169764847842143629e-01 7.567360615174534288e-01 5.196982077664449307e-01 -8.291159686170926912e-01 2.693813577164300144e-01 7.409194578350185578e-01
7.599819746005398446e-01 5.631586594772447496e-01 -4.495971421503158760e-02 -1.883244600576748362e-01 -9.217108001159653174e-02 4.874876949630895795e-01 5.709930887543942513e-01 -3.760832318052843570e-01 3.552628632757218741e-01 -3.043201359397515460e-02 1.301681736813453116e-01 2.346223760115611068e-01
1.220155343300127315e+00
1.346517649901596947e+00
2.727619892310203520e-01
1.295061549473499163e+00
9.505046466713146236e-01
6.490803473979981364e-01
8.431314005806452849e-01
6.667240414452832997e-01
-6.441406436704294469e-01
7.491688293629880091e-01
9.558431374090097243e-01
4.332836249936478090e-01
ReLU
0.01
12
2
5.559477189055006541e-01 7.091323231812977079e-01 2.645753247341622871e-01 1.011714281047363162e+00 8.328655369126185537e-01 6.495085035885524993e-01 2.044502158352714816e-01 7.188982616419607730e-02 -4.632628003187211352e-01 3.113511675932562062e-01 1.451791983037664435e+00 5.386167185760211140e-01
9.716319857576267705e-01 8.018690934007243198e-01 4.614804719767118812e-01 8.980928880266214609e-01 3.266022294770882795e-01 5.294354795695647153e-01 8.044499957971227300e-01 7.421809139970275693e-01 -7.955123387638358967e-02 8.207583734008788712e-01 8.049732016947285240e-01 8.068671012111516827e-02
1.900760452420944047e+00
6.655018822089112662e-01
Linear
0.01

ct 2024-06-03 12:28:28.021156
