noname
4
4
4
4
-8.154662484406199896e-01 1.192224463526406097e+00 3.999128750736618088e+01 1.912806439423453408e+00
-1.332077347312411231e+00 1.284482356277629522e+00 1.919687964614678943e+00 1.011451468918205032e+00
3.801920584201591846e-01 -2.292907964388101405e+00 -1.293055048071414781e+01 -6.245623638182098425e-01
2.537450336660499683e+00 3.368023026906882933e+00 4.529080486496366298e+00 2.409443697898524306e+00
-7.397925711541909699e+00
-2.122214841301199861e+00
-9.723896105338033280e+00
1.542655479396815910e+00
ReLU
0.2
4
4
-1.363239477980040304e+00 -5.433520937165291394e-03 -1.286199130534521340e-01 -6.939395358308280137e-01
-9.434254341179391101e-01 8.993270401530045755e-02 -5.374320069215068330e-01 3.692297264704409443e-01
-7.240051382495932275e-01 -4.477188649875673554e-01 -2.221565468662666243e-01 -4.496059757895498055e-01
-5.469824918749446319e-01 -5.529025863895441484e-01 -4.470908125698576652e-01 -3.881237297945995257e-01
-2.158141307453358970e-01
1.241253548660498307e+00
-7.060971272789334785e-01
-2.423567371892108302e-01
ReLU
0.2
4
2
-2.083824391787714447e-01 1.357934427546356959e+00 -3.823054660081057765e-01 1.308194512512722563e-01
-1.126804719543502697e-01 1.094019468402993356e+00 8.454075408500471428e-03 2.843471596879341146e-01
1.534589022981980300e+00
1.777010359644726423e+00
Linear
0.2

ct 2024-06-12 01:50:22.636260
