noname
4
4
4
6
4.585325926194367963e-01 6.346649547484695120e-01 1.019026406950639618e+00 5.721999809799123149e-01
4.406579787226492795e-01 5.253456489672725382e-01 7.878584720836870892e-01 7.652791777699607945e-01
9.599404964115043626e-01 6.521404613434111930e-01 7.135266262461731346e-01 7.320449212797363048e-01
5.235917319812016801e-01 3.225780363998842493e-01 1.361552042129047901e+00 1.652483225194023020e-01
1.217392374352426865e+00 4.176330119327146817e-01 7.494279691941643229e-01 7.513240000010946718e-01
6.652764730800104775e-01 1.059278892163583619e+00 5.449199052654760678e-01 6.801163455020617921e-01
4.962884625204202482e-01
8.763553414345217618e-01
6.558197951351864008e-01
4.791441682921104839e-01
9.291030956872047275e-01
2.159694918915748829e-01
ReLU
0.01
6
6
-1.926934488940052759e-01 -1.464953635639141827e-01 -4.133139849411494038e-01 -5.501429983333047669e-02 -4.355201107644990355e-01 -1.714791488996217361e-01
1.070480826428710008e+00 6.590109807343038639e-01 7.080926475560518352e-01 2.299375695888012383e-01 1.010382709726168171e+00 9.111996151103270991e-01
1.048682141583389349e+00 4.910535446695834527e-01 8.066634887835858470e-01 2.008460908958008551e-01 6.673627305787731556e-01 2.919614761468630054e-02
1.712884519674995054e-01 5.489676273553010244e-01 -1.316328324359925146e-02 -3.869042576909285658e-01 2.681646305632320315e-01 3.509881890628799850e-01
-5.753260228573962021e-01 1.262853043880373116e-01 -4.888989369730309398e-01 -5.887239055058554049e-01 1.201649160580263720e-01 -7.266336902614112248e-02
6.388831521738617958e-02 1.012962538421436687e+00 2.070624961166648292e-01 7.375409369070038412e-01 1.205080979820965514e-01 6.657031840035233516e-01
1.286169471786058893e-01
4.030830094750760817e-01
8.309167055698983839e-01
1.139762522125695288e+00
-2.258733880925379300e-01
6.729382197155734380e-01
ReLU
0.01
6
2
1.283672356148595761e-01 3.627160337326342243e-01 3.649514361821925013e-01 2.705091234784210430e-01 1.770011296652514166e-01 7.223444325635867136e-01
6.463393664896471824e-01 7.358127646396156463e-01 6.512193446040465128e-01 8.797701181867256803e-01 7.703768574512450673e-01 1.334013259949449470e-01
7.231798796821750086e-01
4.442298803987866918e-01
Linear
0.01

ct 2024-06-03 12:47:51.240601
