noname
4
4
4
6
3.290363593582628643e-01 7.966413077610138282e-01 1.297537749770297566e+00 6.269828801669896645e-01
1.959952005868232372e-01 6.592210596438604631e-01 1.186639454473395805e+00 8.096546108106228434e-01
8.819838108765105655e-01 8.142103427302171959e-01 9.055030360033877734e-01 7.495111124572232386e-01
-8.337457020230365501e-01 7.001317541089467911e-01 4.446744144685906619e+00 8.418895755788935453e-01
1.541948134000179271e+00 5.569776981566726404e-01 7.186040712254661011e-01 8.398401084238127368e-01
7.678427749401741664e-01 1.216143076373098264e+00 7.231230002138889779e-01 6.639955962932564404e-01
5.531086088682614088e-01
1.041428922812882352e+00
6.207212526892493809e-01
-1.089035424661549900e+00
8.998804737710720536e-01
-6.291852087974005026e-02
ReLU
0.01
6
6
-1.920939941831462106e-01 -1.476437334144027058e-01 -4.132595586496157769e-01 -7.745248920177960628e-02 -4.362470477574162397e-01 -1.739923579222761585e-01
9.491353026421912586e-01 7.332723667795948419e-01 6.379613837952091693e-01 -1.431042031490737942e+00 9.956125658142932489e-01 7.204031195670136389e-01
9.133486708668597798e-01 5.549212337252129590e-01 7.313352320243460269e-01 -1.521592336237558296e+00 6.520838795173082847e-01 -1.925918449931851850e-01
7.059519415671330900e-02 6.336865974990651962e-01 -6.620794828493145601e-02 -2.143656101430556848e+00 2.662493898219386868e-01 2.049998184442810567e-01
-5.753260228573962021e-01 1.262853043880373116e-01 -4.888989369730309398e-01 -5.887239055058554049e-01 1.201649160580263720e-01 -7.266336902614112248e-02
-7.805454495253372205e-02 1.074402919828161274e+00 1.707615525844686788e-01 -6.423076633885707043e-01 1.714369541519674967e-01 2.804871153620938085e-01
-1.511299248292510486e-03
2.369477021563191343e-01
6.399368155911212552e-01
9.449294039775920639e-01
-2.258733880925379300e-01
5.301806617535331778e-01
ReLU
0.01
6
2
1.271512586215468033e-01 5.262251868003166022e-01 5.437098764484349367e-01 6.096805612976807787e-01 1.770011296652514166e-01 6.554732785572646714e-01
6.450220483572770558e-01 7.865723035432247157e-01 6.840657310389069989e-01 8.934932180939627600e-01 7.703768574512450673e-01 1.901314001744745796e-01
9.043622553854377966e-01
6.362214600909401607e-01
Linear
0.01

ct 2024-06-03 12:48:03.631343
