noname
4
4
4
8
-1.173457211198686734e+00 8.713695261938156911e-01 3.224582270541159090e+00 5.251864360513849306e-01
-2.060418554921913170e+00 1.265824365662320261e+00 3.086049511893835273e+01 2.127893168959859249e+00
-1.135934184227627375e+00 1.594524054512187927e+00 6.595922479642914560e+00 9.397669411545311879e-01
2.169748559851688352e+00 3.375355088065734588e+00 5.782828499853896353e+00 3.605220022544207481e+00
2.357768115846161638e+00 2.119710676697902585e+00 -2.601387609922849453e+00 2.842030351692222290e+00
-6.185988016041564785e-01 4.926956666165177023e-01 2.266947125309751954e+00 2.295163373177660782e-01
-1.617154897648062306e+00 2.117537187598676596e+00 1.751511614638857628e+00 1.491428645235338246e+00
-1.196581925141261049e+00 6.844513280449203707e-01 -2.307263694449854352e+00 6.296629755178987375e-01
-1.416222965260876654e+00
-6.675402424239166521e+00
-2.851150173540090371e+00
3.215517943951406110e+00
3.147715640284027838e-01
-8.981876814027185407e-01
-7.862813779979314077e-01
-6.606937697927092179e-01
ReLU
0.2
8
8
-8.512938021592654225e-01 -6.945979310903787507e+00 -1.516068887446254454e+00 1.549121081237332165e+00 5.646096564351730240e-01 -1.615563829342246127e-01 4.151037311422821063e-01 -4.074090947738867041e-01
-2.262156632133081602e-01 -4.419174650266731952e+00 -1.356625542237904769e+00 -4.602612625119149870e-02 -1.192006752000880632e-01 4.373186294417858444e-01 -7.676225013626745974e-02 -1.082446990068259424e-01
-7.177822923310556158e-01 -1.947533559068829412e+00 -2.434595713704885256e+00 -1.190018808197540884e-01 -5.857954155508114935e-01 -3.974558763041830534e-01 -8.002416678077304280e-01 -1.992660752609561048e-01
-7.959006461915419939e-01 -1.219829199873867509e+00 -8.708937114443627836e-01 -1.674449967538501893e-01 -1.203637032536734874e-01 2.471360568427753701e-02 4.795533904271664927e-02 -9.188313315372652612e-01
-8.122307602024027018e-01 -1.008004554474498660e+00 -3.925369769899532679e-01 -9.514374480857408223e-01 -1.286867625366364010e+00 -6.024617682790099904e-01 -1.126982136703692072e+00 -1.457235293169470536e+00
-7.747137420290254317e-01 -1.751122198490162374e+00 -1.308253709839502621e+00 -1.164350920585472737e+00 -4.824827036887545662e-01 -3.910736242476947067e-01 -8.043912523840933693e-01 -1.347388483008035376e+00
-9.323998693323798381e-01 -2.363364256461971458e+00 -1.485163398946036217e+00 -5.202130611967661217e-02 9.553326454077183671e-02 -3.173422451922047194e-01 -3.378819387277436914e-01 -5.070174862168235208e-01
-7.320742226819718645e-01 -1.044190191571999993e+00 -1.582543140283624750e+00 -3.739612730725315748e-01 -5.509211481232439978e-01 -1.121900025807212931e+00 -5.772534825970181416e-01 -8.146509512041055778e-01
-1.187606506403447726e-01
-1.012076521111508615e-01
-3.795913855771522738e-01
-3.119120278738704011e-01
-1.139881341164929784e+00
-1.690264101946456488e-01
-2.527945935127930976e-01
-2.342860830037832576e-01
ReLU
0.2
8
2
1.223037530309760257e+00 4.568849816255250718e-02 7.364670064675198080e-02 1.560534701460006279e-01 -4.820300969164455496e-01 -6.194804160318285319e-02 2.546977330137253914e-01 4.015082478724114057e-01
1.301289106586364097e+00 -1.685536922974185210e-03 1.110119469536670900e-01 -1.291680313743789610e-01 6.441434662575974412e-01 1.693240052577092758e+00 -3.433181490643644196e-02 8.294548022161468692e-01
5.354382969607088150e+00
4.972061025512465982e+00
Linear
0.2

ct 2024-06-11 15:14:25.885572
