noname
4
4
4
12
6.825343696536642080e-01 6.184118518187902147e-01 6.723950330289537591e-01 4.077558533235698390e-01
-1.785949238558328100e-01 1.774205815175315948e-01 9.350342978475861822e-01 2.446360529350551372e-01
4.758608267989989371e-01 8.338111813876705192e-01 6.018518359985401966e-01 6.587853387962137042e-01
4.194200516931771427e-01 5.939117213367651749e-01 9.165091453853866366e-01 6.873108998945987036e-01
8.767431124604009307e-01 4.828760409082761829e-01 5.996565499851812531e-01 3.539986267634981365e-01
6.425055735377139809e-01 6.867044725510966785e-01 1.132952086246385992e+00 3.941313463905347647e-01
1.586057295249877708e+00 -6.251028675634257015e-02 -6.399597555175896568e-01 6.106546312623084560e-01
-1.250702856318165190e-01 1.081279656002763545e+00 1.406745776466426179e+00 2.746100597746174432e-01
-9.368957184744915179e-02 7.817910453494064660e-01 3.194131369524893516e-01 8.214461261409984338e-01
1.673395875092584140e+00 -1.794552060031868734e-01 -1.347265696587903516e+00 6.799396363683609668e-01
4.307905812665044909e-01 9.658638203496159313e-01 9.980045936835422182e-01 3.803651161198836617e-01
1.058503402893789413e+00 4.449844831471324591e-01 7.892675825726274130e-01 3.303273409139526051e-01
3.931688889251853114e-01
6.519618409326110031e-01
6.807244372966174684e-01
9.581740890067154126e-01
4.001560592276593442e-01
6.067515949688082610e-01
2.393340056264509352e-01
5.463884967468348730e-01
9.341598972946956181e-01
3.292542957233349776e-01
4.678372860156514990e-01
3.381293076549174437e-01
ReLU
0.01
12
12
7.163539928978840399e-02 2.543723898516309645e-01 3.042136240679382819e-01 6.848840174992322227e-01 4.867764105207230199e-03 1.136960320227274751e-01 3.491109246389677012e-01 8.699531318173809868e-01 6.760540337501573793e-01 3.987372950537931282e-01 4.634388442320061530e-01 1.905823770709258735e-01
5.112890043052956690e-01 7.538805229181591017e-01 7.193788862770971182e-01 4.990488033144321878e-01 7.592634483153358760e-01 6.284444660853800713e-01 4.244327660267838698e-01 6.041644478432380838e-01 8.422222532780713200e-01 7.873972716785246906e-01 1.696951439971591258e-01 2.526965082795259998e-01
2.553692072351365083e-01 3.662136919869142249e-01 3.975816057600369824e-01 7.345310084553610674e-02 6.282637888213105093e-01 8.522008357439112558e-01 7.399106983088009626e-01 1.029966072766519414e+00 6.790416596455911558e-01 8.264306290005437594e-01 5.792405942894052195e-01 1.684412772687377824e-01
5.553254954657566023e-01 1.475988082051102879e-01 8.231536131016875535e-01 3.508634373613712110e-01 8.296405450234813905e-01 2.840756383516004902e-01 8.126565994259415948e-01 2.356001521766394324e-01 5.693491393402790868e-01 3.612623624274619027e-01 6.512229113652742152e-01 3.437288629269483198e-01
2.730340374732880271e-01 9.939994347636329497e-01 5.634909153798698389e-01 7.969619943463770451e-01 2.160722840485351237e-01 3.943652502502370538e-01 3.243040700746645244e-02 2.724241919686047897e-01 9.471430226550350273e-01 2.753496056102007206e-01 -3.293742987539237388e-02 8.499224649419161171e-02
8.367031024944716622e-01 3.092027888573334882e-01 9.277312634897634247e-01 5.110810686355077292e-01 2.672992468249068554e-01 5.466845338072848781e-01 6.667907853331944690e-02 1.035268164375403810e+00 8.837237235954417125e-01 4.974603214524702666e-01 8.385411439431890157e-01 4.695863531150308301e-01
4.903350465465622365e-01 1.398963021434013465e-01 3.849026253894058391e-01 4.353173124181745068e-01 -4.784821560421446962e-02 4.230640484008315050e-01 2.946769478729551750e-01 7.167658144921106311e-01 8.938076681568204451e-01 6.701156876411006325e-01 8.097468073907864161e-01 2.062329295646414262e-01
-1.444485454081736175e-01 3.978987235027444357e-03 1.727908072532925166e-01 2.451160535981486144e-01 -1.505862098525569404e-01 6.582269956120735399e-01 2.476935311739684731e-01 2.643218772493081611e-02 7.672351257002950620e-01 5.331847648088501312e-01 6.826134727369240762e-01 3.687824308712361800e-03
1.866552035192791392e-01 5.151143988937618712e-01 8.939431844797794957e-01 6.216387496401134527e-01 6.687722109626828004e-01 4.037336166615759225e-01 -5.787367863478037194e-02 1.434664202923611465e-01 4.716095533927643357e-01 8.380305033128893077e-01 2.317316000214262317e-01 4.228709232645170291e-01
7.494441933336170036e-01 4.229714999934182651e-01 1.607041888595417758e-03 9.372942217762302297e-01 -2.293587765917279656e-02 7.459374793548505522e-01 2.541223624321695129e-01 5.029850675982804747e-02 2.876107299551150520e-01 9.002908725613143481e-01 1.280297268684339566e-02 9.543977342375381534e-02
-7.340249837166366864e-02 7.041318150990736324e-01 9.659842331241426105e-01 4.014173462281164229e-01 8.243833130170323542e-02 6.424655136220568385e-01 -1.174075312617640504e-01 1.668279607404067610e-01 2.987535620546202808e-01 1.742886824197991957e-01 6.260301149128372211e-01 -1.391242550132024414e-01
3.482743341453074515e-01 9.359586588074272906e-02 4.916484887255775371e-01 4.147651061190941180e-01 2.826907965584589122e-01 7.214824309085394738e-01 1.094008672144448913e-02 7.646463770111185942e-01 1.456638014220610622e-01 4.616106840545911583e-01 4.164748983020140072e-01 4.100896400484837501e-01
5.596141788740377487e-01
5.233389988292559414e-01
4.763275885668450393e-01
9.752366819862841041e-01
3.288307812885113424e-01
4.206951109090104057e-01
3.143009836026660619e-01
7.703401384501280535e-01
7.159281857592697529e-01
9.713640059795658477e-01
3.629001751944854193e-01
9.513469116091127775e-01
ReLU
0.01
12
2
2.512863456775126791e-01 9.605648991157798022e-01 1.178334673787038850e-01 6.285267167490031781e-01 9.967107334058440404e-01 1.157630914181922571e-01 7.609541089299765027e-01 4.595415543053061880e-01 8.871668838684997338e-01 5.295159351204671294e-01 6.598887438803455741e-01 5.588261712304887219e-01
7.593144768154810320e-01 7.838165422707821239e-01 7.125713900160350889e-01 9.073244375534765815e-01 1.152774507968969825e-01 7.446632389354749249e-01 6.740277457398188288e-01 1.760020649700027584e-01 1.798960738372289703e-01 7.560848401520900985e-01 7.353795120734005764e-01 4.964070126925576587e-01
4.389882033884694446e-01
7.219996626963307573e-01
Linear
0.01

ct 2024-06-02 21:41:29.175989
