noname
4
4
4
12
4.559170533391017077e-01 3.356304898435372719e-01 9.204299256084584879e-01 3.080472389648056808e-01
9.567452100943925064e-01 1.775745169893327979e-02 4.986872461929884315e-01 7.159909888968105651e-01
2.668745585947926990e-01 1.111090709501419971e-01 4.761039097731945002e-02 5.182260064550229250e-01
5.698701665430790930e-01 7.579549434987442602e-01 5.790491813473693794e-01 7.846867398766349533e-01
4.267013736630055343e-01 7.645837295304508396e-01 9.819950666308299159e-01 1.517001475672256072e-01
2.121932612313393030e-01 4.522870145386703733e-01 6.223250289485775522e-01 6.860904283453086450e-01
8.029617530665659197e-01 5.466813949142801388e-01 7.453717087327108581e-01 8.476078848411814359e-01
6.466344193907229698e-01 1.124486820111514351e-01 5.619694293733037416e-01 4.722449458993174254e-01
7.643908118561343334e-01 3.828743198212503085e-01 5.951353663071039524e-01 8.460814729085873731e-01
7.202766077282499735e-01 6.868235187098826744e-01 9.438264480797110556e-01 2.685141005722602170e-01
4.191651312924623562e-01 8.665448907246109389e-01 6.113228240189465534e-01 5.447766648556862101e-01
6.895762383818926367e-01 8.283773702672813100e-01 8.197595315494771162e-01 3.834670104098260035e-01
9.037276586835879533e-01
4.918774028299633949e-01
4.770234953429498548e-01
2.701629878705692489e-01
8.789741882524148009e-01
7.536607394068075561e-01
5.865727109459228927e-02
2.649781547862484210e-02
9.570051710587873517e-01
1.712959618755311997e-01
3.972218150622474075e-01
7.473264250880877757e-01
ReLU
0.2
12
12
3.649054835942878716e-01 1.860926521941971279e-01 5.374082291714156190e-01 7.775116700328440489e-01 7.397654372859348015e-01 1.653977017030038299e-01 4.336192114016050869e-01 8.274468367118323897e-01 6.081084570487694796e-01 6.559233831805526549e-01 5.151574709932887908e-01 6.377714129379575825e-01
9.866392961702170616e-01 5.460814220989573808e-02 3.088102063128719266e-01 8.567567496753140110e-01 8.736871344259420358e-01 5.292940336220497421e-02 7.295267026927432230e-02 5.290502314335497891e-01 2.932724854021226957e-01 9.434913027818326858e-01 9.331537422986865282e-01 1.273390379565215724e-01
3.268430245811103640e-01 3.277554832553959407e-01 6.847474362304261097e-01 8.001520598087629166e-01 2.124485330486804990e-01 7.063689718189094524e-01 5.037151669410255828e-01 6.086735600713932826e-02 8.427427304878745140e-01 5.783114270785746358e-01 9.241716408046664055e-01 8.118272278769222972e-01
3.184599497551823255e-01 1.126932662209778613e-01 8.613488744195855196e-01 3.664893782890344953e-01 4.934853151656786174e-01 8.864433078054482218e-01 4.243062021394117256e-02 9.668734661210010017e-02 4.407315655148004163e-01 8.183547657683576393e-01 2.945481176137934032e-01 8.695970208372523214e-01
2.544114762110918360e-01 4.962671121863881929e-01 1.075001923476193166e-01 4.316763676779810099e-01 5.422094373684855917e-01 1.053698149403156092e-01 9.983932191872338935e-01 2.616703479686407485e-01 4.474894596860202745e-01 1.658003471247271321e-01 4.465806108516071626e-01 8.010058469757660449e-01
2.770589203489447483e-01 1.361281538677677760e-01 2.603320744284379762e-01 7.778046524931960803e-01 2.012975452905979568e-01 2.133833097129274048e-01 9.558092970021392354e-02 8.569111387263753654e-01 7.850613028438923058e-01 9.605097157350276360e-01 9.042546084154557962e-01 4.479459331501712827e-01
2.101458339618739179e-01 2.645147695697110946e-01 9.843255613221402189e-02 7.520061754027733691e-01 7.081918896052595835e-01 3.009468660917063998e-01 3.757103745244814164e-01 6.725374398211545479e-01 5.135893578349201016e-01 9.542677842769764496e-01 7.699216640003019307e-01 2.298609977426712137e-01
5.993812166053109625e-01 4.626687899223391742e-02 2.342669080689652183e-02 9.607381111776317484e-01 9.162570676364625299e-01 3.208266219872109026e-01 1.218268866161782427e-01 9.817689447066333397e-01 1.503043834850386062e-01 8.695383368804616708e-01 5.114312360182651229e-01 8.218936322679675222e-01
8.019124860170918634e-01 5.946401654395744307e-01 7.480850983922954223e-01 9.862627746209434720e-01 3.634121555557796590e-01 2.974837236089784565e-01 5.823377902054909239e-01 1.042933309989588775e-01 6.287007784256255505e-01 1.822334785415548053e-01 6.383345253126293528e-01 7.636993990719385117e-01
7.216122523792984911e-01 5.112067825518492592e-01 9.535615714982155211e-01 3.551477185340627951e-01 4.331782648666677726e-01 3.553050072850564289e-01 2.053624364696483573e-01 6.124493931009882264e-01 5.318712524109787676e-01 6.243604658601138446e-01 6.244535665794814783e-01 5.379003398013449955e-01
8.912933907060958116e-01 8.824310888754707261e-01 5.217349648828184527e-02 5.477311378045249812e-01 5.393503844028294525e-01 1.744546907826350912e-01 9.091780759725113237e-01 9.384696996360548660e-01 6.242690744339323139e-01 6.351836585820939129e-01 1.619075461913584979e-01 8.674750556499232212e-01
3.482174422888640875e-01 6.694922434684927870e-01 2.787309567060971549e-01 7.540408078876719156e-01 8.848930257302980440e-01 1.888538938638961717e-01 1.661709539831639493e-01 2.633456123780297808e-01 4.092952982190128930e-01 2.697350933661898376e-01 6.375895721174374975e-01 2.234322702898453583e-01
9.126942221560317980e-01
8.222451324555575258e-01
7.293067331784225393e-01
6.327481207246563599e-01
2.629979944606664066e-02
3.603973444756418676e-01
7.874259520723208006e-01
5.945428878667154970e-01
4.562966376324270046e-01
1.033241043812135329e-01
5.577280149697759759e-01
1.133962828019841051e-02
ReLU
0.2
12
2
1.205357125914782168e-01 2.545398017629200149e-01 3.987821876075540173e-01 2.294960692285439308e-01 4.694917154094060407e-01 4.537656117145206780e-01 9.858284534159463819e-01 2.994447314810860794e-01 6.469402319477581820e-01 6.768636446694231701e-02 7.928197286092296681e-01 7.557502459709594111e-01
8.882981558677799372e-01 1.840728607913305614e-01 2.223134854843900055e-01 6.842188448773252052e-01 7.592655900059629426e-01 1.921122509988073546e-01 8.182537498645947593e-03 5.227455938900420485e-01 9.117848619326025528e-01 7.872181271842402239e-01 3.453607632679035477e-01 9.405650127549312067e-01
3.039646827467071821e-01
5.996055404868744221e-01
Linear
0.2

ct 2024-06-11 15:59:50.126422
