noname
4
4
4
6
9.282095822213420888e-01 4.117535827901153134e+00 7.591967771410505605e+00 3.467574676009687717e+00
-1.752244317864734890e+00 6.450151710946601114e-01 3.513122058381317192e+00 2.563118910232546899e-01
-7.222942799318356200e-02 2.679054208655826663e-01 -1.087639220227683889e+00 3.562385185248944652e-01
8.267299765365723196e-01 -2.462617987293476418e-01 -9.786474806821740202e+00 4.740692653697202164e-01
2.691290727870033095e+00 1.402913249647779415e+00 -8.142411597289498815e+00 2.169757636315448934e+00
3.045379282517923780e+00 -4.533291319693912302e-01 -1.143521070540232998e+01 1.315996884211928730e+00
3.596163324072725764e+00
-1.439402546458265597e+00
-4.905667892932678020e-01
-2.471599977037090223e+00
-6.709997791854935834e+00
-4.135800228327573436e+00
ReLU
0.2
6
6
-6.030577412843781682e-01 -1.532001833776762245e+00 -1.276746502415663231e+00 -9.977248384138562853e-01 -1.397409690490224454e+00 -1.468059815301308690e+00
-8.791415348915219141e+00 -4.473335648902471151e-01 -3.116699337431327321e-01 1.502046416711998233e+00 -1.604176913698176499e+00 -2.269890407324317780e-02
-3.034926861538083109e-01 -4.237853861153109136e-01 6.142942567105691420e-02 1.129681327090636435e-02 -6.073909527131289565e-02 -3.897637042783148043e-01
-1.358337882742060909e+00 -1.205239345666579309e+00 5.591149365307179764e-02 -9.366364013392967924e-02 1.981683320435145002e-01 -4.151113572796254550e-03
-7.415613327500583107e-01 -6.642755511927462830e-01 5.006469754390329152e-01 -4.043733526739149986e-01 -2.645275524247332033e+00 6.615457394646083733e-01
-9.344206671762256278e-01 -8.981646956484157229e-01 1.814762931289531644e-01 6.074261913532725404e-02 -7.469951317064783824e-02 -4.244875404978593614e-01
-9.400536625970902227e-01
-3.449451966597675057e+00
-9.023205801485294220e-02
-3.557910315257365674e+00
4.439417114375899587e+00
-8.989995284177144247e-03
ReLU
0.2
6
2
-2.464262104845137691e-01 4.825109149721531487e+00 3.697770089497168233e-02 9.102216130306862718e-01 -9.715045641697169776e-01 9.670634535931114592e-03
5.852597628584970124e-01 5.019119540618114605e+00 -6.950725432196089293e-03 2.059754602133776757e-01 -1.448472130221615695e+00 4.973647972564801401e-02
1.021604015573554847e+01
1.152445360901872995e+01
Linear
0.2

ct 2024-06-12 09:04:01.981085
