noname
4
2
2
7
8.737119560687851560e-01 7.246555315492276828e-01
9.882231249062515266e-01 6.056486001218471804e-01
5.162826720254360541e-02 2.981282549121271330e-01
4.266689854113355773e-01 1.955664944127576965e-01
9.136636285517200917e-02 8.751138709130786841e-01
3.474266895666671684e-01 4.550397400530548642e-01
1.026359151996800501e+00 9.035450926106897152e-01
2.794362983979530313e-01
7.439105260225571392e-01
3.963295418897764821e-01
4.694804017026449339e-01
6.993079027182967922e-01
5.011101804976523244e-01
6.240362437347120039e-01
ReLU
5e-05
7
7
4.051428231370751143e-01 4.821270075095883123e-01 6.108003943625115451e-01 9.566462516552581841e-02 7.415115319280473072e-01 2.618489496804384808e-01 2.397207457912394479e-01
6.865746946182965660e-01 1.059277197715674385e-01 4.875684397749487364e-01 8.376022617371639001e-01 4.519753544326642891e-01 2.623700032794746839e-01 9.358086442744144307e-02
8.232860973843468821e-01 4.809286753991730556e-01 2.645955365389397462e-01 4.590432245429726943e-01 6.424584898656074960e-01 2.987952175007018707e-01 1.082455389351705127e-01
6.140544566102437152e-01 5.452080403448572588e-01 1.556275869910462850e-01 3.032657417739265671e-01 1.715370443091682462e-01 2.137193603166737399e-01 8.408159824507182023e-01
5.806553951840697225e-01 3.617512319031554457e-01 1.105702272669792929e-01 2.079673896771906394e-01 8.566903621361021681e-01 4.809759573353969420e-01 4.543265281656501120e-01
8.945281795821988791e-01 1.925235884987565871e-01 9.512674407864365467e-01 2.893285836313187476e-01 4.495491791614809052e-01 8.962385179385805589e-01 3.847874955839788308e-02
1.120553101650642452e-01 5.465820146717254024e-01 9.146368062363539053e-01 2.074554785585845385e-01 1.502243823770361419e-01 1.633823541072731422e-01 7.538390458894388413e-01
1.030614902059939775e+00
5.264059289783658002e-01
6.191755611357331324e-01
1.950648408177254878e-01
1.225688557332528239e-01
7.891866996386501243e-02
6.728223400031597690e-01
ReLU
5e-05
7
3
8.906621149319420283e-01 4.500717718528854383e-01 7.359845011610582910e-02 5.834788070832899187e-01 3.581240634881076579e-01 9.154079115127468080e-01 8.187986999841054825e-01
4.923803823285605175e-01 6.136516083706937408e-02 1.117865998055923432e-01 6.268367654684497969e-01 7.685765494225220706e-01 1.924554850215903223e-01 7.963999747674481711e-01
1.316684116231098545e-01 7.600737591892268163e-01 8.028985824573776631e-01 4.265705467954659103e-01 9.430873751891323264e-01 7.921058702750594094e-01 8.422684827433074561e-01
4.849548427982908194e-02
7.716551819232414511e-01
3.916318003498721056e-01
Linear
5e-05

ct 2024-06-02 04:56:23.572303
