noname
4
4
4
12
4.579363322398811720e-01 -1.005853876660808416e-01 1.135766262079793032e+00 5.315399408950252091e-01
4.429832614582019379e-01 -2.509128952998627149e-01 1.100189959092228831e+00 4.054873143470950625e-01
-2.543160260428370956e-01 -2.602040013196231238e-01 7.113229036261294880e-01 9.684446486859641379e-01
-1.291448895626372551e-01 -1.045412471204373028e-01 5.634669003831763723e-01 8.698380370595302225e-01
6.588972189072502816e-01 2.954770873509761087e-01 9.600664088177879307e-01 7.939267935727306602e-01
5.709200539642547145e-01 6.822158147059023126e-01 1.167819652026071520e+00 1.046358755872681678e+00
2.799002426384027964e-01 1.996593995082077133e-01 7.934885336050984117e-01 9.507690549251364143e-01
2.169718957012518878e-03 1.033022009434912403e-01 8.256369055071840490e-01 1.008050215629514801e+00
5.795797573614194231e-01 -2.079358839214284771e-01 6.070158725278884670e-01 7.359011636075981633e-01
1.049929915221757548e-02 -9.620137986797781815e-02 1.180055061076276335e+00 8.014352010582094232e-01
3.320302014488966114e-01 5.573985174259557529e-02 1.343590422280135366e+00 1.018822057322221086e+00
-2.736288359896852512e-02 2.544163065649048816e-01 8.048524411383649602e-01 3.534666901964417796e-01
6.432589841949807319e-01
4.383514004999997660e-01
5.390081416544432180e-01
7.764136988868306499e-01
3.235062454252906478e-02
4.883307004173331189e-01
-6.479583596887947272e-02
6.489117474333565561e-01
9.222569577372986549e-01
-4.315735998591273964e-02
4.414263597548820361e-02
4.432396354623126256e-02
ReLU
0.2
12
12
3.258629626512762889e-01 6.343681952378958933e-01 7.910760164744844447e-01 5.965626414886747719e-01 9.090667826365503301e-02 6.841504659260195798e-01 7.281618701235933466e-01 5.861224169544904106e-01 8.324204521265956558e-01 -2.116520214321855609e-04 3.226377536087179920e-01 1.144232166145994489e-01
6.728410455134787860e-01 2.923977567093377639e-01 1.963908478620284004e-01 5.303585230152434438e-01 -1.812741403699722476e-01 -1.282530872709672920e-01 -3.603843182450658378e-02 7.339053990627999458e-01 3.893664438261714711e-01 -3.348707167411347774e-01 -7.157606235123785410e-02 2.487144057505113748e-01
6.545354631836028392e-02 9.068305716026505703e-01 1.969308216593307070e-01 5.822878315937214388e-01 3.467801764564306111e-01 7.683326585245405793e-01 -4.480255674604940452e-01 1.968278110218260601e-01 4.330717152118331859e-01 -1.866405084863993202e-01 5.719355719023123674e-01 2.550618540849546867e-01
4.357370149641724977e-01 1.051981809422500996e-01 -3.150733930473780670e-02 -2.461277033456605867e-01 -1.053913823807043071e-01 -2.333500841185613961e-01 6.876199005846335144e-01 5.870283129777752462e-01 -1.804997026700898843e-01 1.501309443199816129e-01 5.065159268161697481e-01 4.084913421168354652e-01
8.623235712317793844e-01 4.988685595617401991e-01 9.380741179201135260e-01 5.442567309548926868e-01 2.702588102691664829e-01 1.359072421103925954e-01 3.105736677005382362e-01 8.615270690214265059e-01 4.630254369483582377e-01 -7.037727333008025887e-02 1.270011557695135407e-01 5.725945595449837278e-01
2.659437719529793576e-01 2.402982773394333194e-01 4.600364915697519042e-01 1.375282168166822305e-01 -5.953493430744459525e-02 -2.762732993019746952e-01 -4.303544745141577588e-01 -3.854149602104582351e-01 -1.854780639445178236e-01 2.645742491218034398e-01 3.871410279456214409e-01 1.720612929777532440e-01
2.407413225790809297e-01 3.998058515321324391e-01 3.476131724289090175e-02 4.814854763878225197e-01 -4.470946190103270435e-01 5.632973527030311900e-02 4.576211502373828677e-01 5.486042008176683638e-01 1.166609305621626597e-01 4.803153634759586565e-01 -1.896774893732048328e-01 7.085137776729797388e-01
4.012695634377022036e-01 3.780813551167688802e-01 6.055532981370769230e-01 -5.738346556204126231e-03 6.507601821064018521e-01 3.231309470825599606e-01 3.801189838872848781e-01 8.506739914753487231e-01 4.357482679316391216e-01 6.055438451143406731e-01 -1.115477000570207732e-02 -1.377301735778930503e-01
3.141529294083586499e-01 2.330132418848011311e-01 5.775468472121833008e-01 1.053482387020421074e+00 -2.431348927502911469e-02 5.615432087877559458e-02 -4.985596255869139126e-01 4.391644789130157434e-01 6.501611202303820836e-01 -1.621920110314248320e-01 3.418930728831528487e-01 3.694226056846083156e-02
6.319121817141450936e-01 -1.433825468136165904e-01 -7.212737349654271823e-02 6.052059744977369427e-01 5.997280137256497667e-01 9.648608617759917017e-02 -1.628147720011910993e-01 1.788688375037369438e-01 4.310191630484874747e-01 1.683263074137845150e-01 1.751045822430448429e-02 4.473477752450020772e-01
6.963735031141232712e-01 1.380927449117475281e-01 8.008561623878500679e-01 7.841710138602185909e-01 -1.378961081703257152e-01 7.947215269270802018e-02 -4.049928037010641635e-01 2.769931620685134321e-01 8.320536618920214567e-01 3.108478782449935474e-01 4.878344928176014395e-01 3.677920101593010194e-01
-4.606220011915971302e-01 -3.995950436662393801e-01 7.353817296279704929e-02 -1.321360374034953877e-01 2.942911997326611573e-01 -3.064167887260646483e-03 -6.756739559746482993e-02 -1.167638994021273358e-01 -3.445318291205868855e-01 3.996411983655069888e-01 -2.864198241988361593e-01 6.138651854639343153e-01
4.425891923074068424e-01
6.801431597429933307e-01
5.915962288962505200e-01
6.877647797891921211e-02
4.745517485264617030e-01
2.722008541266895398e-01
3.357633105236411675e-01
8.063333884740016000e-01
8.764348868934674908e-01
-1.504337330966878383e-01
2.640176297084863566e-01
-5.076013166534756316e-01
ReLU
0.2
12
2
8.346748688248458725e-01 5.313289754353088812e-01 7.531222062089917291e-01 1.745239793775380521e-01 7.007883039568334471e-01 3.704615966703838636e-01 6.057396527769505212e-01 5.016271309330898598e-01 7.953227347917807277e-01 2.858918148056498465e-01 7.438807910380756949e-01 -5.562186143274333583e-03
4.614303240026909614e-01 2.361255615592267043e-02 1.304371892029714819e-01 2.346524065087807476e-01 4.296012799251588410e-01 -1.252089801709210248e-01 -1.989105045619838363e-01 3.589931764418944904e-01 1.502846817372422150e-01 -1.134447557160888909e-01 1.075690626540244527e-01 -1.736019234203134975e-01
3.273978239108934485e-01
4.262136696093268284e-01
Linear
0.2

ct 2024-06-12 14:29:01.587520
