noname
4
4
4
16
-9.485567225045619111e-01 2.579384854399588978e-01 6.996161904842601587e+00 7.622651849586448147e-01
1.090761551040019262e+00 1.147912175574664628e+00 7.668511187526658168e-02 6.406773290379115249e-01
6.720126591488340129e-01 8.913067624716777271e-01 2.120077054634091684e+00 1.435925011956249997e-01
1.960639481101723591e+00 9.371618665395438086e-01 -1.034479533401914786e+00 1.275405697661782689e+00
6.937452642629641231e-01 5.045640230687390426e-01 3.233002061837050856e-01 2.780908781334202606e-01
1.634690391369002738e+00 1.788795290515050151e+00 3.031618095082673658e+00 2.197166517505310335e+00
1.551046976983686543e+00 7.033692631795864791e-01 -1.919690805179294080e-01 9.148575929881573865e-01
1.437261325732322570e+00 5.057070155806648870e-01 3.636484613596333709e-02 3.162532039752151136e-01
4.738018906843036171e-01 1.065464112997055901e+00 2.675888186423928339e+00 2.497250440123014240e-02
-1.772214145551298969e+00 1.908924208131828060e+00 1.086297348524768047e+01 1.238863294471586496e+00
1.757573401250656087e+00 1.207289661203384767e+00 1.006845243570917203e+00 5.561188207355920454e-01
1.738883449447603757e+00 -3.613203611055594289e-01 -6.813423622938232782e+00 6.585340582285166278e-01
1.121420309111366587e+00 1.441119531575434820e+00 -1.332444391704247777e-01 7.861091215371370788e-01
-3.352954542036650221e-01 6.690004688448408787e-01 6.558893494463835516e-01 3.566511075520539809e-01
1.871174084334831234e-01 7.837092706798000075e-01 3.533471607134064940e-01 2.447335249658796619e-01
9.418773429502212968e-01 9.207099026540775943e-01 1.618971691587203221e-01 4.391186803350705659e-01
-1.138767996510740010e+00
-9.165358698348946564e-02
-3.778748929915865529e-01
2.305948471059907356e-01
-6.885755517033161077e-02
1.825550586459296021e+00
2.064696802903469575e-01
-6.531911679655746927e-02
-3.204660388018444883e-01
-3.766305503820990275e+00
1.061776430493311663e-01
-1.816239907609403792e+00
6.310809763580883802e-02
-4.936696521507394908e-01
-9.189615287440436320e-02
-7.341621976786315285e-02
ReLU
0.2
16
16
-7.178221383566394387e-01 -1.114640660026841479e+00 -7.804952911729368115e-01 -1.296920533805410614e+00 -9.653141537029521491e-01 -1.727637243019844782e+00 -9.957109895546890632e-01 -1.347640082334069067e+00 -9.078601435652597917e-01 -1.584619852582077160e+00 -9.849023712090442251e-01 -1.234980858925304847e+00 -1.026672617192801784e+00 -1.251601086879421842e+00 -8.384668242367427915e-01 -1.713519299071694535e+00
-7.514245688478634611e-01 -4.382134734722185065e-01 -7.069182498457002861e-01 7.985209842158867699e-02 -1.678849949366453820e-01 1.224736472270795129e-01 -2.733207751753337633e-01 -6.309854820590269364e-01 -4.984798151717445558e-01 -2.588410028706769062e+00 -7.094113413035184612e-01 -1.426575123189758543e+00 -5.322706147672233712e-01 -9.835518735787456279e-01 -5.795485811131180220e-01 -1.617389937942796951e-01
-1.759746538899343182e+00 5.234689140391006745e-01 2.437699297146818656e-01 1.683836664488030238e-02 8.158586916267221434e-02 1.372393302372046264e+00 3.595308562050973378e-01 -1.534548762533171906e-01 6.451152858756370456e-01 -3.723386675495690579e+00 -3.031782689635701411e-01 -7.706854687394241177e-01 -4.537615506667564969e-01 3.501615724534023338e-02 -2.607203324436614400e-01 -1.866743372851556171e-01
-1.430700927547689627e+00 6.074803558035032358e-01 2.556346120231695052e-01 6.439241501911986409e-01 3.168050731700376432e-01 1.754317333463572437e+00 4.943596998494050321e-01 2.520495314758798289e-01 8.902900532235927811e-01 -3.600695582734403821e+00 1.456615577364554215e-01 4.128887732977863656e-02 5.988819382384837908e-01 1.466817023806500295e-02 2.216306027484586660e-01 -3.218361865480788564e-02
-5.126880581177815088e-01 -8.586613712394154385e-01 7.076066293610058788e-02 -5.397763997779594369e-01 -6.546292870940138009e-01 -3.015072812520547263e-01 -1.158717429018330858e+00 -1.460953204210718948e+00 -1.037843940370324791e+00 -7.115768127829061873e-01 -4.786537527511934842e-01 -1.549504128983431928e+00 -1.028329896141446431e+00 -1.329742018175411156e+00 -9.054703682299779510e-01 -7.627226505208857255e-01
7.522334798013648183e-02 -9.551454395653349305e-01 -3.633935747950203798e-01 -1.424869803443669980e+00 -1.449945480325511848e+00 -1.151334520412374385e+00 -1.050857759665076774e+00 -1.590141895815756712e+00 -1.091065746615597520e+00 -3.470387812091039748e-01 -7.845498924771944216e-01 -9.932616343777080914e-01 -4.802782862408959130e-01 -1.668169872320472313e+00 -3.646273054507854772e-01 -4.595503297519455965e-01
-1.068473708377371434e+00 -6.420962749610135134e-01 -4.143382609196438748e-01 -8.427016812795883050e-02 4.764831515186160327e-02 4.669878814040919202e-01 -7.432218431821291382e-01 -1.091092824260886107e-01 1.966872551451845641e-01 -4.279495226806653285e+00 7.061592120558528307e-02 -9.707215892824136994e-01 -4.451693095782947585e-01 -2.822515351189999744e-01 -6.531638470672109786e-01 -5.025222249243400663e-01
-6.702981089349964172e-01 -1.444706330234351299e-01 5.167753337563250060e-01 -2.436146105608199552e-01 -4.446774926621642754e-01 2.503238131083532214e-01 -6.707954646629962214e-01 -6.060945897618307265e-01 -1.955473850901486010e-01 -4.614323324316703889e+00 -4.958514848405083386e-01 -1.146602742345518289e+00 -2.475001116280256264e-01 -7.964535351015415987e-01 -3.829063406720254470e-01 1.505740344462252189e-01
-1.196734452063479059e+00 -4.162381419706336350e-01 1.709316254717057129e-02 -3.956569421622496141e-01 -3.659757127208573269e-01 5.216222597798310101e-01 -5.805758881873498423e-01 -6.789962330934157242e-01 -2.240480723765604365e-01 -6.548455313350215690e+00 1.247018945996370039e-02 -1.378064237854099483e+00 -3.764316960919132926e-01 -2.043904917955104150e-01 -3.045262980396356012e-01 9.150111277707856372e-02
-1.502295024382483302e+00 -2.616503292477385667e-01 -4.499480285701391857e-02 5.403706344540544215e-01 -5.136970380422389154e-02 1.887840885476081976e+00 4.828801596812121177e-02 2.125828231097856014e-01 -1.871633092256297093e-01 -4.267865864435643530e+00 -1.396006712623672208e-01 -8.846830821422952962e-01 2.970480838293371173e-01 -3.098826005029130595e-02 5.252655709782045879e-01 5.025868857474207196e-01
-7.555624316455640255e-01 -5.904327653138007337e-01 -2.547266653517222812e-01 -3.340512730964531607e-01 -6.547699069699216556e-01 5.650232267654239360e-01 -1.017034872923284067e-01 -2.730972146971478720e-01 -6.707709995291200045e-01 -4.040514483003692092e+00 -5.481088750306993551e-02 -8.027872540452055672e-01 -1.353114965584403528e-01 -3.585887737147905874e-01 2.497423669505945965e-01 -5.006880152928152583e-01
-2.120709595008878345e+00 -2.749407769522671866e-02 1.840059870590901037e-01 3.848517830613920054e-01 3.330309199744543314e-01 1.651677597556947541e+00 5.046331062401495648e-01 -3.558196657074030184e-02 3.688848313589856431e-01 -3.891445770429746709e+00 5.193497801659445745e-01 -6.427834168587615027e-01 -1.682228172287835166e-01 4.178817883752630052e-02 2.097107572795098296e-01 1.318890964371509933e-01
-3.148123241605530476e-01 -3.787915378074954709e-01 2.810453590068973106e-02 3.853598072339856507e-04 -2.585845512714968764e-01 -1.338757461825425821e-01 -1.713208194616803737e-01 1.904668387167319787e-01 -3.628040725287885043e-02 -4.040229386137982104e+00 -1.492465964043458437e-01 -1.016356614909215361e+00 -2.142026061040370188e-01 -6.232115214944019543e-01 1.495156626574895564e-01 3.035674199356146463e-01
-3.745136170087047800e-01 6.640450137630218852e-02 -3.977136488594014141e-01 4.433055386158845507e-02 -5.184224419342144952e-01 -3.383688492888624610e-01 -3.154578303857378807e-01 6.202679350013939885e-02 -5.673851217141746561e-01 -1.669717498055895977e+00 4.458957407939230788e-01 -4.998984079050027840e-01 4.580552173879747727e-04 -4.683533288245721876e-02 -3.626397960631545514e-01 -3.107792539744136939e-01
-1.120746181692217291e+00 3.474743601398339599e-01 3.113337751582076485e-01 2.173246098245470437e-01 -1.057463695687123062e-01 7.385483920422341031e-01 2.168545961017177559e-01 1.866427565119473386e-01 2.528754497503390430e-01 -3.731311608547613456e+00 2.208080187341436573e-02 2.803079979100312480e-01 -6.184733070334551275e-02 7.179488694100835330e-03 6.485583510469378199e-02 2.857586189831088155e-02
-9.945928883911703267e-01 -3.024077365990004984e-01 -6.462617638568693978e-01 2.536989315886483687e-01 -4.270177775087324323e-01 -1.252419426125480351e-01 3.734435200457043857e-02 -2.826656078120912685e-01 -4.108808103406261791e-01 -8.057613501659277588e-01 -9.555262658681896726e-01 -1.487049470488786218e+00 -5.023816487311699719e-01 -2.496067678994793870e-01 -8.275443816061318625e-01 -1.128884142126746370e+00
-1.544952597275615513e+00
3.175503087895903964e-01
2.029938802281765486e+00
2.773548522157955887e+00
-2.824209716235556722e-01
-3.292993336726782010e-03
4.148850785704456534e-01
6.752642504416027647e-01
1.511638933898285853e+00
2.924276677824904969e+00
9.869577076023638984e-01
2.239790317095908811e+00
7.521648020006485025e-01
5.264160368800480105e-01
1.550569462548442523e+00
-6.433884887436024380e-01
ReLU
0.2
16
2
3.881248306402197978e-01 1.009193168627685322e-01 1.058582546655448153e+00 1.293526799692307661e+00 -6.719317976298054551e-02 -8.624062274329458155e-02 3.155029576395253499e-01 2.221758999416217906e-01 5.183612260514721681e-01 1.446611570960925519e+00 4.830944391666674997e-01 1.295802597490953501e+00 9.119265138383403357e-02 -9.897242788652871326e-02 5.789574655806991599e-01 -4.461940484156204367e-01
6.633072346806482278e-01 1.820848597151388318e-02 9.587573190975261506e-01 1.429186296691631108e+00 1.638166817185862933e-01 3.614925072664427197e-01 1.002201623389247370e-01 9.798745917324168386e-02 1.839670139186950215e-01 1.311376276348216630e+00 2.311584222798364063e-01 1.246540461233702768e+00 -2.696725628551679271e-02 -1.135749525929643095e-01 5.488608937502864604e-01 3.353833763985045735e-01
3.398391496329163708e+00
4.221476701178506374e+00
Linear
0.2

ct 2024-06-03 18:49:56.845323
