noname
4
4
4
4
-1.968399180640093116e+00 2.767281753317663018e-02 -1.027821914083150157e+00 -3.539521549300835845e-01
-2.523698220708098017e+00 -9.667702510603950472e-01 -2.047535936130874923e+00 -1.538264376836300240e+00
1.835547135166019084e+00 -3.976915209027394038e-01 -2.973756279168424221e+00 -4.180601989663933482e-01
-4.380234759103032616e+00 9.119916507348473367e-01 -1.561178628699320337e+00 -3.424115363927144329e-01
-7.699753202060209967e-01
1.107164855046030016e+00
-5.994709389149858181e-01
-4.654460180630246025e-01
ReLU
0.2
4
4
-4.570464815025364613e-01 -6.038732028484362635e-01 -7.774144319983199436e-01 -6.032208901080603480e-01
-3.527985573648066975e-01 -7.254454275010681075e-01 -6.208730594021449889e-01 1.078122501680987000e-01
-2.315648629790012236e-01 1.341562252709485870e-01 -7.016589838884499386e-01 -1.561724797438353851e-01
-3.803693267759258867e-02 -6.201074375662164462e-01 -3.188258775410467427e-01 -2.096188831452729384e-01
-4.627510259577739538e-01
2.008984342099742637e+00
-3.965617117854577933e-01
-5.684725113720094924e-01
ReLU
0.2
4
2
-4.047672398890104772e-01 1.069481595543784191e+00 7.504062704526877087e-04 -5.602331470269152902e-01
-4.413938086810115791e-01 1.085836210258784629e+00 -1.318062861173402711e-01 -3.970556417553871009e-01
1.464420989244012761e+00
1.307180678387406925e+00
Linear
0.2

ct 2024-06-11 17:49:43.974291
