noname
4
4
4
12
2.922523472018758728e-01 1.708145720812012547e+00 -1.367312350012433564e+00 1.042312591230184271e+00
1.052507326112951946e-01 -1.086285754147316429e-01 -6.072306907054365599e-01 1.562955545660301704e-01
1.709867381001584308e+00 9.769441610227770356e-01 1.052959281130336544e+00 2.550826455919133817e+00
-1.672262603970617212e+00 1.823171826030108855e+00 -5.740614737795871614e-01 6.272855689212157859e-01
4.204826233956902026e-01 5.354221130622878189e-01 -1.428935457899564998e-01 2.293120012030664123e-01
-1.202627371723724137e+00 5.886118637056921843e-01 -7.646098938684943447e-02 4.514170107281527122e-01
-6.056834713463456893e-02 2.606075140107240729e-01 2.147018829312926869e+01 7.262834913229869738e-01
-2.504139858694689469e-01 2.927311046228180946e-01 8.510677707984791451e-02 1.630569466450045579e-01
-1.698227311455575039e+00 5.989941755675343149e-01 -1.546510338978101418e+00 3.875344051115241217e-02
2.570048947656471849e+00 2.251614341904278671e+00 4.405885693333723374e+00 2.192797203651513538e+00
-1.742970060801880827e-01 3.432527800139886232e-01 -2.327482408556635074e-01 1.933322052703579097e-01
-3.123215268331693828e+00 2.419358080960404001e-01 -1.488671450071470836e+00 -4.585682938744619491e-02
-6.584737085035178294e-01
-6.458369834143202759e-01
9.471708562492348049e-01
-6.044851279613659978e-01
-1.343013992220895902e+00
-7.255486539828569503e-01
-4.392768913617751458e+00
-3.784541631097715908e-01
-1.345047122205913936e+00
1.839927111833739470e+00
-4.716550096392769231e-01
-1.184109647948542010e+00
ReLU
0.1
12
12
1.141135963429115163e-01 3.360658692693533345e-01 1.542109422175836242e+00 3.199310638314089017e-01 -2.322162408272317180e-01 1.548509865659626894e-01 -3.681696595982803633e+00 2.769219798753111764e-02 -6.587208570760491044e-01 1.421857828840357829e+00 2.485703108433451602e-01 -4.277211510546824469e-02
1.228583392677179864e+00 4.664445033424617360e-01 5.294666628509215878e-01 3.945808348569072033e-01 4.547257571768489881e-01 2.915348494397808632e-01 -6.770558085520553604e+00 7.789003126949106681e-02 -2.798017469716959638e-01 -1.430577620651035664e-01 -7.881930941215452291e-02 3.628844186544909478e-01
8.294743155529861189e-01 1.103757660051896350e+00 6.706883280996515095e-01 3.404054229909089790e-01 4.741891585265807785e-01 -2.842701318755718742e-01 -4.339985873514694781e+00 -2.339743152727226383e-01 -1.084500306943161213e-01 2.225026546755298484e-01 -4.862458714128686799e-01 -2.572516480563837860e-01
1.974236716089223242e-01 -4.939714357470496586e-01 6.567812511908552864e-01 2.543139370939109453e-02 -1.013665818416801034e+00 2.407548847489564825e-01 -1.151345286124395173e+01 -4.921164033597898446e-01 -3.790790394951539799e-01 4.582365288901307232e-01 3.170147024304380001e-01 -3.430716847230827482e-01
8.657514421554916018e-01 5.874251813070865413e-01 9.746824371535392495e-02 4.883387319273086447e-01 1.731779194427090704e-02 -2.952640837843416022e-01 -1.039130446720870182e+01 -1.198903788899155359e-01 -2.829526831161632838e-01 7.063864590260282572e-01 -4.336077356820502993e-01 7.276693158388630733e-02
-8.308236786366174353e-01 -4.895428781157404874e-01 1.169665288055423275e-01 -1.937505273167512421e-01 -1.418044943899444410e-01 -1.417256429154244435e-01 -2.959744765377743114e+00 -2.235878304758245894e-02 -2.415165432885582608e-01 -1.036520577123073661e+00 3.035398066775794046e-01 -6.082547500525495865e-01
-2.688391258485319235e-01 -3.783127334673582753e-01 3.731082992226089634e-02 -4.708717672477867877e-01 -1.915750394130668055e-01 1.510208591652400512e-01 -2.476936069654310568e+00 -2.487799183830916028e-01 6.517965430776355429e-02 -3.108658285080869166e-01 6.615300463691307087e-01 5.765894780580526485e-02
-4.125462645631894354e-01 -7.671673258644668980e-01 1.028282397438919249e+00 -3.681395636555974682e-01 -1.041480822271527495e+00 -5.216813011404530104e-02 -1.593562182353214141e+01 4.629430987906245631e-01 -1.540326128654149418e+00 1.087444586087510601e+00 -1.803872903958979312e-01 -1.097025539356154988e+00
-1.343283281086889547e+00 9.808710823493504982e-02 1.994386964770010762e+00 -5.993145991752057977e-01 1.785141691888151860e-01 9.812471931385179091e-02 -2.928185641277033291e+00 -1.067011509951886067e-01 -6.237485223397332135e-01 -3.445519655865185271e+00 2.364778808831023149e-01 -1.066523708423539496e+00
9.358301803558971566e-01 2.327879976143282237e-01 -3.849929704703120681e+00 -2.646319002069602022e-01 1.730094890927444951e-01 3.805507083853837957e-01 -1.115338752114296339e+00 -4.407200384243152858e-01 -3.099465093756079703e-01 -6.776634567127679531e+00 -6.079874382093506530e-02 1.523249804616203074e+00
-1.682579239351728262e+00 -7.678697034204859939e-01 -2.230531781353795928e+00 -3.527444859144552858e-01 -5.840997538524537180e-01 3.432575050415893024e-03 -2.566855309934862994e+00 -5.907755635977781639e-01 1.555342546910446211e-01 -2.096425216945842163e+00 -2.513381429114412424e-01 -5.103822722935293793e-02
7.520068309373320048e-01 2.590180606267692420e-01 -3.291134884154639506e-01 9.292254652389449199e-02 -1.063667280530268267e-01 -6.421201652067902443e-02 -2.958272555518940194e+00 -2.154134302694825365e-01 1.760602945490159499e-01 -1.812057281259396302e-01 -9.721840645463093733e-02 1.460569051708705303e-02
1.201816133570871470e+00
-9.120282280309059963e-01
5.559396987071413276e-01
-1.306171960863422798e+00
-4.175096211887824871e-01
-1.397046609222203806e+00
-1.539689333390326376e-01
1.482338551927807335e-01
2.859576722059214426e-01
1.043671105295405521e+00
-1.959847260849356898e+00
-1.693653463495169986e-01
ReLU
0.1
12
2
1.617509945235623192e+00 2.178092111502051564e-02 8.129190479431874783e-01 2.213217909862142674e-01 3.814163305180068297e-01 1.607704772666786741e-01 1.863181176038878895e-01 2.360478661546057122e+00 9.490067888116859862e-01 -1.676898820873806040e+00 1.719839908901450221e+00 -6.801580496425416178e-03
1.841219812782364240e+00 5.870606694780501345e-01 5.446693351920114390e-01 8.332316677940712069e-01 5.384025434623910256e-01 1.200487318124704578e-01 7.735561948177310798e-02 1.102279404837221088e+00 5.577785056945854247e-01 -1.214765063003845569e+00 -1.377725428005315500e+00 1.751595431676962744e-01
7.790010348395644435e+00
6.456267115875840901e+00
Linear
0.1

ct 2024-06-11 12:08:39.557932
