noname
4
4
4
16
4.150768171601002671e-02 9.441663278278586979e-01 -9.895293350484335448e-02 3.149113752754198470e-01
5.897510231186413598e-01 5.965094745844744528e-01 -2.788979790339210507e-01 -3.809872280464784433e-01
6.914343352835059520e-01 -2.782956848424404661e-02 -7.874303614288348518e-03 9.251491656339305703e-01
3.503473977143588547e-01 1.492743480379080889e+00 1.752452431633679253e-01 5.800058803267381657e-01
6.818115437710786653e-01 4.433798848227171741e-01 7.254784852159004704e-02 -2.693022715378347587e-01
6.299090046528943443e-01 6.549959843052625130e-01 6.003446531111892304e-01 -5.085341596694575861e-01
2.290596267371260153e-01 -1.640749863319482804e-01 1.853018790273262550e-01 5.910966471794277810e-01
7.943379699139264671e-01 5.996843863298940702e-01 9.475181333162260300e-01 -9.735957939419150053e-02
7.722746299765753664e-01 3.897632251885932986e-01 8.486661167645616066e-01 -1.871261287882372004e-01
6.030576713013728885e-01 -2.098787097046927314e-02 1.826175333485935970e-01 6.706014481230961888e-01
8.095937745646938910e-02 3.045737689961669492e-01 9.260090509855677388e-01 6.426378538661084994e-01
1.602619186642608162e-01 8.250476762726471902e-01 4.482775326414164541e-01 2.522716854341743864e-01
4.876316040247877792e-01 1.441043317385912736e-01 5.244741772232196508e-01 9.489363465628972705e-01
-3.946326535076822295e-01 2.718989869327950726e-01 4.304142293735400138e-01 8.985948675316680623e-01
-8.584597337477499479e-02 8.748936800844896444e-01 4.294924527088443411e-01 -1.993753589152774397e-01
4.081201316598148110e-01 1.531739724674600733e+00 3.337800723667425085e-01 5.628267517103286988e-01
1.872158250162837545e-01
5.662851352429633112e-01
5.855243179090271477e-01
1.785933535939689953e-01
1.124026731736773171e-01
5.365901577015866897e-01
7.314502543462750861e-01
7.179827138044453383e-02
-6.440856872973682590e-02
8.697918842219521940e-01
8.668333094131649430e-01
-4.471778990102859841e-01
4.810285389791421062e-01
4.067594450440452647e-01
3.531428347362248754e-01
2.691981703363995337e-01
ReLU
0.01
16
16
-3.585652016337739223e-01 2.771917998679789830e-01 3.736053441144503995e-01 -1.312836211320902724e-01 -2.047389410864614567e-01 7.938211527642209386e-01 8.996469361231530515e-01 3.165519602778474328e-01 -2.969807838671076894e-01 5.639234014052932897e-01 8.691097768423886039e-02 -3.273524494921809525e-01 4.405549359244326918e-02 -5.942004936104149093e-02 -1.087345860329215624e-01 9.995648516389402105e-02
1.852663502963045605e-01 7.346752054464334991e-01 3.098998122898439789e-01 3.136704383710201549e-01 -2.424154620423893958e-01 6.433099924190279761e-01 2.102365092546951142e-01 3.000114564758604718e-01 1.245400805028156754e-01 9.644406711025022005e-01 6.817995624574069158e-01 -4.729888142741264789e-01 3.910842775509202895e-01 3.173593505874783283e-01 -9.297238683702226114e-02 2.676319537278849525e-01
-3.643528932609627069e-01 9.429957381693641061e-01 2.434332461666719460e-01 5.935086064962691310e-01 -3.700798305836036639e-02 3.204201378455918958e-02 7.844230808530253674e-01 4.404492767427319322e-01 4.991166871346892631e-01 6.660361001922655566e-01 6.566611766287870910e-01 5.195093605144644744e-02 7.522189963488651321e-01 7.471409725457948126e-01 3.929364573132961003e-02 5.515446419451138782e-01
7.092489796083824294e-02 -9.289795282897733708e-02 6.928010914254831842e-01 -1.435357797711097061e-01 -5.340674013515451790e-01 3.812678644078161261e-01 3.522932377831511919e-01 -3.020441044336233394e-01 3.129919230159786125e-01 7.570573841847418883e-01 8.944619457696811882e-01 -4.149265133577323406e-01 6.074920898243113543e-01 7.635435138236347230e-01 1.082770341306251854e-01 -3.502897380101364089e-01
3.097875523237857975e-01 7.182104599075758156e-01 7.940367641463601522e-01 -3.896741535360923048e-01 2.730442435582582927e-01 5.824286269951821637e-01 4.459089893129742910e-01 -2.800329992630687381e-01 -3.880163848258741943e-01 1.069653403806455794e+00 5.299102212995855377e-01 -2.292124183670874449e-01 4.047672411479168453e-01 6.308715869488631389e-01 -1.002417291392228155e-01 -2.786513294648347849e-01
6.452989617123555677e-02 7.362663914807456855e-01 6.155441345866305980e-01 1.258937674710471910e-01 4.805949206144911612e-01 4.892141555183521784e-01 2.833199103327673773e-01 2.467918587162420407e-01 1.568910802878607791e-01 6.758089745959118266e-01 7.649363364290587830e-01 -4.464585250938923333e-01 4.932591423427176713e-01 6.532033111001986914e-01 3.979615453891373611e-01 7.121904466285513546e-01
3.313736829437992082e-01 6.611796763186533754e-01 8.598039598762990954e-01 -7.477395188243696200e-04 2.201190310590305510e-01 -1.185604104850581098e-01 3.238136542484602032e-01 -3.558371491963074895e-02 -3.508126628841867767e-01 9.086008448503635204e-01 5.541854237337193734e-01 2.035203869463302895e-01 9.881689747718396255e-01 -3.745374281470448957e-02 -2.424355011936441540e-01 4.108841857849346857e-01
2.886638412262532150e-01 6.235153897427613279e-01 5.004459660952991218e-01 6.079816585596269085e-02 5.377396844677966303e-01 2.445459484525042693e-01 3.227271489982799224e-01 4.122504235328341982e-01 -9.257434850967483086e-02 3.056085420312610879e-01 7.335567281862465094e-01 -3.319106685170284954e-01 9.487239053752341000e-01 6.878157566297700143e-01 3.880475290051851323e-01 2.532630256825396664e-01
1.494958047312616722e-03 3.386892953370984616e-01 2.774753599451530439e-01 1.958953071909987353e-01 -4.247806711015871262e-01 2.813836046336120056e-01 9.327114193073783310e-01 -2.712344667852071844e-01 -4.733327154009014937e-01 1.762605910183801805e-01 8.576718625034286392e-01 -1.322624268629029043e-01 1.090182329443481202e-01 3.165553256815919481e-01 1.248309777086446803e-02 -1.968333934647500116e-01
1.230459405513156801e-01 7.525786393135464047e-01 9.292101521787653473e-01 2.308223376229297935e-02 1.968804861491773028e-01 3.390935884926490895e-01 9.290559874575601285e-01 3.815510653372887195e-01 1.794008938591461905e-02 8.794173315573076133e-01 1.098472655205196130e-01 -4.076068641722918606e-01 9.230656114029728299e-01 7.924054049627693441e-01 3.803472799943520832e-01 -1.145630510502133187e-01
1.355917126871069578e-01 3.518834079745495336e-01 8.920776874609319673e-01 -2.981887119980296541e-01 5.392067253277507133e-01 7.173009092266863229e-01 4.377713654508978980e-01 1.292037987631922680e-01 -4.516617542035372135e-01 1.038910828138337905e+00 6.669082508517837349e-01 -1.752326002506853775e-01 5.730206937235340914e-02 5.712119682579502866e-01 1.900623424083596469e-01 -2.764739039129525122e-01
1.973892294001753089e-01 5.812372590120288285e-01 8.363269527776794332e-01 5.398610423879997011e-01 1.888975815988783724e-01 8.870180601850545798e-01 5.753027752607062784e-01 4.511522451457913307e-01 -3.418478226736698655e-02 3.249482483907932817e-01 8.222208484163063824e-01 2.091944774879745950e-01 6.233767480671582595e-01 6.165753554066635278e-01 2.398666885037865071e-01 3.098927635604410424e-01
2.460575894914329986e-01 9.517224786822711113e-01 9.237080601386383760e-01 -1.979624976740826936e-01 4.005654367065659971e-02 3.009232715425886884e-01 4.290654233844335419e-01 2.263855983531180560e-01 2.625238442084938395e-01 5.285375157314160521e-01 4.398248033193819517e-01 -4.531132683675051509e-01 8.424122768090669400e-01 5.280709516121239178e-01 -6.654751868910027679e-03 -1.496635759108317087e-01
-4.628492341903048812e-01 6.661278929314048414e-01 7.616381143467622350e-02 1.460822462409901434e-01 2.048139333965678099e-01 4.496454389645644367e-01 3.013902864934083770e-01 -3.135676682172824359e-01 2.209753448377031748e-01 9.383920048372287326e-01 5.504121876674900049e-01 2.567257929430072916e-01 6.486987076290722243e-01 6.035404327584954487e-01 -2.080421477058757018e-01 -9.360718106424302520e-02
-6.198409700662445287e-02 2.350629292359018296e-01 4.629649308483010928e-01 1.445392054826803718e-01 1.520059616474728759e-01 2.227322659587859244e-01 7.320608925967231340e-01 -1.849302561036967329e-01 1.124557584274863548e-01 3.584946896532747451e-01 4.068133084312479664e-01 -8.259815008847973261e-02 3.598039229448587450e-01 5.025402102083817990e-01 -2.246574078513385031e-01 -5.575667909615389384e-03
-2.201478059090822281e-01 8.493265339961935112e-01 6.286636480208939171e-01 -1.280971375001764556e-02 2.817083365346734203e-01 4.213784529948804147e-01 1.055639285405111982e+00 2.693937377521521404e-01 -4.738566152267070231e-01 6.054264611527731405e-02 1.924811774508606854e-01 -4.706621654088937179e-01 7.757490612889857973e-01 4.298300328718362429e-01 6.354212981197242538e-01 -3.559324919129538967e-01
8.505041408014307747e-01
7.799645077837400464e-01
1.885743129965257447e-01
6.475569039757453904e-01
6.743190677279540246e-01
9.217517309969596173e-01
8.639886737812121908e-02
2.047661958865869547e-01
3.641618152210197579e-01
1.110882653360312666e+00
6.020108688704730593e-01
9.169996960198839586e-01
2.319166543558117133e-01
1.701264594715772016e-01
4.411787755620945051e-01
3.441685150929191250e-01
ReLU
0.01
16
2
8.156987742885961623e-01 1.210241050610459945e-01 9.263899699323440151e-01 1.991642551958876517e-01 4.544108005115125026e-01 4.627756331580533677e-01 5.782567353182631598e-01 6.329363691578953066e-01 5.532399709732688242e-01 7.850536999020334417e-01 5.259779756602637191e-01 1.546550365573868269e-01 7.363762629277703642e-01 -1.778208893201591589e-01 5.273470919595568684e-01 5.381400931792738040e-01
-8.183483432381677414e-02 4.399587410292735701e-01 5.473535871519888962e-01 5.751475443091292883e-01 2.599867573977333590e-01 8.347548512062654691e-01 4.240396611804567728e-01 4.788606390871747998e-01 8.196599465702718579e-01 8.974217043762641177e-01 4.476003931103769706e-01 8.734494338366636246e-01 5.033577520872948297e-01 6.071012704860585529e-01 1.449633546694142905e-01 1.570872536983989320e-01
9.750821524355764991e-01
6.556766128167397234e-01
Linear
0.01

ct 2024-06-03 12:25:34.281229
