noname
4
4
4
10
3.526024885302183609e-01 1.762862775996733022e-01 3.153441817899955701e-01 5.956236913718456760e-01
4.612364730872059448e-01 8.118434657970720059e-01 8.817341874199708940e-01 5.399894696625717749e-02
7.842548005683203094e-02 1.011598972834881760e-02 8.645415084382319648e-01 2.934856135917884856e-02
9.911251359792919713e-01 6.182789977123089864e-01 6.310257958436550352e-01 8.526660777437554684e-01
8.846694289155287994e-02 5.230535121883790328e-01 1.257537208602008683e-01 4.389201799361373002e-01
6.950369783438282711e-01 8.417473059983970884e-03 9.587404855739676268e-01 6.276257091587533754e-01
5.947659140325326499e-01 3.310923247410727521e-01 9.124777804520423086e-01 8.804153967321037833e-01
4.417435354451559881e-02 8.433430728476657423e-01 3.243608983233559062e-01 1.786331313817007826e-01
7.461043539494917054e-01 4.475037996385804462e-01 8.451310262990424649e-01 4.056900660658195878e-01
8.402132120695567918e-01 1.658126508488466655e-01 6.247260349074214014e-01 3.830734320609857635e-01
9.449155161230519129e-01
6.055443583120073692e-01
8.195027769007978691e-01
1.783425914857572625e-02
7.958921398681417791e-02
3.261087411285257254e-02
9.987979804481076362e-01
9.002746729389489166e-01
3.930162317809912098e-01
2.276803250752482688e-01
ReLU
0.2
10
10
7.389423166535109555e-01 8.737587961265083081e-01 1.070444592253603222e-01 2.007494761102102121e-01 2.167474555175447071e-01 3.909783659441796733e-01 8.279025889976799890e-01 2.279967671252758343e-01 6.762896176334254328e-02 8.502952723774337418e-01
3.970711152851975623e-01 1.397237486654492322e-01 9.711767243163421659e-01 2.142965246743115948e-01 8.236020863457285124e-01 6.111441062770184285e-02 7.861383310999532359e-01 8.492962546081372910e-01 7.947270635396530558e-01 3.092529478712483515e-01
8.813209197554641161e-01 5.418256474690754665e-01 7.204469096921078952e-01 8.979656614348644483e-01 5.451271866647059428e-01 7.977724875103674451e-01 4.527972277844229954e-01 7.674241091732535436e-01 8.125993576780466965e-01 4.930371633523105146e-01
8.296815966263902942e-01 7.570252047696770514e-01 7.410747559747004054e-01 1.739103600582114773e-02 6.033825240137357104e-01 9.123144864154547617e-01 8.844861995707776758e-01 1.463461869198257048e-02 2.681997591789399005e-01 6.894849136150525970e-01
7.248387140627927661e-01 4.390172780200869429e-01 3.302989099827170483e-01 3.249586844716917389e-01 1.036784374651235074e-01 1.623887289545704604e-01 2.356811706222082803e-01 7.452159640038270583e-01 5.964126695721376770e-01 9.551792926146716045e-01
1.839244256972768499e-01 3.123637380092865179e-01 9.623690724463725976e-01 6.742836423315439198e-01 4.283681708253538334e-01 3.009244474865639951e-01 2.115802607728781703e-01 4.545160767414615499e-01 8.608550754055341869e-01 9.066425686892635172e-01
8.558821017666690123e-01 4.823526036077278034e-01 5.173751575163132443e-02 3.912465830721483240e-01 6.319758993175945694e-01 7.998987113143363192e-02 5.935046139225815809e-01 2.243524545724654429e-01 5.535784806854811002e-01 5.443427361575750023e-01
1.687197154035239288e-01 7.961765414910454419e-01 4.548841769549105685e-02 5.898471988460651794e-01 4.562866161365198847e-01 3.963689225464511745e-01 1.851878808474132221e-01 7.518492090619407486e-01 3.137945886864609291e-01 1.707992881519944106e-01
3.193954973238267714e-01 5.749808720262238326e-01 5.039424616506741339e-01 9.331372581063249738e-01 5.682782685915748200e-01 8.187312586132621250e-01 6.114964761634127388e-01 9.559346822972347724e-01 7.839263370890799942e-01 7.897479481116631561e-03
6.459812362799256524e-01 3.224319744781007913e-01 1.960187133647803837e-01 7.343017107143215982e-01 9.224075106317680683e-01 6.570993711866657261e-01 1.293642898737313862e-01 6.112881069929088085e-01 9.640911083699758022e-01 9.827340539493476523e-01
5.289193897185531235e-01
3.205862161216239681e-01
8.527158810879009732e-02
2.172654864724441470e-01
6.891432909596219014e-01
1.545643716766125220e-01
2.322395226483704445e-01
7.561528969374579079e-01
7.907957616027706527e-01
5.045748106138212563e-01
ReLU
0.2
10
2
3.056914904933779598e-01 7.799209371886323128e-01 3.234448546126322821e-01 7.929491900674001670e-01 1.291783833812462090e-01 8.115394599686618360e-01 3.917994483629803071e-01 2.583514749736736116e-01 1.876988267909658337e-01 4.180769800220316412e-01
9.542434994826638484e-01 8.555178791677415795e-01 9.535364941068189548e-01 2.357170439797995343e-03 9.929964746437522916e-01 9.852585067492822812e-01 7.351761028692149758e-02 8.389012234503534504e-01 8.257220245127397940e-01 3.342543900382055622e-02
6.395080722014904184e-01
2.464718164882562235e-01
Linear
0.2

ct 2024-06-12 00:46:25.619389
