noname
4
4
4
12
-7.436147987071456411e-01 8.241933911148711100e-01 1.879803022364978560e+01 1.095293520908271256e+00
-1.531518881474222882e+00 1.315614008986052852e+00 6.364856621757293276e-01 4.418578446821787575e-01
-5.959915120502906616e-01 1.678649672957810202e+00 1.708793405146203037e+00 5.100005742234313688e-01
2.496625894855472705e+00 2.068722992634187019e+00 1.469441871869521021e+00 2.019867852384868101e+00
-1.292246131761630279e+00 9.079484247916550510e-01 1.701472636021995333e-01 4.700405673154487984e-01
-2.667158205146361816e+00 1.703547221569428505e+00 1.888200226344974419e+00 7.914362123778971858e-01
-8.188665229961225034e-01 6.619813244151643294e-01 6.131944719256985366e-01 2.878859958416812859e-01
-2.897097890451760804e+00 1.183847920494570882e+00 -1.171259626978973234e+00 5.448641165545246023e-01
1.042676808889435591e+00 7.488549470909975359e-01 -9.651381205376601269e-01 1.889682048790068736e+00
1.383997155444768312e+00 2.411780243137131130e+00 4.440977942777645460e+00 2.110374981107519421e+00
-9.215510614285099544e-01 1.429046375964030169e+00 3.624631892602034888e+00 5.437635150611043189e-01
-8.726155695523167832e-01 1.186502965046509317e+00 1.870297259208525131e-01 7.649016265497398104e-01
-3.882961296625729641e+00
-5.509189332749986345e-01
6.933491462517975268e-02
3.550135586427375367e-01
-5.895655133887811594e-01
-1.201546083617389016e+00
-4.137866531420491545e-01
-1.116754998305484525e+00
6.995779028599553862e-02
1.834639549613053644e+00
-2.872375244459922428e+00
-3.847294558319435676e-01
ReLU
0.1
12
12
-1.454553400924232798e-01 -7.673549801479572219e-01 3.358324162573150251e-01 1.815951711757291531e-01 -3.301626347071284773e-01 -1.168760861779096105e+00 -5.263964971266543724e-01 -5.618766343361032423e-01 -6.507837628071969638e-01 -9.861025495525678197e-01 -1.514347298545971388e+00 -5.408068724295681529e-01
-3.137129420257606660e-01 1.233189485474573965e-01 9.408970449401594938e-02 -4.134862537662143400e-01 -3.261863993833557518e-01 -1.010619247219763484e+00 2.838183944459714003e-01 -1.634390312446173943e-01 -1.806317880727514869e-01 1.018199040227634189e-01 -3.502988899078285367e-01 -4.162062178859719519e-01
1.944246370270671653e-01 -1.127593987850784504e-02 3.263068563416720025e-01 -8.637034668838970974e-01 -8.786061462051396598e-01 -1.717391648510949442e-01 2.042550802221498041e-01 -6.109699018074103982e-01 -1.862137633965765593e+00 -7.491420065963058650e-02 -1.009989288994235457e+00 -1.581535493131456527e-01
-6.227798793503899200e-01 1.150239562691608361e-02 7.930094925889680235e-01 -9.073834989324430778e-01 -9.060010059395958715e-01 -7.786788958898954727e-01 -6.949805911953460535e-01 -3.963344503067726676e-01 -2.540957753476336123e+00 -4.760386899334452693e+00 -1.302019796834666732e+00 -7.598376891163718394e-01
-8.274598638737819201e+00 -6.030153627955352480e-01 -6.432628073384050182e-01 2.992742044398411516e-01 -6.808284108038742399e-01 -1.297113992666289128e+00 -4.571304336898458498e-01 -7.434551375879391300e-01 2.860982023297548027e-01 9.615671074461454859e-01 -1.179693854451555612e+00 -2.962151590152798386e-01
4.857024979488990812e-01 -4.977651316721435348e-01 -4.280718312489195099e-01 -4.992106815046055135e-01 3.554873871235892380e-01 -1.179673966751258185e-01 -9.677002460491980484e-02 1.372935725573734556e-01 -7.599982885690648171e-02 -5.574736795658801203e-01 -7.005251468111755031e-01 6.936544953423189053e-02
-7.538762619580262836e+00 -9.302060604926387644e-02 -5.796160461083929571e-04 8.113438018349488079e-01 -1.266280065787803444e-01 -1.166883262244706287e+00 -1.651951969322540681e-01 -1.166893854780313156e+00 3.425213297277464597e-01 8.370194921616876949e-01 -9.168315858396772766e-01 1.617708724567075429e-01
-4.593829972925660421e+00 4.941431586845281276e-01 6.717905222554268474e-02 -2.151701211550131054e-01 3.453136553034847900e-01 9.843371299276147957e-01 2.124242408613416233e-01 7.560809585446610637e-01 2.489641239329428435e-01 5.514157925155407369e-01 -7.542166121592793759e-01 6.483090276024700005e-01
2.777742934179774914e-01 1.430404282098269864e-01 -5.800861647345865318e-02 -3.203491623062479365e-01 2.567324413473903721e-01 -6.828935875447549320e-01 2.977799852815945503e-01 -2.136611320631130462e-01 -2.739208558649658745e-02 -4.044072788580194144e-01 -3.585007782012629429e-02 -4.171662394196065660e-01
-5.414918526459080006e+00 5.402902564294655985e-01 8.412384375096985112e-01 6.027683224100138792e-01 7.628916312870940297e-01 1.099998858465283558e+00 3.419039357201607565e-01 5.428598224065642741e-01 1.025936936610871708e+00 1.139667649954873241e+00 -1.492611473722065707e+00 3.374472686237386249e-02
-4.364145772819881253e-01 -7.265428456591579431e-01 -5.519841539181581380e-01 3.389655738723471590e-01 -9.262959057962640852e-01 -4.463287043085686356e-01 1.726532839592326007e-01 -1.917464948700090682e-02 -3.380913236588322657e-01 -4.652005630871845487e-01 -2.148389697943168919e+00 -8.093977688027291506e-02
-6.584152286715058144e-01 1.120163928876277276e-01 -8.438899848434926465e-01 -9.781610497210062594e-01 -8.951804372873807258e-01 -6.516922202791364249e-01 -1.021620485740594719e-01 -5.685267621716253439e-01 -5.751873179369034750e-01 -2.333869191945559862e+00 -4.558130380539660576e-01 -1.968000549768068597e-01
3.628649606825324336e-01
-2.024866547546625983e-01
1.440779290659213618e+00
2.234026767821298165e+00
1.415047994088237227e+00
-2.073579730188947756e-01
1.133988642893177801e+00
1.108969352792831264e+00
-4.373649144490073803e-01
2.279762913194283591e+00
6.073571624662293944e-01
2.090316116259273826e+00
ReLU
0.1
12
2
-3.474280722332509508e-01 2.649832945210305740e-02 -5.338156838595489173e-01 -1.595057447685238827e+00 1.568141788606712161e+00 9.907209966380461919e-02 1.106852043678953734e+00 8.577203991342819966e-01 -1.673768197846434991e-01 1.437679003624511065e+00 -2.168216576915222293e-01 -7.164621507103146048e-01
-2.190632698322589889e-01 5.521704091738160146e-03 4.706267243316170634e-01 -1.144135205422910806e+00 9.561538067147915543e-01 3.535710593187028905e-02 1.211420358496312799e+00 5.646909054138098405e-01 7.240493902149724992e-02 1.662316137791590487e+00 -2.115150509637691301e-01 -9.861346030606080726e-01
5.470692060284650715e+00
3.934411429812851857e+00
Linear
0.1

ct 2024-06-15 12:25:35.208770
