noname
4
4
4
20
7.003969833792001998e-01 1.099436554995121496e+00 8.060981376399852794e-01 9.944096497689052239e-01
1.344312070224850331e+00 3.528861805023108533e-01 6.628070551705588231e-01 8.019943748600316669e-01
1.129648469931140209e+00 7.099699486504561508e-01 9.059606457895725828e-01 5.617208687108152798e-01
2.362528877114967507e+00 -2.015899346070226805e-01 -2.492928204902943978e+00 -5.103804907033786531e-01
8.280541946061563685e-01 5.778272971885887177e-01 8.675790287368674580e-02 1.295094542121610903e+00
-1.769943562901722611e+00 1.069029349012549757e+00 6.037681474320572228e+00 1.532670988911993160e+00
1.221167537439429962e+00 2.556752754060407917e-01 -6.827359853875848705e-02 1.515839993593709023e+00
6.319747735279441780e-01 6.864639409164216000e-01 1.038528372255452581e+00 5.363922303197766750e-01
-2.757135992603009234e-01 1.208765448560342959e+00 1.735369103134452917e+00 1.334356823861422570e-01
3.708651316922984553e-01 1.282656341706444048e+00 6.949892913606360301e-01 4.965935131690033533e-01
9.787923594876127842e-01 5.583875357995760069e-01 6.446382015840513846e-01 7.611824814960960195e-01
9.202908109458247665e-01 9.114796551325633489e-01 8.491962879043814250e-02 6.182501749069523322e-01
7.054855539074929294e-03 6.445741630027963520e-01 1.300987174251707401e+00 5.858698305484185687e-01
5.919086536575461910e-01 1.192594949065651555e+00 7.370181867952732002e-01 1.152555778613801207e+00
2.104195473116974857e-01 9.418459797080172002e-01 2.528233547339394427e+00 1.688077474902841824e-01
7.034841476686817252e-01 5.097924432899209046e-01 1.122471428588970310e+00 9.433051551250350997e-01
1.498768976149749577e+00 1.089373261649089430e+00 1.405526412410748605e-01 7.566666560930858099e-01
1.256161766685150338e+00 9.524699522008548414e-01 1.273415637240563392e+00 5.377633577943391474e-01
1.834891259054639567e-01 5.366478043484333993e-01 1.422211961424701743e+00 2.660777807251084037e-01
3.563051611797103946e-01 4.022840068648766976e-01 6.333513578039674519e-01 3.616678071813936857e-01
6.568442412467554448e-01
1.006174331557354362e+00
4.301768382517499045e-01
2.542779376979521500e-01
8.982521680584976131e-01
-1.616608539743304762e+00
7.141717170958872263e-01
3.383020563042560824e-01
1.991890850025276050e-01
1.663018601831708215e-02
6.276071394238796897e-01
3.210663140421854411e-01
-4.352062558125963654e-01
8.930673097805057470e-01
-2.747091537549372076e-01
1.131931703606308792e+00
2.217798576651866804e-01
5.360135402466489341e-01
5.627615317786421878e-01
3.315213454511055646e-01
ReLU
0.2
20
20
-1.807450062036899674e-01 8.396866847781811471e-02 -5.522837751313367516e-01 -8.754860694300375945e-01 2.795830801902866591e-01 -7.779471192256151579e-02 8.466189575005855783e-01 -3.319464968480005662e-02 -7.464249197003577363e-01 -4.562082817860204087e-01 2.889765916192205131e-01 -3.129239665112295010e-01 -1.498502211801143458e-01 -4.941568965124484847e-01 -2.300282841349212803e-03 6.936784333365043631e-01 -2.754478678876642328e-01 -8.878365685334204116e-01 -7.650645918056632189e-01 7.727232358425657754e-02
6.473919275708239773e-01 1.159572842631045181e-01 1.495902770976451912e-01 7.686914764651821275e-02 1.155941085951476266e+00 -1.425080324452878466e+00 1.093903945399335553e+00 6.287349918368856372e-01 3.908434087086190001e-01 6.310576467803334921e-01 3.521056133257393084e-01 3.723193378182501068e-01 -9.910162518113922736e-02 4.613052040116618069e-01 6.077004762998489129e-01 1.154607827999806435e+00 2.768265726799858384e-01 4.575692832443740282e-02 -7.260767673912513209e-02 5.034282894812035503e-01
2.537280524479120988e-02 -3.468122835460674125e-01 -7.031150838658418722e-01 -9.257874330838024024e-01 -5.315425027532971747e-01 -8.696999431271685843e-01 -5.214460581232036596e-01 -3.517195435130929804e-01 -2.463415324000089168e-01 -3.126776133409683855e-01 -2.658826083410621988e-01 5.409520988943260916e-02 -3.919750186678555570e-01 -3.858243231181308630e-01 -2.840379079933670892e-01 -4.398436885610336744e-01 -9.524971039957293995e-01 -6.444701257068798927e-01 -1.714964034603928544e-01 -4.341415030427894228e-01
5.913293033664119847e-01 1.107571040421745145e+00 4.433183849938850812e-02 -3.535767650230695613e-01 3.275113978061839903e-01 -2.754050012667395020e+00 9.113275007429625374e-01 5.279910759200985293e-01 -3.024451263133619006e-01 2.990228693939894211e-01 -9.067868768418418934e-02 -2.256969063469681236e-01 -3.639920525180082023e-02 2.250869526373514562e-01 -1.121035032907963247e-01 6.073153005665420379e-01 3.017280681865385644e-02 5.982585667751665337e-01 6.612837072438059183e-01 4.748261215239926170e-01
5.518632392076727733e-01 4.263179748292873494e-01 5.007852385257710592e-01 -6.793760605239497208e-01 7.015091155841330917e-01 -1.822421889089625768e+00 5.573817315481846002e-01 3.367422503053600913e-01 3.118789596995812374e-01 1.222394908684579368e-01 5.779318105582414988e-01 5.785590250558017011e-01 -7.142190588411341245e-01 9.344958869399728751e-01 -8.554294859376485038e-02 7.437113999026295774e-01 6.365449218366280026e-02 5.657306049673966886e-01 8.207854815395517756e-01 2.546527006616278732e-01
5.916696875898297403e-01 8.015515033050847338e-01 1.900664452187789677e-01 -5.999111501143818970e-01 6.936033713845493054e-01 -1.752218534045324461e+00 2.810669774333757198e-01 -3.290745037779319732e-02 8.243155223045474378e-02 6.817140171900505363e-01 7.625599488478737031e-01 7.652088511786310221e-01 -5.095638249449570001e-01 9.402970291597233521e-01 3.060551108613481230e-01 6.738008224845254412e-01 4.220535444750622145e-01 7.601175746076794804e-01 1.959125724101809796e-01 4.110719152212946592e-02
1.232372764298348133e-01 5.872691872332137519e-01 2.387377490295408689e-01 -9.442624271171876638e-01 5.806493351143491299e-01 -2.241965426282585661e+00 2.937953069620947155e-01 3.378903389976223304e-01 5.208254138532777411e-01 -3.143750155531491175e-01 -1.418539476660344578e-01 6.212655513370484162e-01 -5.380116135684849255e-01 5.753178655196845154e-02 -4.045870024551883049e-01 4.103510945745537652e-01 3.115490164325029898e-01 -1.141339410382286035e-01 -1.250585538487314352e-01 -5.416711573507578675e-02
1.320390215696025382e-01 3.365122905583462498e-01 -2.218808082849553498e-01 -6.958140218403546795e-02 9.041903875019472459e-01 -6.052920899308268377e-01 6.990503971142217887e-01 3.600849805506916579e-01 5.378506661529001143e-01 4.706335579347733500e-01 6.123052301945565157e-01 -1.672510668796895472e-01 -1.236136044336303974e-01 1.628203471496579846e-01 4.995464140995669600e-01 4.274484806945256787e-01 -3.578110469342205002e-02 -1.653020868328111959e-01 3.920434460889315464e-01 -2.474564280851029863e-01
7.832268110866973387e-01 6.438317424942543443e-01 2.452882532844807562e-01 -5.105780258805894256e-01 1.083892879607242232e+00 -2.336032781938779390e+00 5.495876603548621731e-01 2.898723991880614026e-02 5.507954020743702772e-01 1.498380501886654725e-01 9.233692615450637131e-01 3.775361780346567220e-01 -1.652926080938232345e-01 8.809307590092978479e-01 5.882412186271250842e-01 1.181590229989119889e+00 7.124892109176084176e-01 4.365911735518881454e-01 1.334257723453913524e-01 -1.966119689886902666e-02
7.596715039806758440e-01 1.052376763303678908e+00 -2.464198693482014535e-01 -1.626827629107907291e-01 9.614062213586312966e-01 -1.804519015545958283e+00 6.718241915961166155e-01 4.274824396886771627e-01 5.777369229957076691e-01 -2.443827747343653434e-02 6.843026062438477553e-01 1.078646809150520247e-01 -1.371386132770123223e-01 7.195060663653455313e-01 1.986800453356479257e-01 3.431303733640197473e-01 -2.450871818501482724e-01 -2.935731486875714502e-01 -1.640562714603839845e-01 1.641883839392279110e-01
6.541827249445710812e-01 4.278574896113154780e-01 3.101428363643681796e-01 -8.535890811498432207e-01 6.453002923385761092e-01 -1.683010651512500511e+00 4.604438678128399687e-01 -2.614058223660684077e-01 1.043540104917207445e-01 3.645459371824283923e-01 5.110303790425115705e-02 4.966476769832005034e-01 -3.644131377070353173e-01 4.803169998815554065e-01 3.044330462211607413e-01 4.651817892967874402e-01 5.251939595757451062e-01 -1.453436647905219370e-01 8.213099278651781951e-03 1.171767249955927154e-01
5.916917350939647768e-01 1.051494610781764427e+00 -6.151542166112101973e-02 -2.437183167888518631e-01 8.329095969618396378e-01 -2.837843828815040936e+00 1.117543295036587114e+00 3.814994133464111314e-01 1.487967180378165812e-02 1.885084418053972199e-01 4.491550849206744633e-01 -2.298894990263537774e-01 -4.408092484705851410e-02 5.067726921763683334e-01 2.655468131415504307e-01 3.595458457521372719e-01 5.812449987432772858e-01 5.644932503543216296e-01 4.580371989659157705e-01 -1.066764758379683264e-01
3.659111927051509339e-01 8.530964910995909589e-01 6.172432684844535444e-01 -3.019624956760407208e-01 1.400168180217170377e+00 -2.011660826310342820e+00 1.366375733724630281e+00 3.285770071670536252e-01 6.061675289921059084e-01 1.675521237650511863e-01 9.534439264705694139e-01 2.386841032192338341e-02 7.599213289301165464e-02 5.985178974592724188e-01 -1.860352622945226353e-01 1.369959070859075867e+00 3.942852654424723324e-01 8.485389221957893024e-01 -1.278263226017020172e-02 3.446997506209902723e-02
4.917451948662561190e-01 6.167328169080936728e-01 4.965449487778558768e-01 -5.189680225547854686e-01 9.948006325415529316e-01 -2.969856818900056261e+00 4.298295456741783593e-01 2.225002692684914518e-01 4.780779263902105169e-01 -3.038409158475913197e-01 4.330721814117260982e-01 -2.469113336491047805e-01 -2.091281559350828545e-01 1.930096116171078069e-01 -1.383807298866807367e-01 5.446827315552934534e-01 -3.132762034837312526e-01 1.833245807483284973e-01 9.879686322591904601e-02 5.186962046406216886e-02
6.647704949923201045e-01 7.577550700166325592e-01 4.814664890107193118e-01 -5.110547574654968894e-01 2.592488528922122504e-02 -2.622712040528379696e+00 3.951683948197354801e-01 -4.411856898231796692e-02 -2.647433299484134306e-01 -1.678699638197142519e-01 3.970752903437761439e-01 -2.131890403743912366e-01 -7.168247995304002362e-01 3.474541360742962048e-01 2.419157657295258057e-02 9.473074448142699833e-01 -1.996615467719107528e-01 1.936507731041767211e-02 5.331857582018909719e-02 1.167372984544159664e-01
1.300647503683929895e-01 2.817603745335507844e-03 2.605714611619200372e-01 1.932286450001132194e-01 4.079199481032732000e-01 -1.004343496406135294e+00 1.879282904824320644e-01 -2.323737506003193953e-01 -1.613592263733941712e-01 4.966930467125650894e-01 7.218890234206780665e-01 -2.373173232534994959e-01 -4.245716540461103583e-01 5.972653650028327821e-01 -3.829547017450297131e-01 2.473412310600373587e-01 1.263452029962518208e-01 -3.703275247601071074e-01 2.896826239220932631e-01 -7.829786399526524054e-02
1.852275712388465057e-01 -2.055926852397790827e-01 -4.912242861869532962e-01 -8.012400626788317437e-01 5.370557656469614471e-01 -9.377794862435002710e-01 7.935832906398578857e-01 -5.569261544163625066e-01 -1.202966775258851317e+00 -8.874049492182100041e-01 -4.896117040657321784e-01 -6.372800161862836044e-01 -4.796425730733385184e-01 1.080929494574939115e-01 -5.404356825314227120e-01 4.411672586993403145e-01 -7.895205316782660798e-01 -8.787342405495414122e-01 -6.463376359560691897e-01 -1.614974306873902810e-01
4.166402909842760183e-01 6.401839824116903888e-01 6.823469219179369993e-01 -1.224479804247190273e+00 4.280391344266781806e-01 -2.453027657109257742e+00 4.112427790852136167e-01 -3.850233355118884426e-02 2.454466648969451659e-01 6.010440050474152862e-02 9.334160883852703483e-01 -8.632469965791665645e-03 -8.867637812648287987e-01 1.202839462955357375e+00 7.692238089905331644e-02 1.115962082512366171e+00 2.350655658065555209e-01 2.515151276164661054e-01 2.660667052168698143e-01 7.397074259868199331e-01
8.119577370484639678e-01 3.607716369061774175e-01 6.516997442554943731e-01 -3.288584475211196456e-01 2.844267228050327279e-01 -2.216530594185361913e+00 5.685728887317933467e-01 6.830899890435750965e-01 -8.311776438045261062e-02 4.104216525992596121e-02 1.102771889371044062e-01 7.080019935296706368e-01 -8.821441993052738795e-01 5.850267350729267957e-01 1.412491340505222237e-01 8.221446112124622951e-01 2.463499423352791817e-01 4.327334602250560991e-01 5.945935831985960096e-01 7.458162242663335384e-01
5.264169996467017443e-01 1.796171965321137487e-01 -3.627294148186108735e-01 -9.706724857730090195e-01 5.503506458569419335e-01 -3.543624896970756666e+00 -7.814586755583654773e-03 -2.792482513548876222e-01 -4.338478441661155482e-01 -4.904687230527037811e-01 2.058075345352415597e-02 2.039687427372494644e-01 -9.085753173272789196e-01 3.844217634036066755e-01 4.744962766536268972e-02 5.160888892600897782e-01 -1.210747598148515791e-01 2.033799278362133089e-01 2.503769229147900233e-01 -4.165504194474636268e-01
2.777769294976871195e-01
1.488762819562985396e+00
-4.625858110750364904e-01
1.490511417623305634e+00
1.351459182052043850e+00
9.474994633048878789e-01
1.006675380793724539e+00
9.816986139217379614e-01
1.403896103000158435e+00
1.196117870566027808e+00
8.557848077855851887e-01
1.698632889861072526e+00
1.717964731258013522e+00
1.831251395535831383e+00
1.441231680870445064e+00
6.970628887918755012e-01
2.669047051175948426e-01
1.909205561292509179e+00
1.763713422999209968e+00
1.437620828167590403e+00
ReLU
0.2
20
2
1.157199719669480291e-03 4.770170925850281685e-01 -1.551460928260424421e-02 8.522445151912529937e-01 9.366710929235705363e-01 8.159761332662802680e-01 6.906875543976982446e-01 1.926681547462315014e-01 9.259547499589475539e-01 6.362036924883719413e-01 5.695571652066598878e-01 8.459400148701107236e-01 1.019535313665654641e+00 9.019570098064604302e-01 7.888004621721934617e-01 3.181716450704472621e-01 5.882660877222925522e-02 1.112774821754731081e+00 9.741523530402652620e-01 6.531661168279299101e-01
3.696061195154466406e-01 9.685211886273900062e-01 -4.429562942087347244e-01 5.437882847755735050e-01 7.614816023590680327e-01 6.855135797306769474e-01 2.118305837289396476e-01 7.160191957473769353e-01 6.985065312850887720e-01 6.477405615422299201e-01 4.899526892973746217e-01 6.628223885377571012e-01 1.158115236096838752e+00 4.207926799654742034e-01 2.575795406738334292e-01 4.202690622934442954e-01 3.315819539484483047e-01 5.665114153163324229e-01 5.439421833146809160e-01 7.800213183710093257e-02
2.845201320320538407e+00
2.349159253269108572e+00
Linear
0.2

ct 2024-06-12 09:26:47.964655
