noname
4
4
4
18
1.283810024231722524e+00 -2.296763529444761642e-01 -2.533533907870303192e+00 -9.520441326432289852e-02
4.233615984036430691e-01 5.390882886474948066e-01 -1.429424272809110441e+00 6.942332794465395640e-01
1.309066172235965775e+00 3.227591859388076467e-01 -1.384449074647444045e+00 1.342286905448908163e+00
9.218632180991914726e-01 1.298292923912632180e+00 -7.287032273903305546e-01 1.458259046188487673e+00
-8.447030693472078466e-01 1.001596456055208639e+00 2.082817773590438737e+00 6.920223035412766954e-01
-3.926198219879023288e+00 1.698439220203922018e+00 7.184424075107354923e+00 1.271810926672165110e+00
2.329388604463180190e+00 1.133226436244329616e+00 4.100533708815660705e-01 1.781419178891245902e+00
8.231565308677251114e-01 -4.224901514983758766e-02 -1.231149671112671401e-01 2.789975063989436621e-01
1.483690869392269018e+00 2.268424265104443283e+00 4.313461680865216863e+00 1.970500386312315610e+00
-1.676923756417285638e-01 9.970610547327202200e-01 1.926621424936097560e+00 7.418992109920224953e-01
-4.287134016284647187e-01 -5.070036077080860570e-01 -1.934998627774678681e+00 5.758493274605835932e-01
-1.208103990097332936e+00 4.451145594011126638e-01 3.717940854108721660e-01 1.368748736882072214e-01
1.632638136626068492e+00 1.356169962508503302e+00 1.200700811325446482e+00 3.912078939491331897e-01
-2.660324630634682275e-01 2.395972454817063557e-01 -5.529599534857236875e-01 1.401179054239021227e-01
1.720634414077545804e+00 2.079588871704666442e+00 2.866718272532486900e+00 2.368853075612734838e+00
-1.687169895474451287e-01 3.537264043253084966e-01 1.340552380681962141e+00 -2.622426576444009463e-02
1.382215583240255841e+00 2.439450811352503745e+00 1.581483034880407867e+00 1.004775737314902440e+00
-2.423625224051229043e+00 1.478622399035645296e+00 2.077668920843830591e+01 1.901971927530286433e+00
-2.972234577704903735e+00
-6.869066987340548547e-01
-4.153787456032586034e-01
-1.071779385555348130e-01
-1.078215462412482450e+00
-3.965387830502936417e+00
2.535819810546295350e-01
-1.484869637917831886e+00
2.176463553092220504e+00
-9.562671272906519970e-01
-3.093842509593513590e+00
-9.181650441928120854e-01
3.147397668990974291e-03
-2.506715557620976531e-01
1.281979261853307461e+00
-1.464999712826871026e+00
-2.089814619967203246e-01
-4.925716461075911212e+00
ReLU
0.2
18
18
1.050931664345596150e+00 -1.593943811448199355e-01 -1.329163716477071711e-01 1.710686972068919953e-01 -2.356455780233558672e-02 1.039195814080754593e-01 -4.609943039753846561e-01 -4.277169032111928781e-01 -1.997541482373823007e-01 3.284682524085861255e-01 7.562244848195157632e-01 2.104026979836240152e-01 -7.528506591080767751e-02 -3.571864648818683374e-01 1.376121401739223427e-01 -6.227237063583106469e-01 3.135541772170846730e-02 -2.919714919758255658e-02
-9.619854639445143407e-01 6.084808484637297538e-02 3.127309172640655582e-02 8.920740608841334907e-02 -1.366563826275292715e-01 -2.062280995232927516e+00 2.936650556181003568e-01 -7.893319606260413845e-01 9.937258563418502333e-02 -2.137564112617724651e-02 -4.953265919650050586e-01 -3.725682173941124442e-01 -4.530228628253209489e-01 -1.329775658087670454e-01 -2.642152172811521212e-03 -4.250693311850035627e-01 -3.598609718715329864e-01 -4.668212509064991522e+00
-1.514588038305447748e+00 -1.737448930626381394e+00 -9.332754918118579823e-01 -1.074404998616430351e+00 -1.258164287104144741e+00 -1.137615222213643307e+00 -1.134460444586199213e+00 -1.606393290900752557e+00 -1.565253820170084964e+00 -1.548821194073616958e+00 -1.288538489120785835e+00 -1.646524569150112693e+00 -1.223739542019399495e+00 -8.305153351787294413e-01 -1.425678076855792176e+00 -1.204562485511620373e+00 -8.609131218993123502e-01 -1.356009919599834079e+00
-4.662066607515924499e-01 -1.734856793637634675e-02 -4.358997388890423208e-01 1.286771497831473154e-01 -2.563617726709426781e-01 -1.128389268322389061e+00 -3.406604114328276034e-01 -6.348803879924114213e-01 2.342761479367642119e-01 5.342407249752955112e-01 -5.578773573071621472e-01 1.931610650655866956e-02 -2.801979403678231950e-01 -2.114415641131992818e-01 -2.201846327822151173e-01 1.689685424421210336e-01 3.303794141991590605e-01 -3.058407755634596104e+00
-1.026250227170516949e+00 -2.676415630192869322e-01 -4.243074163733925874e-02 1.936480201018245806e-01 2.551596322613344237e-01 -1.618058539230628146e+00 -8.351779977984661318e-01 -7.574827500837788552e-01 3.060264937955363071e-02 -4.299892883982291136e-02 -9.702054313992924950e-01 -1.622807404884985816e-01 -8.419751048535887294e-01 -1.299289862022369457e-01 -3.012813985835414154e-01 1.593438384846797284e-02 4.386552619218078014e-02 -2.684201345114265447e+00
-1.415393619928045243e+00 -6.345354443832050551e-02 -3.012679055830926877e-01 -1.122625938835418273e-02 -5.264742314627562925e-01 -2.719495209541265002e+00 -4.131205619128354156e-01 7.113979128168077155e-03 -2.762620201928598002e-04 2.931319666605715010e-02 -7.339278518163677711e-01 -6.850987545316460370e-01 -8.474020988164326917e-01 -1.051403529914303192e-01 1.840693777788323104e-01 -2.010985146377205698e-02 -5.666013193447984042e-01 -3.088471962631044843e+00
7.822785176584654554e-01 4.814743704430110571e-01 -7.669747151370445160e-01 5.585312920658185368e-03 4.898795992665362364e-01 -3.732285853676187148e-01 4.750047009734365000e-02 1.106625895873573073e-01 3.810009400507372024e-02 5.806472488668781295e-01 4.954709569028353244e-01 9.029168194784825685e-01 2.851865254680007178e-01 1.376900424782031562e-01 5.157486638595865786e-02 2.761550855670257820e-01 8.289658614318450303e-01 -3.761217853963553015e+00
-1.122650592352365084e+00 -3.517968973848721315e-01 -1.690314196105901501e-01 3.436637545569992680e-01 -3.220354516878564111e-01 -1.445974557790569381e+00 2.323421867993447631e-01 -1.536575336545468184e-01 -3.077578162732566222e-02 -6.686901136153463598e-01 2.914515512596077551e-01 -1.147322240863257070e+00 -2.121641859346333203e-01 -5.367193248995254518e-01 -6.454025166689923987e-01 1.089315063805280370e-01 3.988628505440477423e-01 -1.180353402180878364e+00
-1.477174224798473823e+00 2.364190698316977479e-01 6.802897503991783834e-01 5.476413549245208179e-01 -6.003021317857995531e-02 -2.657954044527647053e+00 8.499982330803634856e-01 -2.318008344495484097e-01 1.646222364995722831e+00 4.068429828521939740e-02 -7.041778475528462922e-01 -1.319788050257237333e-01 -1.926479591816576131e-01 -5.354887275589363949e-01 1.375431946007123596e+00 -7.376850553564975876e-02 9.147399273437653022e-01 -4.985939641740751327e+00
-1.484350399267180931e+00 -3.348161787249240295e-01 1.644852296115243556e-02 5.068985267937211603e-01 -1.118016885488389150e-01 -2.752562286269252478e+00 6.796181274440065145e-01 -6.694491085476080849e-01 6.960253649221261885e-01 -5.471582652641890920e-01 -6.649006934611687569e-01 4.714800730818359542e-02 6.060684194286682924e-01 2.180551597276655929e-01 -1.363600050563261723e-01 -2.728655869736839046e-01 4.786103103297310590e-01 -7.624042342635240388e+00
-4.178713899843533586e-01 1.869209478517025180e-01 5.880214997456557624e-01 -1.615809211301658666e-01 -2.091053139659997465e-02 -1.145002866636133598e+00 -4.161684296735828625e-01 -4.434912425989344098e-01 -3.646874898208959936e-01 4.812545678126432802e-02 1.891015542045098308e-01 -3.918347592848387406e-01 4.838448090793401879e-01 -1.548734748347146695e-01 -1.795916497053008307e-02 -7.229511392943314130e-01 -6.506465229571599396e-02 -7.541493982894952319e-01
-1.310570417887390926e+00 4.930318543885871541e-01 5.823996542136004040e-01 3.666695570939865895e-02 6.330072934843583576e-01 -2.365752605613775650e+00 1.029791402684029356e+00 -1.805793237900915060e-01 1.849557701810609078e+00 7.284802813322704962e-01 -3.272241192050343028e-01 5.886799089103765814e-01 1.003053690824383892e+00 -7.282886252591959375e-02 1.401689155228731387e+00 1.855967240140218300e-01 7.624501290253457020e-01 -4.246602075913148866e+00
-1.596320251872882512e+00 1.320273763264026845e-01 4.881595425594567050e-01 -3.373036437461855719e-02 -7.623685544979114104e-01 -1.750380995529231543e+00 -3.752643137225312731e-01 -1.428040123203166978e-01 4.975202542956137092e-02 -3.162596904067853099e-01 -6.240136954099577693e-01 -2.671570791113079268e-01 -3.427754176968928479e-01 -2.838398527934072879e-01 -4.092739778137795548e-01 1.084943651701138906e-02 -1.817379133975032535e-01 -2.106748602166107265e+00
-2.471285137092636752e+00 -8.771782090430509937e-01 1.820241679428185044e-01 3.094304967895031289e-01 -6.617907216736454989e-01 -2.995520226049210422e+00 -4.599865200018491418e-01 -6.200340455396978756e-01 7.952103971918869085e-01 -5.511800711380817619e-01 -1.322886850200272857e+00 -4.353387783118296550e-01 -7.853754690672977157e-01 -2.265898458101329727e-01 5.295365375818611442e-01 -5.081012189195657225e-01 -1.524070166516804159e+00 -8.229985837518144720e+00
9.193072829443863503e-01 5.109058507515149561e-01 1.446719962033884976e-01 -3.369879989314465418e-01 4.276433835626533009e-01 -4.920023253855879825e-02 -2.836490344444441702e-01 2.171534587708782993e-01 -4.523610408624095802e-01 3.771075570240132180e-01 -2.670608520740958003e-01 -1.674084762348323303e-03 -4.823362991189739657e-01 -2.889770399257780009e-01 -1.058396196876713186e-01 -3.300923822811046571e-01 1.955867676972913582e-01 -5.785544437061443945e-01
-3.886218842739727064e-01 -3.923880528764301934e-01 6.387869407713057113e-01 -2.421591532505395772e-01 3.028345036424964776e-01 -1.295570908719250625e+00 -6.839524811300458085e-01 -1.000987742596573665e-01 -5.800422923149589627e-01 -3.297251675130170590e-01 6.178237497656214466e-02 -1.121132804592327344e-02 1.180460126241721086e-02 -4.438751201433637217e-01 -2.224829284418567421e-01 1.897869372903375762e-01 -6.051800970061689267e-01 -1.411118028474243724e+00
-1.306415116390863052e+00 -1.581831560537046544e+00 -1.312459130960069054e+00 -7.263151673899117533e-01 -9.877136174751928177e-01 -1.628616513460688031e+00 -9.404746390075933160e-01 -1.590981490329231418e+00 -1.623758325670833003e+00 -1.266154111946581340e+00 -1.071530313422640823e+00 -1.265762097152295373e+00 -1.088321047852722989e+00 -1.270353923578581901e+00 -1.521349323771763240e+00 -7.823477752372000049e-01 -1.161680714911981660e+00 -1.478885390627148633e+00
-1.128839573259995621e+00 -4.085794422333456910e-01 -1.257883617228703343e+00 -6.660742086076680835e-01 -7.971884249204060913e-01 -1.641667351171853140e+00 -7.283781860285838405e-01 -6.692756202158720580e-01 -3.433358373412832343e+00 -8.181850556016149190e-01 -4.547110032777263444e-01 -6.108224331101034243e-01 -1.524013129334014893e+00 6.184245649759403940e-02 -1.640934613624100757e+00 -4.267339580045713121e-01 -1.546596109414222431e+00 -8.147871169555701565e-01
-5.726628124370533590e-02
2.593312226183462355e-01
-1.334090634478431792e+00
1.100295234533088751e+00
6.401335895083372085e-01
1.144241325259294784e-01
1.822050416107083848e+00
3.758034480276312705e-01
3.835712360909580010e+00
1.389804951969373592e+00
5.839018191667718627e-01
3.788772922054199466e+00
4.104602831579309274e-01
2.044587873384060561e+00
9.454244733230795505e-01
7.012588127987406939e-01
-1.069726808698366227e+00
1.689817720241692411e+00
ReLU
0.2
18
2
2.016418546164023065e-02 1.169974245448532763e-01 8.488217339294279462e-01 1.849316260397254885e-01 7.599247320132587746e-02 5.750689276081277779e-02 2.428980610188575251e-01 2.936358609910739992e-02 1.771628768352646599e+00 6.215103027874194774e-01 -2.941331185794102479e-02 1.823225288929026577e+00 5.444752803168495525e-02 1.078825230930122281e+00 -8.871603505884582963e-02 -3.631515241445811698e-02 1.133957672671860761e+00 -1.382521406453629753e+00
-2.770273459551572323e-02 8.187954680834842736e-02 2.336008020633408011e-01 3.591585031111882986e-01 9.817402061523168577e-02 4.628603799611483854e-02 6.346704560605441747e-01 5.395317458780349990e-02 1.661733109777659978e+00 9.119714263881502081e-01 1.708858726592278610e-01 1.859143549635515313e+00 5.601247308134121167e-02 6.295020453517164993e-01 8.023200645568299982e-02 -8.736654807390629995e-02 7.300428556659718238e-01 -1.378075408147359848e+00
5.803512944193484735e+00
5.829582358804963782e+00
Linear
0.2

ct 2024-06-12 17:33:00.858928
