noname
4
4
4
4
6.738938680943802773e+00 1.502379256609815972e+00 -3.698872638294951276e+00 7.377741787682557950e-01
1.805715608035975528e+00 1.599659047099805109e+00 6.583772627487388007e+00 1.374325661750186889e+00
-8.100976208145729274e-01 2.344553167983253861e+00 1.049929164594868070e+01 -3.219304119545791237e-02
-2.945469270022230468e+00 1.379876354978275099e+00 6.188128566102362171e+00 8.678876352812713024e-02
2.119405790012701907e+00
1.697616860442229036e+00
-4.915886999866851959e-01
-2.542257206863470120e+00
ReLU
0.1
4
4
-3.200833523914320633e+00 -9.994205821204787954e-02 -1.276333529358930408e+00 -4.225368538614201475e-01
1.034610055460870148e+00 -5.274975164002120298e-01 8.458924920607815423e-01 -9.352276420880264313e-03
-9.455472150350843763e-02 -2.489348848006782133e-01 -9.943541280700534113e-01 -3.807691184012373942e-01
9.492487027207617833e-01 -2.990831840595332913e+00 -2.928160767754685312e-02 4.750580819376074571e-01
-3.682648438571743288e+00
1.404867192585673052e+00
-2.421120550565344087e-01
1.153652428445896216e+00
ReLU
0.1
4
2
6.931514674518504671e-02 7.160876440291746858e-01 -1.795352234801894376e-01 -6.622776618460918252e-01
6.537135913286737932e-01 5.201399042045561361e-01 -4.012879325926967285e-03 -5.713413442103398854e-01
3.780860981838156221e+00
3.786782259247023497e+00
Linear
0.1

ct 2024-06-16 21:48:42.028738
