noname
4
4
4
5
-1.678074211106890257e-01 2.503147776784240830e-01 2.447486254844972819e+01 1.035401135355392022e+00
-5.674688343845368799e-01 -5.462834440134330116e-02 -1.314333825280686341e+01 -1.477002999415240048e-01
1.809513020405509653e+00 1.189682636927624992e+00 -5.453137012755346014e+00 1.219673242975420013e+00
-1.108795465509389899e+00 -1.202178048907603047e+00 -9.277040110735548240e+00 -2.365964443401721518e+00
-8.004902308046808468e-01 -6.333026658297833400e-01 -2.086811303775678539e+01 -1.112105529823488093e+00
-4.292209093557873167e+00
-3.461425849696933899e+00
5.476338329491419188e-01
2.041766164423228780e+00
-5.937815970141205213e+00
ReLU
0.1
5
5
-2.766484972058810943e+00 -1.906317687527074423e+00 5.819898202121429609e-01 -6.980710953242509342e-01 -3.914894959554810483e-01
-3.747005936065645582e+00 -7.900504385710176436e-01 -1.185990974623977456e-01 -1.784507326332209987e+00 -4.554555185114302907e-01
-7.551039375998898073e-01 -2.288526926411185991e-01 -2.363931619604339174e-01 -3.265520998842757816e+00 9.925966849824294225e-02
-1.144681908053683417e+00 6.769149936060349093e-01 2.116761002050098484e-01 -1.379076473829645488e+00 1.570033706597517620e+00
-1.341217897141498083e+00 -4.857179143614708816e-01 -2.025936843135688059e-01 -2.575545618853169128e+00 -1.580240016076320531e-01
5.153704299931231247e+00
1.615055025648488130e+00
-6.025229847652318130e-03
1.762519668573719667e+00
1.863406615219050044e+00
ReLU
0.1
5
2
1.656821238507459437e+00 2.729071574332573302e-01 8.734817357830479412e-02 -3.940279581283528954e-01 -6.037135339502694986e-01
1.361323089720027246e+00 -1.150294195405286102e+00 2.300172735330934803e-01 6.249728005980085266e-01 5.598567880822316045e-01
2.026732025376540403e+00
2.101045467923571053e+00
Linear
0.1

ct 2024-06-16 21:33:00.589794
