noname
4
4
4
5
-1.055255744468166917e-01 7.482864658024065418e-01 1.183241224820383852e+00 6.388308769997209646e-01
2.082197299153488945e+00 2.513377897615717838e-01 -3.687774145800680525e+00 1.147749374160347502e+00
2.260789599374179559e+00 8.607510812875646122e-01 -1.410249122294203294e+00 7.343853542087405151e-01
1.098583236214210279e+00 -7.970476266331232296e-01 -5.360216957152376338e+00 -1.155863050894843314e+00
1.189993759649640159e+00 -4.958394647999966875e-01 -7.466378879134413893e+00 -2.174612080300288297e-01
-2.282330397817690926e-01
2.958371556568941685e-01
1.148460189246614416e+00
1.274608010209444586e+00
-8.256049863213692497e-01
ReLU
0.1
5
5
5.553164051166349369e-01 4.151181455085029004e-01 9.759971862149081634e-01 -6.220261039741815656e-01 -1.106106886637596265e+00
-4.896565511878291366e-01 2.392332756866170640e-01 1.889155793383301973e-01 -1.170056477361448799e+00 -4.685095385384315247e-01
-7.115228620751604671e-01 3.484287803099240799e-01 2.813880284692262673e-02 -2.043728928703247849e+00 9.923538368986969949e-02
-4.835342693279613413e-01 2.372007345941826995e-01 3.299174004568711793e-01 -5.731008020115485602e-01 -5.687443822292392870e-01
-5.350369526731482139e-01 2.337137284651028546e-01 -2.425658937054083197e-01 -6.279707203195991072e-01 -8.252024153900848480e-02
1.728812839443218508e+00
1.125993540884081767e+00
7.476305692442876127e-01
1.613635378108670970e+00
1.118288922836190524e+00
ReLU
0.1
5
2
1.056523650774070289e+00 5.194201845490872271e-01 1.724619940423539888e-01 8.477855185351025336e-01 4.320227135556151121e-01
1.160167658524872136e+00 5.334265549480725621e-01 5.261447254788296224e-01 6.551625923434759580e-01 2.474504021806659126e-01
2.711472397186979411e+00
2.657544808584877405e+00
Linear
0.1

ct 2024-06-16 21:32:28.361401
