noname
4
4
4
20
-6.921454360524382787e-01 1.036269171396753341e+00 7.129006549691822237e+00 4.225155933263037844e-01
6.638743322837115102e-01 1.751653352241556272e+00 -3.650860413664569482e-01 1.129304565033157681e+00
-1.334672430363015527e+00 1.408163019735886090e+00 2.978969220581454991e+01 1.994711418295947558e+00
-5.578925647072610072e-01 1.217755424579295420e+00 -8.721904983152423130e-01 8.963844181389696297e-01
-3.843917215231980600e-01 1.415068320950418013e+00 6.996391415751000764e+00 4.464797123418093316e-02
-2.643594558793295746e-01 1.770296871870653099e+00 -9.319611152882908423e-01 1.112100103681519458e+00
-4.671158842052373639e-01 6.659686192243459146e-01 5.858221199786878275e-01 4.838847021733687637e-01
4.699469421670597336e-01 1.887490035769352259e+00 -1.538645984272868139e+00 1.282729778990779224e+00
-2.343204945138059325e-01 8.409724111639304001e-01 -6.049895943214353977e+00 1.051050747593907930e+00
-1.163786613208735110e+00 1.262819883042481495e+00 -1.175672211360969444e+00 9.901191747709268132e-01
5.752760671344336885e+00 5.087550636233803658e+00 4.914632213879412959e+00 4.411001190296198082e+00
-7.610101871397105811e-01 1.077277990318031620e+00 2.771549568811995989e+00 6.467624099768936041e-01
3.114397727839752772e-01 6.189357751550919051e-01 -6.411011971052567038e-01 4.931389293825412246e-01
-4.432584251178012802e-01 1.190423560032747741e+00 1.038323699623687091e+01 6.492730971306081011e-01
-2.445878699889582897e-01 3.673567899287891958e+00 2.095519257197985485e+00 1.239465354605519209e+00
-1.511762725061342350e+00 1.668085336229247373e+00 1.329794012614628373e+00 8.910863088901944673e-01
1.018744796259472493e-02 2.368594671458375878e+00 -1.362525647921465799e+00 1.547116678654291144e+00
-6.041708604959587170e+00 -5.510756156739675227e+00 -1.754637731686026925e+01 -4.737695013374667141e+00
-2.866211272617403272e-01 1.385509268093030322e+00 -1.417779877748066797e+00 1.108533331405735733e+00
-7.889931566468249002e-01 7.026479209826670402e-01 -8.606521590656600607e-01 6.314606584428558156e-01
-2.393356048831005278e+00
-3.072601452437828118e-01
-6.244877527144015339e+00
-8.658436017855086764e-01
-3.446017088813816187e+00
-4.106489884223673559e-01
-6.951093466566675705e-01
-5.128757167081458013e-01
-1.170122238777852930e+00
-9.612502647388712074e-01
1.471480649127129947e+00
-1.399542577494100160e+00
-4.815710665160227166e-01
-3.466121935364965712e+00
-5.060448865395565654e-02
-1.375782427761034210e+00
-4.513733762585442899e-01
-3.312524162321027532e+00
-6.786491274012662611e-01
-5.313444687096966490e-01
ReLU
0.2
20
20
-2.224353749794466761e+00 -2.322465765985329278e-02 3.419343668946348114e+00 -1.724025174085042356e-01 3.865383976110963737e-01 -5.224149547221760281e-01 4.586000164527467837e-01 -4.910919909679873907e-01 -1.152621496305557880e+00 -3.692561767022668473e-01 -2.980130674860953288e+00 -3.177866174936372912e-01 1.908819811297302604e-01 -3.421346901230770232e+00 -1.887891226978783421e-01 6.092744849002991181e-01 -1.043626775414811858e+00 -2.515852341234605660e+00 -3.378965241879079984e-01 -3.445024414710754629e-02
-1.537723466583732934e+00 -5.050921973008262733e-02 -4.443723193609333322e+00 -8.578454822988660355e-01 -6.102846976249532984e-01 2.820010187852772243e-01 -2.356145780506367637e-01 3.560419667712590996e-01 -8.448087700881362627e-01 -5.315392320456394648e-01 -8.969737908160319018e-02 -7.301711272274035158e-01 2.726063373565969505e-01 -2.603115001103457615e+00 -1.042792973215913355e+00 -4.516163243495752710e-01 3.948114379587125411e-01 -1.245971800873223456e+00 2.189353389141293349e-01 -5.081140158448559374e-01
-7.694612452897687804e-01 -4.274149512458579880e-01 -5.815825453817327073e-01 -7.760757988619041425e-01 -9.468616142608078379e-01 -5.518802366021057226e-01 -6.427608731960439137e-01 -2.030644418115798086e-02 4.601048949881241246e-01 -4.336663846722261795e-01 -2.032757838353367597e-01 -4.921873523664347938e-01 -8.075960780233433223e-01 -8.415323092530501148e-01 -2.396050983496789133e-01 -7.548071596542310635e-02 3.029437641053195907e-01 -6.086275235463541877e-01 -2.318448332440011250e-01 -5.533873309053252143e-01
-1.086352397816093163e+00 -6.050146300903320729e-01 -2.622738769819845217e+00 5.589040488732037459e-02 -7.146638485607509361e-01 1.142117566847600935e-01 -2.865134058591928268e-01 -6.992276940944974761e-01 -6.017284998386212003e-01 5.016757660554925780e-01 -1.697656143767907411e+00 8.868508008986208946e-01 3.788879540788455680e-01 -2.846388186777101037e+00 7.028259679569591745e-01 1.215713379386787363e+00 3.387358295340317516e-01 -1.306961002358156154e+00 -3.844775791561099720e-01 8.155449247651278544e-01
-1.296394335897858241e+00 -5.427639644022737020e-01 -1.138641578896797818e-01 -2.344779659707940112e-01 -1.071935016411668995e+00 -7.125582667824076344e-01 -1.388885385535706951e-01 -2.334870998255231811e-01 5.602589721471522982e-02 -6.587097844573358563e-01 -1.423415703473625005e-01 -5.471056414364698917e-01 -6.086610551242266354e-02 -1.083816503747422999e+00 2.617952332976292498e-02 -5.428548961915098392e-01 1.591317101983212023e-01 -5.845365146899405007e-01 -7.214163548338267118e-01 4.679363591679307904e-02
-1.294928563067227145e+00 4.438326276490333622e-01 -9.018460291805030948e+00 2.786937544933125177e-01 -5.975474724953728778e-01 3.681681987652366157e-03 -5.757858617101516696e-01 -3.113766429618840259e-02 -4.673704516079189575e-01 -3.502371376217066068e-01 2.320528322973244961e+00 -5.147019449308458672e-01 3.379086995102772439e-01 -3.075097049115646186e+00 4.251336792083462712e-01 -5.579922460987480903e-01 2.590509767798716556e-01 -1.239392990416813944e+00 -2.059285745082828911e-01 8.863890320067199791e-02
-1.414294155791740337e+00 1.773754152446808952e-01 -6.072711871532721517e+00 -6.467944591074445415e-02 -1.641825264995782074e-01 8.108509431795429823e-02 2.340109080042103717e-01 4.216960505209788046e-01 5.110266487703806204e-01 2.551292588548642049e-01 2.007740713220024453e+00 -2.179221717665522362e-01 -1.493562622654599770e-01 -2.144324578707432760e+00 5.251367180944555013e-01 1.256298245321138540e-01 3.904035104384537269e-01 -2.363015904810861656e+00 1.696948006425234856e-01 -2.305020919456195541e-02
-5.789337344981656530e-01 -3.191876066881459140e-02 -3.387111016566912269e+00 -4.361489629264144741e-01 -4.663346534477888494e-01 4.017660428163854491e-01 -6.027091741424713822e-01 5.245171502677097308e-01 -4.615112112251336107e-01 -1.736164812058922924e-01 -2.946355804950121504e-01 1.552621550517508942e-01 -1.308964240331871309e-01 -2.189008777921273463e+00 -7.595365480881388631e-01 -3.848242306986781602e-01 7.718981659433377107e-02 -9.920676933026276734e-01 6.801551341036868870e-01 -1.119556844447458233e-01
-7.529661277686972021e-01 -2.317304710074900020e-01 -5.411748134188272275e+00 -4.759650950673333658e-01 -5.062343643584087394e-01 4.502681210346651253e-02 2.275886526340167859e-01 -2.039870610310267618e-01 -1.665497306324829063e-01 -2.537762749795399730e-01 6.964094725443155109e-01 -1.006404723279248764e-01 -1.315442654949601498e-01 -2.571738631146776477e+00 -1.267481547551687904e-01 3.105023773762045566e-02 -4.749633077965920713e-01 -2.031315773653447732e+00 -2.818975950738896175e-01 5.571787259819619559e-02
-1.536461468420967869e+00 -2.166959983533114920e-02 -2.028186096218320689e+00 -3.786474543692940342e-01 -1.283904477857977233e-01 -6.315338638803150717e-01 2.474023664499246933e-01 -5.699523986082356553e-01 -3.106577589553781160e-01 5.221700705366743023e-01 -1.104838715877497934e+00 6.564534826414299973e-01 1.733022164251787900e-01 -3.566828082684087686e+00 2.456422617834806699e-01 1.658682719924876037e-01 -5.924632966196874406e-01 -1.599046436354780276e+00 -6.796267386196840066e-02 -2.074802628954423578e-01
-2.984019406566307819e-01 -1.578654125231806482e+00 -2.826481163253819595e+00 -3.704768461001799462e-01 -8.488420796507314958e-02 -2.070120037786741807e-01 -1.783936531663101288e+00 -7.520143913680711334e-01 -7.060678253286988282e-01 -4.457742652764338231e-01 -4.602399841826993132e+00 -8.897625610282131614e-01 -4.312085844384974664e-01 -1.746195089670038725e-01 -6.357319321569565140e+00 -8.804786287449497539e-01 -6.490578085747316095e-01 -2.590658807802070029e+00 -5.305113430065611091e-01 -2.554569883840658306e-01
-1.064654881740340731e+00 -5.246736713173428823e-01 -2.879869978224818272e+00 3.095348568725040939e-01 -6.225780684890271921e-01 8.060049329129984064e-02 -1.466350913643220122e-01 1.329225191841064413e-01 -3.624307530453744763e-01 -2.125063864538568048e-01 -6.053537073070736074e-01 -1.871890970660140541e-01 -1.665380139948003380e-01 -2.809337012043148452e+00 -1.275819516089669592e-01 2.225013143845408770e-01 5.729415102734569665e-02 -8.798527616082256753e-01 4.477990395783551514e-02 3.590249649043552038e-01
-5.472072477386291656e-01 -3.079091780390857958e-01 -5.985302230181908989e+00 -7.855405025502749661e-01 -9.410800852739598099e-01 -2.182561424413897999e-01 -3.144804439867100454e-01 5.713049786942326902e-01 2.950726694140623496e-01 -6.071147056501601247e-01 2.831423854006039353e-01 -8.325185616720995885e-01 -2.785048116330900991e-01 -1.968632899311679507e+00 -1.661902660744626781e+00 -1.032130122146975859e+00 1.222466956741233429e-01 -1.022157774126552399e+00 -3.654748147368968580e-01 1.186122543755485995e-02
-6.722423618051963645e-01 1.523597384130909865e-02 -4.282855071950995574e-01 3.033258953693331872e-01 -4.781472205631517869e-01 -6.722874653899174602e-02 -3.990594114276401760e-01 -4.828590452463223937e-01 -2.390278293768765827e-01 -4.400454819067734502e-01 -5.482988312336605219e-01 2.604866357713791492e-01 -4.789352266794117408e-01 -1.761505515320718196e+00 -3.940395312926904814e-01 -3.079906776996002016e-01 3.218254250691657825e-01 -5.352850028362781121e-01 -6.645194144728632235e-01 -3.717139931034903477e-01
-1.112742597554752244e+00 -4.938043617479744296e-01 -1.978729688170741685e+00 4.424166005503282206e-01 -5.501371147163086617e-01 1.264035291302095243e-01 -6.876239662315004886e-02 3.185842108172887849e-02 3.080882425141774905e-01 1.652252362871909908e-01 -1.105861028990670736e+00 1.039529878794983875e-01 -3.462666636425735800e-01 -2.716953647381155967e+00 2.664398263192727101e-01 3.251853536518269777e-02 -2.483262603894960674e-01 -1.187333809666179629e+00 -1.757484094591197921e-01 -2.643531683783308384e-01
-1.639468137649188417e+00 1.044433259839089995e-01 6.110934152602874869e-01 -1.864888476912855420e-01 1.376058636179761929e-01 -1.133861829280322919e-01 7.144165520018848359e-02 1.279740387920684230e-01 -7.565553747403780394e-01 2.468227300162895432e-01 -1.157886005296322907e+00 -2.388517505057860257e-01 -9.282681890039631845e-02 -2.615308785934416402e+00 -1.181799445956005501e+00 -4.070178600702810123e-01 -5.603680484162901765e-01 -1.010107383307943918e+00 3.212310388341692580e-01 -3.840508648319115315e-01
-1.294490065263436573e+00 1.885303002281721596e-01 -1.189116607823204852e+01 2.963977552301004237e-01 -2.198387019572517476e-01 5.782364853752003375e-01 -7.859884877264897152e-02 6.539040819595368648e-01 -6.393339904335713086e-01 -8.204286733441790158e-02 5.337540444097306214e-01 -3.935663254984158033e-01 4.112615641454144821e-01 -2.036113309350627620e+00 2.373240643795470062e-01 1.745502305994440784e-01 1.032949310336954030e+00 -2.550456065945745809e+00 3.055266384320819151e-02 1.904198249956777222e-01
-6.438614111464719958e-01 -5.925832574824092536e-01 -4.226130687826750165e-01 1.112959680675713325e-01 -4.837945576576376805e-01 4.466260954324923621e-02 -3.658580761583462432e-02 -4.745816452079201220e-01 6.632061281858545598e-01 -1.811501232817964990e-01 -7.100009305688262939e-01 -2.984300923310917453e-01 -3.701247334641946662e-01 -3.406924138005162361e-01 -3.531624756824855993e-01 -1.019131284889909894e+00 -8.183705482125026853e-02 -4.222648353895647189e-01 1.895871117591925448e-02 -5.134056280347826240e-01
-1.647514127156931352e+00 9.382288848655698787e-01 -3.820813538051062164e+00 -4.024011834258491849e-01 -2.324037559899646832e-01 7.678396663682857115e-01 -1.992933341308643358e-01 6.799096753985689467e-02 -7.573332436875371831e-01 -7.971471822757867365e-01 1.235707876915792758e+00 1.162358907582541484e-01 -4.645341479569265464e-01 -2.495831416815863069e+00 2.072511580252865693e-01 -6.217066694519060022e-01 5.136532689609338842e-01 -2.096843248661717674e+00 1.901731979199892952e-01 -5.113274061193617825e-01
-9.677397469176126643e-01 -3.875277334372249638e-01 -2.201876733716948031e+00 5.380755078418899551e-01 -6.688928315468286590e-01 2.082975520194187413e-01 1.960630749707215903e-01 8.719707100674570222e-02 -8.577340665500307604e-02 2.409794088041526672e-01 -1.335477837267967205e+00 6.202899160470731754e-01 -4.647796501679240383e-02 -2.596604734942836057e+00 1.161170338363013560e-02 6.094666736669843848e-02 3.670698352264333275e-01 -1.223839046426283161e+00 1.848619544592681740e-01 -3.008003201700938378e-01
1.475044477882052396e+00
1.622905299676854762e-01
-6.145696447096773429e-01
4.067185378531948392e-01
-1.004420673501187217e-01
3.044509570879058824e+00
6.717654258360064468e+00
5.290014689328516040e-01
4.364259693446120636e+00
5.857991602188877822e-01
1.993012471518441187e+00
5.528258477024401429e-01
1.759010663533974839e+00
4.741160044769812676e-01
4.993825319424129994e-01
1.167274894714557254e+00
6.620540371776094668e-01
-3.948926079606175123e-03
-8.705530389849991391e-02
8.240055708419180558e-01
ReLU
0.2
20
2
-7.012178089706250228e-01 4.762347239155958339e-02 3.279847149470140055e-02 -1.778371633917265882e-01 1.472418676241279700e-01 1.535805635571638961e+00 2.156002166712588153e+00 6.197752722809233422e-03 1.692588057598724882e+00 -2.156213437658200116e-01 -8.589782314655910467e-01 -1.175783286056998889e-01 2.853471025510296855e-01 -1.566175225003720584e-01 -1.249990363454602654e-01 -3.776415001571477026e-01 9.437809006085388086e-01 5.103025348197000322e-02 5.274736264977996497e-02 -1.933316080917088786e-01
1.021872655950830877e+00 -1.053173816478526897e-01 -8.596518417038946647e-02 4.329066893569363250e-01 -8.595298754782809691e-02 1.676600205119443077e+00 2.600048797766354003e+00 -1.378093373719844195e-01 6.254338131936962863e-01 3.646733800192297204e-01 -9.661854496585182694e-01 1.439862839448046439e-01 -6.780745568144018742e-01 -2.861017391040671185e-03 3.364161308711374754e-01 -5.407187562839407824e-02 -6.995053797173921284e-01 -2.152499435873052869e-01 5.209464874792288924e-01 3.006076942408300590e-01
1.224098483938495185e+01
1.049667308873494420e+01
Linear
0.2

ct 2024-06-12 17:38:01.201215
