noname
4
4
4
8
3.095954429234044070e-01 4.416201332475315211e-01 -4.411986693047052488e-01 5.659413287125574232e-01
6.400876386088797387e-01 5.632514378151680379e-02 4.950541729995150408e-01 3.007569448186325212e-01
1.109204731448697689e+00 1.724642117688496845e-01 4.562899289904976952e-01 4.346764400588128130e-02
1.052342012850596031e+00 2.537538449028907059e-02 2.691544501150189284e-01 3.990308624683250316e-01
4.095493530801397331e-01 6.352587557820049691e-01 3.571396698698704464e-01 5.769908434958701537e-01
2.202767692087374274e-01 5.706990578301547323e-01 4.223751244105360958e-01 3.001091401248365265e-01
1.165437470704943079e+00 8.628277602431407844e-01 3.880213791457000627e-01 9.294782847067419862e-01
3.537159825965690008e-01 3.763604861835272430e-01 2.270347453589923598e-02 7.638221280093895338e-01
1.044038451695205483e+00
6.645456281987555114e-01
3.298207360648304221e-01
6.678886570088772290e-01
8.271922231220047994e-01
-1.181410440253192612e-01
9.070866280103927481e-01
9.890323809534834476e-01
ReLU
0.001
8
8
2.491286194803916249e-02 6.259212635030492189e-01 6.105411012093409084e-02 9.476813774730191708e-01 3.284389227245109733e-01 8.770867787103302227e-02 2.457772732900410373e-01 4.890747834294915108e-01
7.738341970309604578e-01 9.370103333837601634e-01 8.259366156796352776e-01 2.414574176139899775e-01 2.399347586629852203e-01 1.067671072251077519e-01 3.001438315978896543e-01 9.047777773384366728e-01
6.054983756549827678e-01 6.437964696558549083e-01 -4.302358286648573504e-02 6.054393263633779387e-01 6.590144381091099790e-01 2.180423931962129636e-01 8.157647245475964093e-01 4.201082003329977277e-01
9.934244149922918377e-01 8.806490431173998878e-01 5.025063157032808592e-01 4.249020265396257767e-01 4.149760002372921419e-01 -2.210628161331754452e-02 5.657881069543519992e-01 1.431758917611474502e-01
1.432675770971697793e-01 1.801909941232660295e-01 9.586511780200355215e-01 2.990797296786610882e-01 8.043230655764903592e-01 6.450569135595587422e-01 2.487436873058645193e-01 6.503863672741361235e-01
6.163612310520278914e-01 6.145816203464837812e-01 7.864204813473569811e-01 7.255280466489911761e-01 3.625375546515551828e-01 6.669937361841332679e-01 5.033337516972423709e-01 8.101415371343516636e-01
4.099342866930161255e-01 6.839648263796430649e-01 5.273819711731707605e-01 1.890804384091293588e-01 1.927489422455213874e-01 1.464903542542951298e-01 5.218423058872312392e-01 5.393043375230016645e-01
1.139263662589644899e-01 3.974410639191820471e-01 2.094077200697432306e-01 1.687443019185262405e-01 9.738274897193363588e-02 -4.125072791278695805e-02 4.057345417756595962e-01 6.665895112771100806e-01
8.343368104457502543e-01
3.518013887890589775e-01
1.918406065026406482e-01
9.450616475795158289e-01
7.195759494302598203e-01
2.879844675660567788e-01
9.433254078223454187e-01
6.147390309735816238e-01
ReLU
0.001
8
2
3.966595967270085121e-01 3.897969693704459448e-01 1.982221948552987112e-01 8.729245562209414500e-01 7.598413365579598233e-01 3.865109846205159738e-01 3.925964412620985278e-01 3.395190252277135445e-01
8.878166706043723044e-01 7.024364051725433267e-02 8.414214273323241677e-01 -1.438609777766115642e-02 9.660019808200843994e-02 9.851726787879250269e-01 3.566257052899120539e-01 6.162074363432342716e-01
3.384272973124642925e-01
2.288679711199229916e-01
Linear
0.001

ct 2024-06-02 23:25:43.459668
