noname
4
4
4
6
1.402592997726377355e+00 3.482445731564180580e+00 6.307559278657220325e+00 1.266115011411467650e+00
3.382314468758995663e+00 2.932030645397463164e+00 1.129137395564052504e+01 2.499232657457008511e+00
1.027536513983688726e+00 -5.883231375910974448e-01 -6.129501040337936857e+00 -1.584673385424866798e-01
-1.371932498968153835e+00 1.104604951571134697e+00 1.099509789255295722e+01 4.158912946076973594e-01
-2.838589574425113948e+00 1.196159649571450601e+00 2.290716294567061695e+01 1.712796568814311637e+00
5.350099344521739297e+00 2.777101320427627584e+00 -9.299103868631112491e+00 1.494104137262641574e+00
-4.392489213401009618e-01
3.335687792469963497e+00
-1.776456757954383070e+00
-3.317002453118895744e+00
-5.040292908445538345e+00
-1.015887202789591548e+00
ReLU
0.1
6
6
-1.553554558558611465e+00 -6.819303227687682767e-02 -1.113266661540283975e+00 -6.292152767475403863e+00 -2.705904504927914012e-01 -5.166641020432499037e-02
1.940620686986060106e-01 -3.462191723999832771e+00 -8.707750867055131794e-01 -2.448888284609143540e+00 -1.436273284927843230e+00 1.182000487073906259e+00
3.354167064799519204e-01 -2.464050709163026376e+00 -1.643862218262879926e+00 -4.641976178353728777e+00 -1.205555312032588366e+00 1.388007965268240440e+00
-3.344378915341339464e-01 -7.640019506289579265e-01 -4.740168163581445770e-01 -5.766357528187093795e-01 -3.943696378538604774e-01 -3.778876983716217830e-01
1.991103184939240628e-02 -4.779264461611770765e-02 -7.210124004198995573e-01 -1.519987745728337725e+00 -5.143073396501902234e-02 -6.043202457493494079e-02
6.998592396861211817e-01 5.478077829340001204e-01 -6.794322000050282417e-01 -2.360187038262600900e+00 -4.814153761048546087e+00 -1.966674058197909539e-02
-4.532103934978153059e-02
-1.871281538000980404e+00
2.064819260371036247e+00
-4.799934831122266155e-01
-1.169964676000186526e-01
1.958760915834699912e+00
ReLU
0.1
6
2
-5.960161507169680880e-04 3.289330869503555022e-01 -1.023989245530845915e+00 -2.749515589505062696e-01 5.043718012793914351e-02 9.802663284267842947e-01
-1.734364304860321407e-02 8.198561015582639389e-01 -1.184378172231518533e+00 -3.233919662825079921e-01 -1.046957162336644570e-01 1.085759617872446237e+00
4.223170560746594582e+00
4.010069171564039081e+00
Linear
0.1

ct 2024-06-16 13:25:52.052954
