noname
4
4
4
6
1.980090688064479965e+00 3.731379127035471921e+00 7.189684229370240764e+00 1.749133265450282249e+00
2.915039484357737187e+00 2.945494075380793220e+00 1.094832092979763871e+01 2.670577923368838480e+00
1.027536513983688726e+00 -5.883231375910974448e-01 -6.129501040337936857e+00 -1.584673385424866798e-01
3.068258237130643828e-01 8.808365192691346435e-01 1.072035029545194718e+01 5.206290977564719258e-01
-1.030110601107028234e+00 1.135651319088327948e+00 2.904303227770467899e+01 2.053250771658595930e+00
8.417014730221341612e-01 8.266683668022829501e-01 -1.762248217889055013e+01 -4.240674226750602502e-03
-5.613460499081929234e-01
3.244948269510421035e+00
-1.776456757954383070e+00
-3.604527235952461606e+00
-5.323768017924853879e+00
-2.864517017741867733e+00
ReLU
0.1
6
6
-1.553554558558611465e+00 -6.819303227687682767e-02 -1.113266661540283975e+00 -6.292152767475403863e+00 -2.705904504927914012e-01 -5.166641020432499037e-02
-1.474923296898689395e+00 -4.282709927026795427e+00 -8.707750867055131794e-01 -2.448888284609143540e+00 -1.436273284927843230e+00 7.952323264619143295e-01
8.054924425984316683e-01 -1.337818162930789700e+00 -1.643862218262879926e+00 -4.641976178353728777e+00 -2.532186138891948435e+00 -1.314073095532221347e-01
-3.344378915341339464e-01 -7.640019506289579265e-01 -4.740168163581445770e-01 -5.766357528187093795e-01 -3.943696378538604774e-01 -3.778876983716217830e-01
1.991103184939240628e-02 -4.779264461611770765e-02 -7.210124004198995573e-01 -1.519987745728337725e+00 -5.143073396501902234e-02 -6.043202457493494079e-02
7.680541000352478775e-01 3.947711110722417205e-01 -6.794322000050282417e-01 -1.579457259046282314e+00 -2.204713836504299529e+00 -1.715638298504785997e+00
-4.532103934978153059e-02
-2.720255626441525187e+00
1.958398138212446904e+00
-4.799934831122266155e-01
-1.169964676000186526e-01
3.408038577060868768e+00
ReLU
0.1
6
2
-5.960161507169680880e-04 -1.372781281048505719e-01 -6.814798964655272018e-01 -2.749515589505062696e-01 5.043718012793914351e-02 1.214160764582964847e+00
-1.734364304860321407e-02 9.386953294860066466e-01 -1.112154039218554935e+00 -3.233919662825079921e-01 -1.046957162336644570e-01 1.078174174646082006e+00
2.199643831630467172e+00
2.857756653885152431e+00
Linear
0.1

ct 2024-06-16 13:26:07.522106
