noname
4
4
4
3
9.009304952751359674e-02 8.382735257351722202e-01 7.814699589609387376e-01 6.165374682461182143e-01
1.005397751223213287e+00 6.339646807178844767e-01 2.204806569244782688e-01 8.634699639137862759e-01
1.700677030526271116e-01 4.408064090906500532e-01 5.811692310451925525e-02 4.643262633946841356e-01
4.115207930114806456e-01
2.797522189072522147e-01
4.032048953369394284e-01
ReLU
0.1
3
3
8.644415016544056141e-02 2.982928858228492963e-01 7.071898719459344118e-01
2.350302431330906702e-02 3.582226702829439113e-01 4.768028523567299226e-01
6.260186447830300427e-01 3.283638401961758713e-01 3.597731528760523823e-01
4.438124015234737874e-01
1.821869691022600934e-01
4.383859873316384159e-01
ReLU
0.1
3
2
3.490871966614640942e-01 5.286482420995292086e-01 8.330284989694066722e-01
8.288908189159477358e-01 1.779430193425602658e-01 6.758916091550912775e-01
6.597097525115952488e-01
9.643677094267143479e-01
Linear
0.1

ct 2024-06-15 20:24:56.826600
