noname
4
4
4
6
3.974379218596508778e-01 1.872643945241167507e-01 8.539628197573321255e-01 5.375075131006390450e-01
1.389998001351026025e-01 6.228147029703937076e-02 1.036204600700207257e+00 7.429841272911756889e-01
6.324245918744882955e-01 3.460004029775635148e-01 4.217583870138454372e-01 8.197153687581900661e-01
-3.491303837452086611e-02 1.042157630321823292e-01 7.795938539593133543e-01 7.735730473057229606e-01
-2.922095982301540218e-01 6.514924007096001279e-01 6.688152352355350994e-01 9.267273274324930865e-01
6.187375657808869001e-02 8.464409860421184817e-01 3.631193443735665216e-01 5.559966651127925541e-01
2.832582870896892535e-01
9.081376456238850203e-02
3.166431220861193330e-01
8.032575602653961866e-01
5.490265315872697172e-02
4.065103584722827845e-01
ReLU
0.2
6
6
3.257379925192314951e-02 6.339056211450090628e-02 1.832891641169865082e-01 1.585694331492092102e-02 2.217101872868826318e-01 5.981085441627326249e-01
1.453607486996430498e-01 -1.689275380534499549e-02 3.679865620935379722e-01 7.838365599096930314e-01 3.364923790639221535e-01 4.218940447010665618e-01
6.939757697699542316e-01 9.878670381143762891e-02 1.020921298885680700e-01 5.114645069306135161e-01 5.021275167311363141e-01 4.044758718978519463e-01
7.617555955044394977e-01 2.061195544692017989e-01 7.292809479778629145e-01 4.448005344120342652e-02 3.763179392573855475e-01 -9.741210678537753909e-03
8.979173726569426028e-01 -1.330581028302403324e-01 8.077963081932900691e-01 7.857161417559146988e-02 -1.466521398434574019e-02 6.886780878763225644e-01
3.029178997778387838e-01 7.760157055977650042e-01 2.279175095898022252e-01 8.041854415583487015e-01 4.799818962813919843e-01 2.782676339700933532e-01
4.381703777078955753e-01
8.115224298215415466e-01
6.546055298319499727e-01
7.325705618871693192e-02
4.461939552232369044e-01
-1.679007337799034993e-03
ReLU
0.2
6
2
3.198506410807301914e-01 5.349876887303499640e-01 2.235663286408010042e-01 3.238488059440859379e-01 2.208969085330889093e-01 2.924029001379537251e-01
6.888807645941713576e-01 1.173489525394021959e-01 4.385961125956791551e-01 2.264107684527397191e-01 5.227897077304680673e-01 -2.584992494495754745e-01
5.067945390146388895e-01
5.488569412185642649e-02
Linear
0.2

ct 2024-06-12 10:37:34.290733
