noname
4
4
4
12
-8.168139349289104123e-01 3.972717115347968453e-01 2.326061139986363546e+00 2.256982179732733018e-01
-1.154710202637473815e+00 7.210221366074369698e-01 5.889148269724003848e-01 3.554258327806648077e-01
6.701127583280820366e-01 7.143041053201760748e-01 -1.057948799575191501e+01 -7.157923369929470869e-01
5.348694165797226313e-02 -2.027133125595192542e+00 -7.707496374526393801e+00 -9.417229677756836503e-01
-2.867657464143915091e-01 -9.580751532439976681e-02 -5.109385441673667039e+00 -2.292027373799415957e-01
5.322667318864452435e-01 -4.617920813911839395e-01 -1.556842854432937173e+01 -6.088707994540663027e-01
-5.580499539425204381e-01 8.301214048012544033e-01 -8.382658630741901540e-02 3.497514794092498325e-01
-4.646293376459642577e-01 4.786614760356712184e-01 6.223044543098358305e-01 8.861656315019049435e-02
-1.869615870751260456e+00 -1.048827346471334021e+00 -1.131032862523349714e+01 -3.084796302180698557e+00
4.222147573064718884e+00 7.909043263872086449e-01 -1.239700649230315754e+01 4.887603789998590242e-01
-2.283975860492315935e+00 1.183960455397364164e+00 8.450472659600890557e-01 7.498553595377853709e-01
1.188436034755290027e+00 -1.829410678892991582e+00 -1.692800736805371642e+01 -2.877111763539446088e+00
-1.353081029700992755e+00
-9.353793375983514569e-01
1.941663211974403502e+00
-3.131446114214668341e+00
-1.207993468398089743e+00
3.628219132065320984e+00
-1.649407762686007306e+00
-8.885809021876117653e-01
-1.166035787955323338e-01
2.631555519022824363e+00
-1.506022480181525625e+00
3.765624646355764771e+00
ReLU
0.1
12
12
1.809631054100264980e-01 2.256927686020829965e-02 1.155953776346202000e+00 -2.140532628602766496e-01 -6.162347064839830413e-01 1.031804887467061338e+00 1.962842971749217125e-01 -8.455918711792597131e-01 6.765940118841710094e-01 2.197392199435296845e-01 4.499190348037131887e-02 -9.076437902826265613e+00
-1.155485558658803785e-02 -6.958138919490370888e-01 4.179641962511154718e-01 -5.902256274098020838e-02 2.567101383376267365e-01 -3.476184037238047031e-01 8.796756368853761998e-01 -3.674056942450005803e-01 1.014671820085393111e-01 -3.544260314422482128e-01 3.971982333819416566e-01 -1.993995040889523063e+00
-5.188862880583999804e-01 -7.404561377729909077e-01 1.303430547472826107e-01 -2.498639807618634745e-01 -3.691530446848147462e-01 3.984975156363690374e-01 -7.459196011736374254e-01 -7.565003180182894305e-01 -4.202942110429022105e-01 -3.786221855855586016e-01 -1.960364947806562563e+00 -6.589304087793746767e+00
-1.141947361660536203e-01 3.261579385624663319e-01 -1.661038376800301197e-01 4.383324656664690511e-01 -1.244764916878940419e-01 3.821831644883871837e-01 2.517469592173383064e-01 -1.115085771697496231e+00 -7.365623904613577411e-02 -3.053159598877024372e-01 -7.744615609543633594e-01 -6.956025822084664689e+00
6.851247724041664711e-01 -1.841287415244443337e-01 -5.757524199344588034e-01 -5.697703432247364086e-01 -2.013148257991589658e-03 6.090111330552607782e-01 -9.844820260797177980e-01 -6.889260728020411839e-02 -9.577228425206218976e-01 2.260304949625812743e+00 -2.343616782173382485e-01 -2.964825169112510039e+00
1.249107153976352080e+00 2.767528163319479817e-01 -2.230072514928330973e-01 -1.095578932641526837e+00 -1.986656556684796016e-01 -1.096457014605008551e+00 5.297574321681863818e-01 2.759860908599169327e-01 6.757939795357083002e-01 2.527734322721158014e-02 1.859241979873117900e+00 -1.491371357715653101e+00
-4.727003761609419041e-01 2.586336493286695015e-01 -1.264932951512187653e-01 -1.141754740713711413e+00 1.810318371284946326e-01 5.876114966471334133e-01 -9.629437065375644478e-01 9.428211792767841881e-02 -1.538540265367635440e+00 2.221765392151046292e+00 7.584700976450189369e-01 -2.015131880990793878e+00
7.529978595714416356e-02 4.171122542525152604e-03 -4.824107159338487244e-02 1.477750425694639880e+00 -9.240458575430898769e-02 -3.958839574243840920e-01 -4.582271122368662408e-01 1.504348895603864478e-01 -1.379204920493699027e-01 -2.920422556853872753e-01 -2.357433490621528016e-01 -2.993749856782853769e+00
-1.008830603969277595e+00 3.913694272882199399e-01 -3.489225075017029498e-01 1.401215218762030812e+00 -1.518217371610145472e-01 5.705365919029097288e-01 -1.216297995690768685e+00 -4.297842374885403605e-02 -7.604100084962773787e-01 -3.214439477038198434e-01 -1.442227756664201666e+00 -2.910974953924405195e+00
-2.491145366892840440e-01 -2.311342554586012787e-01 -6.085427421555443805e-01 2.765746500832053090e-01 9.976127484438840343e-01 -2.034064486118159376e+00 -8.447769842286659836e-01 -6.344968139105137128e-01 5.235184306049401881e-01 -5.774374577204305359e-01 -6.212763676385264500e-01 -2.774114674877291353e+00
-4.670950138984497624e-01 1.412916017113859286e-02 3.422948783940585327e-01 7.234683338176418621e-01 -2.545596387180673048e-01 6.910201196313875416e-01 -1.038373276802512235e+00 -3.240484331639749138e-01 -1.444513102982845298e+00 1.007987656526361242e+00 -7.501463196832356406e-01 -2.492100550925443692e+00
-9.187073725896117704e-01 -4.492891073211522923e-01 -3.456852180197151458e+00 3.209021374763259549e-01 -5.809222597543557687e-02 -1.045762483699775380e+01 -8.431950166010677705e-01 -1.937791328637592791e-01 -3.910995218534112083e-02 -2.814696272328563453e-01 -3.672362830619779750e-01 -5.315850416465738526e+00
-2.725675754229287540e-01
-2.842012706202061145e-01
-7.602525896433838248e-01
-6.281270815864387069e-01
4.551895771581468075e+00
-2.926968154165676683e-01
8.178105629762665529e+00
-3.557187849837957772e-01
1.807972560790490180e+00
2.938136430647104280e+00
4.047419249209075476e-01
3.720119226141921587e+00
ReLU
0.1
12
2
1.413517554712661883e-01 -6.021618450325082195e-02 5.230209391149074349e-01 2.656475736970660972e-01 1.085109820168851824e+00 6.269773743873360838e-02 1.841362552753127213e+00 -1.671076166796924278e-01 -1.328447046651245023e+00 -1.997786324358772125e+00 4.582489746699191513e-01 -3.242346712827171018e+00
5.745293865867587835e-01 -2.159961776396863639e-03 4.760301334338030155e-01 2.810227572620306868e-01 1.310961068289669074e+00 1.811537929688583903e-01 1.448292896059722112e+00 1.879539269481487751e-01 8.714298970369120656e-02 -1.392722777473754725e+00 4.274121162376683380e-01 -3.573086644733696193e+00
8.494897450266398309e+00
6.305478088546847992e+00
Linear
0.1

ct 2024-06-15 12:22:35.988036
