noname
4
4
4
12
-8.168139349289104123e-01 3.972717115347968453e-01 2.326061139986363546e+00 2.256982179732733018e-01
-1.132282307408485789e+00 7.143452719943188534e-01 5.778362622009154403e-01 3.566217846542648062e-01
2.930203420911743906e-01 1.700956347908778865e-01 -1.239203758738091032e+01 -1.392602811379493488e+00
5.248844631826068974e-02 -1.924441247657978415e+00 -7.591731559843712951e+00 -1.007771864074525237e+00
-2.867693788403672950e-01 -9.580874637556920093e-02 -5.109383754006886491e+00 -2.292018554770304251e-01
6.696672973395919604e-01 -6.101971458031252987e-02 -2.125599475408815664e+01 -6.371166371552940966e-01
-5.580499539425204381e-01 8.301214048012544033e-01 -8.382658630741901540e-02 3.497514794092498325e-01
-4.646293376459642577e-01 4.786614760356712184e-01 6.223044543098358305e-01 8.861656315019049435e-02
-1.512659369296348144e+00 1.222369897837014829e-01 -1.208071775262841996e+01 -2.636519117804622336e+00
4.067129875753471957e+00 9.641925978013569098e-01 -1.307951764546231210e+01 -1.624738776895434667e-01
-2.283975860492315935e+00 1.183960455397364164e+00 8.450472659600890557e-01 7.498553595377853709e-01
3.534669536321393135e-01 -2.338881125148683182e+00 -2.112870954956647651e+01 -4.046497680431307309e+00
-1.353081029700992755e+00
-9.404006849665335066e-01
-3.092328488754892968e-01
-3.208653341582429874e+00
-1.207994296480638496e+00
4.806309513590792726e+00
-1.649407762686007306e+00
-8.885809021876117653e-01
-1.517514662205203146e+00
3.636230483295170846e+00
-1.506022480181525625e+00
5.304135399564331443e+00
ReLU
0.1
12
12
1.809631054100264980e-01 2.256927686020829965e-02 5.621201766939422084e-01 -2.140532628602766496e-01 -6.162347175922324727e-01 2.873812524187487338e-01 1.962842971749217125e-01 -8.455918711792597131e-01 6.765940118841710094e-01 -7.361071927863604980e-01 4.499190348037131887e-02 -1.005071955800807793e+01
-1.155485558658803785e-02 -6.958138919490370888e-01 4.179641962511154718e-01 -5.902256274098020838e-02 2.567101353276194375e-01 -3.476184037238047031e-01 8.796756368853761998e-01 -3.674056942450005803e-01 1.014671820085393111e-01 -3.544260314422482128e-01 3.971982333819416566e-01 -1.993995040889523063e+00
-5.188862880583999804e-01 -7.404561377729909077e-01 1.303430547472826107e-01 -2.498639807618634745e-01 -3.691530446848147462e-01 1.717448684187147800e-01 -7.459196011736374254e-01 -7.565003180182894305e-01 -4.202942110429022105e-01 -3.786221855855586016e-01 -1.960364947806562563e+00 -6.589304087793746767e+00
-1.141947361660536203e-01 3.261579385624663319e-01 -1.661038376800301197e-01 4.383324656664690511e-01 -1.244764916878940419e-01 1.660452344595330643e-01 2.517469592173383064e-01 -1.115085771697496231e+00 -7.365623904613577411e-02 -3.479337616211525264e-01 -7.744615609543633594e-01 -6.956025822084664689e+00
6.851247724041664711e-01 -1.941735022105066655e-01 7.820689994106344578e-01 -5.697703432247364086e-01 -2.013361628547088913e-03 5.712915421499953350e-01 -9.844820260797177980e-01 -6.889260728020411839e-02 1.010418465640378904e-01 5.118468072487503129e-01 -2.343616782173382485e-01 -1.915859212216868057e+00
1.249107153976352080e+00 2.767528163319479817e-01 -2.230072514928330973e-01 -1.095578932641526837e+00 -1.986656556684796016e-01 -1.096457014605008551e+00 5.297574321681863818e-01 2.759860908599169327e-01 6.757939795357083002e-01 2.527734322721117075e-02 1.859241979873117900e+00 -1.491371357715653101e+00
-4.727003761609419041e-01 2.400135968427658806e-01 -7.651227948923774447e-01 -1.152948272947160069e+00 1.810306293278372558e-01 8.819391778313157015e-01 -9.629437065375644478e-01 9.428211792767841881e-02 -5.363558692726213550e-01 2.511463281467928521e+00 7.584700976450189369e-01 -2.830317236747578846e+00
7.529978595714416356e-02 4.171122542525152604e-03 -4.824107159338487244e-02 1.477750425694639880e+00 -9.240458575430898769e-02 -3.958839574243840920e-01 -4.582271122368662408e-01 1.504348895603864478e-01 -1.379204920493699027e-01 -2.920422556853872753e-01 -2.357433490621528016e-01 -2.993749856782853769e+00
-1.008830603969277595e+00 3.913694272882199399e-01 -1.943014994936392625e+00 1.401215218762030812e+00 -1.518216585273448327e-01 -6.300164890959405462e-01 -1.216297995690768685e+00 -4.297842374885403605e-02 -7.611256335810101525e-01 -9.718863173911176379e-01 -1.442227756664201666e+00 -1.428887688778768705e+00
-2.491145366892840440e-01 -2.311342554586012787e-01 -1.710400288696791948e+00 2.765746500832053090e-01 9.976129055024296477e-01 -4.044348110274187391e+00 -8.447769842286659836e-01 -6.344968139105137128e-01 5.235184306049401881e-01 -7.115283624434962650e-01 -6.212763676385264500e-01 -2.313738098588902670e+00
-4.670950138984497624e-01 1.412915816729446924e-02 -8.173890757874916480e-01 7.234683338176418621e-01 -2.545596668123334405e-01 -5.360391513817076570e-01 -1.038373276802512235e+00 -3.240484331639749138e-01 -1.435593308949609348e+00 -1.439609728237737363e+00 -7.501463196832356406e-01 -2.940853677709654779e+00
-9.187073725896117704e-01 -4.492891073211522923e-01 -4.685789104299512786e+00 3.209021374763259549e-01 -5.809216236958640589e-02 -1.365302193432182776e+01 -8.431950166010677705e-01 -1.937791328637592791e-01 -3.910995218534112083e-02 2.029492480849711122e-01 -3.672362830619779750e-01 -8.111380488946844380e+00
-2.263254113441911741e+00
-2.842012734905459692e-01
-8.859286166316847622e-01
-7.341128424869456381e-01
2.096009616666858033e+00
-2.926968154165676683e-01
8.707184877852204963e+00
-3.557187849837957772e-01
4.495709318098942475e+00
5.166021777972550133e+00
-7.447186179866963629e-01
2.723221786773300401e+00
ReLU
0.1
12
2
1.680951565078443455e-01 -6.021618431149859674e-02 5.220314698928820718e-01 2.723832447433340298e-01 -2.849474727021852200e-02 6.269773743873360838e-02 1.953840690143294756e+00 -1.671076166796924278e-01 -1.494780177055524462e+00 -2.082135954184249904e+00 1.738509704747541185e-01 -2.254930020422660775e+00
2.131682507292102183e-03 -2.159962089538245388e-03 4.771668853397162402e-01 2.643909507659029656e-01 5.740325118142706184e-01 1.811537929688583903e-01 1.851564049251452460e+00 1.879539269481487751e-01 -4.292042210240592515e-01 -2.697025300170317053e+00 -1.774043752253898210e-01 -1.536486998676471316e+00
1.233087915941870705e+01
6.419573572278986617e+00
Linear
0.1

ct 2024-06-15 12:22:54.529126
