noname
4
4
4
12
9.493356508465545796e-01 1.615297443745207895e+00 1.379966030029806223e+00 8.170584786822324697e-01
6.045994826179129644e-01 2.796437249086693999e-01 -2.045781870746595121e+00 3.743691382975394832e-01
-1.205433245671406972e+00 1.697757232392848925e+00 7.902744969394150942e+00 -4.803222883188053294e-02
-4.077801548670679788e-01 3.292808741774079784e-01 1.480838726471701561e+00 1.446099493439913231e-01
3.068092593572577798e+00 2.577740048921036031e+00 6.434786360909686920e+00 2.415698009149303438e+00
3.895991290862051315e+00 1.318246134735252761e+00 -1.385158776030820660e-01 1.932660789849704130e+00
-9.646364749482860823e-01 2.682656506522734574e+00 1.252838815218143154e+01 1.165374463443325626e+00
1.832710290107751328e-01 7.131032685789876480e-01 2.055978889954306332e+00 8.918548435534012775e-02
2.926955512069107979e+00 2.544756430698404515e+00 2.018748950176018297e+00 2.134883347784506391e+00
-5.623838085435539647e-01 1.439117194430468372e+00 6.137704236647766542e+00 7.059398442751394498e-01
-3.871502124873524409e+00 1.488945244508239396e+00 1.261276194491157199e+01 2.130040694308160454e+00
-2.248188500582790628e+00 1.212575933858539567e+00 6.178510187342204141e+00 4.446784133575443221e-01
-4.288163391645404277e-01
-4.838360933629045624e-01
-4.648353225303544001e+00
-7.301484288313438986e-01
2.215144020226464061e+00
1.812206055917322811e-01
-4.561116320902286247e+00
-1.319751140167132020e+00
4.677879323156760027e-01
-2.254393346977654922e+00
-4.011553600688904986e+00
-2.357259789457424315e+00
ReLU
0.2
12
12
-4.880218715772069449e-01 -2.914693035491116579e-01 -2.321268105649409441e-01 -2.544624357828160766e-01 -7.549399930189485408e-01 6.354200606391300840e-03 -1.565888033743032814e-01 -1.211199275960483268e+00 -7.638695180056996603e-02 -4.222754537637523065e-01 -9.757369566836429087e-01 -8.138952982426714833e-01
-6.931696775877764505e-02 -3.430371372630258153e-01 -1.691257038419426761e+00 -1.452274151581628703e-01 -4.825773358407039471e-01 8.509770940903489678e-02 -2.368552651183273849e-01 6.833444223502821435e-02 3.914285799528295917e-01 -5.393220827063945899e-01 -8.446318499146345804e-01 -2.611623598872117924e+00
-3.231177132273646557e-01 -7.217530904668066627e-02 1.265824405940871311e-01 -1.071829083148576750e-01 -3.206239124492234471e-01 2.288769074450662244e-01 5.627918443050131669e-01 4.268561198767641396e-01 -2.576257971573765460e-01 -2.677100029167736595e-01 2.980148870001583239e-01 3.853975756543254194e-01
-6.543495037849001994e-01 -1.300495137498003939e-01 -1.571702827216494347e+00 -1.203354225629313490e+00 -5.714820443855498366e-01 -6.387805885183055477e-01 -9.678365496154511805e-01 -9.958718106236534862e-01 -2.522964541274944072e-01 -5.005081710408406659e-01 -1.011536093004472781e+00 -1.389505481422360189e+00
-1.302409306484756113e-01 2.118805103530927991e-01 -2.883555098193324451e+00 4.105758210495270011e-01 5.427011730735692430e-01 -3.610391419817679526e-01 -3.397653117456510330e+00 -3.175415098694089333e-01 4.461162997666618391e-01 -1.428597916734935191e+00 -2.355720663058562980e+00 -2.102871429909654921e+00
-7.159651748482365186e-01 4.971400659984432924e-01 -2.297008200478625195e+00 -3.149215777722460530e-01 4.639235078485367397e-02 -6.765359433214250817e-01 -3.533766382288233698e-01 -1.696839317418801299e-02 -4.584998054407967150e-01 -3.560018256580985696e-01 -1.845745498892631675e-01 -2.229159545272803911e+00
6.516815541939541268e-01 -1.451365442905394321e-01 -3.042378848734414110e+00 -3.138979431982107382e-01 1.619891000788441060e+00 9.463353159123237823e-01 -3.454215135380697355e+00 2.180996547732626523e-01 9.536694865105530550e-01 -1.229323458946804060e+00 -3.272388400518772222e+00 -2.535695028232456849e+00
-1.054196726397399031e+00 -2.396047528544270333e-01 -4.485793505986033769e-01 -1.326523573173421067e+00 -3.430846871096192796e+00 -1.694321497497741191e+00 -5.184948762753959217e-01 -2.159657884882141943e+00 -6.804656058983734601e-01 -2.246514213174374497e+00 -1.762490379603913970e+00 -8.534490977091766517e-01
-4.608826996370954943e-01 2.078607654669600013e-01 -2.797538033868883556e+00 -6.302782554033649065e-01 -2.853483607699963120e-01 -6.488617691489684258e-02 4.324183802196649995e-01 1.515551282077075568e-01 -3.191840173908757627e-01 4.581391410476208514e-02 -6.446127818754719963e-01 -1.901251947379724472e+00
-3.559496962755722693e-01 -1.076484438384865294e+00 -3.139360883459315632e-01 -7.736854355899954738e-01 -1.052818979046050041e+00 -1.147576077662390004e+00 2.404646574151926910e-02 -9.063683369236452680e-01 -4.292118219996187700e-01 -9.622863249502309202e-01 -6.405436303808379472e-01 -6.082663440466175020e-01
4.643852175940096916e-02 1.883021086889862528e-01 -2.686994914955874059e+00 -6.966459375762638906e-02 6.745505415701510965e-02 6.329174559455222893e-01 -2.567733297473326459e+00 1.005081079286508361e-01 4.912095373454301583e-01 -1.255358047348143824e+00 -2.568925124045812858e+00 -2.434571709676734752e+00
-2.385203820477856396e-01 -8.710786427407397614e-01 -1.713859918184617692e+00 -5.999836112135148447e-01 -1.609881106978670040e-01 -8.451801420452221825e-01 -4.170690513739848670e-01 2.440693558468293167e-02 -3.497286720278980354e-01 -2.467707217986689905e-01 -3.156757613195352308e-01 -2.724131327359089028e+00
-1.562104432917314767e-02
7.689250076646196863e-01
-3.718447710080857553e-03
-3.909547720434548845e-02
1.427338278543870853e+00
1.181154729318895646e-01
3.144024233541042435e+00
2.634063670528500545e+00
4.109704659834380602e-01
-8.841162866705888357e-01
2.015588549189965661e+00
3.353436309561380058e-01
ReLU
0.2
12
2
3.421013752000712782e-01 1.428567683052912179e-02 -2.202766640521661851e-02 3.079294514500529600e-01 6.524323557466229495e-01 -7.450199664571495461e-02 1.469638225459803493e+00 -1.399019953284307505e+00 -8.485195453051898318e-02 -3.838973724615092897e-01 7.053230177082766561e-01 -9.196762597643061421e-02
-1.793225108734737214e-02 -3.510750574148903402e-02 4.996413428221700703e-02 -3.109574374180388082e-02 5.568828775047881541e-01 3.978445788644806302e-02 1.816853497788652350e+00 -1.369048461427607721e+00 -4.190446771694133522e-03 -7.141534880704778487e-01 4.123725539408024665e-01 4.024495432637485021e-02
5.385971560726756202e+00
6.928147900283230243e+00
Linear
0.2

ct 2024-06-12 18:25:24.469471
