noname
4
4
4
4
-1.456161506499298097e+00 1.301387777913119770e+00 7.247733678920647016e+00 -3.541642546623535032e-02
2.244162179110258393e+00 2.208854522521564723e-01 -2.683790601779591967e+01 -8.714662193842940274e-01
-2.515771278612428219e+00 -5.092502796235529594e+00 -3.046602826676907583e+01 -4.081330572043687432e+00
-1.328425497598152705e-01 2.363171716431374136e+00 5.077551447287032005e+00 9.357100494383245870e-01
-2.940575191583770565e+00
7.156460694518465004e+00
2.732617470122026937e+00
-2.897142830437807071e+00
ReLU
0.2
4
4
-2.150423530941885930e-01 -2.210913176638953925e-02 -8.917765895738455351e-01 -8.413242321128110435e-01
-1.287560263272527372e+00 1.088804351187822261e+00 -1.266187944672514165e+00 5.391305569708589873e-01
-5.618631769758480887e-01 -1.306670813103133710e+00 -2.290774236523703600e+00 -2.500549187181834387e+00
-2.203757493673913270e+00 -1.136209071339645993e+00 -2.726440445441308036e+00 -1.509271910301655528e-01
-6.693901839779946572e-01
-1.921216267062392014e+00
2.136132236788824024e+00
-2.857831076653873925e-01
ReLU
0.2
4
2
-1.986551792541498829e-01 3.673970713575873681e-01 -1.349903850617943712e+00 6.807243210320973459e-02
-4.513688126522263366e-01 1.132543489368992295e-01 -1.363654101177296019e+00 1.389926368239037813e-01
4.857600388824064197e+00
4.792194238833025643e+00
Linear
0.2

ct 2024-06-12 01:50:04.593898
