noname
4
4
4
2
2.432110821212836449e-01 -2.227269227761414783e-01 1.443337615009654407e+00 5.742815958960748590e-01
4.085991309986639619e-01 4.864405394885369383e-01 -2.963518656637511572e+00 -5.288147345743564598e-01
-6.412995309674039968e-01
-4.270755733274841370e-01
ReLU
0.2
2
2
-3.277411807764791796e-01 -5.996681354675839071e-01
-1.580075342484716372e-01 -4.959417523139443840e-01
4.200778735386384577e-01
7.433039641042176182e-01
ReLU
0.2
2
2
7.434274099752014031e-02 3.243792704862997200e-01
1.962141178863756608e-01 2.554157001399745552e-01
1.810742115446685174e+00
1.923308878249628595e+00
Linear
0.2

ct 2024-06-12 14:03:53.307383
