noname
4
4
4
16
6.098372815738198893e-01 6.508928970568675920e-01 9.644290096297503112e-01 2.634319580595934074e-01
5.558329722440930043e-01 1.277414475791955606e-01 2.332838666778765946e-01 6.652179957690818046e-01
1.041093254824983605e+00 3.850422292899501886e-01 6.764456023852571942e-01 6.557722956450253715e-01
2.403692797890059352e-01 1.774919517870064134e-01 3.367375903490042455e-01 5.514733177600453784e-01
1.000303269555632146e-01 7.821202084536108545e-01 3.344420910842413330e-01 2.051058544198914313e-01
1.414019406584114402e-01 9.989307481344675832e-01 8.723675706908666783e-01 5.478788215087755376e-01
1.481978500952000621e-01 4.987282255160182531e-01 8.965411336546044718e-02 2.533435018852737697e-01
7.518690491580357627e-01 7.300217199798045842e-01 4.682754623805508443e-01 3.912743604773293304e-01
6.818637652650214598e-01 5.186701133081434989e-01 4.686477194437807525e-01 4.702941049658728168e-01
5.965886479465026815e-01 4.063891428722071208e-01 1.836507712165722228e-01 7.473774127832305547e-02
6.391179073986830161e-02 7.098490425672243642e-01 6.856710569770286812e-01 5.082557069266201433e-01
3.065123668350225664e-02 7.896654655061885464e-01 4.138841623712750106e-01 8.753805351112081690e-01
7.573733773248062517e-01 6.957467964672748861e-01 8.970855197414464577e-01 8.590972539624669446e-02
6.450633246988937142e-01 3.121355740967782788e-01 9.545389618313543378e-01 2.161268098431367857e-01
7.579949167916203434e-01 1.207062244709931065e-01 4.743446982765506942e-02 5.548875565892531503e-01
2.672866520701194237e-01 9.013589002058545185e-01 4.991614956388968349e-01 1.031263825983012444e-01
1.558152730333178526e-01
6.967983244339858162e-01
3.923813276980999687e-01
4.344714278666145790e-01
7.517776613257869389e-01
1.484913831455283439e-01
9.684755870033263936e-03
1.176570996473368796e-01
3.100047641085370564e-01
6.730659779218278738e-01
7.687051416856435226e-01
9.053943898974198268e-01
9.886467290883158565e-01
6.905575948821880417e-01
7.619391542360562930e-01
-5.061976581757666321e-02
ReLU
0.01
16
16
8.530293524991359178e-01 5.959380294614484708e-01 4.895026216832359944e-01 2.200090714132905412e-01 7.817012934594709528e-02 5.083504647762796536e-01 5.812397719630094106e-02 7.156040292421863569e-01 1.757174529732732637e-01 7.973957979983811173e-01 2.063299880723374058e-01 3.374567376396102603e-01 7.891481000482087893e-01 6.119385255283104064e-01 5.710017393613315839e-01 2.665983449720494836e-01
1.597435552345478627e-01 3.080923379423558539e-01 9.001524260458655391e-01 4.127508166093800668e-01 6.665697579432502407e-01 8.839779642657107361e-01 2.343581095199109288e-01 3.503319005689922161e-01 3.326772798846792112e-01 4.201467297911140597e-01 7.938345863044258266e-01 9.612774272272489595e-01 8.326239245250047771e-01 5.469402479004130679e-01 9.401411540989994264e-02 8.936998326188396735e-01
8.057850959450205686e-01 3.508347668636462857e-01 3.112864817341153834e-01 8.255579529743907186e-01 6.676886772689262228e-01 6.164259585144142850e-01 6.592081016355596512e-01 2.474422513582809069e-01 5.622224620467599632e-01 3.921693407406384169e-01 5.150425085939279723e-01 6.980824485003400692e-01 7.335496187417098191e-02 1.843843172496965888e-03 6.695121132731706171e-01 2.946087145959343512e-01
4.840817887497037703e-02 7.147182722585546655e-01 5.709576387194873481e-01 8.120814099965842914e-01 6.497244387534567567e-01 5.483825080759667792e-01 1.863322188539983104e-01 2.144334201350659441e-01 2.758282815947426525e-01 9.155776751518017731e-01 4.872947347130537205e-02 6.290771763750220291e-01 9.846722467665202094e-01 6.097835168566155817e-01 3.103422875989505503e-01 3.370431920820743388e-01
9.080434025516057606e-01 2.186346516385344052e-01 6.718470650129713118e-01 7.802373469642037707e-01 4.893781493200075605e-01 2.269882412328379784e-01 3.798266132667867806e-02 3.679986686104725346e-01 5.046106223101212152e-01 3.482564592021839683e-02 8.754537743961378071e-01 1.016973237851096945e+00 7.501674182348972986e-01 9.602855315837702799e-01 8.627712641934852378e-02 5.840282285097809778e-01
5.752378404142732826e-01 8.293676962481079384e-02 8.899963206191734422e-01 6.439111491810508570e-01 7.581768519399585404e-01 5.099292721085693092e-01 4.684295689691033229e-03 3.887708366031749074e-01 3.860474198612002805e-01 5.768925787176888420e-01 5.789511972182593835e-01 6.024841214783691612e-01 5.398014299893475476e-01 9.734062616538980972e-01 4.936021513650111492e-02 6.796665556614660542e-01
4.273795876609317035e-01 9.171446656762427541e-01 9.348972719656601926e-01 6.001492978710505355e-01 9.230452003097552316e-01 5.136558294788178686e-02 5.033956250944177091e-01 8.928401582685374649e-01 3.854851004008986726e-01 9.546987494397675134e-01 7.703555176750934708e-01 1.433051691552216789e-01 5.693456062689783437e-01 2.796407047229435561e-01 7.232203569293976786e-01 -9.841058576402441152e-03
1.600453227267457645e-01 8.501677560426804670e-01 5.220216595713720320e-01 3.671379197622376966e-01 1.354561198377594866e-02 4.078294662768989776e-01 3.653509473814227082e-01 3.180038622947240490e-01 9.357341827643697596e-02 6.388787950657891512e-01 5.694392722066097257e-01 8.291442165920528407e-01 9.551904545862600904e-02 3.171823093751880984e-01 1.720190282300148032e-01 2.106282501485053915e-01
4.167536519435426912e-01 2.665585114731017224e-01 3.893489104101509612e-01 9.601476054450831521e-01 7.765950230404381482e-01 6.793252206188656883e-01 2.637903232969364686e-01 6.375028478423376832e-01 5.075959920692254546e-01 8.613068951559987863e-01 8.111243745689898921e-01 6.696856114646091429e-01 2.533466828048684394e-01 6.448620366550542049e-02 7.534957590509480108e-01 3.624835739454940198e-01
7.359731602809829187e-01 6.564667393856765676e-02 1.317326892242939584e-01 1.706459865754670069e-01 6.506115385939034157e-01 5.334369446149217486e-02 3.442034100327710511e-01 5.150778217830731531e-01 6.881359826114116229e-01 2.714750402725908396e-01 1.239917104015679644e-01 4.098562185200885777e-01 6.848207275540220129e-01 1.015207399042651962e-02 3.965144665635167431e-01 2.436408888630893152e-02
7.949955489539488607e-01 2.768669751812116719e-01 1.966839748644297059e-01 1.672476880668663513e-01 4.879392435491139990e-01 5.336743977390716598e-01 7.751240830154120243e-01 3.307743283106383547e-01 5.590562361186001139e-01 5.196508999074698210e-01 7.085149088998060618e-01 7.715172483594869846e-01 3.178607682389918421e-01 1.430200574810659361e-02 2.225366280367128968e-01 5.900892726172443092e-01
8.885037318479864776e-01 5.910317937377986830e-01 9.483388519886979395e-01 3.067374609227338511e-01 6.619821634690512546e-01 4.552594943670106864e-01 4.919156202681519430e-01 2.074967723393551788e-01 9.446812142834172255e-01 6.168495201962467256e-01 7.282438183141586308e-01 9.242608284937631202e-01 1.356853696996323522e-01 9.361093063698711081e-01 3.426108088474192903e-01 9.383712251847551311e-01
5.564642199934016764e-01 5.417448639081219319e-01 7.330535108300139102e-01 6.782015452570266945e-01 1.676292064797288983e-01 -9.169943409807911408e-03 3.902215060468662289e-01 6.240336555517363853e-02 7.881353961859554058e-01 9.329481511215547140e-01 2.470628243518485645e-02 9.161430458329947735e-01 7.367929701435727008e-01 2.970570916068828726e-01 8.090621530851730414e-01 3.887144747022387437e-01
8.105018680966376010e-01 7.916992652630010507e-01 5.450652044270213326e-01 9.181596331468048211e-01 7.243391104437135741e-01 3.372124063497822233e-01 1.376544759922125050e-01 2.266425511859309072e-01 7.647713314391318962e-01 6.937989059666980207e-01 7.246914888916630160e-01 8.189277786350314114e-01 5.155778208367447490e-01 7.447778004222496140e-01 5.500303309290148768e-01 5.005131941046945254e-01
8.834821587680879995e-01 7.953996168707697656e-01 3.883368974322651823e-01 1.109878904621466045e-01 7.764682837842841190e-01 8.867177034722236728e-01 4.814217790781630257e-01 1.456495422270196738e-01 3.204714317694291048e-01 3.623458403516349735e-01 5.985991590174015442e-02 3.969298642327603877e-01 2.498142653511380429e-01 4.751953731357201893e-01 8.418048656355697767e-01 1.270372438488230338e-01
-3.256760524641252874e-02 5.314506518083591535e-01 6.599342520947324431e-01 4.556798861488821628e-01 1.317618191408235495e-01 7.099743395103114141e-01 7.328138031738336000e-01 8.365959145779845452e-01 4.749372385322178647e-01 5.722124301078207464e-01 6.157314740597659153e-01 6.815593558604897684e-01 8.632707170436103583e-01 5.932252882262908367e-01 8.448921030331592030e-01 -2.787738180092561024e-02
6.911235898415677426e-01
9.941848265642461158e-01
4.992772007765334252e-01
1.735491892929852398e-01
7.601510309112475827e-01
9.255879276265672750e-01
2.259363545875582302e-01
5.237748189339971328e-01
6.143467888451091818e-01
3.759515232156389608e-01
2.806645546546658876e-01
5.384656770915962065e-01
4.796236893260227285e-01
6.247449110872691502e-01
1.405121289479091817e-01
1.967659549799471649e-02
ReLU
0.01
16
2
2.979365403672651902e-01 5.607471655919115117e-01 4.206061304437587189e-01 8.056233271771873553e-03 9.594400678914391523e-02 9.821872487970515486e-01 8.718812894113865397e-01 6.047190379544219452e-01 9.442824418711185386e-01 4.919700536518017975e-01 8.621847662136807866e-01 9.148058814086826307e-02 7.542017978513813059e-01 9.620784710033811749e-01 9.656619489069893925e-02 5.797564300110583657e-01
8.773365579654319735e-01 1.001441901945606894e+00 3.780315299381141747e-01 7.475951528202183782e-01 5.621379337538814358e-01 4.565995657344911196e-01 6.564837953497944245e-02 1.539656149954226616e-01 8.464710433155617220e-02 2.159965803604561585e-01 9.718046694996701484e-01 6.653110648908657776e-01 2.359683306224951982e-01 3.975674657042198301e-02 3.639439346060299729e-01 6.295094869147527250e-01
2.789852188040705672e-01
2.787084887926178922e-01
Linear
0.01

ct 2024-06-03 20:39:38.644704
