noname
4
4
4
6
-2.394370487137673781e-02 7.119554451366491010e-01 1.027220379968327046e+00 6.289645510530590400e-01
1.389150500253221454e-01 4.790732196436182644e-01 1.690758641685267571e+00 3.868759539934009672e-01
-1.677249316680352320e-01 5.113864055613668302e-01 8.341241315286435087e-01 3.491926334065642012e-01
6.120003930776340495e-04 1.145361871073245774e-03 1.833929026439247911e-03 1.099087445156192618e-03
6.339567480436449033e-04 1.227443965227129714e-03 1.778174443083421069e-03 1.207417135216199257e-03
1.408786750271310336e-03 1.376207450927056496e-03 9.344615566068787890e-04 1.463931633689244437e-03
6.633483982595548278e-01
6.229241152623519184e-01
3.441627512576470038e-01
1.338029533558576139e-03
1.433839629018861857e-03
1.640419800085557434e-03
ReLU
0.1
6
6
1.995538812948624008e-01 3.220921880932000603e-01 -4.551940105936418957e-01 3.574730988304803910e-04 4.252035739844819344e-04 6.759461315113462695e-04
4.241949806284118774e-01 1.090286238517817752e-01 4.492808503718787039e-01 6.194726142222452573e-04 6.183091696584569258e-04 8.035746625642348553e-04
3.228183319239878030e-02 -6.921284466554232517e-02 2.198436283898345944e-01 5.350725228011436740e-04 6.121977331836546106e-04 8.213810047449137059e-04
7.007707175545328012e-04 4.101516844779035391e-04 3.350742344991180241e-04 9.990168075413939208e-04 9.989505662174682794e-04 9.994515336853168012e-04
7.998305275734457227e-04 4.464012193312681242e-04 5.262188165218728564e-04 9.991780332753465426e-04 9.989358773626448324e-04 9.994267375743096614e-04
7.339304376151449018e-04 3.889085184842302513e-04 7.194800459536401880e-04 9.993271702220640328e-04 9.993562848571264576e-04 9.996660858308100903e-04
1.173534535329510131e+00
6.507382952187233949e-01
1.213093285778890085e+00
1.236655974441323988e-03
9.497788408653049831e-04
8.558512223101699765e-04
ReLU
0.1
6
2
9.656918172407679135e-01 4.289681861587930634e-01 8.789436449033973808e-01 8.930433252248080704e-04 6.421616504463468827e-04 5.780810768436577766e-04
9.624917861761215221e-01 9.916589737057376341e-01 8.547366244689329484e-01 1.747235686653940065e-03 1.733186783268332630e-03 1.596210569707928219e-03
2.400096276273453011e+00
1.758967368973107570e+00
Linear
0.1

ct 2024-06-15 23:12:20.697930
