noname
4
4
4
6
2.936416659384167627e+00 -1.452495926138819282e+00 -9.092997721714755066e-01 4.484901692980318710e-01
7.284086717031381664e-01 -2.019589773060888882e-01 -9.851159245857521451e-01 1.431846175853623004e-01
-9.134746613841180363e-01 6.251528234575957077e-01 6.769861115943397678e+00 2.067297233035617354e-01
1.899201906382642191e+00 3.778448799709600348e+00 8.028572980063923836e+00 3.088939129769231240e+00
-1.200010992659070741e+00 1.272627079574575326e+00 6.086181870154662832e+00 6.298142925960528160e-01
1.227276386788096918e+00 2.088115651697372677e+00 -5.972346282150022390e+00 2.561429577320662787e+00
-2.654644854776936347e-01
-6.890824793326574271e-01
-2.231954523526025636e+00
2.629405337549514776e+00
-2.396890414984075957e+00
-1.860646439766806548e+00
ReLU
0.2
6
6
-6.314656541824629210e-01 -5.342403995596475275e-01 -9.170708341606198521e-01 -1.004931289665261573e+00 -8.053052040609575135e-01 1.504681360304727100e-01
-5.577896446731553937e-01 -7.309129635062489028e-01 -1.159722262663193559e+00 -5.606379109065867672e-01 -5.397301593524861385e-01 -1.730683399517730425e+00
-2.267571126748307631e+00 -2.249284553622257765e-01 -3.190154259128608949e+00 2.321357960156656963e-01 -3.427740651115923409e+00 -2.947158807051928342e-01
-5.106466004326544184e-01 -8.447526031851481099e-01 -5.929883728260918474e-01 -6.461896022060982236e-01 -3.364218354896498231e-01 -7.641049613743517988e-01
-2.254004249234212054e+00 -2.305893283147283646e-01 -4.561294061157548096e-01 -2.609620985189501585e+00 -2.780098337587642021e-01 1.057194674898345399e+00
-6.687639487723504583e-01 -1.174909867414328651e-01 -3.543489971312854814e-01 -6.281339872993743079e-01 -1.133793293856378392e+00 -7.001311379340439123e-01
3.581231578815073036e+00
-1.344203086539135006e+00
-4.346464539616550660e+00
-7.145544202632291286e-01
7.548651259889582743e-01
-6.719987661376481958e-01
ReLU
0.2
6
2
-8.222381205825551875e-01 -5.770789555379570723e-01 2.723321305971911355e-01 -6.995745147609355730e-01 -4.123835433411684459e-01 -2.590094620846717932e-01
-8.641801613756847633e-01 -5.592601177802875023e-01 -4.761998910817712427e-01 -7.303598810679950981e-01 -9.443128578363981784e-01 -5.491373546648699033e-01
5.640249389329372143e+00
5.689525181987350244e+00
Linear
0.2

ct 2024-06-12 01:18:12.631913
