noname
4
4
4
4
3.239427370845848198e-01 2.269655683367887977e-01 1.083629059223174991e-03 1.741218038631454357e-01
1.102690587489947444e-01 1.143153843088486443e+00 6.830604270712323789e-01 4.113871926362852038e-01
9.429823622838592323e-01 2.045263670754696173e-01 1.447155175619292189e+00 4.998596127660731026e-01
7.243624890123148141e-01 7.975001287420150353e-01 1.620759091921994965e+00 3.835995757812398210e-01
-1.210162647113707107e-01
1.182065861365693693e-01
1.092903035237036580e+00
8.295106677733314893e-01
ReLU
0.1
4
4
-1.946548401449375298e-01 4.342330936712365808e-02 6.422437624333868778e-01 2.245656195147602008e-01
1.736094701171460863e-01 2.767537365982566944e-01 -1.866768395695938554e-01 4.972255253597961805e-02
-2.789014827960520360e-01 -4.902690166485412088e-02 8.164410637886382327e-01 -4.518325254854909517e-02
4.435301862004835671e-01 3.833065998693410692e-01 6.781053822070393089e-01 7.098973651367999071e-01
8.125484467730682558e-01
-2.163611916782580066e-02
3.426769488458620838e-01
1.162116878531690656e+00
ReLU
0.1
4
2
9.091438938986203810e-01 1.125998240881851409e-01 8.132503712651277805e-01 1.088890757355871486e+00
4.849329031028984938e-01 -2.233515945321472296e-02 6.965134535760993950e-01 1.023568998209046788e+00
1.021077587887151639e+00
1.171964977293175059e+00
Linear
0.1

ct 2024-06-16 18:46:04.742389
