noname
4
4
4
12
9.160843703771007762e-01 9.343435264228089343e-01 4.672913275543957301e-01 9.102399605030174756e-01
5.149663271579238977e-01 9.250193559847679214e-01 8.256704297910868462e-01 9.002728631097963730e-01
2.333986284347202567e-01 8.159215755855913077e-01 1.524791032367040777e-01 6.294868339415125025e-01
6.902851026533974865e-01 7.382382987801014984e-01 5.638904697324930160e-01 7.731898065147005950e-01
3.749923434334486161e-01 3.392191503546996834e-01 9.064657636013921937e-01 5.184602072150238522e-02
8.877604256466729016e-01 1.875990044126076006e-01 1.118897728774663897e-01 7.053158687366528623e-01
8.020678183362077718e-01 8.905340454548944518e-01 6.970419961995100167e-01 9.600078831313807459e-01
9.037370963351203379e-01 9.252378317810154851e-01 7.590488248432579743e-01 6.929815675481448833e-01
7.712473803390420546e-01 9.592179005642001433e-02 4.925235010261584390e-01 4.587867598000245350e-01
5.997240731460062868e-01 8.745250154911213825e-01 6.854612735814434865e-01 6.469756679869590466e-01
9.131197029363209428e-01 1.401924040536201288e-01 2.194823751486879859e-01 4.890120544512242540e-01
3.017726177394193243e-01 6.786408759355766485e-01 7.531898356434362229e-01 5.167407134346188036e-01
2.205590514995649787e-01
7.576433461641801648e-01
7.738690174192202065e-01
2.767359256925026600e-01
7.564976943530009601e-01
4.880366682582615856e-01
1.012896851748158022e+00
2.149916465912912189e-01
7.615992155986801571e-01
2.992675970075709957e-01
6.876045837611569622e-01
5.455850200488482349e-01
ReLU
0.001
12
12
-3.150399554278567743e-02 2.331127403603316106e-01 3.279761522515596273e-01 1.601344730713260556e-01 3.896801907406878263e-01 5.728607264631255802e-01 9.467887695564600747e-01 6.227721820197578140e-01 4.387832913453989514e-01 7.000433351572130092e-02 1.492362739256074544e-01 4.104621393470241769e-02
2.082620893932320139e-01 5.238742231627456780e-01 9.478988890900640341e-01 2.205372916022228513e-01 3.400299180104558450e-01 8.899572126510882919e-01 4.829532811333095421e-01 7.710322787589419802e-01 7.718795402567547592e-01 3.683213169547545629e-01 1.646107236827500098e-01 8.685055094841849233e-01
7.140551297168087341e-01 3.225577826754895683e-01 7.760881717055703177e-01 5.248705028193990652e-01 4.495386614354493493e-01 9.561115476701993465e-01 7.578615317190557921e-01 6.078469680670438580e-01 1.448064584477446182e-01 7.432161792087103036e-01 9.013825470109770865e-02 2.650901698138078411e-01
7.722158665504515011e-03 3.916329070873924567e-01 2.167048731879205603e-01 -7.004713017066258041e-02 7.229509907749001041e-01 9.108125799802395672e-01 6.476901976091283819e-01 -4.471009165538607916e-02 9.320491845398408692e-01 1.520940790769538531e-01 7.464961300595470695e-01 4.618056659256927210e-01
-9.755975725333844439e-02 1.441878930079516508e-01 7.610486728543865986e-01 3.441170531499344598e-01 5.796729963937671259e-01 4.712773708220915347e-01 1.123244113527291019e-02 5.591720512526088260e-01 2.929285123856637668e-02 -7.134777683756893252e-02 4.259032156226515986e-01 8.319532015927247892e-01
-2.233978629005328037e-03 5.308827553444885050e-02 3.231960898468463350e-01 -2.032768387966321644e-02 1.759761853619982996e-01 2.470751173041660018e-02 2.702543036586067537e-01 -2.268494950498147443e-03 6.444089829124470814e-01 3.974621694472231792e-01 7.409407542021331228e-01 7.936146838463769004e-01
7.908890070074729994e-01 5.024708716234138617e-01 5.535909868081381191e-01 3.753480607595103824e-01 6.246140996866192951e-01 5.737910075993771786e-01 2.811920330564807724e-01 8.404284177525146449e-01 5.536264634350511749e-01 1.887674772323083561e-01 4.711223354611146497e-01 7.474013753713391051e-01
3.939577421032101623e-01 7.558943000318748551e-01 1.473898295893379118e-01 4.554541363195042103e-01 1.164793501448829621e-01 6.137224880179810160e-01 1.894732429451038980e-01 4.094669321568435993e-01 3.745767362452059324e-01 2.586157655239449404e-01 4.949948359041032031e-01 8.487921631986478088e-01
1.308698388089322706e-01 6.053246133556188652e-02 5.222129311343216562e-01 3.301175352605714708e-01 8.497697764553416855e-01 3.310928711244048861e-01 1.151047184782305194e-01 8.867892482612994565e-01 8.450232269033073340e-01 8.743102709548795926e-02 7.090348028682562365e-02 4.279125564638155965e-01
3.312151873683389924e-01 4.727119999984079612e-01 5.282156787155465466e-02 4.758847786108837408e-01 4.545412330517833999e-01 2.586254957421608713e-01 9.726083679404049498e-01 1.549057877217002166e-01 2.516486603513976572e-01 7.382066408811209790e-01 4.134184757671782173e-01 1.915607932937871405e-01
7.658624797962172437e-01 2.249737035230488513e-01 3.598470428155325918e-02 9.434781867111969866e-01 7.657232730262988341e-01 5.872713443702406444e-01 4.048109525199196645e-01 1.072549384425255659e-01 7.256396147381392880e-02 8.734224974941425801e-01 4.340677280446184061e-01 7.812993161811727649e-01
4.551185978559993579e-03 7.401923933891362273e-01 3.516052200329038424e-01 -2.807602963761887324e-03 9.087827588707940718e-01 5.534585607823568898e-01 6.408720591825046720e-01 1.136584231688470142e-01 7.611447801182502637e-01 4.991239803538085607e-01 2.565014885447565174e-01 5.999133351339394071e-01
2.274948053351213140e-01
5.487682035978328488e-01
9.212911222173725267e-01
8.348242686784665967e-01
3.268816349819726463e-01
3.371546908936829401e-01
5.279769534678725451e-01
2.642557522469449194e-01
6.020399657428441298e-01
8.262522977609383368e-01
1.975119739416676123e-01
5.507661358760238546e-01
ReLU
0.001
12
2
1.797527163604214218e-01 9.964667858307053594e-01 8.801634798671670312e-01 3.989285407294970720e-01 5.655042858110397308e-01 8.915976398446586737e-01 4.196047157017321338e-01 2.287404427766522308e-01 3.226867369536879498e-02 7.365582622526125611e-01 6.430933420521937893e-02 4.643069190659067647e-01
4.999839744490093274e-01 7.331731070258328264e-01 6.636694709056957242e-01 6.826206266924305099e-01 4.877308127186922304e-01 2.793049074538848653e-01 5.948636397014922528e-01 8.096420248497376848e-01 4.438952949613301779e-01 1.302525729200518408e-02 6.679015577513478519e-01 4.353022813008562003e-02
2.371258498058450293e-01
1.696309520067587062e-01
Linear
0.001

ct 2024-06-02 23:26:14.209657
