noname
4
4
4
3
1.824457939348676394e+00 -3.719884191388723171e-01 -1.430146947247630251e+01 -5.819643103562363029e-01
1.703900467951178666e+00 -9.263455965183517993e-01 -1.286032274005034459e+01 -9.137941667274616930e-02
1.912749091239529742e+00 -6.718299341382576451e-01 -1.745341897939217191e+01 -1.555712756839684685e+00
4.076036658004358770e+00
-3.630490057212563570e+00
2.862536135335804754e+00
ReLU
0.1
3
3
-1.676321320924271996e+00 -1.989606862075083527e+00 -2.195808217302612331e+00
1.865256821260644626e+00 -2.259964272396186136e+00 -1.779268521315888973e+00
1.243856773177922787e-01 -6.791165888550865226e-01 -2.864551084846905127e+00
-5.594481874735630633e-01
2.195006684447480816e-01
-4.280238209107660174e-01
ReLU
0.1
3
2
1.928628761606888953e-01 7.549698714614965223e-01 2.564351306823630106e-01
3.426218685987375556e-01 6.012890410648900064e-01 7.159884850621292540e-02
1.967358036390054465e+00
2.194080761742720931e+00
Linear
0.1

ct 2024-06-16 17:42:28.385070
