noname
4
4
4
12
2.179473044840786189e-01 -7.540415358682324154e-01 -1.942104135367229389e+01 -3.668133574503789074e-01
-2.819197624982546557e+00 -5.297692108197812111e+00 -2.569125097667475899e+01 -5.612225663407783394e+00
-1.492655242920593706e+00 8.260457163234055100e-01 3.936026952118836242e-01 -4.636715452061480613e-01
4.917247061690820376e-01 1.305503529486743419e-01 -3.065709673027442506e+01 -1.322860379625187432e+00
2.350310831581365056e-01 1.798406235157351096e+00 -5.801751650744075839e+00 2.396816962408082841e+00
-7.336935074308656546e+00 -1.405724025209459382e-02 1.917451546360787462e-01 -8.033930691764132881e-01
-8.105710636076911557e-01 1.119763724361440449e+00 7.267082287465274071e-01 -5.967188467023278875e-01
-4.512850810819101000e+00 -8.248911011318021957e-01 -3.673445111135890340e+00 -2.435581246414070478e+00
5.263320872216479707e+00 3.483633231132826857e+00 1.150460374773175865e+01 8.611648837845264914e-01
-2.621238192636841990e+00 1.088127245317407121e+00 3.099508708377637589e+00 -3.343237117297536698e-01
-3.230426753931823769e-01 4.392179943615253102e-01 -8.248827618094504155e-01 4.133035918757168026e-01
2.125727091320603446e+00 2.148037071381767860e-01 -5.297490858076673526e+00 6.563548338693260265e-01
-4.445131477012274068e+00
3.761688427204465945e+00
-4.559925896935014933e+00
8.078687881092312395e+00
-3.515906722731824807e+00
-1.348039592675130294e+01
-7.235036857260608301e+00
-8.937689800927811845e+00
8.218809652767188334e-01
-7.125593323810006652e+00
-4.548582423122541352e-01
-3.055747674244617684e+00
ReLU
0.1
12
12
-1.437213400987894518e+00 -7.984995761746540577e-01 -3.681416476882875544e-01 -6.786302370742418322e-02 -4.841105034644669347e-01 -6.309591749638725489e-01 -3.893161389445218279e-02 -8.345545634010896885e-01 -4.569076146339210998e-01 -1.317778028823373138e+00 -2.905927598242747378e-01 -8.004516339943672509e-01
-3.513636871006584061e-01 -1.349036743298938967e+00 6.006212177434092636e-01 -2.395792012487192313e+00 1.595345134684299948e+00 -2.534451632638483165e+00 1.869602711226452663e-01 -1.424296661151608079e-01 -2.975171055092097339e-01 1.316003546979156447e+00 -5.509550122041714237e-01 -2.343098058006858331e+00
-3.922976357481520626e+00 -4.476963723719881827e+00 6.295806803525446638e-01 -1.802970676540680550e+00 -1.091799741342770025e+00 -1.118790625816889150e+00 -8.674643379623627748e-01 5.731677389162840447e-02 -1.658062098177977894e+00 -1.591650269122006689e+00 -1.232070604320601448e-01 1.120058249835027775e+00
-6.494615708729198911e-01 -3.029698367980108387e+00 -1.978178454261824912e-02 -1.806176787492849822e+00 -9.244667262184449452e-01 -4.545563431087972228e-01 2.095136347111390962e-01 1.214249466695577206e-01 -8.604907223260896965e-01 -1.331112923209041288e+00 3.810926042659179003e-01 1.052742350925185699e-01
-3.585972166021849095e+00 -9.276827032559253894e+00 4.588403576124980843e-01 1.331105832586732540e-01 -2.273112355690093178e+00 -1.113453607493202657e+00 -5.856549145566636305e-01 3.047558173020922245e-01 -8.285110108996190936e-01 -1.946057835485462073e+00 4.251990768206738158e-01 2.750985757726261416e-01
-5.559018637796508955e-01 -1.144319528372021333e+00 4.230043071516763620e-01 -5.091884007802219614e+00 -3.712547702804999794e+00 -1.829264618545479948e+00 8.655170980005876258e-01 -2.803829959046099773e+00 -2.775135440694284750e+00 -1.430529394361416573e+00 2.595354059632516419e-01 -5.040095207709197611e-01
-1.440307706716624114e+00 -1.890592353991019436e+00 6.534012923986260990e-01 -5.078021539448045463e-01 -9.285700726456296294e-01 -9.399726695729048176e-01 -4.653088491600474441e-01 -2.598873862324456163e-01 -6.877908356554949254e-01 -6.120385944180311011e-01 3.681081827286115660e-01 -5.927532990179545935e-01
-2.002926526332432289e+00 -1.067461263790072223e+00 -2.810470488624087354e-02 -1.629642025449696607e+00 -1.011340998312995731e+00 -4.733771798150334109e-01 5.539867532414658458e-01 -2.793424481605974563e+00 -7.490268843480790695e-01 -8.242266802434869977e-01 1.434735055009041076e-02 2.372427828622779844e-01
-4.891632309283063584e+00 -1.690339055085743114e+00 -6.100156709143926825e-01 6.180922362255169000e-01 8.981261364075381337e-01 -8.462295495486468200e-01 4.379200411583417663e-01 -2.710116346916477958e+00 1.248003310026614576e+00 4.598450767196026745e-01 -1.137848409024227042e-01 -1.346895286718282847e+00
-7.547423774483195125e+00 -7.064600923975530300e-01 5.188696596975213987e-02 -8.374803118733934459e-01 -1.884371804021504282e+00 -9.518952209386174479e-01 -3.557046404253896843e-01 -4.853550594957358744e-01 -4.237156080272275194e-01 -8.537317703274345249e-01 -9.347405138803324687e-02 -1.013826444650203773e-01
-8.496559646100646512e-01 -7.868869855148804326e+00 -7.322755740002568903e-01 -2.472479694079881829e-01 -2.586566489386204371e+00 -1.296358244996730580e+00 -1.236874923280212091e+00 -3.023183227688391317e-01 -7.793450770123264704e-01 -5.467251551322537262e-01 -3.934897512811921794e-01 -7.537974094536870062e-01
-2.388723571310921834e+00 -1.713044595969161366e+00 1.505102840928956576e-01 -3.415648284072705820e+00 -2.633624399139232963e+00 -2.068189742743101078e+00 5.061758090180029646e-01 2.486539527427380769e-01 -1.322643961720909367e+00 -1.660144350860205842e+00 1.336764542810326695e-01 2.153973789304372832e-01
-1.195454763233932405e-01
7.299360951524757724e+00
-3.576900452082830917e+00
-2.083854857886386469e+00
-1.300364733531772954e+00
-3.556051434066381134e+00
-8.530217236019483895e-01
-2.414047199455435777e+00
9.379511587325289668e+00
-1.095201277697212955e-02
-2.069520516841926394e+00
-4.424133559219990408e-01
ReLU
0.1
12
2
2.543002878455084478e-02 -2.461109231681266607e+00 1.113818861766344287e-01 3.734852254138869010e-01 -1.286754929984983198e+00 -1.839757749191483160e+00 1.464424177135887073e-01 -2.884575402699331992e-01 9.948299031966741923e-01 -5.783925529812107280e-01 -7.363094734380227768e-01 -5.616848159853294886e-01
1.446018612923049597e-02 -2.065116547001881742e+00 5.410796406179894102e-01 -2.051911008242412182e-01 6.158142444050163089e-01 8.622282222081123493e-02 1.533635809459420740e-01 -3.090837846287055601e-01 1.057726138441848374e+00 -2.568989773550033329e-01 1.583427299073181693e+00 -8.491549132463580563e-01
9.152371950434183390e+00
8.590600243134002056e+00
Linear
0.1

ct 2024-06-11 10:14:38.850722
