noname
4
4
4
3
5.297098344523474278e-01 5.817734030696652958e-01 3.812738388830618774e-01 4.625689971728152439e-01
8.349664574059887379e-01 4.582950550285657676e-01 2.755042424614484800e-02 3.867393020718882801e-01
4.705695521147224558e-01 3.387379081765904409e-01 4.900235763176535864e-01 1.790435244792306091e-01
3.756657682525619824e-01
8.190428870704270781e-02
2.370129541081770208e-01
ReLU
0.1
3
3
9.364300007122292602e-01 6.020177855648909393e-01 1.670782900529957926e-01
6.788484856603547168e-01 5.242485354411592358e-01 5.012850466296104868e-01
-5.769724639644264151e-03 9.288071667608492898e-01 6.243756736151890446e-02
7.393880267533182726e-01
2.472483874946378168e-01
1.697353696251836241e-01
ReLU
0.1
3
2
8.771651742855693934e-01 2.977888815019273938e-01 8.888116381164082314e-02
8.765332723939817106e-01 5.383700855116820838e-01 3.320209300023008181e-01
4.555237342309589321e-01
4.823382215281560859e-01
Linear
0.1

ct 2024-06-15 21:20:19.421373
