noname
4
2
2
4
8.049129382122300891e-01 2.784235644360326667e-01
7.712254167799239557e-01 9.715858801236666731e-02
3.150752606886045859e-01 5.393505533728309986e-01
1.758491093341048028e-01 1.662205169079352118e-01
8.712393248220053898e-01
7.941116627376165749e-01
5.281542089370147020e-01
3.069110089285747786e-02
ReLU
0.0001
4
4
8.136586162966251701e-01 1.789805018614932242e-01 1.574871160776996071e-01 5.124820970317713886e-01
5.482781171076391846e-01 5.990438118519113564e-01 7.791727872380278530e-01 8.177907010652811781e-01
4.844564403698066180e-01 8.913768777555479694e-01 7.916760209364193113e-01 6.878215511887997291e-01
-2.084970232539896939e-02 3.377986663801726408e-01 4.285753421697185428e-01 1.399005310375350253e-01
7.262561243285899915e-01
8.245393844452670873e-01
5.464395307036100657e-01
2.032975985538827690e-01
ReLU
0.0001
4
3
9.354635657480934313e-03 3.171994574303343972e-01 8.663929162724215427e-01 6.149973151370597968e-01
-3.623782222897795058e-02 8.289101636046535271e-01 5.837780893167447971e-01 2.099101147270271417e-01
6.420614501326878942e-01 4.235941953749929878e-01 3.826042334445412529e-01 5.432634732907986042e-01
8.757914581358079431e-01
4.539151012696109322e-01
8.304003670952618821e-01
Linear
0.0001

ct 2024-06-02 08:27:55.916060
