noname
4
4
4
12
-1.208703433421429718e+00 8.349397018862411146e-01 3.630551134696330617e+00 2.958974277291301913e-01
1.062191144448672908e+00 1.644924896040248496e-01 -2.006540625548946721e+01 -9.267393791508206080e-01
4.241611903438559372e-02 2.514030302691767194e+00 -3.812638313857276362e+00 1.162640118465973149e+00
-3.840252090100192639e+00 1.119755054031631891e+00 1.744440908754544717e+00 -1.079193175396018223e+00
-1.190871288172882236e+00 1.008221781866549982e+00 1.430363618651097068e+00 8.243875707012031651e-01
-1.275937298231640371e+00 2.006622358126850525e+00 6.026730581873906978e+00 4.394223920712487796e-01
1.405513558305008903e+00 -1.772163899117314978e+00 -1.656596471120192149e+01 -6.164247440935886058e-01
-7.194987141364096728e-02 8.931629725048867430e-02 -2.352318334039131376e+00 1.930070814747859853e-01
-7.199641784238364206e-01 4.693178074549047007e-01 -2.504873003173385126e-01 1.778506397251215232e-01
2.164757092252260318e+00 9.268355119604859693e-01 -1.727051159998672603e+01 1.138981557313009763e+00
-3.902282382456415011e+00 -4.202981674490206210e+00 -1.044905249026838412e+01 -2.055445507314474174e+00
-6.750316361699220113e-01 7.252920563498272966e-01 -1.120163822364119710e+00 6.143036007321436287e-01
-1.813543144027792486e+00
3.894584460278881721e+00
-1.491548182956321522e+00
-3.637758771196821339e+00
-1.744088162035498435e+00
-3.354845055403872234e+00
-5.104212022428765927e+00
-6.448250803481095916e-01
-4.849272075241013447e-01
3.365348510187713860e+00
4.637963500818593765e+00
-6.982360666588364184e-01
ReLU
0.1
12
12
-1.389500487468213530e+00 -8.921937005790671060e-01 -6.281259171933774033e-01 9.451074041103768586e-01 3.042594766100502057e-01 -2.738022317603262756e+00 -2.803618629777456128e+00 -5.422515232099428539e-01 -7.216162474794143161e-03 1.620411752893150537e+00 -1.213594503450855733e+00 -1.004725666027956876e-01
-9.012677037486876985e-02 4.560439285616424421e-01 -9.236113535296310850e-01 2.291277043898074794e-01 5.033659045514032870e-01 1.839384843700505590e-01 1.914925073195476446e-01 -9.330177918197131437e-02 1.762305968710989670e-02 -1.995581406784406875e-01 -4.530127910612582021e+00 -6.490659590348543673e-02
-7.357491648852569899e-01 -1.523998770194618935e-01 1.035925579836908472e+00 -4.964147100361205323e-01 -7.676630419817834228e-02 -1.628280188127401384e+00 4.706210996206056096e-01 -5.335575404239957242e-01 3.283255774137696648e-01 -9.711043958665278586e-01 -2.987464368048456276e+00 4.039289398481091808e-01
6.653723798656796529e-02 -1.287343438381851968e+01 7.267325443254942785e-01 -1.553713839684579989e+00 2.502548840464056679e-01 -5.725458320774205051e-02 -5.906051655098581987e-01 5.950562552925101611e-01 -1.746148860681471515e-01 -1.560745262863134419e+00 -4.857906974124088784e+00 1.400892153652384953e-01
-1.165950917357063243e+00 3.881705212762314172e-01 -4.881298042252277813e-01 -6.676272800767550641e-02 -8.254818023341737865e-01 -1.681024244912396881e+00 -6.570842925962073755e-01 -2.428719578620830086e-02 4.511091993176313819e-02 -6.008560424833599978e-01 -1.883738841115047302e+00 -4.042025683981645412e-01
-6.022831649987883118e-01 -7.291224348280958556e-02 -1.615478363031329911e-01 -3.497845116674591637e-01 -3.717581054210845615e-01 -3.820728800012596071e-01 -5.141487029341796910e-01 3.859439377689705131e-02 -4.616265454240099930e-01 -5.560677241051488195e-01 -8.716359480727250419e-01 -1.515386300828047428e-01
-3.972026708184077659e-01 -3.871789356853557962e+00 -1.465840052892422474e+00 -7.301211013263290139e-01 -1.537641698229099685e-01 -4.479929879453332098e-01 -3.323586138317761313e-02 -1.769209710696590665e-01 -6.407724266964272275e-02 -2.396927868799690664e+00 -2.153534350744600978e+00 9.030063363252875674e-02
-1.286537832466914250e-02 -2.241372438324951977e-01 -1.666821894272876581e-01 -5.054534924870142110e-01 4.681314196674842693e-02 -2.244125677034407018e-01 2.604146280121485621e-02 -5.046079749644559742e-01 -4.563188358892657503e-01 -3.122346700717402723e-01 -4.008499562219788870e-01 -4.023181662876761933e-01
-8.559324584205291186e-01 2.242155420804247401e-01 -5.213032232960712609e-01 -7.370256846722843536e-01 -2.509240672404642325e-01 -1.450237856329671116e-01 -2.746427662035541561e-01 -2.789562814053097028e-01 -9.068821211335865995e-02 -3.769349458481327519e-01 -1.408503187219874775e+00 -2.490583207753910983e-02
-8.817734187044645733e-01 -2.194564001204332371e+00 -4.540040908308741463e-02 4.847047664506402009e-01 8.349825007007026789e-01 -2.097886304394180446e+00 -2.660624456049813791e+00 -8.872353308068191280e-02 1.582862796998736887e-01 2.464082355849189110e+00 -4.960259478196146210e-01 3.425037133598247130e-01
-5.498829083704837029e-01 -1.997981413745302248e-01 -7.343472267118758001e-01 -1.433581964640256334e+00 1.521880352814678483e-01 -9.795064303353395729e-01 8.991123811473449023e-02 -7.736366336087546758e-01 -6.289650028370959156e-02 -2.228976433236339316e-01 -3.543871405637724070e+00 -6.054068303791712014e-01
-4.968836461092829837e-01 -3.986953077373617260e-01 -3.265256239968027940e-01 -2.863828573309074588e-01 -4.711943620682065292e-01 -1.074512364292319777e+00 -1.235122096191871438e-01 -6.093270677557373061e-01 1.136102631924659767e-01 -9.473054158832336369e-02 -1.954975018793435382e+00 -2.541077888153439046e-01
5.980972411953129786e+00
-1.193441853558192989e+00
-1.218476647764855869e+00
4.460390241309027282e+00
-5.504336408166768391e-02
-1.150111265102470026e-02
-2.683354885510990176e-02
-3.238367559872749601e-01
-1.851623583344569057e-01
7.950912527416929443e+00
-1.981023910578896732e-03
-7.116127064598258833e-01
ReLU
0.1
12
2
4.189605248185911957e-01 5.386250068746030184e-01 7.820724333161598318e-01 -3.615497815912395385e+00 1.197395640543506279e-01 -5.579112621245029685e-02 -7.246408185840648164e-01 1.007317735348027959e-01 -5.955796063546661689e-02 2.356840330741079015e+00 6.796885103683858453e-02 9.330115398605304255e-02
5.198877814235428607e-01 5.921133739963992948e-01 -1.945591669468340335e-01 -3.486186368785922696e+00 3.301573588268626007e-03 2.475116955682410066e-02 -1.830340741493568235e-01 -4.734386054222510312e-03 1.754553568394235097e-01 2.448172881064361039e+00 2.778058321899892769e-01 2.096092866763584750e-01
7.545034406779009828e+00
5.936457824000143546e+00
Linear
0.1

ct 2024-06-11 10:46:33.026297
