noname
4
4
4
12
3.666276973876307910e-01 2.163859353315865375e-01 3.728202494814445433e-01 3.056781194083719733e-01
1.999803851487346462e-01 6.762273064522565935e-01 2.627517232607171138e+01 1.209994547231423301e+00
2.530342844001974290e-01 1.454224276338478006e-01 -8.502551908929080471e-02 2.048282314409868299e-01
-4.402598857583829295e-01 4.519712884209290960e-01 1.075935106113974804e+00 2.404995455919376190e-01
1.522283038174923497e+00 -9.771585000808883370e-01 -8.068766962874066806e+00 -3.641560871133558974e-01
-2.521253129117624336e+00 1.272251337912061464e+00 5.752089095037380417e+00 5.187611486773969771e-01
7.352266709550946411e-01 5.969331376188091731e-01 1.029456970168805441e+00 3.607483894541434477e-01
2.177502679635297422e+00 -7.044310526432921993e-01 -2.310385353633727590e+01 -1.239084398145742894e+00
5.233899371633147363e-02 2.271865746505371542e-01 -1.387230544889396677e+00 3.054792808821585881e-01
5.497468187655177196e+00 2.769989594293184254e+00 3.937078794400769688e+00 2.488944613288833541e+00
6.439592145072213780e-01 1.155059400077762533e+00 7.451605226142293814e-01 6.951512219975122253e-01
1.668699714139767254e+00 4.142880833611810587e+00 6.087660695920448006e+00 3.004819915711812728e-01
-7.567645937954065039e-01
-4.946895678778790106e+00
-5.303181873293651982e-01
-8.320196531808029539e-01
-2.622635975381578888e+00
-3.586136209770480310e+00
-8.188972827312297476e-01
-4.795937595450958213e+00
-4.259755373982743731e-01
2.065728667067338709e+00
-1.448353422381683853e+00
-1.126311853053592466e-01
ReLU
0.1
12
12
6.966468979556580954e-02 -8.321788584447601389e-01 -4.724469344038292329e-01 2.822112827696073856e-01 -1.339734548100157907e+00 -6.935916141472798779e-01 -2.363338901944329329e-01 -2.858053943453368273e+00 -4.238904832119086419e-01 -8.408416837142125289e+00 5.328209801525626288e-01 -6.111004577252466818e-01
5.638018147988886619e-02 -1.081878206223461270e+01 -4.662921009187615540e-01 -3.940091038711461269e-01 -1.766000820504464830e+00 -9.845972544573031726e-01 -4.775557077169740872e-01 -1.093266840812423313e+00 1.662434246062948207e-01 -1.315628229777975403e-02 -5.119842267745337017e-01 -2.292672498732923003e+00
-2.132668318533764984e-01 8.859416823586129253e-01 -4.453515721219122314e-01 -4.137560577767071535e-01 -1.323913405327895143e+00 -1.469438798281570868e+00 -5.618876461067368044e-01 1.301489841273796300e+00 7.123079848329078034e-02 -2.027900411449456097e+00 -1.928603842354048581e-01 -2.154178538582448343e+00
-3.180918518970847486e-02 -3.559091895565319685e+00 -8.962771739554108164e-02 -6.447333657995830691e-01 -1.741879888457985803e+00 -1.296035862138120054e+00 1.215164730248852465e-01 -2.549918903014045668e+00 -1.832905341923032061e-01 8.835472784466993357e-01 2.422017481234576414e-02 2.592070629266695070e-01
-1.732566976910905887e-01 -5.385057391633297108e+00 3.573400410958371687e-01 -3.250768697606298274e-01 -9.386317797668642937e-01 -9.759990932389182028e-01 4.363455528408707318e-01 -4.655765813392640950e+00 -1.521869347191440736e-01 1.224546354996677522e+00 4.859127924462554038e-01 1.161553073206373021e+00
3.280432917858742692e-01 -4.775741849138110062e+00 -6.899759467108482758e-01 1.616346190036606623e-01 -1.500280296906133959e+00 -7.521174051476824385e-01 -6.776906284831734073e-01 -1.018564161806538415e+00 1.259074578685148993e-01 -1.032971677019892676e+00 -2.881791039571637292e-01 -3.167598070179418634e+00
-1.394764009802223204e-01 -4.939018826399574347e-01 -8.155303662400336107e-01 1.888750560313394444e-01 -5.132319614569325061e-01 1.361661193115014552e-02 -6.394593797735400598e-01 -7.125274162191440608e-01 -2.320318356152466510e-01 -4.586065398966260309e-01 3.396405392360022923e-01 -5.413798593236416323e-01
-1.600071391739718227e-02 -1.842133695947445249e+00 1.952737420527425605e-01 -2.257964564248984007e-01 -1.732901625805859824e+00 -7.200046977700932382e-01 -9.683758721894212274e-01 -5.724211144653397199e-01 1.666399197100096596e-01 -3.471098451616265734e-01 -7.481634667765151292e-01 -4.128224734390978923e-01
-1.256079240525816987e-01 -5.782606899194583372e-01 -5.766611417918781068e-01 -8.364904815859569576e-01 -5.163749407150391990e-01 4.370287189825624585e-01 1.579351129845959767e-01 -3.591276430018487953e-01 4.497556417701713549e-01 -2.158461273160515448e-01 -2.474850336772923265e-01 -1.709683053196310032e-01
-4.850728764981183661e-01 -1.303547190885550322e-01 -1.397223925879985396e-01 -3.261561856333202725e-01 -1.566546405175844647e+00 -5.296814494271265966e-02 7.708511636956268120e-02 -1.276471222959146834e+00 5.384693514797308372e-02 -2.559548614745782213e+00 -8.088052773412236496e-01 -1.486763958180814083e+00
-8.284761163243438420e-02 -6.356094283704193382e-01 -1.765347037561360299e-01 -4.063343725914198012e-02 -1.551548054641280538e+00 -2.764825224172189344e-01 -1.485500908036726242e-01 3.103150764090595093e+00 4.126860551918263842e-01 -1.801933066977361220e+00 1.308958418069412710e+00 -9.982599462644695665e-01
-1.104281700997925691e-01 9.411105275901838763e-01 4.982997980270987282e-01 3.953420549975790177e-01 -1.508936268557904858e+00 -5.482705224882529205e-01 -2.406577934810950614e-01 -6.819728462545870951e-01 -3.909852020113316513e-04 -2.519397206347150142e+00 -2.048181945728136666e-01 -1.204485706674798262e+00
1.546835326091928753e+00
1.252904241937870644e+00
3.756430037256611953e+00
2.168160719479145460e+00
2.832266200544030887e+00
6.514165006372435451e-01
-3.144201930165462233e-01
3.544967111394433656e-01
-1.118293738005100013e-01
6.499302722038482472e-01
-2.739551301712042974e+00
-1.296417567823179517e+00
ReLU
0.1
12
2
-1.848041569874816048e+00 8.785804362887930097e-01 -5.142623465090462309e-01 8.796379238656650834e-01 1.728891369949176138e+00 -1.326969951984162399e-02 2.394762679079830425e-01 1.514959174289835092e-02 2.689914703339557622e-01 -4.491180271492060672e-01 -6.146513906349588829e-01 1.263081747566304314e+00
-8.630473777724103623e-01 -7.936272327889147826e-01 -2.600491440575577462e-01 1.126940412724322993e+00 1.624190141100842810e+00 -7.430851100979861679e-01 2.876315842825079017e-01 -2.801452403031907123e-01 2.682175081989996435e-01 -1.348022835091949520e-02 -3.642222860672791884e-01 -9.535816275005090104e-01
7.424525787082108863e+00
7.239981287622649475e+00
Linear
0.1

ct 2024-06-06 13:49:19.069227
