noname
4
4
4
8
5.673571237154081404e-01 6.428110062118305157e-01 3.039939887453263490e-01 4.288687344361289955e-01
8.762568218790798280e-01 1.391930275212419910e-01 5.705615856697197896e-02 1.626988682522803875e-01
3.002623393204287283e-02 9.752976012191243438e-01 6.879875321366879515e-01 9.665371674692563309e-02
8.721859596976988538e-01 2.231389302383368634e-01 6.669132736128716710e-01 2.023137675380115852e-01
9.507286637313701050e-01 4.618662032806285511e-01 4.703258213191253284e-02 4.932991833744600485e-01
5.952499825320624049e-01 1.959800656246888095e-01 3.370636107747554955e-01 8.840440774987639028e-01
6.330616842381666665e-01 7.222548998985056645e-01 5.128055879043663667e-01 3.563360550523965165e-01
7.877308991184623910e-01 1.698627477696013910e-01 -2.236969866631668274e-02 5.528249416513212333e-01
1.024631940918344863e+00
4.854629152061338271e-01
8.551761425593595867e-01
5.401067450081676879e-01
1.674619896160181032e-01
2.152513288826748417e-01
9.451171694520917876e-01
4.554464802765442744e-01
ReLU
0.001
8
8
5.169254110630095989e-01 5.539488798413332304e-01 3.357720743636299909e-01 8.329891619604151698e-01 6.210583381334709996e-01 6.830565547744256172e-01 9.386982851705967246e-01 4.578140952430724275e-01
2.134264074177531778e-01 3.501588190342180829e-01 7.252440373968237486e-01 6.166343954518741510e-01 6.725651214742488504e-01 5.856191050297504530e-01 6.214895609835098256e-01 6.102407411289718642e-01
8.000933502949031384e-01 6.786268775730273095e-01 4.277558951351705385e-01 7.249463961870954154e-02 1.541790487161397161e-01 3.517430322161312767e-02 8.827079319817264513e-02 7.086008644906534037e-01
1.326703820167207948e-01 9.074827931156644878e-01 -3.700434660872027950e-03 1.500007731514337583e-01 7.853959367467209240e-01 1.576775024343295695e-01 7.582278249904549350e-01 1.204075640519670053e-02
1.191686560895724445e-01 4.036997641003610138e-01 7.511796515749848968e-01 5.518764688076169822e-01 8.331297854269469338e-01 1.926262977018866895e-01 2.811159237893700036e-01 6.578164519391035414e-01
8.249030757736043329e-01 1.179834122626191584e-01 7.749269952032969977e-01 2.688826393178914698e-01 1.614627362046734960e-01 9.229019783107688113e-01 3.219175405219283359e-01 4.504243509397599654e-01
6.899075307983665306e-01 6.804470516379788059e-01 7.269051500342291749e-01 6.194146858318730908e-01 9.406960124878124274e-01 6.588203903796922001e-01 7.616533655175038442e-01 -2.645520003671818568e-02
9.319365183576537870e-01 8.076066424982322745e-02 7.879316468289448983e-01 5.545832360247106019e-01 5.243651833223482717e-01 6.440917828294152603e-01 5.159160787268345372e-01 1.560060959277880799e-01
9.731793607816090208e-02
1.929715251141076449e-01
6.743194580918702163e-01
2.744073921275106964e-01
2.241434225537055347e-01
5.313447545283443985e-01
7.995581688287027866e-01
8.046578274122848651e-01
ReLU
0.001
8
2
9.234972021904443995e-01 3.508364313168568227e-01 6.109433378067908871e-01 7.358423871369371150e-02 2.692252652078774289e-01 8.384867812944099552e-02 8.134159596372132761e-02 6.271682713083406302e-01
6.780954149720066493e-01 8.792388450458142879e-01 9.028926882770100804e-01 2.094762846426485858e-01 3.811888294415818890e-01 9.060980265954384771e-01 3.074082121593929018e-01 2.220210257816517332e-02
3.431409829743887197e-01
3.663367800715338629e-01
Linear
0.001

ct 2024-06-03 10:39:50.486267
