noname
4
4
4
8
4.913120787609597806e-01 6.078394051603266401e-01 3.769474930405410928e-01 4.673656048191167645e-01
8.079493409806479676e-01 1.142891140876037687e-01 1.224482025305062283e-01 1.914747743976236427e-01
-4.773623466613931277e-02 9.392696309164747515e-01 7.694508355772476937e-01 1.391648957058583824e-01
7.887141516119500206e-01 1.787926562938800257e-01 7.456282986951172642e-01 2.491103918768361181e-01
9.197551909720542707e-01 5.089474661235700026e-01 2.551532347116028734e-02 4.324634059857897506e-01
7.323496181267109550e-01 2.913285468463914785e-01 1.010885167010448921e-01 7.405328950953526945e-01
5.543244426033219208e-01 6.834222744672125982e-01 5.883458256023439414e-01 3.985207856280397754e-01
7.842822626803130914e-01 2.725811218552724458e-01 -6.570078554209017596e-02 4.447512260479121182e-01
1.028498367436118111e+00
4.885853329181419902e-01
8.633002605926163309e-01
5.446634146644774299e-01
2.244007887908855969e-01
2.763475316564777962e-01
9.489276396244900047e-01
5.250456366458581270e-01
ReLU
0.001
8
8
5.222489592478101184e-01 5.520949377364852140e-01 3.120458284441786634e-01 8.438672915643309347e-01 6.017741900383932752e-01 6.131528856655696913e-01 9.367193629461122439e-01 4.667376915516729396e-01
2.160868902583711615e-01 3.415933222846118666e-01 7.384757918087756501e-01 6.159682178505365702e-01 6.498699578607713967e-01 4.757475052767564661e-01 6.267096877715506720e-01 5.838430129611665853e-01
8.046719206928565349e-01 6.733377188879428044e-01 4.245271978222159293e-01 7.779240050786180583e-02 1.320280006103471682e-01 -6.446410131740128169e-02 9.064169799423611729e-02 6.974172142911873040e-01
1.317818601321381899e-01 8.954613190957693147e-01 9.983545158214606266e-03 1.449943171813053433e-01 7.614430374933746082e-01 5.308378914959133166e-02 7.608152370321827895e-01 -1.717295331397898986e-02
1.229243208718172053e-01 3.976223847752652918e-01 7.457544343789545005e-01 5.566360362250062366e-01 8.103775347495695280e-01 9.461735406275555149e-02 2.822825249448446261e-01 6.469928903896754457e-01
8.243984390236521742e-01 1.061479145244097894e-01 8.128171203401965972e-01 2.589190471543480476e-01 1.422318046289202664e-01 8.112080305329653074e-01 3.313616442284731956e-01 4.072716580058332592e-01
6.892825677156966258e-01 6.684474217733525903e-01 7.489038506037001275e-01 6.128415301899630130e-01 9.181391838575729825e-01 5.507302513751853867e-01 7.666935660285820742e-01 -6.061163717368284187e-02
9.366777837824303843e-01 8.238894213526005983e-02 7.397142419077464837e-01 5.703175272973972643e-01 5.107589664276008801e-01 6.336480675766419379e-01 5.080293636950956593e-01 1.873506188594223354e-01
1.027537086245426112e-01
1.955112115848027243e-01
6.790394534152375261e-01
2.736258998722464475e-01
2.279875456564686986e-01
5.311038529749381176e-01
7.990460351501648129e-01
8.090452736867677075e-01
ReLU
0.001
8
2
9.217396948744976948e-01 3.437727805341643239e-01 6.118742096898769356e-01 7.070957503856517556e-02 2.615889001161704752e-01 7.734958557959972780e-02 7.414002713821728208e-02 6.207865034837328766e-01
6.575553943201432050e-01 8.640974844668664057e-01 8.991023822060107973e-01 2.016650776998113459e-01 3.758002304784925363e-01 8.863869433668877251e-01 2.991337034517327353e-01 1.195058264769810821e-02
3.480171760344999976e-01
3.662941230528500292e-01
Linear
0.001

ct 2024-06-03 10:39:52.023816
