noname
4
4
4
3
-3.111302019190930745e-01 9.988000229774047778e-01 1.081212718545351592e+01 3.962217825222056344e-01
8.614531431394378824e-01 -7.626795151434060394e-01 -2.162173538610995038e+01 -1.371441510451339107e+00
1.346602573334463759e+00 -3.535587404270109091e-01 -1.869000407919040896e+01 -5.852974337840290975e-01
-3.100869429321888582e+00
3.944034817231662160e+00
4.555823825511621905e+00
ReLU
0.1
3
3
-2.526257867797116141e+00 1.168193815196500070e-02 -1.996378079438497766e-01
-1.348394681534589745e+00 -2.724920908622546420e-02 -8.892567824199606877e-04
-3.374365549538989484e+00 -2.410291472402501523e+00 2.709678845372249789e+00
-1.252140120454351691e-01
-2.335993264543445493e-03
-4.254100892858044686e-02
ReLU
0.1
3
2
-4.464299174206640825e-02 3.617889746224275515e-03 1.216354769016337656e+00
-2.410223845474519788e-02 5.968611203360082648e-03 7.093399156602958611e-01
2.752806578250449832e+00
3.092244664256393882e+00
Linear
0.1

ct 2024-06-16 14:07:12.713729
