noname
4
4
4
14
1.104201296369009988e+00 8.088790520400989115e-01 1.552935180935041126e-01 7.790551707140789262e-01
8.323737218620091971e-01 3.111541371652917221e-01 1.462590914434603040e-01 6.266579028104262150e-01
7.791254245967770276e-01 8.907905619485368964e-01 3.577103546943899426e-01 6.343934845778839149e-01
1.114596714450011516e+00 1.192344127919568786e+00 5.588863706612733351e-01 4.197748156835994782e-01
1.162849087812053206e+00 6.173493332833224212e-01 3.311464052868594021e-01 5.880406746351756198e-01
8.756500541634908430e-01 9.885333411498994360e-01 7.838531543334781304e-01 7.554704185342956402e-01
9.742254793433688942e-01 6.600781420236802033e-01 7.899677858300389044e-01 3.525261922049938157e-04
9.778368831091461821e-01 1.018977223253715980e+00 2.695769822246846803e-01 -1.750781790318142739e-01
7.817139654815030703e-01 1.182106920150800544e+00 5.566287220867646157e-01 5.723165016971766272e-01
7.028275199906723891e-01 9.882044000447132159e-01 4.104185200182764448e-01 6.831781253012170207e-01
1.046684869136900842e+00 5.202828230196063775e-01 1.630112630804412266e-01 5.894608000131360548e-01
2.593561872566686466e-01 9.916157033476981075e-01 4.907680572503979599e-01 6.300561293385924522e-01
9.278982101837095486e-01 9.933983484863564417e-01 6.845863885048273367e-01 4.163965712873199942e-01
9.737119247431168523e-01 6.514436671617108709e-01 6.748830527278781855e-01 1.741675414969098001e-01
4.055930462780666934e-01
7.343069366450949431e-01
6.987525395433576980e-01
5.320509505025083907e-01
7.951885168148901117e-01
2.917063725317421974e-01
6.815909268499395490e-02
4.965805471590953868e-01
6.552322854582570688e-01
6.051373264370732974e-01
-1.449120817151657581e-01
4.063918808261010041e-01
2.404999937034187907e-01
-1.224286358033773170e-01
ReLU
0.2
14
14
5.275142303912352393e-01 1.067640495274034818e-01 2.363123890811567596e-01 4.174613644528663015e-01 7.986150525387442078e-01 6.051290877082501352e-01 2.856742795798231649e-01 7.777965761657640309e-01 1.304216664712793683e-01 4.463771799408816632e-01 4.182667934405538412e-01 6.550689244945838707e-01 -1.114478842157573535e-01 -7.159582090524480025e-02
3.263315183654550977e-01 7.488688269012937493e-01 3.110196789093722658e-01 3.363648599563160424e-01 5.119299704395030570e-01 5.381344458662731811e-02 4.852195880086084268e-01 2.597214077990114278e-01 5.563132818969508397e-01 5.633699127699351994e-01 -3.502688000671660973e-03 4.559582166969325945e-01 6.101098276536593978e-01 5.647051250634181896e-01
7.494659758701760488e-01 2.808219338222788242e-01 6.469182970459023130e-01 -1.167654252262183556e-01 6.283734658561996866e-01 -8.401775572792757885e-03 4.554564656499798248e-01 4.848718794356118300e-01 6.406136027232668395e-01 9.628165375471842147e-02 4.351674498524176204e-01 5.727697497681635275e-01 5.247330165466761454e-01 2.740262031375870766e-01
6.714635908099053641e-01 -1.203914740300987551e-01 6.093582735272328188e-01 5.766190489957803145e-01 3.103466540575103849e-01 4.680724185839280072e-01 7.455934332489677629e-01 2.085989985984224582e-01 6.762126140509581163e-01 1.889744428749595695e-02 5.117292916516510415e-01 1.572993995334698858e-01 4.387629524951799920e-01 -1.446578965789374616e-02
6.437034519224370532e-01 -4.770653736023616753e-02 -1.071779053300851992e-01 4.161340250581091471e-02 5.802383578540374343e-01 2.857333032911536508e-01 5.387341493562075589e-01 8.536458074450414824e-03 1.723402115333283746e-01 6.499007353226032846e-01 7.282022117466733224e-01 1.547257635849584589e-01 7.600391328231946853e-01 5.547817625386195495e-01
9.277850751107038496e-01 4.707312313543974835e-01 8.919424448457338173e-01 6.859015110094681678e-01 8.825232997492993281e-01 1.191995631730581540e+00 2.906114823083961740e-01 1.084651337195702947e+00 3.316794694658781184e-01 6.535087345278228765e-01 3.773748138284699349e-01 2.275692845389088448e-01 7.419406644177419796e-01 2.511177815446092865e-01
-1.557492498238194356e-01 1.854103463152373121e-01 3.981429339550230373e-01 6.064236137593348452e-01 3.180491201154914127e-01 4.637808744301799013e-01 2.875331536144962175e-02 3.486397624968818887e-01 3.334837055462199773e-01 3.865911335878243205e-01 6.741555601748501214e-01 7.273547104221143034e-01 3.858015990742137968e-01 7.373026653724459312e-01
2.403222984943067797e-01 6.788248964632145888e-02 3.237446619654426594e-01 3.781786086992569018e-01 4.325742969083814504e-01 4.111833984513985629e-01 -1.535616242506618323e-01 -1.648267820920802651e-01 1.475184644713862514e-01 3.056906551198207422e-01 6.694197576580964704e-01 6.044648060847196414e-02 1.289381588846386095e-02 2.460103862472560465e-01
-1.527327141859772808e-01 -1.679455145663551474e-01 4.839925908990752035e-01 7.381347286243195027e-01 6.631035921342236517e-01 -1.445246413845795441e-01 6.210597305317205885e-01 7.175078870793469843e-01 7.915837893098087719e-01 -1.214833061430806160e-01 4.034195834736543085e-01 7.864237870935728569e-01 2.549256107772474578e-01 -9.954716948260089460e-02
3.351502369061302722e-01 7.656601644860167033e-01 8.716703078470497412e-02 7.197253629856681378e-01 2.562771313600047396e-01 4.817239071423712327e-01 3.077365456229523288e-01 7.966647425385051662e-01 5.342227773421860393e-01 -1.059315921921288872e-02 -1.550430318998575752e-01 -1.560314182216253065e-01 6.302669882851575922e-01 -6.552611355375614899e-02
3.532384158951528130e-01 2.786121874436445767e-01 3.824233746612023532e-01 1.006443272056918303e-01 3.881435989206496462e-01 -9.992165484471643433e-02 7.429089717239180102e-01 4.760545481111309041e-01 5.776370563075152731e-01 2.393539618656727874e-01 3.578644650229593216e-01 5.994038858912188461e-01 -3.354673406330221930e-03 1.766771461873061777e-01
2.331058906242951811e-01 2.000354253831333196e-01 -7.987217600025592334e-02 6.564362404996301747e-02 5.892578591671236987e-01 -1.624094657525085306e-01 5.603719675715758131e-01 -1.395328243361432241e-01 1.763181353219286374e-01 3.097568422892040818e-01 -4.659217238683818763e-02 2.431877357758036595e-01 6.525377120466857583e-01 3.009351534860598143e-01
7.993802900872579720e-01 -1.555504435666726915e-02 -1.252926273077955288e-01 1.284532575537579435e-01 3.936960579917836989e-01 7.113634011627082421e-01 -1.826162879787558702e-01 -7.390240256803282115e-02 2.822406429207900969e-01 -6.913074386196726984e-02 -4.560623285014625550e-02 1.355221537399931842e-01 -9.162168235197051813e-02 -3.337476330266023195e-02
2.001907004527937739e-01 2.055325410397338404e-01 7.215571543158184609e-01 1.171220347784021509e+00 1.159967121471116913e+00 8.651131950379116198e-01 2.553249444108729449e-01 3.411727185021795616e-01 1.054348216597694066e+00 9.306109538687152849e-01 2.991950526810275290e-01 3.369033334884263819e-01 4.606558920584351013e-01 5.999571766793744265e-01
6.108482841486861936e-01
7.907941828128639550e-01
5.237155948139496364e-02
9.962445370055683647e-01
4.721793824655549088e-01
3.664049500787563973e-01
2.545691760108002022e-01
2.515819311730906893e-01
3.764674692022232927e-01
3.090285238799934664e-01
3.383719114215705259e-01
6.155418185911785134e-01
3.428681037851188940e-01
9.462103267440701293e-01
ReLU
0.2
14
2
5.227688892168923518e-01 3.288008642944519888e-01 4.393158375745082611e-01 7.664885344532260669e-01 3.147944329986849810e-01 1.151672301054121883e+00 6.549810473474192429e-01 5.679499502787881404e-01 8.890380278404552694e-01 6.127801428684731544e-01 3.527274159846166546e-01 2.873560062818554806e-01 1.178065337173889615e+00 9.815563059145289149e-01
6.858431531605838627e-01 2.178133102346365146e-01 2.613113545776528102e-01 -1.493237820361562052e-02 3.770369717312600510e-01 -7.723202291074043879e-02 5.219764877805623815e-01 1.464287306402776156e-01 5.133868371523343521e-01 1.812645341436228130e-01 2.378089099770553105e-01 3.192212797524764945e-01 5.574240253386528732e-01 -1.351815795170825396e-01
2.910225712509398877e-01
7.943610520558908039e-01
Linear
0.2

ct 2024-06-12 17:23:59.718887
