noname
4
4
4
5
9.644146816876010275e-01 2.236081605328545455e-02 -1.015654731582332992e+01 -8.875963415804900558e-01
-1.028419848883520560e-01 -9.989658956206487472e-01 -2.651748612774414426e-01 1.665814126238416515e+00
3.641930801675646867e-01 -1.512179895886647807e-02 -3.582438848323482716e+01 -1.472800967764729130e+00
-1.990368484615973044e+00 3.504430081656510487e-01 5.928480767672051677e+00 -3.978809474832860349e-02
2.311123488048446584e-01 3.221756005061796047e-01 4.904793470293069002e-01 5.214681618496938009e-01
3.049748606874482793e+00
-6.460930233365565378e+00
-6.160728658875756381e+00
-3.501036646606735747e+00
3.918884164249081814e-01
ReLU
0.1
5
4
-2.395500389887717241e-01 -4.415979673534427552e-01 -1.422579781114649222e+00 -5.618529037354941247e-01 7.844496414339995338e-01
1.254982338548966236e+00 -4.370783265645954846e-02 -4.055020113190894726e+00 -2.279900310733311564e+00 8.262505415743184312e-01
-1.334562625022244431e+00 -3.508124348019167282e+00 -3.451309505148487222e+00 -1.535277593107340355e-01 7.907055547645202020e-01
1.045451937356937505e-01 -2.070129636082225222e+00 -3.984988930576471855e+00 9.561068229916257488e-01 8.072030593772338003e-01
-7.685091724083215059e-01
1.043595817872143838e+00
1.902633196300865359e+00
9.723194745341027234e-01
ReLU
0.1
4
2
-1.566367343936247158e-01 1.946578211211411391e+00 -1.212390512945265897e+00 -6.870660266024902763e-01
-1.138894976609902965e-01 1.725814116112997398e+00 -1.529681056321999133e+00 7.744381204162008314e-02
3.632982390940982409e+00
4.022740234554937011e+00
Linear
0.1

ct 2024-06-16 17:44:34.906823
