noname
4
4
4
2
1.972708354607261905e+00 8.171574302423197933e-01 1.148385742312325597e-01 1.598164192098545877e+00
-5.222132658738801725e-01 1.171186864642928205e+00 8.942086998913681972e-01 4.932635018527649629e-01
1.136796563227414403e+00
-6.463634339206887347e-01
ReLU
0.2
2
2
1.176303908854812834e-02 3.751255308008929340e-02
8.612015331372644411e-01 5.500245766707658746e-01
7.285131575434216364e-04
-3.070698997103508965e-02
ReLU
0.2
2
2
2.109684162988481951e-02 1.103115201159094783e+00
1.507104041464420521e-02 8.215249363344024891e-01
1.921284141499602915e+00
1.519234638085648514e+00
Linear
0.2

ct 2024-06-12 10:25:48.890697
