noname
4
4
4
12
-4.816698986110071190e-02 7.853383329948956937e-02 5.425978586137086140e-02 6.838584458962268520e-02
1.388599560816212719e+00 1.603731870944493432e+00 2.576689685907057381e+00 1.455612679012378452e+00
-4.017038846420597498e-01 8.533979342223577680e-01 -1.569614424529013563e+00 6.786433575107349014e-01
2.278776421299411492e+00 8.488300755344808657e-01 -1.310203333869649711e+00 1.373267064452326602e+00
9.215450979961961053e-01 1.571259035680263372e+00 1.913888710707951857e+00 5.458363198676450256e-01
1.208763178512792580e+00 1.263690044814967939e+00 2.131076408529434807e-01 1.018712413817666418e+00
-1.159901065171970169e-01 4.087756111654590740e-01 1.562484840106998618e+01 8.066874554261718178e-01
1.263887669432976368e+00 1.591572104930688569e+00 2.627433190026241761e+00 1.468526752758169573e+00
-1.413159022803386566e+00 7.054685393949684524e-01 4.361249983759717952e-01 1.803743884647940887e-01
-8.018801821471244207e-02 1.004117307479419630e+00 8.466825725219861987e-01 3.173367707965770723e-01
-1.088601680867019167e-01 4.102031611137745282e-01 4.936084976291742477e-01 1.934147670884743542e-01
-3.349194869392354001e-01 5.718024307178984911e-01 -4.322098920763428609e-01 4.285273723493197018e-01
-1.086818340479933087e-01
1.506885854853674767e+00
-4.808985924725881489e-01
6.662072360401551097e-02
1.250017418838648142e-01
5.168843707611145422e-02
-3.335686234185047283e+00
1.519313439023679546e+00
-7.623626522738886635e-01
-2.779144838837206422e-01
-2.741322968839033369e-01
-3.559962783812021803e-01
ReLU
0.1
12
12
-9.224491176687096838e-02 -9.212692987701494134e-04 1.309967108168456906e-01 4.721266599460828828e-01 4.498769044898106029e-01 3.184708339603261606e-01 -4.424178356851963478e+00 2.247984589016054080e-01 -3.617831176427154793e-01 -3.025342878119579582e-01 -1.911844283227670527e-01 1.788211690444147794e-01
-2.667208200228401993e-01 1.865593473946352276e-01 -1.894132716388369775e-01 9.147998375560244255e-02 -6.738198838212305919e-01 -3.235433062798322434e-01 -6.124211668234871730e+00 3.935093874982588114e-01 -5.389778148045054618e-01 -6.922649671422475004e-01 2.311410484890143863e-02 -9.872537630084740612e-02
9.610987738524279234e-02 5.653965497285432518e-01 -1.592854983667026658e-01 3.200494974224797340e-01 8.276514160318507174e-03 5.123939485742572408e-01 -7.916218276371377094e+00 4.180652515173986783e-02 4.715489955073180472e-01 8.288744818399198522e-01 1.276788338299897074e-01 1.969101069469336163e-01
2.629269557753813880e-01 -7.895091133833952446e-01 -2.390345499667659648e-02 -1.326272093389934681e-01 2.163478118733785371e-01 -5.079038873944506927e-01 -1.509951721954178483e+00 -6.795387243147943401e-01 1.305280640149246163e-01 -4.705053832268803471e-01 -3.720895643055350810e-01 -2.213831562155718288e-02
-6.135678530099556438e-01 -5.987857328048636907e-01 9.093491369133985258e-02 -5.008508457955020976e-01 -1.751558070740212303e-01 -3.502968080918733573e-01 -2.491608253080452418e+00 -5.545064279157981835e-01 -1.028160628816368188e-01 -2.608759069330675584e-01 -4.129214596735584220e-01 2.986069422073224788e-01
-3.730752218497789263e-01 3.704019859054026864e-01 -6.603684335617200363e-01 3.326044419561982046e-01 -5.127171532948495702e-01 -2.890159820693341541e-01 -6.244415391498457701e+00 3.197499412411196063e-01 3.031911540692623364e-01 1.189889413990700001e-01 -1.686300146622086993e-01 -3.007589487237182224e-01
-1.222708432541300683e-01 -1.070893744806156594e-01 -1.760731086021573577e-01 -3.943920405142919972e-01 -2.410100764440444854e-01 -2.414235827451512162e-01 -6.314197492167743508e-01 5.381414632883810972e-02 -3.194864719001388464e-01 1.304028256983705558e-01 4.954657027663964541e-01 1.060446953440909862e-01
4.651363224453947676e-01 2.390451372647156292e-01 1.862965465102486284e-01 2.178963829425731025e-01 -1.345118139220866926e-01 2.447986639076212556e-01 -9.078221391482411917e+00 7.669354355050600480e-01 -4.645519070990416499e-01 5.060637655547229885e-01 -2.791519302699905780e-01 3.108170768970077713e-01
3.042522354331808065e-01 5.404362691637121241e-01 -2.320024659355962304e-01 -1.975465430689494761e-01 -1.659602857843113163e-02 1.273333648691445941e-01 -8.289104612365790103e+00 5.016648893440579515e-01 3.889605253521400963e-01 2.909182860750679223e-01 -8.217475136595492335e-02 -2.061500306117287074e-01
-4.494691673737387094e-01 -5.873728532275722669e-01 -4.688095427322842568e-01 -1.414148355798408585e-01 -1.325338354714567179e+00 -7.353532444221412279e-01 -1.768606800995770501e+00 -1.286733176223304520e+00 1.747169907853641790e-01 -5.529190558514366360e-01 -5.143600263761626268e-01 -3.586950193739114612e-01
-1.814395248230133428e-01 1.479542321302453001e+00 3.414224408668998234e-01 6.524230072109565848e-01 9.003826242433501381e-01 1.419553174048752975e-01 -4.243459309518194722e+00 1.398181948356610249e+00 8.358076317768492469e-01 3.859571232536914559e-02 3.167451994401366266e-01 -3.761265589893599270e-01
5.134234434527771285e-01 3.384747934681949649e-02 1.203391364874790009e-01 1.708683196631615719e-01 -5.325322833584901147e-03 5.850141257310255138e-01 -8.041974755004888564e+00 8.002480642688418744e-01 -5.479048976693284834e-01 -1.681996122535211746e-01 -1.959755556470931248e-01 -3.782589967615027776e-02
7.820955508503504294e-01
1.120400946957980537e+00
6.601704674885183755e-01
7.039079619388283193e-01
8.213380763616350277e-01
8.873943033288141935e-01
-1.066745032414713051e-01
2.216759425412472562e-01
2.792009494965042582e-01
1.687885853905257250e+00
2.164961658237107400e+00
6.149512211743448503e-02
ReLU
0.1
12
2
4.326860456014345324e-01 7.034426365981000240e-01 7.291907801518849874e-01 -4.743870228614996964e-01 -4.901136979359804191e-01 6.665976447534538440e-01 4.859709367746164327e-02 7.849300102917460276e-01 6.279894680080544411e-01 -8.805807117986974575e-01 1.616497139541301031e+00 5.388734656531539713e-01
4.063878960605581403e-01 2.469065911944081371e-01 5.138464863829208529e-01 -3.534088726858934937e-01 -2.543308124968121642e-01 4.481815740182659158e-01 7.171203385969054933e-02 5.209809785873852350e-01 4.376581693824384556e-01 -7.201094253345360352e-01 1.817885016713777224e+00 4.218888855243367320e-01
3.813434432550875997e+00
3.773343448830281055e+00
Linear
0.1

ct 2024-06-11 08:27:05.685836
