noname
4
4
4
4
1.290560613822016589e-01 1.883243238844810041e-01 5.334331642584099198e-01 5.550268001062650391e-01
3.756102822586165207e-02 4.936468847822626516e-01 7.230436743001339428e-01 2.879917342392959712e-01
4.011849838080752129e-01 2.347173597744768928e-02 6.197212752688061599e-01 2.851329680191306282e-01
2.260294575053781174e-01 7.452657642277422667e-01 3.975486234486044768e-02 7.743033083683623641e-01
4.474880591501786409e-01
5.514983627288886359e-01
-1.463877578949477481e-02
6.455087869968213488e-01
ReLU
0.1
4
3
-7.072890356901128522e-03 7.434987747079304654e-01 3.879286089135141058e-01 8.743793552042093964e-01
1.160364956191403535e-01 5.652461011891946052e-01 7.270104933224887933e-01 3.287951392865334777e-01
5.456017767773740923e-01 3.639744207597693515e-02 3.523777701524761774e-01 6.839128292449513369e-01
3.265526586640108975e-01
6.937025590216298054e-01
4.001943038127437346e-01
ReLU
0.1
3
2
7.066649274538013836e-01 8.582834545115982650e-01 8.104856507019349010e-01
3.196956701411897694e-01 6.059819710914168267e-01 1.023441480870459275e+00
3.151243284259784283e-01
8.058268749670279840e-01
Linear
0.1

ct 2024-06-16 14:16:18.069971
