noname
4
4
4
3
9.269217335995252327e-01 4.049936946364667695e-02 2.338791682260730476e-01 4.133878251068448528e-01
4.638621062664213257e-01 2.939235648537355527e-01 2.005908728653230111e-01 1.648846719749714473e-01
6.569140574876530803e-01 3.801882025520194053e-01 4.348671362132440210e-01 3.862149638441979560e-01
9.907473887111795108e-01
-4.600561417258565433e-02
4.682336400722951764e-01
ReLU
0.1
3
3
1.137282243885426591e-01 3.517873258712723161e-01 4.695691568364147583e-01
9.252528886911662864e-01 1.200056529891754126e-01 8.940765588899782790e-01
1.031958237204152334e-01 7.329922333299100992e-03 1.545031920061978592e-01
4.148621864303300155e-01
2.072994497302181049e-01
9.473032322819645579e-01
ReLU
0.1
3
2
5.840564760120807719e-01 9.528709021489043529e-01 9.902654779981415745e-01
2.821376244996434690e-01 8.349166964283932790e-01 8.704379446341083959e-01
2.486630947309017570e-01
4.592774411910163779e-01
Linear
0.1

ct 2024-06-15 23:04:43.744398
