noname
4
4
4
20
1.189862241713716351e+00 2.612948143427222258e-01 -2.359914344367416650e+00 2.471945056406840424e-01
9.702258030209417461e-01 6.073971793666469443e-01 4.048405123724986288e-01 7.757713080734528477e-01
3.138510308114075276e-01 1.091221429615059968e+00 5.263774857101425120e+00 1.432485035440668186e+00
2.119127564020439003e+00 -2.120471625438182222e-03 -4.451446546874359811e+00 1.973093002422167397e-01
-3.788413896338586606e-01 8.095579803052558310e-01 6.167100595598469681e+00 9.900401824692490749e-01
-2.680433919391472797e-01 3.594502047673948653e-01 3.100754286560998829e-01 5.279019149907038244e-01
1.489994354130312448e+00 8.583686562937779818e-02 -1.810150115099940171e+00 2.503529685621237455e-01
9.779812983749452959e-01 2.234222686598574537e-01 -3.301143447290762367e+00 1.572515668391814836e-01
1.110859163688463935e+00 5.291731776445758317e-01 -8.202121060949995046e-01 1.109787073154081760e+00
-2.087921459030936122e-01 4.751990931989472089e-01 9.803944009122513847e-01 5.217056099244792300e-01
1.067061006641688570e+00 6.368211811147570511e-01 -1.410181887812202772e+00 5.930971727716252140e-01
1.206182122590516936e+00 2.668776007317069654e-02 -2.999085457131678289e+00 5.091968615360947109e-02
-1.779590195911123995e+00 1.033826213794498905e+00 1.815919940989647152e+00 -1.620221674652595201e-01
7.750382991624082951e-02 9.705004396072128836e-01 9.233491668925221108e-01 9.484368757398990990e-01
1.828418439532992101e+00 -8.098163610329929540e-02 -5.585016579658837799e+00 -1.306704133445102944e-01
8.824264790509953049e-02 -4.474870296956503374e-02 -8.280701252335331830e-01 2.499077082077722223e-01
1.441273818613164837e+00 4.614538495981479471e-01 -3.731869305085010691e+00 1.751737058923280022e-01
2.400248863652441611e-01 1.266609152705014119e-01 -1.948976754101057751e-01 3.946395306916368750e-01
8.089050318394569450e-01 5.669500935565389144e-01 2.101387947898553321e+00 2.007060657263565473e-01
1.848551231628806191e+00 5.405675755251249104e-01 1.094648478982366502e+00 5.427881415583684088e-01
8.229417553310004463e-01
7.456580708602453811e-01
-5.222213762771495960e-01
1.241402010629057528e+00
-1.211717000049162385e+00
6.999817170316302573e-01
9.311094035218175913e-01
9.162674140379909460e-01
6.559554190392974382e-01
7.024777945627332931e-01
1.319894345394999391e+00
1.298862257706338452e+00
-2.432259011200465226e-01
8.658656768920147684e-01
1.762745793625131174e+00
1.194515489452878887e+00
1.491971624437652855e+00
9.256698035500293686e-01
2.730369128019471958e-01
1.386726322651752885e-01
ReLU
0.01
20
20
7.786503887215994180e-01 3.200918869801020472e-01 -2.143216565935369466e+00 6.599519393243628018e-01 -3.387216216359527632e+00 4.274486457162187669e-01 -5.208518438697047614e-02 4.635358103593255619e-01 -1.144104614675212211e-01 5.299621516067624105e-01 1.031722413614106548e+00 6.301825179879073646e-01 -2.129628230019274260e-01 1.761331289897520302e-01 1.349723057322240294e+00 8.795544280198989151e-01 8.989355562227633323e-01 1.642855255373417700e-01 -5.998920876854947348e-01 -6.123924084254158684e-01
3.656910390455451743e-01 -1.192481032309192640e-01 -2.385673192079103444e+00 9.790138055732483524e-01 -2.811570075857682482e+00 6.800510200548744166e-02 6.527786450090747872e-01 2.588653272164250230e-01 4.944226977649215371e-01 6.065147199229095065e-01 7.433339422167182242e-01 2.896940857986543549e-01 -3.612691045706740156e-01 5.240888583230131070e-01 1.089788666845484366e+00 1.912598882068123618e-01 9.397299592783386890e-01 4.249746157344218567e-01 -5.989705995819334383e-01 -1.862374890146953343e-01
4.309828132861537875e-01 1.389907683576501740e-01 -1.356496017888638272e+00 8.904599755883838563e-01 -2.761514800264744718e+00 4.759890821489807244e-01 9.184821786724131076e-01 4.689779490527665740e-01 3.010867362737854602e-01 2.856108583597687448e-02 1.109046281596203443e+00 7.930909351306290045e-01 9.485684354764573056e-01 -1.759178350463772716e-02 1.304448967431097728e+00 3.780050180601506882e-01 1.250513050075082289e+00 8.378642810285772402e-01 -5.307009691375825788e-01 -1.924629639423998950e-01
9.759252738308551445e-01 4.640711144772283747e-01 -1.017478186947593954e+00 9.869397105712838236e-01 -2.671317398567809143e+00 6.401243908389221415e-01 8.725958601534867798e-01 9.384840078956963039e-01 4.414291118760054755e-01 -4.486480825519635618e-02 7.605902415870190447e-01 4.777655666158959202e-01 5.309885657085604560e-01 7.463342777786002857e-01 5.640928130743725344e-01 9.476516573156853473e-01 1.048933055371248813e+00 6.112253975957631091e-01 3.277828783413741509e-02 2.651663339182174228e-01
1.954765998102524938e+00 -9.099455054529146381e-01 -6.135571746019561346e+00 4.999809843315348168e+00 -7.894458105466350517e+00 -1.420582852707963806e+00 1.765002019862233817e+00 2.433083237984363212e+00 -6.998090384479409565e-01 -1.412276965533979523e+00 1.077806283322224612e+00 2.542783993024838818e+00 2.750316835533120341e-01 -2.244362770776213267e+00 5.176571693082142822e+00 5.719653012373818735e-01 4.071790355526771599e+00 -1.746824891124151569e-01 -2.158601433990099405e+00 -2.184120030152446379e+00
1.339620475232606855e-01 1.516650147136258675e-01 -5.211040069336059233e-01 1.214814920942170140e+00 -2.120752776984085042e+00 1.679498537263621472e-01 2.225573008581717416e-01 2.144286044668910485e-01 1.020716347987129957e+00 3.628341922083984650e-01 3.135808416091481754e-01 4.061791375858743725e-01 1.296276731980456454e+00 2.608256888802714113e-01 7.812325028605713317e-01 7.552761357257595787e-01 8.162791169929830559e-01 7.847310088403430806e-01 9.893242647985721339e-02 -2.463248356514508297e-01
2.852317798915743330e-01 -4.186181759358881260e-02 -1.770782532796596753e-01 9.641937046119364307e-01 -1.848550875404593175e+00 3.668593097455136176e-01 7.921775987156635113e-01 7.045287588456647931e-01 1.043142155677987182e+00 3.515571410903390870e-01 2.572042380263768191e-01 1.057035007668621462e+00 1.349048364960768076e+00 7.381915762429873684e-01 7.518418407580768070e-01 5.841890813384305048e-01 7.481290396161473233e-02 1.224399228777942050e-01 -6.083895600092095179e-01 5.594393950668857807e-01
2.894275187706918939e-01 5.131924084614593040e-01 -3.261374920146685730e-01 1.097569748836997761e+00 -1.882585439481230694e+00 4.838105605335874526e-01 7.844392839626393998e-01 3.023071027755507845e-01 3.918389746712754862e-01 -9.285879726847921789e-02 5.045969122778961591e-01 5.393021222372165191e-01 1.270062862378804391e+00 7.187765078392938101e-01 8.571890972462971048e-01 4.990990250516164628e-01 4.963112178016286513e-02 4.319313648882149859e-01 6.085331483660801066e-02 7.900037485986516339e-02
5.940006739763619148e-01 5.940434544289663332e-01 -2.205575986990461868e+00 9.311682830139139666e-01 -3.256989089738473453e+00 7.500274206676036393e-01 6.887376677166884287e-01 3.134198664960095027e-01 -6.524528906357839053e-02 2.479704200419192428e-01 6.776630092476493283e-01 1.197587946600470188e+00 -5.301771058939115377e-01 3.088366711332630188e-01 1.502620131846786000e+00 1.885661756117009424e-01 1.055810224600973735e+00 -6.687945021285106317e-02 1.999370081162871182e-01 -1.878979487225460043e-01
2.194260100748706421e-01 -3.224511799464510609e-02 -1.986928411239513359e+00 1.169247750124068119e+00 -4.040397616690866833e+00 2.761380971684417318e-01 9.135580941395328169e-01 2.910885459147573573e-01 5.878523303308259562e-01 -4.929559604781363208e-02 2.347223949012655075e-01 2.109287965570974532e-01 6.852525085608462962e-02 2.166139079902448805e-01 5.888996093263536569e-01 5.658679822488359434e-01 1.078798746493941252e+00 8.560988857802385166e-01 -1.844930839232488406e-01 9.077909619806774633e-02
7.190186904793370859e-01 2.861529564533094039e-01 -1.759423601720821129e+00 1.169599822871742356e+00 -3.335200233374970402e+00 7.592352575747794985e-01 6.070961595157083890e-01 2.418613214426759417e-01 1.621313268306942557e-01 5.184364358931418115e-01 9.178478597488199942e-01 3.073764823181781014e-01 6.910529372516035496e-01 -6.934881474192788886e-02 7.018516613307227425e-01 1.761089014883534254e-01 6.425236303807635441e-01 1.905697571981214422e-01 -3.132968812328583152e-01 2.692245726287720992e-02
5.525930076353746667e-02 1.181049466326796332e-01 -1.400997387945440265e+00 6.047899635142233166e-01 -2.983127914566143346e+00 2.057490360463811729e-01 7.007495409315165347e-01 5.890385740280498217e-01 7.051235256811130281e-01 5.642406077589746660e-01 2.518785946786601393e-01 4.688951289832693492e-01 2.754983833970624518e-01 7.123295114670203931e-01 7.885392807140951810e-01 3.674489511019274901e-01 8.333138740533813094e-01 7.234831066076532480e-01 -3.650162487266397360e-01 -1.891314209762625376e-01
5.596400728862926943e-01 2.434232756989100077e-01 -1.860311031471050036e+00 9.079963116197756756e-01 -2.657493649150305171e+00 -1.229432913641965996e-01 5.179588862489599155e-01 9.188111388786941447e-01 1.194269199834354783e-01 -2.538653889376634165e-01 7.099276780996830460e-01 1.016216441311004859e+00 -6.790464049027227222e-01 1.617937870462307914e-01 1.063504859579518014e+00 2.357373116763540333e-01 6.948848725694867223e-01 8.551294476075992357e-01 4.620372052207360331e-02 -6.882935155658225224e-01
4.818016437074678637e-01 3.597567272802373872e-01 -1.259748967966887845e+00 1.125205623798656074e+00 -3.503525654544066281e+00 -1.601391714927211107e-01 1.149387110737826456e-01 -3.673396640409951064e-02 -7.306672346051773514e-02 -2.612127589907485281e-01 8.386938831435469810e-01 9.975350188293354847e-01 -1.899748526918213776e-01 6.582832886885815471e-01 9.500177625788763791e-01 6.092947638846567537e-01 4.082339894410405012e-01 9.786020239486459271e-02 -5.477690817670687329e-01 -1.896021161514012954e-01
7.408999884829071680e-01 5.288077431170952192e-01 -2.035147482398194096e+00 1.055591273627837001e+00 -3.476191540079819564e+00 3.855798608649142478e-01 6.687407792637682924e-01 6.709308785872796221e-01 -1.870189342261269760e-01 4.550747451256429432e-01 2.373234700896528215e-01 4.566219902045343115e-01 -3.876749392294705499e-01 -1.262581181820363330e-01 9.633977679222343049e-01 8.180799292910498899e-01 1.061952644462867745e+00 4.110286145762551691e-01 2.705473862586394440e-01 -3.670420924190384571e-01
7.462921280905557841e-01 3.589783604858768906e-01 -1.398781111386974363e+00 9.041650002356461657e-01 -2.986221851449293752e+00 3.998567718816332106e-01 5.038904244818969147e-01 8.802681961693880064e-01 3.941270950075512897e-02 -2.007176999938540263e-01 6.542518177521926548e-01 1.003681684080121705e+00 -7.593567302567127975e-02 7.629196645269880062e-01 1.604301530361641914e+00 4.918240744986866475e-01 1.073240868785068525e+00 3.019662424603088424e-01 -5.981829759307664141e-01 -2.790245327555493926e-01
4.683191317388097907e-01 1.733539902226128304e-01 -2.096934052267548587e+00 3.896432721035238966e-01 -3.078975151591018200e+00 -1.141490143373787847e-01 3.370336802296771683e-01 4.520963151385540835e-01 8.073700310491690457e-01 4.376517447860540644e-01 5.484901127927199749e-01 6.634801716121189186e-01 5.364282270999771729e-01 1.828577445816608749e-01 3.398331540261959605e-01 8.024175983955897928e-01 5.361639664436461672e-01 5.734738156892755789e-01 -4.672986115017506437e-02 -2.118340513935055014e-01
9.502065685444883725e-01 9.554855723038364890e-02 -1.062319013987536920e+00 1.246789174656504740e+00 -3.137703977041136127e+00 6.803330468010551080e-01 5.536895390798359795e-01 6.318682612823509626e-01 6.884514486170452141e-01 6.912225692110649522e-01 3.751937933117766577e-01 4.050428393255099957e-01 5.186518572169397379e-01 5.023037457714869536e-01 6.783220634042621544e-01 7.381552362907763953e-01 8.597212099247846240e-01 4.016562291766108128e-01 3.571958201843757341e-01 5.348260952619950104e-02
4.815110474648391925e-01 4.765866746452033786e-01 -1.860276867104526111e-01 9.559951371093905470e-01 -1.958432237056023428e+00 7.335204165558385503e-01 9.794235058782035930e-01 3.366262922259874446e-02 9.489682716761542736e-01 9.560854996145407014e-02 1.914007422521229185e-01 5.398746514739368729e-01 1.477182125278332592e+00 7.588804198146873459e-01 6.075115268086641596e-01 5.620603893794217099e-01 5.075540562983248405e-01 6.636595326817051888e-01 -3.794902453194486935e-01 4.333487499292459355e-01
1.340306950543159459e-01 2.070708607158971426e-01 -5.800221317496569995e-01 9.374698139207429115e-01 -2.226017480980960972e+00 3.605209410353226729e-01 8.266859884742296938e-01 3.305615894010915379e-01 9.956522477985371156e-01 3.092964242394404262e-01 9.826414677732896452e-01 5.970361989098222494e-02 1.719237954995950446e+00 3.407193656822823380e-01 8.896949788850017082e-01 2.856517115674866436e-01 -2.097457499162654893e-01 -1.457954811440427267e-01 -5.318967650703082528e-01 4.466143318010763474e-01
1.241952316511396592e+00
1.159013738355501477e+00
1.188962678200405465e+00
6.263690617619792622e-01
4.921052776988798172e+00
3.124864456776957899e-01
2.933469673553657509e-01
2.567569406673490540e-01
9.099949979278393331e-01
1.457985876948771464e+00
4.459189718126039814e-01
1.117466279967732623e+00
1.158403692851136979e+00
9.561450061479523921e-01
1.515837703257895797e+00
9.131387690263509382e-01
3.617436098056847626e-01
1.333149880355716466e+00
7.129313914814793263e-01
-4.645175662285377927e-01
ReLU
0.01
20
2
1.438334544141510740e+00 1.167783133370050797e+00 1.135439829389015554e+00 7.501176124725106309e-01 -4.170644178962606752e+00 6.575281762710453171e-01 3.854149926957540773e-01 4.353925169033048825e-01 1.401775579364039626e+00 1.535511644506291740e+00 1.098162177344992552e+00 1.109021863699861221e+00 1.136621748571888357e+00 1.011483026626619264e+00 1.382298237899887594e+00 1.155005728391478748e+00 9.553642440196944419e-01 1.093957752777730663e+00 5.308192194355857429e-01 3.765798612002623225e-01
6.665977899555709518e-01 5.228240265148232924e-01 1.027350289216411694e+00 1.029787308151056235e+00 -3.400544143972314082e+00 1.071410427171425539e+00 8.916705898748278347e-01 9.153545800783148279e-01 7.875506441944337688e-01 7.247934385984349248e-01 9.028062011668128717e-01 9.529682654138399434e-01 4.853305171882058011e-01 7.831078145673705526e-01 7.496284669963263481e-01 9.008561247659320204e-01 4.783333866448346017e-01 1.144267599958595172e+00 1.102746232648243341e+00 6.973862560708322667e-01
1.697173256441394162e+00
5.897702214990224734e-01
Linear
0.01

ct 2024-06-02 21:59:57.655003
