noname
4
4
4
7
1.878189987538659844e-01 -6.612762928149348296e-01 -2.988579305700625799e+00 -8.306140371048944537e-01
-4.185999018957113349e-01 4.839291110181916933e-01 1.847705182585853034e+00 -1.926706581460163603e-01
6.217508956985121626e-01 -1.392670339420982284e+00 -3.560875283210803932e+00 -1.566811137910440577e+00
-1.983923991267541598e-02 6.031799309343554259e-03 -6.733538865687706265e-02 7.906904253638522007e-02
-2.717670742578391294e-02 7.629847746818171038e-03 -9.066935048741134318e-02 1.063949648180302909e-01
-6.845698086466453502e-02 1.612099120456402315e-02 -2.111723645609920597e-01 2.627015399443600741e-01
-4.829124179218874380e-02 1.821306037950752577e-02 -1.615329060337686584e-01 2.212250403386858688e-01
3.062681961315242507e+00
2.188312551477062939e-01
9.463756883382932195e-01
2.117017348840752877e-01
2.840097860983330502e-01
6.723938720454742946e-01
5.390832100870250887e-01
ReLU
0.1
7
7
1.467450203553497978e+00 8.681334200020494885e-02 -1.274930058894874652e+00 5.003063936716894977e-02 6.693510683047125542e-02 1.557147536086263551e-01 1.184297264071955680e-01
6.914871702867515513e-01 1.576581245370548348e-02 -1.690235748214964639e-01 -2.989724866048482782e-02 -4.044188798443067862e-02 -9.925885618436108837e-02 -8.553038277873081796e-02
1.992182168066811143e-01 1.930705524572386145e-01 -1.572107964377124356e-01 1.696420136639064380e-01 2.277914350584226144e-01 5.469719997190033434e-01 4.474543465628109118e-01
1.978370926502821207e-03 2.880386526773399719e-04 1.314719496637434791e-04 8.888974085964709317e-04 8.500092090111554827e-04 6.345766682869204622e-04 6.930766947115518922e-04
1.850271619439411777e-03 4.100743888494985168e-04 5.371560357739717890e-04 8.150772519826427484e-04 7.505690112094918608e-04 3.964090942359839984e-04 4.988591254504226623e-04
1.391990671490398726e-03 3.815145321583690271e-04 5.893955609061256274e-04 8.625952238296049875e-04 8.147852025762366548e-04 5.515054730689916262e-04 6.284853080938982914e-04
6.158955508991818340e-04 1.051390505091992673e-03 1.629492631001005967e-03 8.240413454374999683e-04 7.625277156745514538e-04 4.282352039276381855e-04 5.338744804271161040e-04
8.131217550552062301e-01
4.155578423963733892e-01
1.633320745422185638e+00
1.048449955613234719e-03
7.404718985113418594e-04
5.807423560729057296e-04
8.298284564758403193e-04
ReLU
0.1
7
2
8.786028440659596761e-01 6.888533974305035557e-01 4.059171744981013852e-01 2.155822972353900902e-03 2.215610488651869638e-03 1.738900081229785306e-03 1.728367541272512456e-03
5.382750918506595816e-01 2.220715144919510609e-01 1.204481946453959118e+00 1.404808299668370425e-03 1.137824632882668318e-03 1.112089804292752540e-03 1.222649052758297645e-03
2.970390874645910007e+00
3.203603222511892223e+00
Linear
0.1

ct 2024-06-15 23:14:14.234270
