noname
4
4
4
6
3.411880918806435847e+00 -3.544815991186571758e+00 -1.060213760626080948e+01 -3.601516061825420056e+00
6.531391830767093731e-01 -2.112419564383215820e-01 -1.444281342160282833e+01 -6.576745015754990042e-01
-1.013596919107161654e+00 -2.389977671259439218e-01 -9.076349615313775487e+00 -2.790562635656004264e+00
-4.479546503911037703e-01 -2.484738696084331788e-01 -1.446088873711434353e+01 -1.884670114110681638e+00
0.000000000000000000e+00 0.000000000000000000e+00 0.000000000000000000e+00 0.000000000000000000e+00
0.000000000000000000e+00 0.000000000000000000e+00 0.000000000000000000e+00 0.000000000000000000e+00
-6.098133591616342386e+00
3.556215868434050353e+00
-3.682772330459631316e-02
3.301070656904292910e+00
0.000000000000000000e+00
0.000000000000000000e+00
ReLU
0.1
6
6
-3.367384477105360929e+00 -4.146853761043571840e-01 -6.561930962751616470e-01 -6.651717850338891846e-01 0.000000000000000000e+00 0.000000000000000000e+00
-2.108332608530649299e+00 1.509149522343892658e+00 -2.682821489032437334e+00 -1.884648243184463334e+00 0.000000000000000000e+00 0.000000000000000000e+00
-1.143654371570604233e+00 1.200120076990686124e+00 -5.666836181273143813e-01 -1.203994742880296398e+00 0.000000000000000000e+00 0.000000000000000000e+00
-8.052296527523001846e-01 -1.948136491511528012e+00 -2.244289380022775615e-01 -1.467910861623044072e+00 0.000000000000000000e+00 0.000000000000000000e+00
0.000000000000000000e+00 0.000000000000000000e+00 0.000000000000000000e+00 0.000000000000000000e+00 0.000000000000000000e+00 0.000000000000000000e+00
0.000000000000000000e+00 0.000000000000000000e+00 0.000000000000000000e+00 0.000000000000000000e+00 0.000000000000000000e+00 0.000000000000000000e+00
2.272072131295168163e+00
9.847632972545897756e-01
2.901714424303960094e+00
1.988578583998637406e+00
0.000000000000000000e+00
0.000000000000000000e+00
ReLU
0.1
6
2
-1.335152190780822812e+00 2.421199801997044043e-01 9.748779938949179158e-01 -1.663678386862791347e+00 0.000000000000000000e+00 0.000000000000000000e+00
8.989130884714969377e-03 7.602023895523912778e-01 4.805533737857662357e-01 -2.051441913831404396e+00 0.000000000000000000e+00 0.000000000000000000e+00
4.148953196884926697e+00
3.526583497481218465e+00
Linear
0.1

ct 2024-06-15 18:54:17.336356
