noname
4
4
4
22
-5.847788764238375236e-01 6.432445357359920513e-01 5.874877912745769315e+00 3.816749880535996731e-01
6.576055733282282212e+00 4.988687765614959524e+00 2.617486207793718656e+00 2.626748568239164250e+00
8.550128107988834436e-02 1.013632531455009866e+00 4.726307098759315650e+00 9.252658405780875839e-01
-1.880007547861174189e+00 -2.855922583021376915e-01 -1.612639748804000739e+00 3.151388471647465495e-01
2.056373122129547149e+00 -2.322921029171017615e+00 -7.976603855774579976e+00 -3.200458372409638597e-01
-1.461508386397333048e+00 8.524279988264290564e-01 1.106394381109463643e+00 5.176996680984274901e-01
-1.438387056703242850e+00 1.006985543618464041e+00 1.368897788566346474e+00 7.717142849239163604e-01
-3.110912141365348660e+00 1.600938256355795453e+00 1.572061304895407829e+01 1.001751894360031869e+00
-3.103359220829808862e+00 2.368996247683824219e+00 8.337565482340327350e+00 9.803213100504144517e-01
5.818171269278943569e+00 4.855852731152960011e+00 -7.876923926027233236e+00 5.966303916531512819e+00
-1.947462976775785393e+00 1.118778080227005978e+00 5.859202065781957458e+00 6.547489594304897187e-01
-2.779428942352923926e-01 8.001971091844403694e-02 2.040382683531098973e-01 1.389725223120316377e-01
4.272164898227675423e+00 6.070047601403056881e+00 2.058466507072365914e+01 4.565908653623260705e+00
-3.394452450306439939e+00 1.183271354688571142e+00 5.013509732940176100e+00 2.530883599142638718e-01
-1.549087716355895150e+00 2.761303452595867736e+00 4.144767640771705430e+01 3.472597461285572340e+00
2.265673031299408446e+00 7.625581863328314558e-01 -1.233065683261686729e+01 1.729151386046809957e+00
-8.256904746408286755e-01 6.406837128284856853e-01 -1.053614868259776127e+00 5.056465020697014090e-01
-4.460208150064576493e+00 1.455640570266250489e+00 3.234547013284059247e+00 1.096122747081462040e-01
-1.431802172228689551e+00 9.221414617571657146e-01 3.967333991192136367e+00 4.458643157773454213e-01
-4.346950044876377817e+00 1.141197837218839606e+00 5.257303089399337104e+00 -1.498726522123836336e-01
-1.370237590755185586e+00 8.133830904410174201e-01 2.674277979874703171e+00 6.105589865286707996e-01
-3.110249679538923839e+00 2.067603301160052531e+00 8.882273522350224937e+00 3.353583622403075171e-01
-2.100440713877431254e+00
5.144072442510472243e-02
-3.139359469944292158e+00
-7.550375872999901539e+00
-4.690585083020208046e+00
-1.099577370826145595e+00
-1.469491047979648357e+00
-5.543174035030546065e+00
-4.104392454572105997e+00
-4.203362351997793622e-01
-2.737118921246098235e+00
-4.680848442625357708e-01
5.318419921904200542e+00
-2.608877024277462375e+00
-8.082295472148212312e+00
-1.840544168098077860e+00
-4.210256810389456095e-01
-2.765929409953043816e+00
-1.877004023981544867e+00
-3.355510454044001278e+00
-1.453857744024829035e+00
-5.040972162937811696e+00
ReLU
0.2
22
22
-1.251466182190865972e-01 8.027795012464862268e-01 1.068026901277665808e-01 -1.835702710339790711e+00 2.515542075316586246e+00 -2.926473311769070551e-01 -7.161410041980269536e-01 -4.425835617481920004e+00 1.191072764335431078e+00 -2.476223071654785612e-01 3.726535209007760252e-01 -1.150833088949088090e+00 1.040840027301712656e-01 1.121351529225032451e+00 -6.036803506692815624e+00 -1.899536692069887733e+00 -1.081355833824475393e-01 -3.700055099537864073e-02 -5.187787759733104576e-01 2.717626238724996646e-01 -2.011361391712754021e-01 -2.987191788004557591e-03
-7.859273025088883702e-02 2.548419731515702669e+00 9.034111878412631746e-01 1.537056655295825136e+00 1.420634187442906704e+00 7.466909455613562896e-02 9.966893926972780759e-01 -3.582402988519448606e+00 7.109350166723718001e-01 8.927756465965518418e-01 4.039995380960527127e-01 -1.015394913040832181e+00 2.123347482164294586e+00 1.504751638516058865e+00 -9.759949275803505131e+00 8.735933840186053123e-01 -8.100465814986886059e-02 -3.521251002642944439e-01 -2.024330401098379528e-01 6.426187955241831062e-01 -1.865525539369133345e-01 1.473115610270100406e-01
-1.181798279529714391e+00 -6.428922194904094223e-01 1.641091817737997949e-01 -1.985514136621618075e-01 1.210779930024493134e-01 1.399944506480212680e-01 -5.209210476714877247e-01 -2.622196005400038388e+00 1.376639844017697900e+00 -4.050115806386382911e-01 -6.548030299328416737e-01 -9.065599362836090913e-01 -3.142676059726638549e+00 -6.517664221062476892e-01 -5.299494382074448895e-01 -1.167108616396284715e+00 2.935262459391123069e-01 -6.519066700301087147e-01 -6.455716138769467261e-01 1.539345669984807097e-01 2.033351323415095654e-02 -6.648091133979493472e-01
1.912340872079109355e-01 -1.292593285256593116e+00 -1.010947820592621671e+00 2.496442438678606046e-01 -7.253040189506978486e-01 -1.736764114218445620e-01 1.016852495070825535e+00 -2.842682293427780227e+00 -3.470287118446049757e+00 2.103459307152038882e+00 -1.745114587194557698e+00 9.325159320999326651e-02 -7.873111154121503752e+00 2.890733376333001758e-01 -1.268565231194978216e+00 -1.247260367677585746e+00 1.340942578970418519e-01 -9.084742015654009850e-02 -8.108871463917940448e-01 -1.713761236803859611e-01 1.306532367020174848e-02 -1.880870893314347814e-01
-1.308803303250096084e+00 -9.471002690742506003e-01 -1.028336471442000688e+00 -7.780790350158720559e-01 -1.063137482191056415e+00 -7.659542601611655233e-01 -7.588589074294056491e-01 -8.193236877251222072e-01 -1.000416927904261621e+00 -5.475908003140277369e-01 -1.424119921977945680e+00 -7.569968753230229552e-01 -4.158895660441354614e-01 -9.448472358823930550e-01 -4.156947105729668079e-01 -7.877031406388813606e-01 -5.692744061229429997e-01 -5.792448606317623927e-01 -1.194426544223956110e+00 -9.975740642891124388e-01 -1.350826528896639456e+00 -1.323281030889214893e+00
-6.160805779228403223e-01 -1.140150591115379308e+00 -1.414719442141241457e+00 6.914782156839486237e-03 -3.225619376602135713e-01 -2.073488598537454042e-01 -3.087185940620615909e-01 -3.826792263442048814e+00 -1.615552717473962785e+00 1.810109489633665025e-01 -7.772213567885752905e-01 -6.163345117273488771e-01 -3.555322034174780210e+00 1.847610338632527383e-01 -5.939131036819931264e-01 4.534046072452092568e-01 -6.609946319273455329e-01 -2.143432275016549093e-01 -3.423510962195926849e-02 2.502107505211655925e-01 -1.634638906052545138e-01 -1.290240610260177112e-01
-1.396509766412444842e+00 -1.527602484212801759e+00 -1.298422231599224430e+00 -1.453062563276122487e+00 -1.065292204112112007e+00 -1.382446577844085089e+00 -1.296119781494946555e+00 -7.020670675142999251e-01 -1.343125297921961447e+00 -1.397929153608997943e+00 -1.346077657187896515e+00 -9.600781926972843383e-01 -1.191952848707790391e+00 -1.670791952715125817e+00 -1.152111535158641953e+00 -1.187458432456147461e+00 -8.626535089859411753e-01 -1.298888547522591752e+00 -1.443940633146426400e+00 -8.463043242298220470e-01 -1.378815477875952711e+00 -7.279991782620283125e-01
-1.783151551253355560e+00 -8.566797134720302020e-01 -9.282280204607941121e-01 -8.555294697735045251e-01 -1.510865924210473610e+00 -1.052504706588368588e+00 -1.316122275602938707e+00 -7.390781991663573081e-01 -8.819859653840264047e-01 -8.407648590404697142e-01 -1.313883800650172740e+00 -9.945218247502825015e-01 -1.754307242422169733e+00 -1.847514235494831736e+00 -1.426126126627246471e+00 -1.240842647088542305e+00 -1.748356547551428442e+00 -1.587352068328656385e+00 -1.689794661963824884e+00 -1.188720527907679569e+00 -1.422049819239861401e+00 -1.442712184925609042e+00
-1.081130544932917159e+00 -1.156982692379141975e+00 -3.535630146528008777e-01 2.983015227980082007e-01 -9.339784612710787526e-01 -7.157812374844313430e-01 3.042152898498958757e-01 -2.546095793033812171e+00 -2.440218456908364864e-01 1.999802889236109049e+00 -6.649969373684873064e-01 -7.094648591437984209e-01 -9.131974204685684882e+00 -4.422998081965590078e-01 -1.193541036427398616e+00 -1.181809813590080305e+00 1.316692048709216800e-01 -6.377061462985362805e-01 -1.183029902181896020e-01 -3.985308468679623073e-01 -1.423381671051503206e-01 -7.250163864273402314e-01
-8.870270054525800085e-02 -1.342311990377865749e+00 -6.063996696752510518e-01 1.019416769546501039e-01 -7.025166760697620916e-01 -4.450005542369395162e-01 3.258497044777761698e-01 -1.445520415212704135e+00 -2.911954929138839132e-01 1.952981133367358790e+00 -4.643892070417483635e-03 -1.443728749423519864e-01 -7.077702087143802778e+00 -7.864138868211923983e-01 -1.146509098505116508e+00 -1.086127134931110128e+00 -7.788495487762855940e-02 -1.158752313356386232e-01 -7.316926254124812845e-02 -1.917840183905690499e-01 3.560655254932770242e-01 5.986883638737132696e-01
-6.742481663932612390e-01 -4.538338865230882924e+00 -6.101208498159879090e-01 2.424528193590310465e+00 -8.358571106951168117e-01 -4.657899732083098931e-01 -1.054336364763956285e-01 -9.532532140106252383e-01 -4.905515266780235417e-01 -4.020050241027511184e+00 -5.217771293163904200e-01 -2.616548459135805693e-01 -3.708435824483122811e+00 -1.032274996136592238e+00 -1.294324799289789718e+00 -2.196904801334831348e+00 -2.266474101614705458e-02 -5.927158482641126103e-01 -2.362515234156256638e-01 -6.445837171087396289e-01 -1.745226839030525334e-01 -3.035736876199507384e-01
-2.380525613757864256e-01 3.209117704245610270e+00 -1.975995910153073298e-01 -4.762184467306059155e+00 -1.006224923943987160e-01 -1.174704667474005676e-01 -7.911967519751929301e-02 -2.377991748554582063e+00 1.977065248806037845e+00 -2.458817343984244452e+00 -5.257183206997771974e-01 -2.734782239902848189e-01 -3.635337817224303159e+00 2.959155548597163302e-02 -5.898015749880628489e-01 -3.336887465307289524e+00 -6.751550559568761933e-01 -1.073168514975696708e-01 -7.964075207677214774e-01 9.207722726898735430e-03 3.148682262381496955e-02 -3.714485326180477776e-01
-7.032233636496941775e-01 -2.188481189908272562e+00 -1.269498636367845032e-02 -1.833526001850452058e-01 -1.696779299954704889e-01 -9.635199662582676350e-01 -7.695718664059634229e-01 -3.328734953878746516e+00 4.241029041809767780e-02 -2.128677574588095922e+00 -6.280961079595904772e-01 -5.607842669145559622e-01 -1.856302331599404276e+00 1.164669322659165202e-01 9.279530073742686680e-01 2.499066797761992476e+00 -2.898182219330812104e-01 -6.291877505912429891e-01 -7.237532950390819231e-01 4.987171140993876262e-01 -4.810060661130912685e-01 -1.540899400325441260e+00
-5.655015258144709817e-02 -2.112889919606205869e+00 -1.162398273133485427e+00 3.410356986528583434e+00 -8.390305272973144213e-01 -3.424001739051129034e-01 -2.753791653592977950e-01 -8.563877553505463425e-01 -2.227869219080234942e+00 -2.552073381119771334e+00 2.076713822410716226e-01 -9.159897901091018646e-01 -1.278322765324323207e+01 -3.826726841496016274e+00 -6.119914178436804963e-01 2.889055980058574669e+00 -3.512468681034702084e-02 1.827732646557285456e-01 2.052649698056399352e-01 -8.428184117141646059e-01 2.783674427351382485e-01 -4.763863379295321665e-01
2.435590059215375289e-02 -3.521765923984603308e+00 -1.935234521039727262e+00 -5.835819362245166231e-02 -2.130598574368100795e-01 -2.327790783920390960e-01 -2.295072515724784490e-01 -2.785204978413498456e+00 5.555995984957476930e-01 -1.546647856611654603e+00 3.912237066885565495e-01 -3.833787875147118829e-01 -1.075647579524730002e+00 6.892250883981470011e-01 -1.631811013122176579e+00 2.485931756918311475e+00 -7.909482409495396937e-02 1.637984448054594366e-01 -4.781539862830439525e-01 4.817699595608139762e-01 -1.968965174779324923e-01 2.467254848344514195e-01
2.795577486959149316e-01 -3.866133892535736916e-01 -5.211085352837212525e-01 7.421569899647647434e-03 -5.137240436592129811e-01 3.220307935057338256e-01 4.751314247859130258e-01 -2.711184041128385847e+00 -1.227370881473411335e-01 -3.796305570527662709e-01 -1.037251414143943951e+00 -1.928096348955282147e-01 -1.840393814302919928e+00 6.038819447462351331e-01 6.484900468624852365e-01 3.986345216711602024e+00 -5.619056964414887584e-02 -3.607686512588161865e-01 -6.991904228431982116e-01 2.214854450901487803e-01 -3.016782085590569151e-01 -9.516491309601239623e-02
-5.827471448239023299e-01 -1.900590211714764166e+00 -1.776827970664106582e-01 -1.268594834381217562e-01 -4.100158502097665525e-01 4.104976281012990280e-01 2.231998669213331177e-01 -2.594224081520335456e+00 -2.881365791750498118e-01 1.925243461273914436e-01 -6.862269208294188294e-01 1.427114361254512923e-02 -3.310262068025869642e+00 -3.139825670125251933e-01 -5.593580062086231930e-01 -1.505010939353368660e-01 -1.074661580467614064e-01 1.433396233521651020e-01 -2.149800335249951455e-01 -2.197342744010194471e-01 3.736155329669754721e-01 -4.546510290720351954e-01
-5.449030173745059713e-01 -1.603415789221424914e+00 -7.776289497525241678e-01 2.659513355074928920e-01 -1.584225871410006037e-01 -4.582795779532508051e-01 -7.205145020766198227e-01 -2.331261729900668822e+00 2.009590230495106766e+00 -1.385580219466789886e+00 2.740545716141730148e-01 -4.349504832195007914e-02 -8.327530592363603379e-01 5.881030440269982007e-01 9.722694918273426801e-01 1.521622109956049629e+00 -6.306568138782625565e-01 7.217943893060858596e-01 -6.522062176290055469e-01 9.326195568501817468e-02 -1.091777101429282776e-01 -1.329205725462273280e-01
-1.604061033119290047e-01 -1.249434513321439288e+00 -1.303051246746640857e+00 4.780635195893169764e-01 -7.998260428426444413e-02 -4.473940816410394428e-01 -9.565140204438123128e-02 -3.086527233107054347e+00 -3.888121787207751145e-01 -4.136691516128797597e-01 -4.316852914438691902e-01 -1.050346278967785318e+00 -2.532437337422491108e+00 3.081937336021650653e-01 -5.167084119315853430e-01 -9.992569686422564379e-01 -8.391587672867316661e-01 2.525332429608359575e-01 -3.463312148908621046e-01 -1.430502673551235782e-01 -1.444202786947314798e-01 -6.535577435204178443e-01
3.226957739341819453e-02 3.677370896236710207e-01 -1.114986478427290040e+00 -2.727645755661864069e+00 -9.534256943610026624e-01 4.071035065802940389e-01 4.876424346309788938e-01 -2.117142343094997603e+00 -3.224259644017696935e+00 4.237141493848135099e+00 -1.356162190944551371e+00 -5.274453004597516870e-01 -7.747345255581596035e+00 1.676585230053019016e-01 -4.489920088043000135e-01 -3.474710516702585572e+00 -2.241920480347465907e-03 8.124437136935173109e-01 -6.664517460726520071e-01 7.434549730689133940e-01 -3.991107727043692877e-01 -4.226809828183978324e-01
-7.909970084427232484e-01 -4.973294445690810694e-01 -5.290792966199545644e-01 -3.598154375596271937e-01 1.424596923047043440e-01 -4.328163590487514867e-01 -3.263207162001804940e-01 -3.298683428726321143e+00 -9.241765542298235880e-01 4.604171973396886663e-02 -1.369334885926948520e+00 -8.110432162888893126e-01 -3.222039938783927582e+00 2.837204545460735305e-01 -3.421339692659153275e-01 -1.798593860916092857e-01 -3.355444800129733229e-01 -2.529788485365281336e-01 -9.776043177084832170e-01 1.860587976280277459e-02 -2.866260039951590288e-01 -2.687929830183004021e-01
1.494885805712480031e-01 2.004974315145086727e+00 -1.835921979031323925e+00 -3.599834943969629109e+00 -2.758390515578651447e-01 -3.559931059080977955e-01 3.082814987342367696e-01 -2.876528557275832565e+00 2.377918924799504730e-01 -2.950532450319807709e-01 1.061612482621996922e-01 -2.397801810197951466e-01 -6.063465912397781210e+00 9.915043701137520316e-01 -1.534497745627969589e+00 -1.707583820486060500e+00 -1.769516096560147800e-01 4.457628513100612144e-01 -5.439473990898253675e-01 3.502994872169142293e-01 2.365593900331925958e-01 1.462910662954307883e-01
2.758832064625588387e+00
6.198216295148005983e+00
-5.097312278044020539e-01
-3.215281791594474470e+00
-5.944567448506852259e-01
-2.480497393638834147e+00
-1.534558981223815843e+00
-1.061833466815907290e+00
-2.988858056332151403e+00
-1.523948284894924399e+00
-1.045782865099778719e-01
3.086433164760624237e+00
-3.061536742022090696e-01
2.725292707931860070e-01
7.218137963100598187e-01
-4.146204340329574523e-01
-4.405240381414624040e-01
-3.539566337156653357e-03
1.081617406131520465e+00
-1.264585366728530724e+00
-1.666461331234948551e-01
6.266308613065803890e+00
ReLU
0.2
22
2
6.866530825523187165e-01 2.152596516021332729e+00 -3.243233045588903574e-01 -8.769515199759447821e-01 4.778631396368471229e-01 5.453685051632476410e-01 4.984469117927360915e-01 5.864089177135619613e-01 1.554908527357338865e+00 1.242195077412052984e-01 -6.758944813711070809e-01 -2.093736800470800574e+00 -9.516661466349565224e-01 -9.916511017153745167e-01 -5.246581802780841269e-02 -8.286002616084462424e-01 -4.625580804473974350e-01 -3.937041570498766574e-01 -4.095800797640533064e-01 -1.093980264466048791e+00 8.510697475026782199e-02 -1.668640247260419818e+00
-1.600815431503178621e-01 2.377642456256224612e+00 -3.882144231089419417e-01 -2.630937234729413987e+00 -8.314758965308542693e-02 -6.556258945090830403e-01 3.684419169577373143e-01 6.490823137304832513e-02 2.906849075545903660e-01 -3.314138409407055980e-02 -5.155170975764951091e-01 -1.490733776338843741e+00 -6.511065459419175250e-01 -7.116177637452214544e-01 1.188597085260945652e-01 -4.816819496755954111e-01 -6.397405791087301674e-01 -1.624998379269121662e-01 5.013139085857570149e-02 -1.274810245176999590e+00 2.032205111270097009e-01 -1.965791497778835550e+00
2.109615753872473576e+01
1.977339935493835910e+01
Linear
0.2

ct 2024-06-12 19:01:11.534094
