noname
4
4
4
12
7.325160217748293290e-01 3.809662539664223635e-01 -6.109917311804249906e-02 8.735939054093967426e-01
1.652149701258091297e-01 9.886686990182709522e-02 5.345691765458971956e-01 2.751602330126882157e-01
4.320468778435677670e-01 2.972917908935369669e-01 8.006570974871883850e-01 9.234153213817436479e-01
3.273154800199546965e-01 7.044219443706291051e-01 4.108797839221768333e-01 6.050416769117140658e-01
9.435202440866561346e-01 3.454711437486294723e-01 9.436058901818916711e-01 5.707940636790319600e-01
5.253677482754164352e-01 4.957828097751962870e-01 1.691054649133955645e-01 6.862800830930901874e-01
3.086415965560654687e-02 8.556726836810439885e-01 4.650007342334975813e-01 8.680684990446627669e-01
6.850943145644059484e-01 3.823964335001723280e-01 8.056214986319764071e-01 3.436738562659532592e-01
6.882460083492853986e-01 7.747888035739420864e-01 4.560444050203302790e-01 6.669146347711216727e-01
6.436963733566085644e-01 3.377271127141439622e-01 8.361690416404863324e-01 5.012463854586014511e-01
9.691226070081779831e-01 5.012770053833847106e-01 9.233201840914396774e-01 6.105545541004873122e-01
7.792222018127372696e-01 5.246319439749478342e-01 1.036321815314343420e+00 7.248499587404041433e-01
4.535483264154046013e-01
1.848301277602133197e-01
8.887487468227081022e-01
8.865706673071427346e-01
5.327624212308957885e-01
1.548959531393101219e-01
5.955008748428845811e-02
1.852891672080557162e-01
2.397571178079651311e-01
7.726889777196924713e-01
1.330060052300103823e-01
2.717198499621372165e-01
ReLU
0.1
12
12
6.567472356074373074e-01 2.737740626385334886e-01 8.527047499975177747e-01 5.780965723761342101e-01 1.166148194777196362e-01 4.240747966664487056e-01 6.708748964101102219e-01 5.085225276677314277e-01 5.906207942270462752e-01 1.049301432594528904e+00 6.095931380557988444e-01 8.111115879156082231e-01
7.387504936718646276e-01 1.063193803819353911e-01 7.312176595410865287e-01 7.846772313940908461e-01 8.927648811978415866e-01 5.315675934507732014e-01 2.074618128605013045e-01 6.075075628551830365e-01 -4.438829390383453727e-02 8.722960133574055863e-01 2.282420135236264969e-01 7.215501374568510373e-01
9.657535036381573734e-01 6.805225273191509716e-01 9.752631462109987437e-01 5.483119117832727651e-01 7.543406519574583635e-01 -3.386019253975827703e-02 3.954811614047702983e-01 3.155069792201915524e-01 7.157217808639279033e-01 8.192534352573611622e-01 -1.506901658099012442e-01 2.195108992477543541e-01
3.723278358172488756e-01 2.107523563504491160e-01 1.204702902682927235e+00 2.628798682196642478e-01 5.923402688759190626e-01 7.866082545163457507e-01 -2.598028740239999301e-01 -8.850102880931609572e-02 3.256014504146230171e-01 5.328620528198966255e-01 6.613885561702902427e-01 3.977832968215271325e-01
6.975754600188993626e-01 7.237381333873137423e-01 5.034019570830853274e-01 6.152924732847196987e-01 4.103084937172777336e-01 -6.214010366475129776e-02 -2.231183031289962204e-01 3.666671282239684637e-01 5.681244253336326100e-01 1.017148364490941370e+00 -6.239330753771109989e-02 6.491389146749465544e-01
-1.843469795272074385e-01 -2.547299688248823024e-01 6.083907463403975813e-01 3.827319833953570782e-01 4.349603225497914449e-01 1.333267658414544025e-02 -2.330834794239284302e-01 4.726525753033475330e-01 4.181442302197506677e-01 5.567996836565318741e-01 5.346850614392446577e-01 -3.319731346093483804e-02
-7.546861446164026925e-03 -1.760690404696267641e-01 3.150640347691114895e-01 -3.621798768745358027e-02 2.670786194304584638e-01 2.253091351568633771e-01 -1.311924620534800912e-01 1.133633027473132798e-01 5.486871294125624798e-01 4.161947738437248301e-01 7.594375569046620811e-01 4.057804851756880993e-01
4.166155228621383211e-01 -2.180182215100643500e-02 1.110000636864264090e+00 8.057917277180060012e-01 1.595231140900298383e-01 8.199385268705994267e-01 -8.444094144542191316e-02 9.155597031757864990e-01 4.202961732738098033e-01 3.572776195713634473e-01 2.805266153374647575e-01 3.661699017180329307e-01
1.072701667133047904e-01 5.112076832691325734e-01 5.420402999590847593e-01 7.897790588759365238e-02 7.602357696890974514e-01 2.173003282940435266e-01 -3.087088683650301979e-02 2.939847869049342366e-01 -1.151586910495524946e-01 4.010505435298090116e-01 3.512280814092687553e-01 -1.859652903549162684e-01
5.103493584788573179e-01 1.659135154930549416e-01 4.698436218758031968e-01 1.601311315442383865e-01 6.679956138517851860e-01 6.514820713702631494e-01 6.508153920966851524e-01 8.232379294809047399e-02 8.326229522680671513e-01 5.632037196296710846e-01 1.430718443654954430e-01 3.940544722221313301e-02
2.830772171409373650e-01 -6.057882636367167839e-01 2.899850098778514185e-02 -3.559953538822530072e-02 -4.357577548845635307e-01 1.230459184451589832e-01 -1.154914943306429853e-01 -4.124773286081610535e-01 3.250079757164459626e-01 2.690098105334824408e-01 -1.244533101454786128e-01 6.570491246129044061e-02
5.018553084447259227e-01 2.405147791993300088e-01 2.883916524772879852e-01 5.343050288307938933e-01 9.385014096270218042e-02 1.323597450826698996e-01 6.804154037271339384e-01 1.361888920812372172e-01 6.242585220574374816e-01 5.992551163250808832e-01 6.042639766859357608e-02 2.114798534498063265e-01
8.869294587371365779e-01
5.313144508065803517e-01
9.822201587331338413e-01
3.786467977897066683e-01
4.867157309559152489e-01
6.003059686587094435e-01
6.905509297359611054e-01
1.036754360765715255e+00
1.787519772802188545e-01
4.998183813844636059e-01
-3.145305987911137802e-01
6.085459246267078681e-01
ReLU
0.1
12
2
1.028240203768080230e+00 7.771463734094521403e-01 7.804266778878062860e-01 9.607028238079815541e-01 1.035531851938779502e+00 3.148547550599055111e-01 2.221272381538001717e-01 9.931902479768206504e-01 2.570416451276382741e-01 2.382606526717792050e-01 6.956428776954988458e-02 6.505127946224780189e-01
6.890232279742098953e-01 8.375649698326103065e-01 7.829209671596242259e-01 5.186220437073949530e-01 6.714138718581280640e-01 2.885437624266906642e-01 3.426321570561276508e-01 2.795634395777821246e-01 3.972018214662455526e-01 5.006346029797693609e-01 1.546319788103359683e-01 6.357196890964205149e-01
9.913165545791116084e-01
5.699499190333353615e-01
Linear
0.1

ct 2024-06-11 12:08:25.467585
