noname
4
2
2
3
1.126654636006587246e-01 -8.064952590891426298e-02
-8.431111360322764148e-02 1.760249850029586560e-01
2.166563826720285107e-02 9.778077574843303810e-02
-8.409601797965693404e-02
7.299399719062221736e-01
2.849484064217807158e-02
ReLU
0.01
3
3
4.878004280765079748e-01 1.571039398162715206e-01 -1.399618281112009199e-01
-3.402569470747333624e-01 -6.333177162530333471e-01 5.427593334885529863e-01
-3.357892356764497488e-01 -3.117816037470349522e-01 1.333522191184317029e-01
-4.640115339189131993e-01
-3.572961032424172290e-01
2.719758522556318114e-01
ReLU
0.01
3
3
5.361917489765215955e-02 3.983933401271988473e-01 -5.308204071261994617e-02
1.020478758928143187e-01 1.968016560613343457e-01 -1.340053677597121979e-03
4.163041938364264172e-01 3.504108526186113046e-03 4.655692261389328679e-01
-6.018557651671863074e-01
-6.487867165657331681e-01
-6.285875604333960309e-01
Linear
0.01

ct 2024-06-02 16:48:11.751120
