noname
4
4
4
4
3.246535326282237843e+00 1.277349728128254647e+00 8.127281654732226857e-01 1.517249194353807340e+00
1.453007444608769072e+00 -4.622537593149042001e-01 -1.967481275125224016e+01 -1.225192259137823925e+00
-8.011813248879835481e-01 5.596328627462430205e-01 -2.174109866238520983e+00 5.426179107649768962e-01
2.180867274919108034e+00 6.909618905678363565e-02 -1.721386465501162633e+01 -2.285261535063242977e-01
8.226077072632240750e-01
-3.634779959759368406e+00
-3.757243572878597448e-01
4.207778752004650791e+00
ReLU
0.1
4
4
-1.069417823330683692e+00 -2.311036253080930525e+00 8.284590557529385169e-02 1.719906549205781010e+00
-6.838277643266249539e-01 -7.535252144777777605e-01 -1.815372002444368471e+00 -5.962715557888883522e-01
-2.625154579301031688e-01 -3.499069991805961788e+00 -1.331214715493014844e-01 1.720339084234421057e+00
-1.759556350675654413e+00 -1.508787253482737345e+00 -2.525496547925539792e-01 -1.839594410837881666e+00
-1.153070227957433858e+00
-3.658852031179383180e-01
4.872873601088375528e-01
-5.677755766882559840e-02
ReLU
0.1
4
2
-1.730309098564917880e+00 -1.622238427751444279e-01 1.752351957137850302e+00 7.826431650299577880e-01
-1.530562502395746316e+00 -2.600927263556240265e-01 1.470310681414944920e+00 -8.957722708841080461e-01
1.996082707003697054e+00
2.094248176923047655e+00
Linear
0.1

ct 2024-06-16 17:29:59.796424
