noname
4
4
4
5
-9.212600394506454959e-01 8.607848352607245790e-01 -6.353427131681144147e-01 4.600645138435939252e-01
4.513501577206054938e-01 1.278942878127062421e+00 1.338927919339862438e+00 3.355178920614277915e-01
1.657324565868420363e+00 1.277260827402188159e+00 1.964977048674040327e+00 1.006833072006128926e+00
-7.233278282248374602e-02 1.241959482152756866e+00 1.166196343472015062e+00 2.652394487532561684e-01
1.928913410853299260e+00 6.433250484468374664e-01 -6.673960517232618850e-01 1.179547954117212250e+00
-3.781467015747446148e-01
1.013168892577032271e-01
1.075112132741754101e+00
-3.339305106184253247e-01
4.138811951997696803e-01
ReLU
0.1
5
5
-2.195882895787587830e-01 -2.166834219546009410e-01 3.344698602855631919e-01 -2.909864918096933262e-01 3.580589660007745256e-01
-4.051411533921620012e-02 -5.713032054907927863e-03 4.919959043944688304e-01 1.521232991682743840e-01 3.730621748293141970e-01
3.788696485989040408e-01 4.934597875619606278e-01 8.626874539667418462e-01 -3.158888540365228925e-01 4.524010697417345517e-01
-3.874906727771345594e-01 7.517468851930440843e-02 6.140180935367509640e-01 5.863305418378749190e-01 2.002973264919228891e-01
-3.199146938635760162e-01 4.446432610680650654e-01 -3.484453855262162336e-02 5.569027978046490190e-01 2.950079695337600172e-01
5.967550177483840201e-01
6.658163268495308484e-01
4.906631080108211918e-01
1.076573024525741967e-01
1.735802931596749227e-03
ReLU
0.1
5
2
5.546270783378298708e-01 6.569351104648079032e-01 8.963747187387688387e-01 4.455200868241741552e-01 6.076805850470867049e-02
3.177420392547815053e-01 4.458474802592254926e-01 8.434540070236901110e-01 4.610098657906023245e-01 1.974453822147637927e-01
2.209621577933638559e+00
1.991735734268405222e+00
Linear
0.1

ct 2024-06-16 14:28:11.038410
