noname
4
4
4
5
-1.893552974581478976e+00 1.572815930260421213e+00 2.345215942611254434e+00 5.650536318291375926e-01
-1.712962624171074255e+00 2.181393711313576400e+00 4.333978575586561632e+00 2.063394882422703858e-01
2.252876541620891793e+00 1.536727383690685844e+00 2.600372619750522585e+00 1.598119197829977134e+00
7.704438166027552937e-01 -9.792022320842834748e-01 -1.306290483374297828e+01 -8.999010280932634442e-01
3.806997714402847954e+00 5.987782131329665303e-01 -1.308354293859082595e+01 4.784320572427375184e-01
-1.977995740103459132e+00
-6.840677786183835263e-01
1.465102690435603927e+00
-2.807234410623733911e+00
3.099440095492316249e+00
ReLU
0.1
5
5
-1.011381531899694153e+00 -1.063964021346561983e+00 -7.144620828287686631e-01 -9.441987545093272205e-01 -6.781970668029909666e-01
-7.903588374435238650e-01 -6.783986680046809603e-01 -1.989342133999369988e-01 -3.359528123947653766e-01 -1.318316514754724611e-01
-4.546185178973047858e-01 8.255225513710408025e-01 -6.946423036869749934e-01 -1.374802163784786035e+00 1.473743350027084897e+00
-1.006137270260128780e+00 2.937386953381013743e-01 -1.812866676269129784e-01 -2.386316903354990249e-01 -6.223765189687706645e-01
-3.123150270582342181e-01 2.985999321570725340e-01 -1.642507583779735159e+00 2.904854330075303248e-01 1.345061017053804653e+00
1.017107521808465975e+00
3.071851743672399659e-01
1.466290547509852438e+00
-6.468501990468051854e-01
1.866702784534917114e+00
ReLU
0.1
5
2
2.208739392478375196e-01 1.499390199390860934e-01 1.433678902009245970e+00 2.906278018110514116e-01 -1.544932229247501398e+00
-1.922448378904574595e-01 -4.412488564818749237e-02 9.367666033664079350e-01 -1.054677577832937446e-01 -1.002929873053364895e+00
4.116613705528599176e+00
4.398423531475668113e+00
Linear
0.1

ct 2024-06-16 14:28:37.701868
