noname
4
4
4
8
3.223825038672848975e-01 -3.148654403468207907e-01 1.704769491485558897e+00 1.046198033349802659e+00
-9.661054352680633617e-01 8.550407464563647419e-01 5.350562628552240518e+00 9.005301892534799402e-01
-2.641012767278635431e-01 1.625428291822186844e-01 2.390935286975909069e+00 9.100758395422922087e-01
7.105299110806670981e-01 7.386529882829438731e-02 1.016310125457013935e+00 1.493788634981322971e+00
-9.289495143124233412e-01 -1.748741916660131457e-01 2.518522513451250777e+00 8.813762638291745555e-01
1.168536945479819344e+00 1.920668831031331625e-01 6.730584870885403248e-01 1.324898025203700369e+00
-9.913090421171156796e-01 2.177361029408655946e-01 9.554438711669860362e-01 1.449399690146170760e+00
2.547560629470097648e+00 1.913773472365554396e+00 2.146247409692315422e+00 1.696449269090737344e+00
3.067083138431348638e-02
-1.230815909718060208e+00
-8.660039977181761828e-02
-3.368552469535505134e-01
-8.483228509419562524e-01
-1.846131516033871212e-01
-8.206048933567641201e-01
1.322431169439529430e+00
ReLU
0.2
8
8
-1.943267115751547147e-01 -4.869183581589620058e-01 -6.513049745219227082e-01 -2.591973235327333369e-01 -9.356945497139613765e-01 -9.757293075151275419e-01 -5.932218187834434886e-01 -7.449153725205075460e-01
2.029863401371215237e-02 -1.019448295580488439e-01 3.428918169989477599e-02 -3.254113478295184159e-01 -2.269549317985908310e-01 -4.930317457931059910e-01 -8.120162357115550122e-01 4.533606725039941998e-01
4.826764142343610287e-01 -2.137084547929913647e+00 -1.735414166825120785e-01 5.112163432032245103e-01 -3.412405376510357913e-01 -1.134936352324592140e-01 -2.701511071860274171e-01 1.864211583659951765e+00
-4.834418471264704809e-01 -1.108886018859682465e-01 -6.578012119505539657e-01 -4.854922506994311382e-01 -7.126957277995591422e-01 -4.783191462285527051e-01 -1.681978294867696178e-01 6.182117040356707727e-02
8.433290489269019974e-02 -2.534441843089229707e+00 -3.291410148670050329e-01 -6.838285872018745604e-02 2.488612748165038857e-01 4.648665851740093613e-01 5.686925452633181388e-01 2.156898736858387178e+00
-6.014521164661624786e-01 -1.076999025369113072e+00 2.498739665526650000e-01 -7.360642210865628865e-01 -5.765224902125324347e-01 -2.783903869712169299e-01 -2.742989915416154112e-01 7.881083880134344133e-01
5.907298927890382301e-02 -4.189451747258632341e-01 -3.180582825563282867e-01 -1.270316859313203595e-01 -7.388987999055338651e-01 -5.231849596180533357e-01 1.709555446963073044e-01 -5.449512407834019578e-01
4.566382925212331828e-02 -1.376214256362513044e+00 1.334478959819016264e-01 2.859412881848556465e-01 -1.095880670977064097e+00 1.725145287665258154e-01 -8.492780115812397224e-01 1.376841191772678386e+00
-9.368843359683557415e-01
-3.447349924870023868e-02
9.182553632040914016e-01
-3.130035672160479954e-01
1.049045819350105324e+00
3.258431367467524153e-01
8.176906860215431561e-01
1.115812721155024612e+00
ReLU
0.2
8
2
-7.406114486840041922e-01 2.274391291414433192e-01 8.119741226152037417e-01 -7.862324356574473816e-01 1.053224497545188543e+00 3.534837758794752149e-01 -2.115474917467534133e-01 2.583209140382691782e-01
-5.834377484408300729e-01 5.788609768497141039e-02 5.275680364541839307e-01 1.219672628976439244e-01 7.846519067825460381e-01 2.216799010494136246e-01 -3.043021162886407338e-01 5.451185057948269019e-01
3.432179089857601895e+00
2.402235286069807962e+00
Linear
0.2

ct 2024-06-12 14:21:57.007200
