noname
4
4
4
4
3.631110715538942157e-01 7.808845843243269469e-01 2.592863598273525971e-01 3.198777891665128825e-01
8.752217585733573779e-01 4.833978662731687193e-01 9.945285251606950094e-01 7.846828694109316826e-01
6.575575251345963101e-01 9.404391039564844457e-01 1.507005507353805784e-01 3.287630502002958366e-02
4.761962273628084219e-02 9.102928337310034479e-01 8.736869423319120198e-01 7.114201080746906936e-01
1.699334223865800464e-02
7.179802183540545668e-01
2.317804768566703588e-01
7.843646375362590684e-01
ReLU
0.1
4
4
1.783765853151684233e-01 8.165925034578794817e-01 6.697420022391818994e-01 1.027193778269561708e-01
6.586235311178886276e-01 2.343177984855858709e-01 5.068519037787814208e-01 6.660856317447233499e-01
3.701967066408113904e-01 9.733873269978433607e-01 6.172974460736782021e-01 8.507964945474288943e-02
6.690974936223004210e-02 5.576520675456699827e-01 4.067325922252035264e-01 3.850562072190670815e-01
4.630715162727804257e-01
1.262019877713974614e-01
1.765887116754759623e-01
5.977289296612908753e-01
ReLU
0.1
4
2
5.984066169411519365e-01 9.385462884045246978e-01 1.362424626771082670e-01 2.272652012147906575e-01
1.498347569269220525e-02 7.474191362020016216e-01 1.154831357515329060e-01 5.594810854771904429e-01
2.013776596419546427e-01
1.760121589111904861e-01
Linear
0.1

ct 2024-06-16 13:22:25.443449
