noname
4
2
2
5
6.559638332532614635e-01 4.876239830263308095e-01
-2.661799633669814300e-02 4.329288392126782181e-01
-1.286939853208171336e-01 2.779430866957784962e-01
-7.819828148619939467e-02 8.671269196103579269e-01
8.755875632888085458e-02 4.951573529130462448e-01
1.005237126671130882e-01
1.620291353308697946e-01
1.054268539846163338e-01
7.952581760489759732e-01
4.743558594030982123e-01
ReLU
5e-05
5
5
-1.344791352005631768e-01 -8.368611712843841699e-02 7.972886158054283134e-01 7.685151396949078118e-01 -5.243197578487619748e-02
3.916344924013923645e-01 4.337728075700003627e-02 8.575705937236767495e-02 3.094389328810713199e-02 5.367131940805636159e-01
1.594604522630500287e-01 5.178479093847442316e-01 1.740387550201588363e-01 1.428140201730062654e-02 4.536817918505464120e-01
3.710257317292978141e-02 9.081702315940265446e-01 -6.113804960709065713e-03 6.766391352052069097e-01 -4.294358473249586076e-03
5.611109047233401315e-01 6.280448860812408718e-01 2.499920643685416277e-01 6.170400975313553582e-01 1.116674425487174244e-01
8.281796261486508159e-01
3.306328395607093240e-01
2.688548539202272325e-01
3.446224403917080847e-01
5.492143615084422725e-01
ReLU
5e-05
5
3
1.095355893930305552e-01 3.289499365267573028e-01 9.416849445774131411e-01 8.592088256907239874e-01 2.394385150897427872e-01
5.681827837859976249e-01 -3.355299812524541181e-02 4.500203919857288515e-01 3.541078544001894368e-01 8.600800488044998415e-01
4.102672818394329513e-01 2.202060825650245524e-01 1.986747369901050719e-01 9.102809661989536005e-01 5.165280848803254221e-01
6.163206353858036168e-01
1.176371292351472281e-01
8.915616349518251660e-01
Linear
5e-05

ct 2024-06-02 02:29:15.823719
