noname
4
4
4
6
-1.669504237452727358e+00 9.070500671226109368e-01 2.669234350455725657e+00 1.556974284572926193e-01
-1.563277354511712763e-02 9.775689586675437859e-01 -1.758887553587661357e+00 2.129712350794649711e-01
-1.806479087453105814e+00 1.265600857243407651e+00 2.061230005753883709e+00 -1.549406493571028554e+00
1.505679639256832791e-01 -1.081709574877265823e+00 -1.459105869938340660e+01 -2.627550045114770860e+00
4.459680533924589851e-01 -1.428356277278498287e-01 -1.668804730915069001e+01 -4.409743242081493042e-01
2.345024791527960506e+00 -6.897765905518987717e-01 -1.087077561672779247e+01 -4.083200123887514854e-01
-1.911571390237066792e+00
1.013243981381032333e+00
-3.347971697659606782e+00
3.673151549064657129e+00
3.732941287946933251e+00
-1.809697209826866215e+00
ReLU
0.1
6
6
3.119599434294969553e-01 -7.090498572467458516e-01 -1.016218644218720213e+00 -7.158676730286920309e-01 -2.156697176560637974e+00 -7.726113649730024235e-01
9.511175008123731733e-02 1.116129680377226263e+00 -2.216604650781066610e+00 -5.121782938458295575e+00 -7.308895140583368644e+00 -3.546798383551403866e-01
-2.584941935962762893e-01 4.403740502915131499e-02 -1.600962897676194929e+00 -1.609872125700054113e+00 1.042549814686045961e-01 1.714040502152699985e-01
-6.138760867571020352e-01 -3.492956891243445550e-01 -9.300577639737093172e-01 -9.883154380428921471e+00 -1.431738202994732756e+00 3.442415507304393829e-01
-5.776369002527518282e-01 -4.058213257193933332e-01 -6.023720273732235952e-01 -1.895592847945674730e+00 -8.361797983299174009e-01 1.682287591352036038e-01
-1.356112446361794177e+00 2.881591772388324424e-01 -9.873916683798696081e-02 -1.718822604106437613e+00 1.117751145344604735e+00 -5.414575784371865597e-01
2.558702459605450397e+00
1.404796048843360179e+00
1.627701906763282080e+00
-1.123966520031400185e+00
-1.076678201822475756e-01
6.006342685986611585e+00
ReLU
0.1
6
2
-1.759350327446090434e+00 -2.449205175376278021e+00 -7.030421156809086858e-01 -3.797796452991748506e-01 2.606522048024356719e-01 1.392528525320493982e+00
-1.648880486221387942e+00 -2.741984173532401758e+00 1.946032472403977365e-01 3.498337672172950885e-01 1.991664334178714912e-01 1.268623239733708274e+00
4.860901916223125063e+00
3.496396034107336348e+00
Linear
0.1

ct 2024-06-15 14:53:34.589609
