noname
4
4
4
3
1.248827534027979191e-01 3.020986485865954085e-01 3.234992645253841337e-01 2.501322993986641041e-01
3.904811976370199389e-01 8.379272141216851377e-01 8.257320952589558560e-02 2.685912041005622530e-01
8.874644729950800226e-01 4.527877725878547421e-01 5.858582637372764523e-01 2.426360321318435931e-01
6.476110681987194972e-01
7.534348177297948146e-01
5.107134518300242565e-01
ReLU
0.1
3
3
8.775435769859022406e-01 7.143373168215527702e-01 9.237291919262380357e-01
1.606162159274934220e-01 8.459784292677826611e-01 -9.530505798167089593e-03
2.401638206428779454e-01 7.112117619538345092e-01 2.665069791039972880e-01
5.375220885012974570e-01
8.106630375641953323e-01
5.775070801119855934e-01
ReLU
0.1
3
2
2.868101478453071174e-01 3.010165171719519361e-01 6.667414650492536898e-01
3.891696574181432444e-01 3.417607501917183099e-01 5.355784464254969013e-01
7.490867352042150928e-01
3.048142544910695251e-01
Linear
0.1

ct 2024-06-15 19:45:42.669756
