noname
4
2
2
3
1.729582894679237981e-02 2.042012833166892138e-01
4.555907591254200750e-01 2.684232497748766377e-01
8.220318265949182190e-02 3.823090022622620543e-01
7.770780702168886833e-01
3.484180438618424414e-01
6.743875124450828817e-01
ReLU
5e-05
3
3
4.481594067866467301e-01 8.175374309674716677e-01 4.575386431462899472e-01
2.212694088810194804e-01 9.879352314576098082e-02 6.715485105421377110e-01
1.707047193861348233e-01 7.231725196022381619e-02 2.223852318644919113e-01
2.308082959351976660e-01
-9.698838544670546069e-03
6.908169851828964703e-01
ReLU
5e-05
3
3
8.230587045945706448e-01 1.501047908778134488e-01 1.046919076970626444e-01
5.942155359955139104e-01 1.912210913622856834e-01 4.728255484815713228e-01
5.281770652736875737e-01 5.822802295069109402e-01 4.020327784922389514e-01
4.761044787928176425e-01
7.407569475151576377e-01
7.956480560248319067e-01
Linear
5e-05

ct 2024-06-01 23:55:41.614027
