noname
4
4
4
2
1.423550919062670950e+00 8.338345770343890129e-01 3.068691832012799825e-01 4.617792783844401061e-01
6.272110607682759298e-01 2.841894595703576831e-01 1.407476727953138163e+00 4.157026587115266736e-01
1.733306415356245800e-01
4.197763495552325197e-01
ReLU
0.2
2
2
1.957202219182853087e-01 4.253656125191290771e-01
1.152032245211924433e-01 1.855462360285998202e-01
1.211422140541219328e+00
4.145329861396009896e-01
ReLU
0.2
2
2
5.077978490385900434e-01 2.599088215689092651e-01
1.025410087215334221e+00 2.493503191832633636e-01
7.264449218610828929e-01
8.313419333491349761e-01
Linear
0.2

ct 2024-06-12 14:37:38.818276
