noname
4
4
4
4
2.093992021034996043e-04 8.638723643063888069e-01 7.801953362827868110e-01 4.739913759703293650e-01
8.337930706157214988e-01 8.325170857366385180e-01 7.025745219730159530e-01 6.387295866737771055e-01
8.598375514550893328e-03 6.810636123233815287e-02 1.915736996833574679e-01 7.744423533099643597e-01
3.436535021288091851e-01 4.303337442528878398e-01 3.659291629127517931e-01 7.540073317783618778e-01
6.615979908219300487e-01
2.244381930739247633e-01
9.190047105528831306e-02
9.832569573474322366e-01
ReLU
0.2
4
4
9.421980863308351273e-01 2.397575195640246903e-01 8.343146570862391975e-02 4.159311465448247702e-01
8.264730428573530130e-02 8.650114867868223811e-01 4.611148823044517453e-01 3.332433599198859620e-01
8.234013099213703946e-01 4.173216603018827797e-01 8.125337461045885057e-01 4.282352765764572133e-01
2.995102118754735532e-01 2.708446005887520380e-01 1.304288759867930914e-01 2.688908869910907606e-01
5.256931911799094248e-01
2.137289442046171883e-01
6.459975300693803213e-01
9.243549045627249550e-01
ReLU
0.2
4
2
8.469069479022672819e-02 3.287504314872410349e-01 1.708933798206947463e-01 1.268806468436232127e-01
5.906911338596404493e-01 7.192920446075770080e-01 6.509539947654597869e-01 3.942653481882421040e-01
6.604794897998661485e-01
6.144709848672733621e-01
Linear
0.2

ct 2024-06-12 08:58:17.090846
