noname
4
4
4
4
1.226363171766893662e-01 8.782805168039349297e-01 1.318446124468890090e+00 7.623569750056469196e-01
9.844495560512530608e-01 9.567392331737797351e-01 8.897051495613548244e-01 6.281112447733830928e-01
3.752786221522257382e-01 4.477695651333601368e-01 1.510576684259099522e-01 5.259376227694456674e-01
6.474575258361338070e-01 5.977311272426383271e-01 1.019207402881240565e+00 9.778764377596551594e-01
5.723304258404096068e-01
1.694430010004969733e-01
1.597911395166936865e-01
7.963849069385735557e-01
ReLU
0.2
4
4
6.011683425145678550e-01 -1.702286006206615854e-01 -2.460337272399475694e-01 3.483135132162722414e-01
1.823359355569602672e-02 6.225979573503688247e-01 2.249548105628107753e-01 5.007170469943819091e-01
6.709981471223414040e-01 1.512081081456951859e-01 5.549178123465986490e-01 5.393161314368077885e-01
-1.283347946467253697e-01 -1.565026194830346218e-01 -3.314230914459397326e-01 6.011181033165106241e-02
6.400439873703257510e-01
6.470540033395620894e-01
9.602564758116016730e-01
8.385894779967180135e-01
ReLU
0.2
4
2
3.149058540055210131e-01 3.808889494179921731e-01 4.350396236857299592e-01 1.348838718029356509e-01
4.800007208001608183e-01 5.989719494416840817e-01 6.944559458974515209e-01 2.859597205147442756e-01
1.730061991455257742e+00
1.430795337265184930e+00
Linear
0.2

ct 2024-06-12 08:58:18.232803
