noname
4
4
4
12
1.134461275242422573e+00 5.814738499722329479e-01 -6.336726257192264455e-01 5.961889616631957933e-01
1.054032632528935753e+00 3.773109127214965275e-01 -1.172561012766038635e+00 6.972763360062728122e-01
1.272463191097918278e+00 6.984709151332004762e-01 -1.084297958281932539e+00 8.071548532489658534e-01
1.234648767498625288e+00 7.328244001747793446e-01 -3.638802133301968222e-01 3.391328145962222429e-01
4.465851240556113488e-01 6.642271537765388478e-01 -3.889077064508653092e-01 7.238539997525172964e-01
9.463969416529413037e-01 3.604300811715062669e-01 -6.597924888878891059e-01 3.080474306655752170e-01
5.962331510667621126e-01 2.722039452299185314e-01 -1.009107200257286951e+00 5.532585695279321758e-01
1.303110740518744315e+00 3.607449244879412653e-01 -3.955198316303406569e-01 1.695460081482618730e-01
5.376166442543468538e-01 5.791605689734041773e-01 -1.052292547166624459e+00 3.476361938075612223e-01
1.404431169051833184e+00 4.262950221648448834e-01 -9.530507381335039385e-01 7.559922971899974975e-01
7.740458514216579378e-01 1.073457164102862571e-01 -7.956747862510050728e-01 1.476611909576059922e-01
1.238516652139485918e+00 5.450552851567475043e-01 -2.525665336916431691e-01 7.848553008512675344e-01
4.754331938167138394e-01
9.941177023621876607e-01
7.652917548735911346e-01
7.826072367890566372e-01
6.611778771116493258e-01
1.774350197232164583e-01
8.418810329200004938e-01
5.488244216508573192e-01
4.441964381166867981e-01
9.387536204914264104e-01
3.453965907761564758e-01
9.528971525092003736e-01
ReLU
0.001
12
12
6.488568733012193279e-01 2.168916629317875211e-01 9.345849877276927176e-01 -2.945079537032780845e-02 9.198710841186247267e-01 5.021617817208352541e-01 3.368990309782230463e-01 -1.119203151806643926e-01 -5.503771887087686304e-02 8.886170581335185448e-01 5.923712616723491031e-01 9.026909067466993841e-01
5.521739871232727026e-01 8.636638079110228183e-01 7.272744622338706000e-01 6.216945244720993857e-01 -1.777936390193469648e-02 9.043034164603593883e-01 2.506949868923167846e-01 4.469057706797184837e-01 8.323497891270591198e-02 6.267377324416028017e-01 2.554539099360513266e-01 8.663020896306387053e-01
2.670578995869649086e-01 7.910701662966729275e-01 4.646266397549232430e-01 3.093019607464879139e-01 2.247164392918737097e-01 8.421875140016282790e-01 9.543228546384535660e-01 2.603436029387822259e-01 2.152542745375433386e-01 4.620071000077342616e-01 8.038664216834837672e-01 3.743293830476521200e-01
-1.603438172819559582e-01 8.874742387143866873e-01 2.984154318815282481e-01 3.556816466187725512e-01 1.023475217271185983e-01 1.107827784163298857e-01 5.742972671484816161e-01 1.051017152597380599e+00 1.005756281168996402e+00 8.218703935914967174e-01 6.608658359056144294e-01 2.068909614649334650e-01
8.854270650545885690e-01 3.307018652087736488e-01 5.620208034977223176e-03 -4.848907721484028988e-02 9.639263087614323711e-01 9.093914963079530178e-01 7.979083337391569275e-01 -1.550391051466494530e-01 -1.539889758737673642e-01 3.387005134921960980e-01 1.382556694897949523e-01 3.591687056626889363e-01
3.113822874968711907e-01 1.592080430651013900e-01 7.895659728948204448e-01 4.743326250858350135e-01 -1.495620548689125529e-01 1.680588659718343925e-01 8.728764934306008083e-01 2.829109922940388211e-01 6.703699566874201654e-01 9.789349462854021189e-01 3.208457193679656871e-01 3.438157344329009213e-01
6.158578994861192424e-01 4.456507753198611366e-01 9.229915220582065594e-01 -1.615288359216018876e-01 6.791983004824279080e-01 2.369835775387899857e-01 7.625462774151794410e-01 5.154947714737250219e-01 -5.139117469866365251e-02 8.143778599594501122e-01 5.812829014335515465e-01 9.155322949535747989e-01
6.845093566404927277e-01 -2.285245816943855539e-04 3.594636083346394173e-01 7.133241498577171935e-01 7.778404409647159123e-02 1.008612181047623402e-01 8.691579151838310091e-01 2.672216686667560070e-01 6.329917663166585717e-02 8.803337656200187489e-01 -6.793233977691417493e-03 3.943384237654321001e-02
-4.982703133952563757e-02 2.400686976845289311e-01 4.215071189512425431e-01 5.851189646439911574e-01 -1.139730349089938949e-01 2.997670798592017016e-01 8.997042031984701094e-01 -4.150624926207669568e-02 7.845012528521800865e-01 3.973445471079951052e-01 7.562367942666722298e-01 3.618093087621578885e-01
9.009718771081620670e-02 5.839582171110829778e-01 6.210990032529867255e-01 7.179368157973736730e-01 -3.467970706214260068e-02 1.346831493809884928e-01 2.755366480390412098e-01 2.713087658918373335e-01 1.257805977133499287e-01 1.021571046627405138e-01 9.390230022736613114e-01 5.128317799479736872e-01
6.785935300926098090e-01 1.191734293947552120e-01 7.946449685621683745e-01 2.338275582736854263e-01 4.452904424395964789e-01 7.699270711763792630e-01 1.060717512092286818e-01 5.707215612004807870e-01 4.671740481805050083e-01 1.283711713497560220e-02 9.613464944172717130e-01 -8.727791839808519969e-02
2.235987079323293047e-01 5.239821952520478526e-02 8.592243381937445523e-01 5.951499635593271442e-01 2.069934978090913202e-01 3.489332940571481245e-01 7.214355757250358048e-01 -2.535191125374446908e-01 6.011642626117267296e-01 6.557712158061030916e-01 3.556610135540821949e-01 3.157294079639637596e-01
2.636875200562471266e-01
3.954180881245638601e-01
6.854590119678208859e-01
3.839557277781291966e-01
3.619905537244916174e-03
1.125201096250843635e+00
6.466445347658377196e-01
-3.192922786153624265e-02
4.163394446603173038e-01
6.205552072881012071e-01
4.636451596331288560e-01
-6.849271371532365815e-02
ReLU
0.001
12
2
3.297286252854138983e-02 3.469141531879904039e-01 1.530697845237744270e-01 9.783827257569518432e-01 9.586537833021890886e-02 8.382655460878051246e-01 1.384226938299589794e-02 8.246059539345951261e-02 9.501109113995239719e-01 9.473372923995641015e-01 8.048095162348150033e-01 7.921233538108099492e-02
2.251671091947950176e-01 7.138426491916309846e-01 -2.440741926413008550e-03 1.399466601424501078e-01 5.642141739033056380e-01 1.844568039982845686e-01 9.057554723769574156e-01 2.712085967692963728e-01 7.397213975566691024e-01 3.451455610545661190e-01 5.894954507734266880e-01 3.576555372031530178e-01
1.218892545601639954e+00
5.342034824251994385e-01
Linear
0.001

ct 2024-06-05 10:31:17.376322
