noname
4
4
4
10
1.737593875260220466e+00 1.618065150643205108e+00 1.589982181667424499e-01 -6.416000295783856888e-01
1.973793681338041672e+00 7.823645755341956942e-01 1.225870228315474098e+00 5.328453699251539666e-01
1.810763701592088104e+00 7.867356055022158845e-01 -1.339574918762813927e-01 1.929510452843222479e-01
1.938012418257156533e+00 9.127013265790796526e-01 -1.367681819728960191e+00 -1.667960298267599090e-02
1.091196653989396248e+00 1.122689650776909742e+00 2.511311980607324745e-01 6.107175845281670457e-01
1.293104799989200693e+00 5.142178873675432582e-01 2.911704133663679528e+00 1.534300856200839114e+00
1.947611005969343223e+00 1.889545641790888242e+00 -2.267432860363778779e+00 -1.950480073206341258e-01
1.048552870932822234e+00 1.037420168518587316e+00 2.723881480690848900e+00 -9.701380393078098963e-02
1.242856496160591462e+00 1.535627033428573984e+00 -1.466666787648340353e+00 -6.170922401077103547e-01
1.709360039297731060e+00 1.185012001013211469e+00 -3.924677069905772031e-01 -2.856357118320439481e-01
-4.768132157645678659e-01
2.495527465380415477e-01
-3.327494463509071965e-01
-7.715986501440231793e-01
-1.170142018165040376e+00
7.256228714604047170e-01
-5.758802657668579128e-01
-2.416679148279910483e-01
-7.382224144460600712e-01
-3.570260961676365863e-01
ReLU
0.2
10
10
-4.250252029844736601e-01 -2.196132769094811255e-01 -1.649199339447906254e-01 -5.918561591854840653e-01 -8.068527556708502413e-01 3.205616155841563564e-01 -3.446206093504562418e-01 -6.324576713022325158e-01 -7.915187966083068183e-01 -7.188500843804163098e-01
-5.645020961853797203e-01 5.820688800341157210e-01 1.227415473124518347e-01 -1.134002261711178905e-01 -1.376828480843832248e+00 1.395159268675243425e+00 -8.274354444038006795e-01 -2.179737685642955669e-01 -1.144316767669131263e+00 -6.342566028068525874e-01
-9.942280041734208318e-02 -4.938485735604822291e-02 -5.832941282296121299e-01 -8.654601148152351042e-01 2.581941697896356636e-01 1.599408286335311791e-01 -5.734533214938776213e-01 -5.660389519739997821e-01 -3.032593725320378297e-01 -2.814811482041568169e-01
4.873271471926299281e-01 -3.258249149738517980e-02 -6.966233517345014892e-02 -8.386921335870547445e-01 4.853644723937884931e-01 5.562399956187369376e-01 -4.379413534696479093e-01 3.400425582032904348e-01 1.221507842860611454e-01 -2.710623942763458125e-02
-5.320311764118311748e-01 5.378466355245011821e-01 -6.162423572079470668e-01 -4.821254435896249468e-01 -1.326351606096301650e+00 3.032211847695354678e-01 -1.133786651909960419e+00 -1.163924745019911278e+00 -1.038586955272510437e+00 -3.553456740848405793e-01
-2.358076958855052641e-01 -8.222200795319505318e-01 -1.175352976148905937e-01 -5.596269362428001326e-01 -1.107515844823943496e+00 -3.516125665661330446e-01 -3.458114662753470347e-01 -3.972144705765506822e-01 -7.646359077980899865e-01 -1.331638722513689144e-01
-2.340560773510664272e-01 -4.299684284815566415e-01 -5.982744890955813410e-01 -6.217119861618483068e-01 -1.164660342860922126e+00 -5.759539383156921932e-01 -9.037787929498721784e-01 -8.371393089661648412e-01 -4.682158510100427606e-01 -5.837793441672265438e-01
6.683885226035194416e-01 5.377960121176396102e-01 1.516978821963828605e-01 -5.091453208522377372e-01 -4.401211214087975554e-01 1.506949229240743593e+00 7.865186916744534296e-01 3.973541328219933888e-01 6.416725341509498248e-01 4.355058363534607957e-01
1.212291515094152256e-01 -5.990796388948870232e-01 -6.555191687333823403e-01 -6.755638061040349918e-01 2.152468486157707583e-01 2.760685709110772823e-01 -4.481276765922256877e-01 -5.504402099837287787e-01 -7.126719436202961777e-01 -7.873516702525342748e-01
-3.409767734908477066e-01 -1.595805985417015904e-01 -4.087902001612985781e-01 -3.219650764234119888e-01 -1.569844615535307186e+00 3.397792623650506272e-01 -6.665799304772364042e-01 -3.642548654642598083e-02 -7.591780598415892589e-01 -4.009564665986565801e-01
2.056388838337212199e+00
2.271933210091628297e+00
6.888015425676753400e-01
2.149922682713173216e+00
1.851723685741650804e+00
-6.927738433196706236e-01
-1.136903434139849844e+00
3.138530697729934982e+00
-1.836506971571147673e-01
1.451737060022264103e+00
ReLU
0.2
10
2
7.705985290863512915e-01 9.373981570350812254e-01 3.916457590566262970e-01 6.831510948810339823e-01 6.716959473811717762e-01 -1.177247994184639074e-01 -6.518176914867708227e-01 1.367198518610172275e+00 2.203722945151864454e-01 1.638972141274729899e-01
6.427349246943307726e-02 8.527806960129062919e-01 9.717171067721915023e-02 2.568473052696335079e-01 4.396371043524265332e-01 -2.000045794121781684e-01 -5.561342759520847556e-01 1.168920632416116989e+00 -4.274716678904249001e-01 2.690428337643948620e-01
3.308594642626111693e+00
3.913153283625500745e+00
Linear
0.2

ct 2024-06-12 09:08:57.123005
