noname
4
4
4
8
3.752920138865937782e-01 3.237522404561845035e-01 4.505634875063252998e-01 2.458630979101910641e-01
3.592618088974938173e-01 7.013332998856077749e-01 -7.784769617791932605e-02 7.126165668379856877e-01
4.212025913517365439e-01 8.160387972451378369e-01 -1.113212557589943891e-01 7.249810031671779509e-01
8.274021690820435593e-01 6.511027429197383531e-01 2.182842599872433786e-01 1.798481299931811717e-01
5.456125363859150035e-01 3.711735591596408423e-01 4.732778700200575561e-01 8.909403002332161314e-02
7.125402455668551349e-01 3.008110889461792503e-01 1.692535298112468958e-02 1.187737693609861866e-01
9.809377790454136825e-01 4.936397627584895864e-01 1.576922506488339371e-01 3.579689962755218113e-01
1.069072203907442287e+00 9.624618940990008475e-01 -1.263839850076867999e-01 6.210939940135147275e-01
7.073213300815462956e-01
7.711489772094541895e-01
6.581917968353875326e-01
9.166976184282185081e-01
4.633801702688717938e-01
3.662815806649222239e-01
1.640523741584078432e-01
3.136264461147603710e-01
ReLU
0.001
8
8
1.659109401367308001e-01 1.803137921241367847e-01 4.960304968763377120e-01 9.942715701928647176e-01 4.252510001206798451e-01 8.143452998126380349e-01 -6.768208397107497443e-02 5.716680218843601669e-01
7.376602044207555275e-01 6.683470873419384839e-01 9.313046720225479636e-01 4.932870590250467147e-01 8.324197377936619346e-02 9.565299447664232790e-02 5.681885958248831248e-01 3.218293921527933255e-01
2.295374707833726102e-01 6.797151665655900565e-01 5.121223883658312381e-01 6.401333877281714102e-01 3.492094148210889148e-02 2.977814802321176457e-01 3.333440153986714366e-02 4.350101052782381350e-01
-1.513766934593904247e-02 6.175663007001211957e-01 2.690284093204679539e-01 7.239131480485021530e-01 7.351957561267554730e-01 4.101240815817972646e-02 7.879740251270132001e-01 3.963558267339344354e-01
3.219221091417021618e-01 3.759152805292644284e-01 3.271813263462922672e-01 6.842323309039238799e-01 5.051314013733894104e-01 2.605539216960081617e-01 7.652808485954686324e-01 1.430038173378355426e-01
3.626064005454623373e-01 5.803050409315634317e-01 3.607960530729941162e-01 5.066622012077280912e-01 8.330104760206858971e-01 9.347169722498939182e-01 2.541795818725230416e-01 5.526148182572233614e-01
1.476745675044646988e-01 5.388752932068977541e-01 5.190219662090311825e-01 5.582390669533200400e-01 1.822499515175511620e-01 4.783242515845656517e-01 6.042358560936041817e-02 -1.089734407281888334e-01
9.322657431137459927e-01 7.280950405493015198e-01 4.267357296833926839e-01 7.722536289500255002e-02 7.845180376448854798e-01 3.107748130733176128e-01 1.791074597797495394e-01 4.379376845992315193e-02
1.819588417430739735e-01
4.922772321776355264e-01
5.253253982068338823e-01
5.439606325317838387e-01
3.820314313693878305e-01
2.143427299409091658e-01
3.235741699554294248e-01
4.012276131513465294e-01
ReLU
0.001
8
2
8.537611643752741619e-01 9.938699799106116839e-02 7.441528547979316954e-01 1.766295531306026623e-01 4.199358833364404964e-01 6.066373138920173602e-01 9.201191884720638647e-01 7.392351547453663851e-01
1.327722747514614721e-01 7.383141347578086044e-01 7.458982097011417345e-01 1.566904650648958952e-01 1.629675473284014353e-01 7.883465419041696398e-01 4.192819520147652024e-01 4.458263372923316203e-01
1.812978334036870753e-01
5.623177509006248576e-01
Linear
0.001

ct 2024-06-03 10:57:42.467209
