noname
4
4
4
12
-1.956154440073335943e+00 1.461750776738738322e+00 2.335204490645705455e+00 7.510943566104157920e-01
2.128509873619655934e+00 -1.621591675792413367e+00 -1.507575888189087543e+01 -2.085774409148743569e+00
-1.066173497730792175e+00 2.822221341376725867e+00 1.370741218233556769e+00 1.041823777716112565e+00
-3.706604729492057881e+00 1.541846790600125194e+00 5.445257522898216962e+00 1.765589522458067134e-02
-1.614673188692965944e+00 1.098268065098038759e+00 1.909654089285946554e+01 1.282415029877171042e+00
-1.995299250808389324e+00 1.241665017947646943e+00 3.239599855719009103e+00 4.671045322391305099e-01
2.954411992449106350e-01 6.728474107916407494e-03 -1.725690694950752002e+00 1.753129916943798605e-01
-7.272708500099295925e+00 -4.804923919877555072e-01 3.051850799636802059e+00 -8.705068177642473204e-01
-9.351696394871520379e-01 2.232871031537579487e+00 1.980289741368573608e+00 9.138737232089312323e-01
-1.912734252556219428e+00 1.183006283650616330e+00 3.388062742622960144e+00 6.907863792275765746e-01
1.759320711767194290e+00 1.040320091602406238e+00 -4.998260822056487029e+00 1.949427727874767147e+00
5.015982219756201843e+00 1.840790840455205579e+00 -8.134489994276890457e+00 1.397913456526686415e+00
-1.266581555360261735e+00
2.695182888327219750e+00
2.451434946534779280e-01
-2.674803469289513291e+00
-4.310957801533366940e+00
-1.836320990575837531e+00
-3.642225431790067969e+00
-2.088504440788228944e+00
-3.833567816086133617e-01
-2.225748580143448674e+00
-3.182892496216299660e-01
2.611744549720408148e+00
ReLU
0.1
12
12
-1.066811811989005321e+00 -1.876910954417079669e+00 -2.341631517014008068e+00 -1.619742898624030314e+00 -1.415689098215845654e+00 -7.175061399157312003e-01 -4.667436862545357168e-02 -3.881813360562175186e-02 -1.103390642217284334e+00 -6.705820561567206184e-01 3.267582222557616906e-02 -3.200017847859841780e-01
-5.435144593267626778e-01 -1.449202886527915624e+00 -7.835170410865150981e-01 7.013935450406193484e-01 -8.584221264518809846e-01 1.676630257001152785e-02 -4.886009588160215578e-01 -1.108949931561992841e+00 -2.298037134049880359e-01 -1.715142643568602132e+00 -1.739825850531861784e+00 -2.351002214326783246e+00
8.058187662480671698e-02 -1.980731857761654835e+00 -3.303082855974289744e-01 3.579973287458139697e-01 -2.760497106406988976e+00 -4.983738341341257816e-01 -3.082431672254122290e-01 -6.607547670295785824e-01 -4.172493019904285338e-01 -1.083379021308414014e+00 -2.474187161426769088e-01 -3.196161485350649034e+00
-1.004814467182962995e-01 -2.321495640728946874e+00 -3.525141023673057372e-01 -7.882190118213865393e-01 -2.562046236836786672e+00 -5.503023343259527689e-01 1.900685253496956773e-01 -6.393381588093757228e-01 2.814625969722785448e-01 -2.829564408649137164e+00 2.733926762596134430e-01 -7.803135546805747280e-01
1.452454079101042350e-01 -1.863329860463603271e+00 9.749982738263073268e-01 -6.892909353512043369e-01 -5.008212816168922110e+00 -1.003503459575377343e+00 -4.031120432809193188e-01 -2.092753799031429995e+00 2.772228591900849359e-01 -1.694648323207223362e+00 8.506684324176172485e-01 2.063708844590863123e+00
-8.661977119699587613e-02 -5.768444963136315273e+00 -3.125173220625849235e-01 -4.234302627942112540e-01 -1.734750877430816463e+00 -8.862577134791069788e-01 6.070123972589205330e-01 -6.278181288059734300e-01 -3.038856571339876387e-03 -1.483225445606218829e+00 -9.671993260756851507e-01 1.068508100745912737e+00
2.435247755967748784e-01 -8.156948049375053467e-01 -5.906788113176600907e-01 -1.152353161234542567e+00 -3.359898164634747886e+00 -9.804716703935152378e-01 -6.637866677641021118e-01 -1.506594267214919514e+00 2.292908393260542632e-01 -2.125572889886972128e+00 3.515233460457110881e-02 -1.942093229708325430e-01
2.670089387643943546e-01 -8.348805947077793110e-01 -4.278445913166308845e-01 7.646393649938040826e-02 -3.506200759012333967e-01 1.513170180886714844e-01 -1.644467245603202232e-01 -1.333355701165661322e-01 -4.515658890308216766e-01 -2.494625937068706001e-01 -3.146393962066710293e-01 -2.435916362673052338e-01
2.811541334864114394e-01 -3.167911693511496818e+00 -1.064024402282943260e+00 -1.077357393630971015e-02 -4.855081559604909613e-01 -5.274383186990969641e-01 4.009967773763040144e-02 -7.036177461997250582e-02 -5.031287204260845858e-01 -1.290812850812275370e+00 -7.686712509382368497e-01 3.383618623703024131e-01
-4.900328380583213184e-02 -3.009913539502757640e+00 -9.537552302899184875e-01 -5.233868409502314689e-01 -1.286787339718671985e+00 -9.863120473465414317e-02 -1.064644937496271072e-02 -1.524005987038761778e-01 -1.458223539024856574e-01 -1.203771498531959416e+00 -1.351731072644201337e+00 7.925545748491217291e-01
-1.791567817178181879e-02 -9.698096559681363971e-01 -1.312645661538142279e-02 -1.251020950411690702e+00 -6.216103023510996195e+00 -8.273201558426446223e-01 -1.352048227611885478e+00 -1.341385900219300709e+00 4.145368620177490859e-01 -1.335822861697106623e+00 -4.834508491164533905e-02 9.902030606903337029e-01
-4.535659498130684142e-02 -3.968200691943795100e+00 -1.052607975881955316e+00 -9.099725475441752809e-02 -8.292826317374917267e-01 -1.639687061232358301e-01 -6.191701716428134050e-01 -2.149225987294734186e-01 -1.178050809706817859e+00 -1.491935632553033297e+00 -8.521093792798504207e-01 3.825409876797250530e-02
-1.471812155489770346e-01
1.952041625651651291e+00
2.539242645832605394e+00
1.872733256553778425e+00
6.242501954823284294e+00
2.545097852342106948e-01
1.910201145270075118e+00
-9.290784568634539997e-02
-2.798121742705627496e-02
-8.075417506583129068e-01
3.840505302854189562e+00
2.876525955324760186e-01
ReLU
0.1
12
2
2.039927532396387799e-01 -5.015935382666969478e-01 -7.326895141208646933e-01 -1.007047128397694058e+00 1.902960468035938879e+00 4.426673728619217041e-01 -1.833276375011043402e-02 -7.973898316054556235e-02 3.368278594636922585e-01 4.222342419871769059e-01 1.103401532787167127e+00 3.869822058730313513e-02
2.718231373079795787e-01 -8.827970339638889774e-01 -6.477004796666654407e-01 -5.790571501222574295e-03 1.962631357181052749e+00 8.068368909771675979e-01 -6.143646990541637432e-02 -1.147773126182299597e-01 1.564120350721513730e-01 3.019485962047712690e-01 1.010158812383454396e+00 -2.783422498533291711e-01
8.108060148166817527e+00
7.388714342896720133e+00
Linear
0.1

ct 2024-06-11 09:53:16.316862
