noname
4
4
4
4
-1.160424703371213617e+00 6.561898609954254225e-01 -8.803178149361786664e-01 2.880088494246869635e-01
1.188628183577040254e+00 -4.711176748960269056e-01 -1.483902736769771913e+01 -1.002204651429688731e+00
1.215878626747871394e+00 1.784465375652135366e+00 6.007918725882089445e-02 1.165210197549878535e+00
3.374822326646850446e+00 2.336357299072122640e+00 9.515325299109406165e-01 1.705669199143408310e+00
-8.194527180854769277e-01
-2.418014431064479108e+00
3.160478534014447560e-01
8.550077188565073927e-01
ReLU
0.1
4
4
-4.204603399976976075e-01 -6.314754206564121564e-01 -8.119616507041947928e-01 -4.421390423450166640e-02
-5.499642418695582791e-01 -1.402211171610382223e+00 1.782280356030693791e-01 6.181244845644958685e-01
-3.097555508756100195e-01 -1.403023750242846646e+00 -8.815037086016063173e-01 -9.461012815452475577e-02
7.393514287210302127e-01 -5.035686712484080951e-01 -1.185541380917713022e-01 1.832951166788284458e-01
-4.324407494689477827e-01
1.601552004549444241e+00
-1.252488632802591095e-01
-8.689501603792223333e-03
ReLU
0.1
4
2
1.490861482610302546e-01 1.292629366292672666e+00 -1.710245988714601262e-01 7.710593916023407435e-02
-4.142051830261175155e-02 1.372019379592708033e+00 2.273307836865108567e-01 1.305886687643124655e-01
2.387690019630807736e+00
2.354006963617961024e+00
Linear
0.1

ct 2024-06-16 10:31:29.526115
