noname
4
4
4
32
5.663139179728058359e-01 9.882080648239248699e-01 1.438829121177203907e-01 5.620561878675762735e-01
7.883151898942336588e-01 5.242776318769174493e-01 3.034872075499386868e-01 6.844415800293452978e-01
6.105270634380062234e-01 9.512531395988840233e-01 2.856075657729533201e-01 8.121670936986913336e-01
3.252713076573311435e-01 4.891039087597119916e-01 3.795132366295607129e-01 6.016115909139873041e-01
8.605375176276580662e-01 3.194485058786349363e-01 -1.536928388176318494e-01 6.167369181567747827e-01
6.544460789815269575e-01 4.030194656441784540e-01 5.495822532861136533e-01 6.131835666306263422e-01
5.691948316241256522e-01 5.215689010972619499e-01 -1.441297962252229836e-01 1.854026419250058844e-01
3.739113510912934202e-01 8.741436279582759372e-01 4.274803049822830103e-01 3.931928923709672175e-01
1.235809516758063165e+00 8.594426860546949820e-01 -2.691709896731516172e-01 7.668947257699285647e-01
6.334836182814901351e-01 1.061132509166561988e+00 -3.431865371653833319e-01 6.599257757529350954e-01
3.463854335639056647e-01 3.549435618367444145e-01 -2.744469646202393753e-01 4.008485652859802850e-01
-2.366729595192934577e-01 8.228967168862649784e-01 8.492601266343151600e-01 3.224050746084998753e-01
1.211478847925663294e+00 5.322396288948090248e-01 -2.211537870880670997e-01 6.908291077663029078e-01
1.167408572986127657e+00 1.304369286649786630e-01 -3.006383061385477229e-02 -1.028424275587652356e-02
8.008661522251445675e-01 3.795146201987131818e-01 5.321061615553166618e-02 5.031227450750538344e-01
6.153488708971526222e-01 4.453655694982052715e-01 1.003522283907707147e+00 1.621331245545327704e-01
4.621910909826216218e-01 9.784665304148539022e-02 4.982786592522394087e-01 1.455562350010665695e-01
4.073716561904442979e-01 5.042744674912543745e-01 3.366527293886326655e-01 5.393223470362115135e-01
8.439662426017412455e-01 4.227514399529453959e-01 -3.760902998610108905e-01 7.789610785752314470e-01
3.028206319184195139e-01 5.405043788206371352e-02 7.186889662802013745e-02 2.573133694051353282e-01
6.028424443836823965e-01 8.339216069164382406e-01 7.458025674970406582e-01 4.077559109603108300e-01
9.105270461095309464e-01 6.766290758981604592e-01 -4.815447056610947518e-01 5.111849909932144609e-01
8.190760422230974891e-01 7.522247631571420401e-01 -5.144235652957434013e-01 6.316254284355571347e-01
7.211357890904288581e-01 7.347664842716292721e-01 -8.172133374871920486e-02 9.444669475710075757e-01
8.698444151727127704e-02 8.844012241104094452e-01 1.034626708142237117e+00 3.539754741499041013e-01
3.689346937917847291e-01 1.889435380412323173e-01 -4.640249270094785605e-01 4.926109353905445132e-01
6.368395573900291762e-01 3.301181200091014012e-01 -5.983512566313059500e-01 5.239287304247355337e-01
1.097754211225703713e+00 1.455634427369735528e-01 -1.004151119522634639e-01 3.201106453390621942e-01
6.697102631836838738e-01 8.856600398237981508e-01 4.853919496824889990e-01 6.595702665030481748e-01
2.023757100420627009e-01 6.318297218945012617e-01 -1.240077983503930781e-01 5.486563513626483424e-01
1.083105508039093223e+00 9.823979904681587882e-01 -1.505672251879080770e-01 3.443180160870002449e-01
2.418773557562201304e-01 1.715689449185588134e-01 -3.363620766893118258e-02 1.644384237356025236e-01
-1.524251396363149047e-01
9.297773272086170548e-01
5.117938503699720476e-01
7.912142946266287336e-01
6.726066333495331895e-01
9.387071894982150777e-01
5.529007340305687190e-01
4.637838850077328767e-01
3.352737020254156208e-01
3.848139995263788471e-01
5.519119207107008318e-01
-1.537855060116879724e-01
4.692747835119251976e-01
8.556172603771696750e-01
4.137741864046755591e-01
-1.566840002940450560e-02
9.372831355148458776e-01
7.860808731301962560e-01
7.718716588552104740e-01
9.829448265685001296e-01
-1.891216401964541938e-01
4.314531606472218894e-01
6.059986377207143837e-01
9.262102611568377997e-01
-1.762143505198206228e-01
8.749393048457124733e-01
4.485714082345695353e-01
2.720654988778143935e-01
5.308511310552264106e-01
7.328748555613174842e-01
1.018359159558457350e+00
2.824699632768603585e-01
ReLU
0.001
32
32
4.031210667210981952e-02 1.009520777388650981e+00 3.432346721677504431e-01 8.806817791509988780e-01 8.354589082684531487e-01 6.075781952540888486e-01 -2.755568020114314565e-01 2.186831253248470719e-01 5.729099925061893472e-01 2.512079350133953337e-01 5.826485325570588403e-01 4.144240592485206043e-01 6.083100024133208938e-01 6.617595699072357229e-01 9.300880991225815020e-01 7.480941936341302112e-01 1.424582413996165475e-01 4.658529727451463653e-01 5.669526654397779586e-01 1.036024475214292334e-01 3.249622078472989006e-01 2.491288507811029729e-01 2.517118869857161712e-01 9.027886766344689340e-01 4.288370495127511450e-01 4.950112203316898302e-02 5.861236148853632422e-01 8.120803977253380213e-01 1.691745810070869049e-01 3.248061486219607219e-01 2.210683069957569691e-01 1.594176956667849310e-01
7.394983203112192038e-01 4.837194815139225779e-01 4.329416971238559536e-02 4.445964820143507579e-01 8.265672343161251101e-01 2.961325242729727636e-01 8.061586498998241090e-02 -2.478259482307299325e-02 8.134929075623483774e-01 3.547296888314916408e-01 5.807561547245578826e-01 9.128338962841637816e-01 8.093430548322330109e-01 1.718602107969575687e-01 6.777688393411753776e-01 1.206778145025654836e-01 -1.927206625922303976e-02 1.819686742316597647e-02 2.020294889008381611e-01 2.882525581697525929e-01 5.708944970737438451e-01 5.125063972641515919e-01 5.913711779172734495e-01 3.310776969354800592e-01 8.596368221367465257e-01 7.688720235969773720e-01 1.602161938781068440e-01 1.891741780893389790e-01 7.771449044587559474e-01 9.655660093372381292e-02 2.256606048208878446e-01 2.944735696890850019e-01
-8.486975552377012955e-02 4.101466491634315203e-01 2.895659184248400853e-01 3.041101006583445954e-01 1.014268361533598450e-01 6.210311424559116639e-02 3.750691635479405095e-01 7.121107727949658184e-01 -1.237372393468973014e-01 1.277954683755736232e-01 5.696582484410703806e-01 4.304795568794663185e-01 -6.287790662521887397e-02 9.305579271615851411e-01 5.314231121897327048e-01 6.639408660259996653e-01 4.827933963304892884e-01 2.967642518916596694e-01 7.957265108544724352e-01 2.656347105738424696e-01 4.277297137377121805e-01 7.192542467815500329e-01 9.415414610015319097e-01 7.410791910881054934e-01 5.640254693174036049e-01 9.138326412153590095e-01 1.706218141796649879e-01 -9.189416342648283609e-02 5.021521065487259960e-01 1.693125720960131642e-01 3.842046807311109147e-01 6.610844251167152796e-01
8.333780864686941570e-01 4.916624581444982711e-01 -4.448917211214327427e-03 6.585130178721555483e-01 -8.307614732240212532e-03 9.340128540065072427e-01 2.030782809631333508e-01 1.817292777755612210e-01 1.594465361251179436e-01 8.993259864048638308e-01 2.555277727471756966e-01 5.414330848956700609e-02 7.977235011010666565e-02 4.802196179587671088e-01 4.759961796738643169e-01 4.664500017797288955e-01 7.905101927404235562e-01 5.152163525421413759e-01 9.064046457371065235e-02 7.395742914482092978e-01 8.758742196422062420e-01 1.556998333753381869e-01 6.566069793821569522e-01 1.448371688398569779e-01 8.312598185212517754e-02 5.192130938953223307e-01 5.908590625301179955e-01 7.547760640827846368e-01 3.009779093016590745e-01 6.026216244070052852e-01 3.567357166399909851e-01 1.644641373265931794e-01
1.458191733679805036e-01 2.221151214849458322e-01 1.377271684523195538e-01 7.803388263100858868e-01 3.566464109019974460e-01 7.147216365982922426e-01 1.150367668866763227e+00 7.213540041973797168e-01 -1.899825660515055969e-01 3.116903355962670485e-02 1.343846844812180419e-01 1.367855496899863799e-01 7.261683339641190615e-01 2.156644807583774914e-01 1.104074259251542484e-02 2.813055921816895455e-02 9.296645358314704899e-02 5.355515629136367028e-01 6.958222620468687003e-01 6.853321942554986279e-01 5.312891682320244335e-01 3.623464976479375266e-01 5.009070392182144449e-01 1.286003732143419231e-01 2.442057662136806404e-02 9.835431867648881665e-01 -6.742111392089898680e-02 8.032315924564012999e-01 -7.491319421610130591e-02 1.168020177569595308e-01 5.314818047619666030e-01 2.996693464107262894e-01
-2.253716211393337523e-03 8.666765440566270851e-02 2.842732596846387905e-01 6.527275065704047918e-01 5.256486959900225076e-01 2.945116331629979434e-01 8.506965853176596815e-01 5.078595463836349522e-01 5.139692526183706200e-02 3.274362833359112934e-01 7.920090554474512601e-01 3.188270621438837882e-01 4.518341920296383152e-01 8.753694455237733818e-01 5.081180763146695423e-01 2.287313461220433497e-01 6.162364779228179240e-02 8.171315044347979839e-01 7.039294025032549751e-01 9.378280935353544567e-01 4.472095553001436685e-01 7.993355777384890670e-01 6.093067698505816310e-01 5.576664827154439834e-03 7.895816983907493203e-01 7.609047371367794188e-01 6.859733762179622829e-01 2.072216392141275343e-01 2.590894854336035502e-01 3.375497140131643592e-01 1.158837643737728351e+00 8.364772902455120951e-01
8.771473545165141272e-02 7.317079544093119114e-01 4.981306244283078000e-01 1.718767169522932015e-01 1.376713840599398109e-01 1.674850136099077236e-01 5.686183964054767337e-01 4.805238018822977630e-01 3.984524939806177724e-01 5.953106540912133093e-01 8.649628132949712667e-01 8.672137535139392561e-01 1.394535097667689016e-01 1.596008140579100176e-01 1.030516422228343193e-01 3.207797956500311187e-01 5.877871705553995296e-01 1.087438490163625000e-03 -1.625672620858113499e-04 7.498338500692819375e-01 3.486816537143010986e-01 3.160721201390061935e-02 6.859727344281251193e-01 6.147247865994230620e-02 6.018537159848705853e-01 9.913296909121701583e-01 3.292403242886112191e-01 3.993766564767298188e-02 1.529745728996560056e-03 -2.296016738124127474e-02 5.619336884065573301e-01 3.779075030594066797e-01
4.792392027186012649e-01 6.988852921145231045e-01 -1.025212435166738406e-01 3.855067543641356176e-01 8.321734020449160774e-01 1.625705691893920835e-01 2.493196563617029460e-01 7.096282277605483468e-01 7.214024660273450802e-03 4.910254369878285646e-02 8.084900820236715635e-01 2.061999218314351234e-01 2.572018629269969270e-01 3.645570987734642610e-01 1.615952210589634008e-01 2.782223767970466999e-01 3.164799840718579560e-01 1.928428409289024981e-01 4.926453525736658179e-01 8.498812028746260960e-01 4.951524881101442288e-01 3.809487251234133232e-01 2.856985597672072608e-01 6.969041279380718823e-01 9.852632851245901602e-01 5.019387977420698421e-01 7.569872337645248139e-01 5.863043121644064826e-01 -8.019473341623700735e-02 -3.988434221620913364e-03 2.804211387304806902e-01 1.982057217689951745e-02
1.846946688339372311e-01 7.456113896736452640e-01 2.123639575809719016e-01 7.324015167416890737e-01 1.889827883306771650e-01 6.463198862590133764e-01 7.864951861729498894e-01 1.281797203750835445e-01 -1.966767090720246136e-01 1.698669072498037724e-01 2.609796202951848443e-01 1.414653895287151797e-01 4.728583861504916941e-01 3.340510944592111620e-01 4.661633670873559510e-01 6.643617317526462340e-01 7.677723824689621779e-01 1.538852320738576807e-01 8.036805545267027284e-01 8.975295866981146675e-01 4.015400195380103843e-01 7.623938566692057828e-01 6.034959677920957999e-01 1.548490045929092618e-01 6.777876251359733484e-01 9.364442605046024992e-02 1.747078560148954407e-01 -8.395029492189816367e-02 9.813101058117516817e-02 8.113922363423194117e-02 1.007708601968097639e+00 2.367254882014923345e-01
6.708983263025486421e-01 4.803304869756940820e-01 -1.360359528705608508e-02 6.441146536302858605e-01 1.409399663723880647e-01 1.870316414742653199e-01 3.685312680098953853e-01 6.513908694442617220e-01 6.201963091724285171e-01 8.110529947431767139e-01 7.314047653215778322e-01 5.569276414582401413e-01 -1.245896104046383818e-01 1.012290796965444661e+00 3.867283448883145902e-01 7.645769881164680148e-01 7.762271855259478270e-02 3.633318950368722988e-01 4.580170798694437884e-01 4.753730917558177116e-01 2.288746143004883465e-02 5.609174843493995866e-01 3.827093911628905998e-01 5.096502751845759516e-01 5.341622693234561181e-01 2.746018214089855358e-01 5.802561590139653225e-01 9.662188072514156512e-02 5.567855270787590571e-01 8.385435088651634894e-01 6.549374554384458369e-01 8.269174851891576417e-01
3.798455355049379922e-01 2.382802217555334834e-01 8.187365374852044742e-01 4.032334859114020120e-01 1.004912173769060946e+00 6.655267323245492861e-01 2.481472357006072882e-01 2.769903915234707692e-01 7.591324404978408991e-01 -4.482520688190738678e-02 2.163696510891351399e-01 1.140217685806466763e+00 2.743250980096638147e-01 2.143829960565016568e-01 5.801449165278257381e-01 -1.532547145162740931e-01 9.351093676309575609e-02 7.151541306138091691e-01 7.058219610517323384e-01 9.136820175674149613e-01 6.227760771144071894e-01 6.366984927190792731e-02 1.961280409216779319e-01 9.861665083050341618e-01 7.987822097342573979e-01 9.009597554788497664e-01 1.680059442317856644e-01 4.511924594830549751e-01 5.321808272718659971e-01 2.048406771148571781e-01 2.791220109769150803e-01 7.984901617724072809e-01
1.047110004109537140e-01 8.653324450319455075e-01 2.758307656402745334e-01 5.857740974932803546e-01 4.197578478224854581e-02 1.916546545068813778e-01 4.026468984238990023e-01 4.912729668821423368e-01 7.143485348608196173e-01 3.896976485002932034e-01 1.829925933166505758e-01 8.966044344612208450e-01 7.506498495064772847e-01 4.991067490500045167e-01 4.839187240688486158e-01 1.345893569939177192e-01 2.264108151894392573e-01 2.477073393760579889e-01 5.325164462434638368e-01 4.083763849449899563e-01 3.978766470045859149e-01 5.998972781173292912e-01 1.389163130009800629e-01 6.082707188078441130e-01 1.156832942282765564e-01 7.729715942258348349e-01 8.628208161161748935e-02 -6.480504774383548383e-02 6.838124521347094253e-02 7.624259526627568118e-01 4.457658420155494183e-01 1.229752881723659291e-02
4.110838089632152803e-01 2.302110653690297715e-01 5.152749360418706209e-02 9.302002352835360144e-01 3.499196432752597619e-01 8.163653952952005799e-01 5.776341151989642375e-01 1.884384283649949143e-01 2.607601370105073202e-01 1.409393120705419999e-01 7.253963687940241656e-02 9.382826687744011407e-01 9.330057536129288120e-01 5.010247796563225275e-01 7.610508835930486216e-01 4.038515159569530666e-01 6.268579136616813097e-01 5.124836572460551576e-01 9.697450896548348576e-02 3.028487090834810005e-02 7.373419735276003362e-01 4.035051239277134272e-01 4.629872919771489403e-01 9.486418259507373163e-01 1.127906503201375532e+00 7.416354317833931953e-01 1.027883972486219211e+00 5.976851091916138836e-01 7.233431891433874661e-01 2.825457375847694186e-01 1.355924414110763476e-01 3.848561537051469195e-01
9.624692830100413377e-02 8.508965112767850059e-01 5.235440631233675424e-01 8.117389490566575549e-01 4.445192944195625606e-01 4.932125031607180188e-01 -2.660169336611638985e-02 5.650124018960697159e-01 9.008221173585225783e-01 2.928437926919125189e-01 6.541006405147882230e-01 2.815347512693580079e-01 4.905335738298485793e-01 1.277391135606932848e-01 8.173396257278250920e-02 -1.582185203125169581e-01 6.438559569387186654e-01 1.127793148217737240e-02 3.456240709054304583e-01 9.442597080622630035e-01 2.702281721206599707e-01 1.496111223710958615e-01 6.728918647982125023e-01 2.956687499168959565e-01 1.244051117830834441e+00 6.847171800341014247e-01 2.004330931611559008e-01 9.981669407275122197e-01 4.706430480346878165e-01 2.006013785129381888e-01 1.686100476027089234e-01 9.304381930567505732e-01
6.050444667818066780e-01 5.402758528746792743e-01 3.668519454052922013e-01 6.771178825841407400e-01 3.785129987861633460e-01 -3.162849536541614132e-02 6.223750291672558443e-01 8.617694539514051399e-01 4.478260045084430097e-01 5.589438496313370308e-01 4.009141802559616496e-01 3.410507665234217556e-01 6.989514800829373931e-01 5.549904813405883708e-01 -1.314906436011753776e-01 1.432688771135764150e-01 2.290163543090426024e-01 2.433514666427537831e-01 8.436764454282736914e-01 6.516625340504287323e-01 7.703219162280012799e-01 7.272520277476460793e-01 3.215076125368247079e-02 2.229432118502472360e-01 3.530205422668989401e-01 7.374963415663481070e-02 2.066268320645455736e-01 5.224594142628220528e-01 7.491581641492472965e-01 1.881867135658367995e-01 2.798777730661634600e-01 1.302744478559245411e-01
4.327426556192850438e-01 1.421116600076978154e-01 3.302799365304398549e-01 3.653179042707416779e-01 2.274737488125592733e-01 4.187082300755128328e-01 9.335490713263204787e-01 5.949982550678620946e-02 3.017203641955910065e-01 7.132352806709049142e-01 4.184017016285965784e-01 3.075218902327656045e-01 7.321742773602158971e-01 8.199438026568139914e-01 6.733302398373810504e-01 4.436316976476569196e-01 3.204621994549900488e-01 5.907972889807077133e-01 8.817192099148484299e-03 9.497082967262194808e-01 7.625727622836877551e-01 5.812366489305631490e-01 8.307918443176753875e-01 9.371041113267083444e-01 1.462754848876436642e-01 3.789660055520342463e-01 7.135591506465277511e-01 4.642405560705926276e-02 1.340044200413173237e-01 7.432453900124506019e-01 1.092487218910444424e+00 4.628477801313176654e-01
9.998620898539443136e-01 1.005448889276636448e+00 8.008489581164310867e-01 9.344793230257021355e-01 4.255434403370426111e-01 7.995820415762293631e-01 -1.332556119604252909e-01 -2.531915526399051153e-01 9.330244950915095314e-01 6.957325588539614580e-01 9.022707034759459566e-01 4.773491120637390339e-01 1.066715389198072295e+00 -1.247375310454855307e-01 4.028075084589198829e-01 4.517492140852352733e-01 7.699123923125581470e-01 5.677866029636728651e-02 1.005963670495865436e+00 1.090068746417025281e-01 1.084270371323268867e+00 8.887263478230420510e-01 5.549499287796645364e-01 2.699085431715305128e-01 1.323853128405753976e+00 4.761060309578965533e-01 5.362332526189372839e-01 4.502857229414475859e-01 6.718363934762515699e-01 7.156074707039359328e-01 6.831899478565803263e-02 6.087911088988550157e-01
7.552712647389306921e-01 8.116949528188035501e-01 6.813499458403989850e-01 7.012676365299451708e-01 4.357210791685489637e-01 1.283824044593862290e-01 6.902756517338062281e-01 6.446878903945844064e-01 2.492967593989885433e-01 5.577243820435664468e-01 6.791273994722369922e-01 9.358463091225253105e-01 5.812341967464984549e-02 2.615390204716296907e-01 1.013786793392920799e-01 -4.791017557527659648e-02 3.127423693115243680e-02 6.001315319863500530e-01 6.960702458368076551e-01 2.020006296955990654e-01 2.474425744888458789e-01 4.517730541204847405e-01 2.619483591213753737e-01 8.202855966161186618e-01 1.111236009935796964e+00 3.566022724475941263e-01 5.414479678503563154e-01 5.914453624611357707e-01 8.741473923338145546e-01 4.090464126372456155e-01 -8.532696766255416787e-02 2.606201647006861633e-01
3.476648123556008718e-01 3.467248203465899681e-01 1.388873495472288944e-01 4.724015482923306641e-01 4.966407549365662866e-01 9.134176896238938026e-01 4.946737201321362853e-01 3.101191580400033398e-01 9.276550476572625881e-02 5.736872151564009759e-01 7.671755913884233946e-01 1.282596021030886768e-01 5.563823091915720553e-01 7.172339703245166342e-01 1.058782982040041148e-01 2.428055950193383772e-01 2.012928419770063093e-01 4.339793404998468218e-01 7.215852194003031794e-01 1.133646680333078548e-02 2.408368148085761884e-01 2.468031663113248453e-01 5.708223071238864854e-01 8.854155312381106757e-01 3.924563865922026662e-01 7.598757838230837391e-01 5.636607692406998549e-01 4.258205717960646813e-03 -2.451298674718079343e-02 6.342047172792033560e-01 7.152852344863379619e-01 4.281772746490776771e-01
9.174881687167985023e-01 5.738061615875327259e-01 3.585337486931148843e-01 2.799663220524604701e-01 3.064973305750983146e-01 2.949432470350542013e-01 2.686952234622344005e-01 3.756009454888466492e-01 2.385525743954593492e-01 8.147752617599852698e-01 5.102398436692362482e-02 1.116476947741305459e+00 7.368417265944997574e-01 1.575749545703270527e-01 6.041961095000160098e-01 3.636966248121156209e-01 5.509751636520530127e-01 6.733729917254676067e-01 1.224346772704443115e-01 7.280354337708250245e-01 5.393315923858031935e-01 9.410089145938018707e-01 1.188382410203957656e-01 9.114822752854818688e-01 4.834642826490451184e-01 2.275050455319073683e-01 7.290820974099525564e-01 5.002510056799841509e-01 2.427873162107722360e-01 5.717801698428444102e-01 5.415098313903939087e-02 -2.786759848562789937e-02
4.783975930250530251e-01 7.967751366462877405e-01 8.878890951140366861e-01 7.063466627171962609e-01 8.535452976556567872e-01 9.266833269790144545e-01 -6.672080616871668701e-02 -2.492674411231086684e-01 6.438491196334280575e-01 4.887961137708822235e-01 3.250402425517784355e-01 1.035901588749599700e+00 7.385407139281262578e-01 5.067868010816098945e-01 1.010452512978303075e+00 4.197529734213729102e-01 2.481149619295849873e-01 1.601558778746187683e-01 7.262410933800325097e-01 4.028974012173871383e-02 8.605935851113701851e-01 1.358113020360618706e-01 1.097005881586388815e-01 5.645709201823172485e-01 7.793873714454189194e-01 9.421727358762366222e-01 4.044499109230851874e-01 5.324215093405184618e-01 8.110396651428682935e-01 7.142674956054999580e-01 1.611356840668354828e-01 6.653939286453400825e-01
7.340199912086444733e-01 -5.169926200677646411e-03 2.557208305585072505e-01 1.807981016808541674e-01 5.027235002879292258e-01 2.157613790527178055e-01 2.810698472843190521e-01 1.767846643117675920e-01 4.309469098105013773e-01 2.813269875648009566e-01 5.270305381469655437e-01 7.318614134394541004e-01 3.120725395873682473e-01 2.494561447752222383e-01 7.867803646961908370e-01 -1.256454323397893091e-01 4.000997336528258064e-01 5.113022253900422198e-01 5.483073256601385115e-01 6.519181454684184196e-01 1.976463729532563218e-01 3.960779242394690813e-01 9.027320027932661528e-01 4.785850191913686991e-01 1.583059235872716630e-01 3.418390899616650103e-01 6.431169284576566669e-01 7.340658853924509897e-01 -2.855259380750591741e-02 1.950054313250085269e-01 3.015217911043921450e-01 -2.916984657518926008e-02
6.435286526708711152e-01 6.980241296445794941e-01 4.631564592402209191e-01 8.085104406691396850e-01 7.186551436486073863e-01 3.927779662809101069e-01 3.632500896627499087e-01 -1.403953923483123589e-01 3.328520648311707186e-02 7.021150581596269369e-02 8.739393954899165040e-01 3.348673209937708672e-01 4.356722796345809945e-01 -7.533494255842446141e-02 8.258819212910337715e-01 -1.364075088240576661e-01 3.336086403457966809e-01 1.139760471221567678e-01 3.435542162019729062e-01 4.630125220650262441e-01 2.350924371795929391e-01 5.203137558937654950e-01 2.967296074600539804e-02 2.787426425691680865e-01 4.612163890762920881e-01 1.844012376557449262e-01 3.563451491419365458e-01 3.284860651291333089e-01 4.409715303639907824e-01 1.012058955901043444e-01 -4.261849294836364543e-01 2.744600533805121034e-01
3.262583643068779904e-01 6.263354765344927300e-01 6.509959768755772813e-02 6.824938951664489828e-01 2.573436784828259105e-01 6.658880191382746672e-01 8.430985989590606966e-01 8.344998805683898624e-01 3.525609933242041527e-01 9.013354587150364250e-02 3.992284406282766152e-01 5.533050460158474015e-01 3.442201141405509812e-01 2.735704944969742924e-01 -2.875719121866840422e-02 2.224628040191694578e-01 5.695595038353756800e-01 9.199136978086426206e-03 1.364070183854591486e-02 3.199770481536912126e-01 9.733531063019601470e-02 8.674132508428104016e-01 7.130747004914493870e-01 -2.902924073823073131e-02 1.085934065284117622e+00 1.162041138999987261e-01 3.878309210606120661e-01 2.658856229536094573e-01 2.651002389496982525e-01 9.730335205167470747e-01 7.731526639083694530e-01 5.119881138097091000e-01
1.757291540016512818e-02 7.443017374825725008e-02 6.738178609272406083e-01 -2.904969373075783415e-02 4.010089492373588027e-01 8.543793648771906835e-01 5.566046183650716905e-01 5.750332389919796672e-01 5.946105377705436512e-02 2.705093655422203813e-01 3.872286847682799849e-01 4.628833622898763656e-01 -5.501446745260250154e-02 2.373164573971250080e-01 8.490318128859700719e-01 2.067669593712438414e-01 6.120729277343056607e-01 7.214899870417642580e-01 2.776803504183600335e-01 6.348827269421937203e-01 -1.604233910554471454e-02 8.125605309404713150e-01 9.317789283167282610e-01 7.156746156623873256e-01 1.001243380426582563e+00 4.077328572713994070e-01 5.732288890119940916e-01 4.810362132189023865e-01 6.144941844619365989e-01 1.254947918851968547e-01 4.178398571429537967e-01 4.436743271621373941e-01
7.643985986562493729e-01 3.663124348932816909e-02 6.828484332331467010e-01 7.097134128105264846e-03 1.745364071432453645e-01 8.179890898727750770e-01 6.559102446010257603e-01 9.592250819981561899e-03 4.288297428830937785e-01 4.882464033556623284e-01 2.997889345061248711e-01 5.041869090433444001e-01 6.895019405604915219e-01 -1.278562808482996971e-01 7.136592225585078886e-01 6.693517366900686438e-01 8.797944107078284892e-01 2.642312479270714221e-01 8.339723252276990406e-01 1.037995762332592914e-01 3.277280951837878709e-01 8.869763534137131700e-01 8.968932315528659327e-01 1.961914612406701064e-01 8.757575012462426312e-01 4.959565329856562843e-01 6.189973908219331689e-01 4.226261844498721554e-01 4.800179267052567256e-01 7.948449014402528823e-01 1.787731531657357764e-01 4.826031179473659338e-01
5.128216293469191056e-01 3.041804532553015611e-02 7.004680560472444917e-01 4.387416250439162280e-01 9.041602158696190328e-01 4.506614374850629878e-01 7.931504654511341013e-01 6.875204629354598751e-01 3.901677301137407294e-01 2.639776551220428535e-01 6.066164803368657710e-01 1.003269498146441174e+00 1.679777617927843136e-01 7.521847948510953508e-01 1.152673307796090729e-01 4.714559051116783417e-01 9.246842360324123433e-01 3.065965261084904192e-01 1.897257469154643439e-01 1.166960908014858939e-01 4.009710956387517733e-01 3.526384877596764889e-01 7.851746395804282130e-02 1.999260910237654620e-01 5.354825866116513788e-01 2.391669493880284603e-01 2.803261542987304233e-01 5.696773608969276648e-01 7.829179557573503478e-01 6.168617626135064480e-01 7.732283207660126667e-01 4.139711747024597543e-01
8.061050544906892545e-01 1.683985809012816526e-01 5.729340347762890834e-02 4.917196669805147802e-01 2.269731222292842299e-01 7.830426842572851820e-01 8.735090648117274092e-01 2.065364882455749951e-01 2.971315174344340559e-01 8.345461251168102557e-01 3.440538196530973716e-03 6.660447601827598207e-01 7.810472437188141492e-02 1.189571541594219850e+00 -4.695895111673548811e-02 4.370680977047803895e-01 1.240263604285606613e-01 8.212649028848856281e-01 -2.832550370180688705e-03 5.986259015554503682e-01 6.658294265485362740e-01 2.015361114856262237e-01 1.964575453212086611e-02 5.770487522541726255e-01 6.685369933622299365e-01 6.942591398034824168e-01 7.992794585839724242e-01 5.761756430094008286e-01 -3.521370034562230217e-02 7.278355262802663761e-01 6.218145355648601047e-01 6.988033480178422741e-01
1.835615394093423336e-01 7.143911792670381011e-01 3.515740290986918981e-01 7.497665878494064184e-01 1.297004687525211697e-01 8.409039397287995099e-01 2.651312284376713402e-01 7.831035967163003930e-02 3.368810015658977863e-01 2.250829419351929594e-01 6.956043890436092170e-01 2.544355359410410133e-01 2.755069344644023310e-01 1.982361452234556592e-02 7.430201502310345152e-01 1.796561906669096598e-01 -1.456822446823613504e-02 7.665978559521803293e-01 2.525308493862826742e-01 4.239370372736285808e-01 5.308157468406091706e-01 7.376954519810692279e-01 3.696053218241869831e-01 8.022754383968440095e-01 6.870304004140582732e-01 3.943110971555870425e-01 4.960984878310449320e-01 5.919404528096033902e-01 5.378171651399211717e-01 5.130887082421627943e-01 6.604916498941558467e-02 3.718994193040335294e-01
5.927777888813706708e-01 7.907584631493581595e-01 2.623467889481300164e-01 5.821647243618769396e-01 7.410097676709809233e-01 1.616117990948430505e-01 5.664939276544526114e-01 9.095857650438129438e-01 6.446472454210241398e-01 5.314303801973396801e-01 2.863310341006472526e-01 1.918789481246923889e-01 6.588320617025233972e-01 7.087567628289852539e-01 1.899673239217209708e-01 1.467495799399835266e-01 6.954287366873116438e-01 6.536370659146505391e-01 5.265441216526028922e-01 7.812205438004726776e-01 6.522135870829897097e-01 8.187352320783864990e-01 6.703369400385236210e-01 7.468291317094544191e-02 -1.662451864345999408e-03 8.420895724623848055e-01 1.290989297209696740e-01 4.817273687387369496e-01 2.370659311466593588e-01 5.450046368518424167e-01 1.345997917338269012e+00 2.555992516323540159e-02
8.754920816553135587e-01 7.878753233367238318e-01 5.182489688765575808e-01 8.519743957859576833e-01 7.060367466078258936e-01 8.394812620295071248e-01 -6.573279044244076386e-02 1.457651344449947123e-02 1.022793118308679361e+00 1.704719703282731869e-01 4.039047184591491590e-01 6.330036417545086280e-01 5.344450229835340238e-01 5.433747749510767777e-01 5.599689573631463357e-01 6.536546548489279296e-01 6.159843227299819368e-01 7.510202718231752117e-01 5.678978907304910173e-01 3.223643022466947117e-01 5.500844908732572813e-01 1.438888604475170585e-02 8.527434602584139656e-01 8.438736698007630599e-01 1.084403425932597420e+00 7.125558390118531538e-01 6.906637269008034652e-01 7.242836501754995604e-01 3.024505572704304091e-01 6.537795677444691034e-01 1.167135726349105423e-01 4.926457908454347223e-02
6.963843268753723281e-01 -3.375405782864359869e-04 1.328924839992983581e-02 8.144934719858465400e-01 8.093459401236232642e-01 4.840430055198882697e-01 1.892727434132796260e-01 4.108181547206776196e-01 7.314716941092790359e-01 6.668289154445895539e-01 5.987651363832717788e-01 4.814179583152238817e-01 6.123951804155047807e-01 9.467233635678771186e-01 5.952135476026809702e-01 4.414582013228428581e-01 4.409581098121422293e-01 7.843511893093089160e-01 8.479268984688420607e-02 4.670800567838446216e-01 8.898760678757902109e-01 3.916192215093985407e-01 6.513153567690106449e-01 5.372688981796978902e-02 8.840157294220895023e-01 6.273999807929526717e-01 4.699755278293789029e-01 1.487242294476131266e-01 6.822167390103430762e-01 4.249649106813512267e-01 1.021912522251917199e+00 3.326811669916878156e-01
3.738383557507252153e-01
9.878247592106240704e-01
9.078292385923987240e-01
2.039359580568434749e-01
3.957146602740578833e-01
1.011868918872132594e+00
1.465054863444081035e-01
1.636411287799896808e-01
9.609866035667494755e-01
4.076117151681934447e-01
-7.173892326627695493e-02
9.012061711406579301e-01
6.238828191365247688e-01
-2.336854175819466639e-02
7.717852650915644208e-01
7.741135893658932510e-01
2.509941609011692720e-01
9.012793543447824574e-01
3.955554686026834244e-01
3.425966753581948243e-01
6.192271624927960794e-01
9.859390323198689021e-01
2.023159662323147645e-01
9.704580764169093987e-01
3.480406966080618614e-01
-5.401353037355109687e-02
3.132307358970466415e-01
8.365432904359619837e-01
3.918910993589313496e-01
6.380977004430729016e-01
5.933511172491372498e-01
1.922995317497042389e-01
ReLU
0.001
32
2
1.788033963805997772e-01 5.284766802910161321e-01 9.167282976205667344e-01 7.188912313715679625e-01 5.307915318982537878e-01 9.598335152165083928e-01 1.508959219630548743e-01 8.211431195311182929e-01 5.777754301135865633e-01 3.390063511823882547e-01 1.513452434219355325e-01 2.607998948662275662e-01 2.687211045606711646e-01 3.213371125441316090e-01 5.216584139812262544e-01 7.492200833150687300e-01 1.828134452161639736e-02 5.446490678986186662e-01 2.456444304340766327e-01 3.222590490922443429e-01 1.062574490477898315e-01 4.364380222404399823e-01 8.831968578895392497e-02 9.542486345711493900e-01 2.542074789823799974e-01 1.349428435885447475e-01 6.935066752203258300e-01 5.905190911878701598e-01 6.666724713124844159e-01 5.322658451990365247e-01 5.827310384515826253e-02 8.347362682231275199e-01
9.163964486004971821e-01 5.098730902343403537e-01 1.834922132530058441e-03 2.898789100486883763e-01 1.199332675849994340e-01 9.815124662272087241e-02 1.371700071356302397e-01 6.986661400710019176e-01 1.687834497492093910e-01 1.122472663208025356e-01 6.098570608181343999e-01 1.038910423700768471e-01 6.905402795798931681e-01 6.554050537014273203e-01 2.892983278624893240e-01 1.464840741367555987e-01 4.948228539830185624e-01 7.677446147007456201e-01 2.333697389127478705e-01 7.961146479924453567e-01 9.889773133705723751e-01 3.878366237418351958e-01 4.829614765227408513e-01 5.707798302984837813e-01 2.435680608630707844e-01 3.022947439125230895e-01 6.176784108432529230e-01 6.841240249941758778e-02 7.351530542418829306e-01 5.276514734037970325e-04 4.778449906410028314e-01 4.805895534478768494e-01
1.007900361134260070e+00
6.397086407032027688e-01
Linear
0.001

ct 2024-06-02 21:08:56.031711
