noname
4
4
4
12
3.391075398243349692e+00 2.676153509301028688e+00 9.205296719301056640e+00 1.684668329014559429e+00
3.861510009290229473e+00 -8.706242685342959753e-01 -9.336798171000753044e+00 1.071601673565578894e+00
3.406048948877622884e+00 5.261066459326255718e+00 5.263563738625600230e+00 2.950404218960172020e+00
-3.566774302922197104e-01 5.129284285820991940e-01 3.207925992217471389e+01 1.207652418612334522e+00
2.412719379315559465e+00 1.958294543913720487e+00 -5.114799951779389175e+00 3.585719707109901400e+00
-1.019313783936544482e+00 1.167175010656895440e+00 -4.066047988179350092e+00 1.124913567504059131e+00
2.505180777948572857e+00 -1.467539362506469658e+00 -2.842359270869175347e+01 -1.607236260755741108e+00
-7.806021938101390667e-01 8.422766897188682655e-01 -1.347980786490047711e+00 5.753323039931971250e-01
1.032947188209616840e+00 -5.903205792500800797e-01 -6.163290012226292802e+00 7.447099000257506596e-01
-1.493486722858725857e+00 3.174649187261534000e-01 4.514399832313020333e+00 2.548461070935465478e-01
-4.167589180004958593e-01 1.415643776999129522e-01 -1.915694644640246080e+00 5.961796735926543356e-01
-1.620113925299109470e+00 1.243316298386616614e+00 -5.056967706738950685e-01 9.169042346413702749e-01
3.324449922751842479e+00
-4.462914678048433004e+00
2.100207828930714893e+00
-6.544832162408685150e+00
4.473255773582875960e-01
-8.150617324949330778e-01
-6.433952499595883445e+00
-7.748167864121056070e-01
-6.320675055271173903e+00
-3.091285696582089404e+00
-1.749691374118118370e+00
-1.420107086945832764e+00
ReLU
0.1
12
12
-1.931795384784922742e+00 -9.108284953771560444e-01 2.740067694157486411e-01 -9.405174681423790872e+00 -1.856332329137625470e+00 -1.540405988107914070e-01 -2.989556986219852330e+00 3.410077226486917801e-01 -1.029106474048046005e+00 -2.510293558691493843e+00 -7.957331212016811595e-01 8.009369311737573049e-01
9.038160562208635840e-02 4.870751955252809566e-03 9.534499462679427717e-01 -1.727526383518842579e+00 7.326085235273104290e-01 -9.164425270804758827e-02 -1.894985005048322124e+00 -8.656839560705975600e-02 1.805395941742926169e+00 2.149421300004080493e+00 2.805494376363891762e-01 7.820538592664495747e-02
-1.441748546580909007e+00 -7.441680071485969883e-01 -2.455291193353020263e-01 -7.613731528998045839e+00 -5.970214935335210749e-01 2.669216380111454068e-02 -4.281838340184678238e-01 2.536897617806022076e-01 -3.660023377521571808e-01 -1.207017218284796023e+00 -5.160145066845386319e-01 -6.806941670591429294e-02
-6.565700637609410251e+00 2.073898999386364572e+00 -9.227712247101897969e-01 -7.146972458839033759e-01 -3.711276950138703512e+00 -4.154137971324269873e-01 -4.008775602984318454e+00 2.871083596712204616e-02 -1.481631257240690891e-01 -1.745914675250594683e-01 -5.847922913934788802e-01 5.837883865389531524e-01
-4.458204084195207528e+00 -4.561821649591450090e+00 -3.910450774573599908e+00 -2.100286644140562320e+00 1.406932538931149335e-01 -8.094213277593410583e-01 -9.760849618266292937e-01 -5.482387283453535876e-01 -1.660288205610194856e+00 -3.913960609094742082e-01 -9.921998841851732698e-02 -1.140168008709323999e+00
-1.899001512872910968e+00 -6.999937486340906956e-01 -6.845921971466829570e-01 -3.398249810183524011e-01 -4.385141025721078223e-01 5.316079171282835775e-02 -3.482153269732541911e-01 -5.248865792703056865e-01 -6.024678699965511086e-01 3.416163082874320023e-01 -8.154656689823388538e-01 -4.808330247354364317e-01
-7.067446041821760616e+00 -1.426753607509415378e+00 -2.778420225245838981e+00 -1.589088424485143092e+00 8.001255185266878955e-01 1.189011689114804593e+00 -4.096061358338484171e-01 1.137863221183787354e+00 -3.006799665556799117e-01 -9.944742092442588888e-01 1.348357575192680180e+00 6.584015531067988203e-01
-3.260106403256705754e+00 -1.543218793977598313e+00 -1.832954923184279439e+00 -1.030218791427127245e+00 5.144556166299674854e-02 -3.343309483360462631e-02 -3.292623423333572719e-01 3.103353476574909897e-01 -6.262591286174683525e-01 -1.220465661875777430e+00 6.158328154757508610e-01 -3.285160898568761922e-01
8.027773980617228800e-01 -9.464775913723622036e-01 6.043462962335652833e-01 -2.123054127547760928e+01 9.185068843014767559e-01 -2.444372808106899386e-01 -5.928513776340432528e+00 -4.293270236461130818e-01 1.322757392221183936e+00 -1.698049525019997397e+00 -7.577667267064308598e-01 -2.973186668286212364e-01
-4.393628841048928813e+00 -2.126344749501905884e+00 4.278369838684825677e-01 4.339660288124041476e-01 -6.538777930585293330e-01 -2.412092771375780043e-01 -1.853496101540841545e+00 -3.160043404426683966e-01 2.537148251174975444e-01 7.754706254346405148e-02 -4.621433802826998005e-01 1.415245209202206977e+00
-2.114881809731031126e+00 1.663611672629080607e+00 -1.232505490803269099e+00 -1.795914516570940034e+00 -9.168577943691221810e-01 5.086131619445178886e-01 -1.048295801056248422e+00 -6.168921976589147177e-02 7.782762857252628619e-01 -8.040307374585744515e-01 2.752355189622015530e-01 -3.754471775817880830e-01
-5.768833243354955620e+00 6.689938797760727751e-02 1.447506074423959566e-01 -3.022500759381085533e+00 -3.019214448857033162e+00 6.385713088601345788e-01 -2.131345065079811099e-02 1.404161663564503122e-02 6.944080117961624055e-01 3.378260796017689138e-01 1.458358944207288066e-01 -5.189519252271599381e-01
4.438646772755115988e-01
3.592829662424752879e+00
-1.840941589694566616e-01
-4.215880471951739816e-02
-8.828383520740236134e-01
-1.242924031137583596e-01
-9.159014207153676201e-01
-3.020958474585463960e-01
2.350283617946154813e+00
5.088298882767668729e+00
-1.204972899427538963e-01
1.443719082743357474e+00
ReLU
0.1
12
2
-8.022606633471514037e-01 1.320932259514659979e+00 1.414799932327564513e-01 -8.917793412005123876e-01 -1.562508707097567950e-01 -1.248292731573918679e-01 3.004613106310226600e-01 2.166843983068558188e-01 1.755423443002858130e+00 -1.148004638810193212e+00 -4.431554300000543067e-01 -3.013832462030146542e-01
-7.590131322705430117e-01 1.325837688688679572e+00 4.437455304300713665e-01 -1.288215927940965067e+00 -4.640539819031986452e-02 1.570781235484784988e-01 -3.240000177630840139e-01 3.078383550160838922e-02 1.667411698491538807e+00 -1.091878589619228901e+00 -8.098725207045025243e-02 -1.560990815865002990e+00
1.248414889081027823e+01
1.273288673788271375e+01
Linear
0.1

ct 2024-06-10 19:25:15.424623
