noname
4
4
4
16
6.364074637421516245e-01 2.051648634163902585e-01 -4.135561321057898976e-01 7.427700420504733669e-01
6.667567046062379266e-01 4.831692452145602834e-01 4.285143639739671939e-01 2.624071037370706572e-01
7.935835118286572731e-01 2.196639131973848191e-01 -2.782326734253769973e-01 4.930616984006369607e-01
1.016919897604769529e+00 4.929090688245730267e-01 -1.068503812527725125e-02 3.964089292409029852e-01
5.265889837691412056e-01 6.762686286947972025e-01 8.991324197643371097e-01 1.741598236920622045e-01
1.456096217249082114e+00 6.693641926216443994e-02 7.148707227540762599e-02 4.589703202706796881e-01
7.496647978213861752e-01 3.313936045267906749e-01 -2.211786086608165669e-01 8.533369350662644015e-01
8.670809549818258022e-01 6.665823618663830885e-01 3.027211695293778870e-01 5.555490716178512756e-01
5.465906644958462568e-01 5.418015750265109398e-01 -1.783366336382388078e-03 3.153019577573563659e-01
1.304135942438775064e+00 1.088202954470882250e-01 -4.433865166162124227e-01 4.896955783870357570e-01
7.580381689657493816e-01 6.796517773824765074e-01 -3.974385515525209467e-01 5.884307217998442363e-01
3.539142630814687274e-01 7.738017713529978803e-01 7.240920944341141530e-01 3.215545127312750551e-01
7.267080020451983924e-02 4.340621435286346474e-01 -1.143169961584914046e-01 6.641730919779497144e-01
5.214396156526515114e-01 -1.227571025288602818e-01 7.565655611980233175e-01 2.017325790432271948e-01
-3.704323203565551004e-01 7.136205165778052306e-01 7.240043271898317645e-01 2.521214263986066850e-01
8.192187241846277113e-01 5.133067577970824580e-01 7.490420342730375047e-01 1.854339163759213538e-01
1.025366577263520318e+00
2.760910999536079213e-01
5.122987976250426012e-01
2.635089941642852485e-01
8.503182132776205826e-01
6.084441511217197895e-01
1.076201345036421175e+00
5.948009808111541785e-01
2.488324541363908515e-01
5.876688170942944156e-01
3.677162149556233439e-01
4.776073780039851724e-01
8.543034169759740060e-01
8.078123959366767526e-01
-1.370482296839689584e-01
8.901848252213652168e-01
ReLU
0.001
16
16
7.189052337359235212e-01 8.512565171971253619e-02 4.935980492077312043e-01 3.262354268399524360e-01 5.135016405666488204e-01 4.005262089423947680e-01 6.012401822130390983e-01 -3.154412124530565908e-02 2.321053344336840296e-01 3.448336621276827385e-01 5.506838378736387263e-01 5.823186967509660361e-01 4.597721880977826414e-01 1.625604382788788937e-01 1.588557671113621506e-01 1.362443691899229425e-01
8.445144482200143132e-01 4.495320619045299337e-01 -2.822516060642264821e-03 2.324611975280866938e-01 5.361876820538045152e-01 3.632542813157333961e-01 5.355128700219363713e-01 5.168784842732701001e-01 5.787277960593830706e-01 2.211664747181605883e-01 2.064658097873622034e-01 4.286634467822637573e-01 1.194324862848706592e-01 3.329194449577637105e-01 9.626568605722825023e-01 5.245112901663622207e-01
7.918256682118786083e-01 4.930886670743538369e-01 -7.380982551625409060e-02 9.049721528057396158e-01 6.269704139809438581e-02 7.130287057314096399e-01 5.985619637102641555e-01 1.653321752804647327e-01 3.317643766510720016e-01 4.195152525521708142e-01 6.682608335247484099e-01 7.246396479615206943e-01 8.149269232649984929e-01 4.324523190828390429e-01 7.587332074239981905e-01 4.153036828964663113e-02
1.652203163590125756e-01 6.328767787347844287e-01 5.318948063892626338e-02 9.502479521808530893e-02 -2.028268849692145548e-01 9.928314243391558880e-02 9.597818259929012663e-02 2.114578993864408285e-01 -1.680408541040119552e-01 7.431634680773891999e-01 4.783021794822040484e-01 1.954275588117189710e-01 2.036019531380269809e-01 1.495429707148556719e-01 9.675340297508323584e-01 4.698939552254527419e-01
1.812467117123536808e-01 9.362580410565267686e-01 7.018343560308507589e-01 7.355301504570218585e-01 5.019802383095132159e-01 9.818378803301247570e-01 6.235140180094059792e-01 3.103853453492901038e-02 4.220894064200863549e-01 1.927085249517316301e-01 3.902737461661576202e-01 2.118501240636428903e-02 2.930301181743868999e-01 3.901508522223279263e-01 1.033840075156165161e+00 8.868572122437694272e-02
7.519732687586513364e-01 9.438106051346500935e-02 7.523335168290529174e-01 6.258369952962901106e-01 -9.312435516785008693e-02 5.703461004035563775e-01 9.501309205729128182e-01 2.309638961168369586e-01 5.991583418914094850e-01 4.790650334943605815e-01 6.526348244086823680e-01 8.449624312696373263e-01 9.886687908867176633e-01 3.451028715648520317e-01 5.594996967323527803e-01 6.293868448198715326e-03
9.933114255124799730e-01 -3.177661440682110622e-02 1.107410264967119418e-01 9.412785627293431823e-01 3.750726348950945699e-01 7.368024254042547794e-01 5.138710271349821168e-01 6.560068756169693538e-01 1.536046767136775570e-01 8.925724384077982076e-01 5.344823104995424234e-01 1.904740310180188800e-01 9.228245504647469843e-01 4.674760708806480203e-01 1.943248942975520643e-01 5.343628776094908606e-01
6.463012503430481948e-01 2.980007738238578049e-02 1.466661437297229753e-01 2.206657255354571578e-01 8.271465351500741914e-01 8.553135389830393009e-01 1.933749694424258536e-01 1.775532385187770235e-01 8.998601585590163543e-01 5.398563252434354087e-01 1.409619421194766575e-01 -1.327289654975061933e-02 3.791355900672089829e-01 1.704770464636399252e-01 9.328181894943561314e-01 4.587324171286535357e-01
4.886849976365833514e-01 3.538101894917230483e-01 -8.404315780353369472e-03 -3.200077325611076773e-02 1.744228246917960135e-02 -2.944648748332006141e-02 7.044169379998660441e-01 5.388308961000615183e-01 6.606723592298193726e-01 6.325884258379683711e-01 6.113880837603199447e-01 1.027184040257223679e-01 7.524585974782602160e-02 8.317107505224683450e-01 5.893011520583882890e-01 6.754487232284104303e-01
1.335036660699099598e-01 8.723976638928182537e-01 1.140484465757994059e-01 8.157669438921701932e-01 5.362423489289602080e-02 1.396512308510665101e-01 1.071500772799274109e-02 5.262627192992075376e-01 3.878852848555457977e-01 -1.591420319261791297e-02 -8.594693605880411591e-02 2.235582213305537524e-01 6.997142100426949618e-01 7.769126849464514928e-01 6.330920864301514683e-01 9.459487529549894802e-01
5.259537155281065468e-01 5.312727494783076043e-01 7.253745874169129637e-01 4.999943501176380423e-01 2.911684521512747925e-01 4.554248208688033706e-01 5.887165648455804368e-01 2.120138483414078512e-01 -2.251333950882224849e-02 -9.131982843990412574e-03 -1.684211997556443741e-02 5.892011050430425723e-01 5.025826935202363233e-01 2.204094793911458572e-01 7.833988229062343045e-01 -4.078609242976010546e-02
1.436884704824049341e-01 2.038903312533927800e-02 3.284828177687027506e-01 8.536463741482683831e-01 6.507389957914035961e-01 1.882218642438146239e-01 3.121868284473473532e-01 4.698939520445187257e-01 6.476466638537964338e-01 5.335229457602862491e-01 3.250445040602663593e-01 2.107300104632112703e-01 9.492025658433830282e-01 3.021059302199420940e-02 2.192897279661063237e-01 3.363975212421450034e-01
4.071506470508681197e-01 5.161352506797852735e-01 5.166247075160153024e-01 2.095342252859318591e-02 3.621258706753499590e-01 2.528480846162852735e-01 5.517842224434038600e-01 2.143335018703946548e-01 2.323204369611565900e-01 9.761647975674760114e-02 2.554206712963731363e-01 7.096297984373020062e-01 1.961010248054964600e-01 6.425852223560624132e-01 4.499000894494957770e-01 7.922790116517470782e-01
6.930152246730051369e-01 3.584936850595817903e-01 7.759129814305834039e-01 1.418107035008710770e-01 -2.667120613743909768e-02 6.457439170955701080e-01 5.708486336330776956e-01 4.735212416871457108e-01 6.846304447304583929e-02 6.783408006824197534e-01 5.111284442440464648e-01 2.076964839001377849e-01 7.522298336877385472e-01 7.301116546466963619e-01 -8.032100829635141492e-02 8.645358586005869039e-01
2.668164122717416875e-01 5.994269775738710893e-01 4.284163385446321803e-01 6.845714278110731632e-01 4.675598387553076551e-01 2.323777262850325598e-01 5.391890755752193343e-01 1.680245785374865075e-01 1.510529667580552404e-01 7.505053656749307578e-01 6.347518396556678377e-01 8.569643979941752310e-01 9.300370645161276650e-01 9.690191087685522398e-01 1.222570976008507282e+00 7.495159105409098244e-01
2.626185808996776561e-01 8.285590375308637956e-01 2.817008187477973435e-01 4.514503577859130812e-01 8.584367556670552402e-01 -2.952658787442580951e-02 3.888198250948556312e-01 4.559137253444926485e-01 1.510779939202624156e-01 3.724916249507011917e-02 4.302609641228172244e-01 1.041640232179443099e-01 9.114479480273590672e-01 1.033786553412765902e-01 3.706397375975664654e-01 8.741752874447842325e-01
9.822659611514591438e-01
7.038222075288914636e-01
5.224783827046312057e-01
-1.970814978836933629e-02
4.837958724090695717e-01
6.848353727124680823e-01
1.934837927425100690e-01
6.918833350066714294e-01
7.185133254434373784e-01
1.133172389695259907e+00
6.514558086403826609e-01
8.504567022335821624e-01
1.485459634519730454e-01
9.406249969016904355e-01
-1.993260668565773330e-01
6.332144741905989527e-01
ReLU
0.001
16
2
3.282323526775428046e-01 4.976719906096009893e-01 7.430041838963201695e-01 2.191638413590768150e-02 1.312083919108313901e-01 4.025181750855293950e-01 1.827485308298939515e-01 8.070338823390678096e-01 1.696995912308689736e-01 6.180958780837129130e-01 6.812200345781258548e-01 4.320562360457949613e-01 5.951593658785852003e-01 8.866023942953800141e-01 -2.358298118470805380e-02 4.481941020638115503e-01
2.146289151447811627e-01 3.137714477251964396e-01 7.010435646641783869e-01 9.466401183465429636e-02 7.597636654819280855e-01 4.839221304595963669e-01 2.444795279371249630e-01 2.953493202002470119e-01 8.180494044656555497e-02 1.749569216700359031e-01 8.997052842392799787e-01 2.620212671595180121e-01 4.176257707455114376e-01 2.567059092690432975e-01 1.841027186713944941e-01 4.303387540608967776e-01
4.752425810884017277e-01
2.706605070676422198e-01
Linear
0.001

ct 2024-06-03 19:04:30.113564
