noname
4
2
2
4
6.391142039893626947e-01 8.039978626646443471e-01
8.650917879517877607e-01 8.527499325447039924e-01
7.654745716025574964e-01 3.595832022832861075e-01
9.776796608234398223e-01 7.380833814686975636e-01
6.084267239075841216e-01
1.329583099732316587e-01
7.062785268167572905e-01
1.364886110409582187e-01
ReLU
0.01
4
4
1.988749344806783892e-01 8.433934495997863490e-02 6.685113486530352978e-01 3.437377717567440261e-01
9.262825191086794252e-01 8.066886312176333451e-01 7.978075249306788574e-01 5.684654033321242528e-01
2.014777354805887821e-01 9.959731914194828173e-01 9.411144127357476963e-01 5.494966438158982447e-01
3.945051820817278010e-01 1.785870553242810965e-01 7.134677895133496595e-01 4.190465491184690583e-01
6.009961398608292260e-01
7.678952897948919665e-01
3.351232208946364199e-01
1.856541076989672856e-01
ReLU
0.01
4
3
8.909536106731613669e-01 9.597808197583960199e-01 1.974368014653933301e-01 1.045315415655077018e-01
7.934313502348927516e-01 2.803364312026213057e-01 4.630758192160220332e-01 7.874764948730810232e-01
9.546243990128280288e-01 1.525161785442845641e-01 7.409872212708004113e-01 2.983624370210394838e-01
1.445723853945414250e-01
1.595594981584872452e-01
4.334938350946735408e-01
Linear
0.01

ct 2024-06-02 17:15:19.689623
