noname
4
2
2
3
6.442965691974517073e-01 5.727369034715517060e-01
1.421129899740961877e-01 4.613538098261333320e-01
2.383119016534808732e-01 -1.658792066003661123e-02
7.468437655563359145e-01
4.408485784967613452e-01
2.388481883372058912e-01
ReLU
0.0001
3
3
7.211251310529038783e-01 7.787670659463151734e-01 3.805263105890950293e-01
6.881046449728803749e-01 6.468450901783405482e-02 4.617889256187326930e-01
6.302508891809717184e-01 6.464248852786892430e-01 -3.770431755167504007e-02
4.567030817650731267e-01
3.645102489358167941e-02
4.792111302520065119e-01
ReLU
0.0001
3
3
9.081459446696515947e-02 6.026506922929775883e-02 6.438471800843038606e-01
1.812598948385285569e-01 5.046341294774037145e-01 1.980589768650150850e-01
5.867222228617338109e-01 -1.037607698132713141e-01 2.011467385312147305e-01
4.564649452971956123e-01
2.215981402155371704e-01
1.877678561528932366e-01
Linear
0.0001

ct 2024-06-02 11:01:16.676362
