noname
4
4
4
4
1.290688208299518802e+00 1.128927948506138979e+00 -6.253316116079965514e-01 1.214830161027470545e+00
-1.262817376820872362e+00 1.235285388497489700e+00 5.207797425032040239e-01 7.484109589580157929e-01
-6.784336913916169109e-01 1.472294618669434785e+00 -8.542088725909953439e-02 7.559677166410480043e-01
1.446855660832534030e+00 2.100894270643912931e-01 -1.677879310918129718e+01 -2.937866038921340198e-02
1.001548560330430382e+00
-1.118753697143957559e+00
-1.444995048851228869e+00
4.102767143100686020e+00
ReLU
0.1
4
3
-1.562383459687676779e-01 -4.394344290049288504e-01 2.288485094694942823e-01 1.294847494418700951e+00
-5.493241959391146345e-01 -8.495066808608765785e-03 -1.739830071304469816e-01 -9.082357716587149965e-02
-1.130505815096282118e+00 -7.208434556920348957e-01 6.478070951692478374e-01 1.395961642826452298e+00
3.032800183418535300e-01
-1.128131748610854967e-01
-6.006395609491776977e-01
ReLU
0.1
3
2
1.948216205045491645e+00 -1.461651695767279546e-01 -1.943790094472199304e+00
1.272594418448575126e+00 -1.449183487456816577e-01 -1.425030784658836813e+00
2.640350015515783078e+00
2.708855130185354732e+00
Linear
0.1

ct 2024-06-16 21:48:12.618521
