noname
4
4
4
12
-1.109183787611575545e+00 1.008422697332872264e+00 1.742729941942268157e+00 5.928990106191202036e-01
-2.151205099352241579e+00 8.037163730870187095e-01 -5.643611399095986858e-01 1.475217523379017959e-01
-2.407317681974044277e+00 7.105313718534743694e-01 -3.271804211125708850e+00 -6.527441045767803374e-01
4.028949035937157697e-01 -2.806005678393766467e-01 -1.141476383235446157e+01 -1.300720764307687349e-01
2.428512031606206545e+00 -3.570795763297176073e+00 -1.757313481522168885e+01 -2.006785767969680112e+00
4.378867052341846922e+00 3.634395908500232419e+00 1.181828486730859717e+00 9.143008259037115337e-01
-1.424231839678257616e+00 1.031499155923469413e+00 -1.896696833278577632e+00 -4.245234020602979830e-01
1.519669418097271185e+00 -3.027868616327262230e-01 -3.063950420426579058e+01 -9.044088411630345492e-01
-9.473810067917142419e+00 1.821072194124862875e+00 1.018754962719898627e+00 -1.593625994892836850e+00
-2.284592610600731266e+00 -2.722362336062988497e+00 -2.096660135686895288e+01 -4.262338324630364106e+00
-2.772201854857371028e+00 1.645356265465032664e+00 2.267892687325686385e+00 3.798456597543719004e-01
-1.547932271364846013e+00 8.657000948882984659e-01 -1.330809353632613212e-01 4.119803949107714303e-01
-1.219575267367315918e+00
-1.333139799779456736e+00
-2.185150626315908173e+00
-9.315585572685838311e-01
-3.963030142184290838e+00
-1.659194941189074957e-01
-3.666301009494843832e+00
6.874875804673603596e+00
-1.908211399452673040e+00
4.597166446664948225e+00
-2.271329266961088056e+00
-9.100979071879966575e-01
ReLU
0.2
12
12
2.408917795315231036e-01 2.064245728850618578e-01 -2.303459911463728305e-01 -1.416237043221919345e+00 -1.244542100913684557e+00 1.018763351478578327e+00 3.655234956620734832e-01 8.449643513266544836e-01 7.541328546535849275e-01 -1.777490910974458549e+00 -8.026126391613181976e-01 2.501577540067286831e-01
-8.668911829525016710e-01 -9.803536098836894419e-02 -1.077572346369375933e-01 -7.536808789233601091e-01 -6.181673305648096584e-01 -6.385676795841991327e-01 -3.953358449003456232e-01 -7.079670122600515425e-01 -1.857971749270349859e-01 -4.610582456720842548e-01 -3.386256622322679766e-01 -2.459221359812842900e-01
-3.922535503586708772e-01 -3.264771374042217400e-01 -4.685457829411018849e-01 -1.730878852345271723e-01 -2.358766739139698254e-01 -6.648077867855576306e-01 -4.642913728430727027e-01 -5.633536752437022788e-01 -4.907623069557111584e-01 2.902089436823058251e-04 -7.205186404591933380e-01 -6.160204087532289430e-01
1.066803168543463576e+00 -1.083982805657687010e+00 -8.682529227996025334e-01 -1.400754471746864072e+00 -5.508348022535706212e-01 -4.989119219466655597e-01 6.234741494333957412e-01 -2.307840260159143841e-01 3.682051374822608580e-01 -8.206081135958182671e+00 -9.124302401165314269e-02 -7.093383147334062500e-01
-2.265349983367556108e-01 -9.172921526957289462e-01 -8.294422748673790924e-01 -1.244159687765863109e-01 -6.491301365260115919e-01 -8.443035401473674151e-01 -7.940824097233701861e-01 -3.137279859918629676e-01 -3.010538614914724520e-01 -1.612845577247958850e-01 -9.207335494415909150e-01 -5.034253490552438315e-01
2.780670325003966048e-01 9.525787405260774943e-01 1.381142758146040705e+00 -8.928816932020078312e-01 -3.252841107824983036e-01 4.791054568439730155e-02 -1.015186080366614396e+00 -8.405881310746085688e+00 3.390621244274893975e-01 -5.255819472270060189e+00 -2.959088725395520481e+00 -2.333455836673055950e-01
-7.224077584251805684e-01 -6.957365690959249616e-01 -6.186838866986007490e-01 -2.506983913181847767e-01 -8.262706474836420956e-01 -1.782963719943704284e-01 -2.277974255195603648e-01 -8.873341777294115884e-01 -9.985244607866926303e-02 -9.540672661337991078e-01 -4.776027934634891614e-01 -8.828980657014140476e-01
-3.334005803507819610e-01 1.605251170258454457e-02 4.578984315220757662e-02 -3.039199842132284668e-01 -1.837410001898003575e-01 -2.747236963286728839e-01 -6.266560601863853108e-01 -6.555468990729717005e-01 7.148834010252579085e-02 -6.507496656114999389e-01 -7.289562156961203465e-01 -6.785862131501025907e-01
-1.006336255934332957e+00 -2.960372763228298343e-01 3.469105246768542927e-01 3.507432207799350832e-01 -7.949764001264476576e-01 -1.175322520761005851e+00 -1.366158774170146195e+00 -4.687433190715974973e-01 -5.226452742461731305e-01 -2.842628547424546959e+00 -6.587143259844202570e-01 -2.331734037859833908e-01
-5.488790358855277773e-01 1.812204197605143952e+00 -3.459817827342355767e-01 7.465640108656518281e-01 -2.751347985711299238e+00 -3.545214068994065881e-01 2.325573737207172975e+00 -3.413422262729930878e+00 2.017691044697552005e+00 -1.682259592543983384e+00 2.512565649786810962e+00 4.810051830294626574e-01
2.845288272917861350e-01 -1.698153949208912161e+00 3.023761640693033437e-01 -7.261125962770025311e-01 2.643990733677745730e-01 -1.151764273897798674e+00 4.508419720791393637e+00 -6.437948949142685784e+00 -3.102730259201603169e-01 -2.429623284444728970e+00 4.207424880694006220e-01 1.480061958534349409e-01
-1.308465453619297003e+00 -1.540628167589872533e+00 4.353766511366186642e-01 6.758096943986111604e-01 -4.202098314169115945e+00 6.093515472881022577e-01 -1.525415948273612710e+00 -2.718342200187678914e-01 -2.934495414991824397e-02 -1.883968288285851056e+00 -6.136350279056088618e-03 -4.714414600389897902e-01
9.007584355787169983e+00
-8.611508284202876728e-01
-1.372870192027055569e-01
-2.014094284280206759e-01
-1.109676690342765282e+00
7.986898788491707535e-01
-6.649201804939250948e-01
-1.214779456757509729e-01
-3.836793607488631769e-02
2.838691740127189611e+00
3.923035889954070488e+00
2.438857837169969844e+00
ReLU
0.2
12
2
1.892212263981649656e+00 -2.397872565106673459e-01 -1.348052915512643335e-01 -2.667187054710044025e-01 -5.634298691848006468e-01 -1.586046320084010031e+00 -1.892156856494401351e-01 -8.999013849385738284e-02 -1.330144764494439191e-01 -2.114642308695399375e+00 -3.826846356350122047e+00 -7.539398266084497147e-01
1.827293052811595597e+00 -5.478050327916017537e-01 -6.712283392477972344e-01 9.396865956702478428e-02 -2.045049065967626811e-01 -1.659750239995460230e+00 -1.742384374525342838e-01 -5.586880121483324135e-01 -8.753470520041720104e-02 -1.600022565253514051e+00 -3.147936611107809313e+00 1.221009858095315037e+00
1.095492860118869416e+01
9.725527647218752847e+00
Linear
0.2

ct 2024-06-12 00:51:59.423245
