noname
4
4
4
12
3.767116593407122682e-01 4.669024200842025740e-01 7.240149128592443528e-01 1.418706647523465258e-01
2.790913060907312948e-01 6.523373705885433527e-01 3.455999170049074420e-01 7.687060617828187503e-01
2.048473561566320489e-01 4.169611164538766235e-01 5.943296409354736909e-01 9.863327634365703922e-01
2.500919109717861799e-01 8.578591335509583304e-02 7.630066362663711077e-01 8.495442615418430377e-01
5.514341767086262669e-01 3.146800811027983258e-01 7.643042556398794707e-01 7.590143698349958168e-01
6.181282692610539087e-01 6.182693641873944213e-01 7.822664789792334039e-01 2.231338759777686809e-01
4.463765109743712545e-01 8.478179943114632078e-01 9.252214725376007864e-01 1.749094260669760981e-01
8.179090771617783528e-02 3.181710973573036449e-01 1.041407051980703047e+00 8.496332339502298270e-01
2.508705447273543720e-01 5.487976252209106898e-01 7.292108195848742147e-01 7.898027933942934897e-01
1.778489826555837150e-01 6.078833262782057378e-01 1.482510780521708038e-01 1.990656624338322800e-01
7.202805534439813417e-01 6.227365254723622456e-01 5.568192027216936069e-01 4.918929595353969675e-01
2.708686236136195746e-02 4.626843411192998468e-01 6.334799608424395156e-01 1.012470496878575599e+00
9.363800238258829234e-01
1.889692600138859480e-01
4.764242427984957118e-01
9.329942727143747394e-01
3.959755778201611287e-01
9.247675695166575061e-01
3.838589955744333704e-01
7.990487602566265224e-01
8.315090281140220529e-01
4.252223673206553256e-01
1.149491971887216246e-01
1.057090587480666588e-01
ReLU
0.2
12
12
6.035874937618274094e-01 2.245761552159772356e-01 4.336612168369293752e-01 2.607234776431713863e-01 3.513185024428224779e-01 9.543573967859373397e-01 8.958816106676132929e-01 1.035393383533320000e+00 5.301357226022954672e-01 8.211646989574596933e-01 1.004259972970195092e+00 7.529208356530170398e-01
4.774990814872878131e-01 9.367912955742309089e-01 8.997857113404046370e-01 4.067504850704187769e-01 3.988368112920144259e-01 7.137199077688936022e-01 9.815038177075430248e-01 4.319011304945502561e-01 9.814746322705644177e-01 8.757818072289607070e-01 8.024881223533263386e-01 7.342061644882413862e-01
4.100070682074582473e-01 6.579951841489751763e-01 4.186618293796707246e-01 6.068040399250022032e-01 6.906503099844025773e-01 1.382786076098251327e-01 4.131542005922351768e-01 2.462401779243936217e-01 3.293099792028824080e-01 8.862210840191234729e-01 2.627224991743560834e-01 3.332469769931833969e-01
5.709687276558893521e-01 1.030833276516127384e-01 1.223347284674258795e-01 7.695954792169723557e-01 4.103947590877135010e-01 3.970810178600712170e-01 4.977705926435159745e-01 3.269227864523451821e-01 1.503630757198735068e-01 1.673989208897606329e-01 8.726024792329529767e-01 2.237429930643219655e-01
9.550112067099522095e-01 8.721902069950809855e-02 1.681039128463010235e-01 9.921539106435288691e-01 3.450059023610294595e-01 3.414955491404167987e-01 3.804737050661697317e-01 7.828981097470315564e-01 7.926264938442665331e-01 9.932049563861222730e-01 1.291146187269191503e-01 4.828922592816641268e-01
8.827340464039257206e-02 7.846339431233219086e-01 4.259194101702940549e-01 5.006915822593229759e-01 6.003908542803316761e-01 2.943304645230744310e-01 7.347204643456944906e-02 1.896124685152426326e-01 4.235793447088660457e-01 4.461694243439204843e-01 6.382934127114430201e-01 7.048413955299033251e-01
3.973086974196591292e-01 3.072419904254606315e-01 3.451775098311069545e-01 8.429666886230822165e-01 1.504225306419166297e-01 9.513415138931873294e-01 8.845771123028917104e-01 1.696565494186099976e-01 9.397590535622686314e-01 1.450906073347751069e-01 5.637531020912366353e-01 9.110026084580352679e-02
4.015366400287744830e-01 1.010796708223914209e+00 9.142503652185112184e-01 4.044182771200342530e-01 7.302880993460458825e-01 4.605937658172987170e-01 2.213694464254790384e-01 9.642504024497314252e-02 8.612542844509815110e-01 2.069398094179018266e-01 2.536659503427645124e-01 2.654007410551120216e-01
6.031282609214192458e-01 8.120858216858054535e-01 7.376067422874845736e-01 9.324131567533137099e-01 1.469516275131676208e-01 4.133422045717877191e-01 3.911513613884669005e-01 6.178037865933737605e-01 3.250996000303195688e-01 6.168253990959203792e-01 4.559422660002194760e-01 4.101867535814611720e-01
1.272754150524344485e-01 6.583817397535955962e-01 3.237215057102414417e-01 7.486467004685648519e-01 6.662916263776259562e-01 8.623811225290937132e-01 1.046848759959556341e-01 8.333613628315471589e-01 5.317467427197216656e-01 8.473333823791080466e-01 3.034600714351318729e-01 1.034548798209070641e+00
1.044937117728197418e+00 6.396056937592463632e-01 6.620711783775859449e-02 1.231902041033425543e-01 4.580482138159963079e-01 6.400064934863045618e-01 6.989081184234841038e-01 1.483081680708541739e-01 1.022229088690368992e-01 3.221845582578838352e-01 6.240490871237800441e-01 8.517211480505736398e-01
4.158765745734517294e-01 5.571360073644363586e-01 3.515693163793121023e-01 4.905632747930179227e-01 6.113373840968419071e-01 5.773452638177023477e-01 6.386653884779064372e-01 9.994031465142865223e-01 8.503147348764776847e-01 3.371871809744639847e-01 4.564381283009728563e-01 1.254157992679624800e-01
5.560142192504760050e-01
7.138028470437484119e-01
4.251971694013882974e-01
5.574052432540129720e-01
2.612274881253602299e-01
7.216245943991859146e-01
8.473807830852458922e-01
3.872614364128201259e-01
3.807482542023551408e-01
3.632720624166830836e-01
9.546253989209954049e-01
6.383200736501268846e-01
ReLU
0.2
12
2
7.475324056106260606e-01 4.429283471080120438e-01 7.447562483901969399e-01 7.470847154097426390e-01 1.446567641457156828e-01 9.981936356229207385e-01 3.436935600445330530e-01 7.810961568651569875e-01 8.438286955977616355e-01 9.027559916513545613e-01 8.065579305243324448e-01 7.794663437495102931e-01
9.433170934491708071e-01 1.256191053012307712e-01 2.043740483394473895e-01 6.015898005157269690e-01 4.957132440363810066e-01 1.244231365053654614e-01 3.500151924615897414e-01 2.951719107546492138e-01 8.335197895754229425e-01 9.921059910339822263e-01 6.307919552209672043e-01 8.152812486364707789e-01
6.536437895736992854e-01
3.816755193167519766e-01
Linear
0.2

ct 2024-06-12 00:50:21.983967
