noname
4
4
4
5
-6.916685245840800134e-01 -7.748651029967803527e-01 -1.730686122741775179e+01 -2.290216186302885149e+00
-1.116399959396436214e+00 -1.094127699896030537e+00 -1.091677174442356701e+01 -1.839773468679297030e+00
7.660728207231241038e-01 -2.675247465292655558e-01 -1.865887691771306223e+01 -5.905182356425143775e-01
-1.633867846687623304e-01 -7.761954851514640819e-01 -9.977707238091086950e+00 -1.356220302022575375e+00
-6.202073409034516427e-01 -1.291464504008051684e+00 -8.501256845657275463e+00 -2.151933336254781448e+00
4.225924355323405379e+00
9.501000636166726521e-01
4.374299361509515371e+00
-1.994160740869109771e+00
-2.789295531241795079e+00
ReLU
0.1
5
5
-1.741974745204671216e+00 -7.393488889174301137e-01 1.595652243910600454e+00 -6.576349633136069350e-01 -3.859843665120744616e-01
-1.422566728981004003e+00 -7.101114547557040302e-01 -4.175856695372096028e-01 -1.355571422550275074e+00 -9.950107032779027805e-02
-1.949520162516296340e+00 -1.172835522543691944e+00 -1.917394745955158797e+00 1.432292763103022226e+00 8.380198214931694478e-02
-7.779547335886768389e-01 2.020728122903852897e-01 -3.031969479028095993e-01 1.493508408267293086e-01 -5.729053647063122451e-02
-6.117915010766423300e+00 5.259439487971383498e-01 -2.438979409273497045e-01 5.353749788032927670e-01 5.757046222572262950e-01
3.829789087745584908e+00
2.311392258611198347e+00
2.345779233454944102e+00
-1.777620764694102379e-02
-2.310394575919121896e-01
ReLU
0.1
5
2
1.077476196776223638e+00 -1.129702933398598619e+00 -1.790227422105307387e+00 3.150999338923476251e-02 -2.830785764685641026e-01
8.843726806606625468e-01 6.534894947771696661e-01 -2.372974114206395146e+00 6.612515373134947652e-03 -1.466595772903158887e-02
4.791201294850792713e+00
2.636396108752049994e+00
Linear
0.1

ct 2024-06-16 15:22:39.246781
