noname
4
2
2
7
5.043370492445202746e-01 1.627020056413445992e-01
-2.124620878775122512e-01 1.962500060943642710e-01
1.753033766992315445e-01 -1.083753999305474419e-01
2.653422855089554999e-01 2.384745007283274598e-01
4.626485733267166611e-01 3.146219878828306893e-01
2.816158420424162978e-01 -7.322450074469701031e-02
-7.707995133157655165e-02 5.912690263203342900e-01
3.808614546491578823e-02
1.479311740436804190e-01
-1.239665208720124590e-01
8.629389402815786092e-02
2.125082260856640537e-01
6.246077720735787597e-01
-1.290629792491614358e-01
ReLU
0.001
7
7
-1.919424810899758860e-01 -1.262439639448510731e-01 5.991971745401578620e-01 2.694870765597038864e-01 5.016416558643217449e-01 6.749939751940556842e-01 3.112361120777233370e-01
-1.199469594843098064e-01 7.480181252326585373e-01 2.742813202376349069e-01 -2.463444137387618693e-01 5.527346483246362574e-01 -4.921044177817420623e-02 -3.908321275583383214e-02
-2.045891771524143143e-01 1.404099274766321681e-01 5.210618336417676549e-02 3.100441088728448924e-01 -1.416656671389529276e-01 3.755461890978714634e-01 -2.642940861307096004e-02
6.174620918634440292e-01 3.670032934296993954e-01 5.913519613011396503e-01 4.818814294197176218e-01 6.106033263853751780e-01 7.658547528638813828e-01 6.519651723279555888e-01
5.053383005151240726e-01 -9.388398732204125685e-02 5.433982721341553690e-01 -1.477152561060448843e-01 7.532079782389651534e-02 -1.628256378236023483e-01 6.145921109468925891e-01
3.883502607199221801e-01 3.991235180723258225e-01 3.224209557764049494e-01 3.156814815355085124e-01 4.629242056652460580e-01 -3.398777355148216994e-01 -9.133344597818260011e-03
5.423699168266861159e-01 -2.754418318358944212e-02 6.398418881610498099e-01 -1.378479955675079860e-01 -4.911928124234568593e-02 8.409211789184244112e-02 -3.532089712157300554e-02
5.350763332973257347e-01
5.290973088096158072e-01
1.221308312144407521e-01
2.195162552427124270e-01
-1.062579142836279633e-01
2.312245712499853001e-01
-8.199968814619253143e-02
ReLU
0.001
7
3
-1.622307815009556564e-01 5.845705012433943804e-01 -2.979052442817256563e-02 8.062228589135506107e-02 2.610840973767708517e-01 2.711643472496569895e-01 5.313691774965267900e-01
-4.520228541614158824e-02 6.646571579332607449e-01 1.686969847134567602e-01 -8.041348429635071515e-02 2.084426681793291325e-01 5.465186816656690816e-01 5.316821640879717537e-01
6.124463991973093657e-01 2.782695760104724747e-01 4.334103976913120104e-01 -1.840813020264766842e-01 1.770565196243942263e-01 4.900707689668911682e-01 -4.720370583844218232e-02
2.572566539831973031e-01
3.042651122856280810e-01
1.299507612916570576e-01
Linear
0.001

ct 2024-06-02 19:15:44.552286
