noname
4
4
4
6
-1.340704729608084567e-01 5.165752230751032847e-01 1.502223927197650255e+01 2.292171297377858241e-01
5.444171521815115433e+00 3.544819852869085963e+00 1.880303086421679870e+00 2.185367058270946572e+00
1.914697040261248207e+00 -7.712826391039449836e-05 -2.154903593959757302e+01 -1.012666893005102819e+00
-6.123577572824528970e-01 8.852127499785107378e-01 2.496296567009429257e+00 2.954679479430615263e-01
-3.752508205884708570e+00 2.020918634994521845e+00 1.082062707021436587e+01 2.414604932335626675e+00
-1.065058643531101995e-01 -4.220206475883933606e-02 -4.734298412403161294e+00 -5.990803836580572278e-02
-4.078989053572452228e+00
9.856985365753333506e-01
-3.829229902040727218e+00
-1.505799672384147359e+00
-3.569729970308235245e+00
2.843937929743983184e-01
ReLU
0.1
6
5
-3.577248316584271226e+00 4.984091573982682988e-01 -1.075760222417370127e+00 -6.768580028370728696e-01 -1.250508164034197067e+00 -1.701593828540779452e-01
-5.560567216577415595e-01 -1.097321574888714846e+00 1.091184544947330776e-01 -5.849223601396829064e-01 -2.049831194936778123e-01 2.647173124448436443e-01
-4.805457079628681072e-01 -3.393164222628623161e+00 -1.814658692010168384e+00 -6.459980793855432113e-01 -1.557867280721137448e-01 -1.852659045020050632e+00
-6.471155897375289179e-01 -1.480520382394040269e+00 -1.020939504484118743e+00 4.864923011657126262e-01 -5.677033155280025722e-01 2.647173124448436443e-01
2.820075643308961322e+00 -1.572915508647270144e+00 -1.335061712828661040e+00 8.544007166886359306e-01 -7.952485759636268581e-01 2.647173124448436443e-01
2.018361163812708803e+00
-9.270951106989252510e-01
-2.928417872906762476e+00
-1.446776368830768211e+00
-6.344568324465156284e-01
ReLU
0.1
5
2
1.150128161433111140e+00 -1.210761806522156654e-02 -1.802359348202608569e+00 -4.465561046856579841e-01 2.290476835255882415e-01
1.204002285411737594e+00 -7.162493522495048115e-01 2.174310657339916908e+00 9.683900687862921908e-01 1.724150139067557042e-01
1.678177903775655455e+00
1.747027619894729655e+00
Linear
0.1

ct 2024-06-16 20:17:51.666184
