noname
4
4
4
3
1.106118677328415068e+00 -3.550903441093626878e-01 -1.595226151144699145e+01 -7.732734711659461357e-01
-6.553557344898874870e-01 6.066139990724201958e-01 5.381979738895632970e+00 2.870561617934685450e-01
7.013818526059746317e-01 -1.010451134377950311e+00 -1.929563220218955166e+01 -1.669462266575524323e+00
4.209919133523803758e+00
-1.671101688186364953e+00
3.430707276102317405e+00
ReLU
0.1
3
3
-2.316930807775184620e-02 -2.092894552005798214e+00 -1.831792157834482460e+00
1.743200613816749955e+00 -1.065739237349715429e+00 -1.408942204706925105e+00
-2.086690417270961606e-01 1.620697545493637523e-02 -5.565106129218696518e-01
-3.704670831992325497e-01
-2.342224138037773268e-02
-3.510996002524178344e-02
ReLU
0.1
3
2
1.575649277845551088e-01 1.156013259365948231e+00 7.542598621598822772e-02
3.375416668498195105e-01 6.886509923742504258e-01 7.785516523683438939e-02
1.426203486007240562e+00
1.554201392461464826e+00
Linear
0.1

ct 2024-06-16 19:03:38.730142
