noname
4
2
2
7
3.370021220193221700e-01 3.060651356306629545e-01
1.518982865211230548e-01 -6.522164541029040752e-02
3.938853506749675939e-04 4.141362007716055116e-01
3.467563947533958135e-01 6.790156644240157302e-01
5.390550437126685468e-01 4.613433265535600847e-01
-1.040670240539203067e-01 7.159917161187954182e-01
3.409333328767211735e-01 5.649031119734404527e-01
3.450491921658037087e-01
3.561546857051186565e-01
3.258631542842836404e-01
7.350512332045978647e-01
4.129070008676545833e-01
5.154635248969976491e-01
6.988139891445946938e-01
ReLU
0.0001
7
7
5.313833579917986993e-01 -5.011550549368484070e-02 3.517909279165231662e-01 -1.851982153026850986e-01 4.245758013492162419e-01 3.927052088002606633e-01 -1.944082944844218452e-01
-2.291642092718348123e-01 8.016746684377486221e-02 6.402227514639424744e-01 2.002016126935896867e-01 6.614141540909052042e-01 6.393196826492807128e-02 4.142143371407587815e-01
2.963247964943363510e-01 5.990297158969478675e-01 2.838043969572325298e-01 2.415304959439061316e-01 -2.478165931015674783e-01 3.974037562399871382e-01 5.978114928135426220e-01
-1.753892411539379470e-01 -1.513480964615951108e-01 -4.923428168808722388e-02 -1.251748533737389035e-01 -2.891362410657869267e-02 1.828099168368151582e-03 6.808550068029669555e-01
4.074578621585949745e-01 1.276694235561039170e-01 -8.745728348686765408e-02 -1.246216376166386641e-01 6.247411640799250820e-01 5.330595304231923182e-01 -9.384554291141605775e-02
6.496898022868297096e-02 5.361890716353194530e-02 6.527572073110592399e-01 -1.781990270236302187e-01 2.386862001859279825e-01 1.018635822819077413e-01 7.641035645306279989e-01
-1.426626592125044557e-01 1.521609896232749559e-01 6.497421881857401438e-01 -7.055585728690196012e-02 3.081162448904199991e-01 4.633939698563740994e-01 -1.207506190248169714e-01
6.687285042444319760e-01
4.812342249781858539e-01
6.216509705627306648e-01
2.295465045170726748e-01
3.208418405589825162e-01
3.538176449383316768e-01
5.885440937311368081e-01
ReLU
0.0001
7
3
5.876995175253597603e-01 1.281212230125714502e-01 5.415439792279955755e-01 1.251523557357180072e-01 8.439108622704456497e-01 2.376849728098752446e-01 7.776096566417249611e-02
4.487358981889991161e-01 1.255764883323971237e-01 7.517634230479869339e-01 7.469946210575896250e-01 1.105579778122650625e-02 2.855212470096608057e-01 6.618967993166564590e-01
6.263267648360294482e-01 1.950901611278474668e-01 -6.838848464854263565e-02 7.144460563504284600e-01 6.183925157134712025e-01 6.324670780335199805e-01 3.378661247177631721e-01
7.781389492319332191e-02
1.424214700300693581e-01
-3.183424505613059036e-02
Linear
0.0001

ct 2024-06-02 04:26:59.906841
