noname
4
4
4
20
-3.605233006376631355e-01 3.642692848940366490e-01 -1.212891205774150105e+00 5.257221566455984041e-01
-3.565508047391749424e-01 7.124945428084499266e-01 7.756759319596380486e-02 1.625558638752561125e-01
-1.130678145444155014e+00 1.231016792632657841e+00 5.083404531507738078e+00 2.505231223823405906e-01
-9.094609379796396720e-01 6.917303051311800566e-01 -2.701201723279360589e-01 6.088013475873059743e-01
-7.437447730620596609e-01 3.795375501895729697e-01 4.580760923036446552e-01 1.663538118847876501e-01
5.410963361042923303e+00 2.805698104762371692e+00 2.338665124330015388e+00 3.996479992805893833e+00
-2.563113378301335565e+00 1.307780268223494691e+00 -3.924388161678872500e+00 6.996564336238348947e-01
-2.346812354236919695e+00 -1.023985998495550387e+00 -1.709557986632733506e+00 -1.544041451675187915e+00
-3.290127480345153010e+00 1.562047556798051184e+00 7.797712121602971003e+00 -1.972886605768016943e-01
-1.816408974052375891e+00 1.691146719555112199e+00 6.012885402659652989e+00 1.011191775399627790e+00
7.590569037168756750e-02 2.882624537504410167e-01 -6.514129916245763319e-01 5.349166673510800107e-01
1.062449826724170057e-02 7.084696632723451737e-01 -2.071218328126627650e+00 -1.146879727463010923e+00
-2.777383077927122024e+00 4.716973444265739612e-01 4.856725165358680152e-02 3.698532904415641198e-02
-2.092104598931986637e+00 1.256772867784639702e+00 1.232902839779657533e+01 1.283689375492959028e-01
-1.284435663397193617e+00 6.772811021337949988e-01 2.062214395867266958e+00 3.150187206105357629e-01
-7.511835179098345083e-01 2.745401896298524935e-01 1.951111036749209049e-01 1.466026970481579539e-01
-9.994266447982663726e-01 6.747194953011925733e-01 3.512044968763470365e+01 1.988628061225106602e+00
-1.546087542234396039e+00 3.415127694295481686e-01 -1.126564330500305022e+00 -4.330053243740432378e-02
2.854046928623585444e+00 3.191611082496486951e+00 6.414900130057454852e+00 2.341363170055066778e+00
1.696411479387224808e-01 1.248140113552148739e-01 -5.903680965297090077e-01 1.665185596964588455e-01
-7.215302266900313066e-01
-1.760566191932360081e+00
-2.612673690035876906e+00
-9.377491616685981191e-01
-6.299383399860999377e-01
3.056926543154026454e+00
-2.371349252053108092e+00
-4.819310009106227533e+00
-2.531433498209989974e+00
-3.032247787806369388e+00
-1.381379708261130990e+00
-6.616901348612480582e+00
-1.228170671465539154e+00
-3.869157369031849036e+00
-1.463473344891002004e+00
-7.492391681405007331e-01
-6.579247769094847875e+00
-2.884592674081575492e+00
1.973328329044384599e+00
-5.076888740923998222e-01
ReLU
0.2
20
20
-3.925274753094029068e-01 2.785623579227624602e-01 -1.337881039673404437e+00 -8.021122505616053999e-01 -1.630496535322430718e-01 2.183347793371329393e-01 4.501997559207633892e-01 6.380301577659549528e-01 -4.074585027003848059e-01 -3.125832783818432770e+00 -9.479585440031367272e-01 1.839195620860377411e-01 -4.101673455590889583e-01 -3.584752595710417045e-01 -2.791106691729443590e-01 -4.255717900665401676e-01 -6.371920539566748865e+00 -5.678279636261910346e-01 -1.805373302221803922e+00 -8.509764727328239520e-02
-5.719923248721003883e-01 6.597987984315721866e-01 -1.342748145617709943e+00 -1.164162730932659373e-01 -2.466289203350343073e-01 -9.817261669186241324e-01 -4.042482824095267602e-01 9.152679082395895893e-01 -2.440058871827808784e-01 -2.806304943213823400e+00 -5.989140178105143431e-01 4.789922808759917161e-01 -4.553208312636411459e-01 -1.749410584787362444e+00 -3.732349347965668307e-01 -2.654740509485994382e-01 -1.059452882839403287e+01 -9.187188470762215342e-01 4.670991334472504031e-01 -3.798351731847375845e-01
-2.709238110142235811e-01 -3.632823697525811579e-01 -1.675153905341706828e+00 -4.063354897511337604e-01 -3.587648650606639622e-01 -1.436863492839010936e+00 -8.202956716534970383e-01 3.329755280111455079e-02 -1.242831575260155086e+00 -3.362994871611376890e+00 -6.515807386275267454e-01 2.173427298160386822e+00 -1.828311913067875438e-01 -1.091493044208712737e+00 3.587615945787797078e-01 -7.508141721384309353e-01 -4.936229867536845894e+00 -8.235798448402690264e-01 4.620360943529842057e-01 -4.815167184956779534e-01
-5.436769463729368423e-01 6.499748124694555429e-01 -1.927302628771075499e+00 -4.397665826344409612e-01 -2.996382199090848464e-01 -3.688546254048910455e+00 2.413441208207970506e-03 2.699180140284911378e-01 -1.885083102384140950e-03 -3.377280979757137036e+00 -5.252024742891074904e-01 3.231915196994154527e-01 7.302794964166443858e-02 -1.086142046153620200e+00 5.250667535249160522e-01 4.767165631035166773e-02 -1.985148590190742635e+00 -1.781274123993674241e+00 7.873875929552787145e-02 -1.832368375618603218e-01
-1.395654833334593947e+00 8.701068531289785773e-03 -9.897898126015213238e-01 -1.664358046099555066e+00 -1.373583621788587172e-01 -9.170975563736805114e-01 -1.356266027296796628e-01 -3.639444870680328403e-01 3.493882462333097183e-01 -4.329988261250826698e-01 -1.186095237401489255e+00 -1.526491607598169375e-01 -6.184049616403943794e-01 -1.630467707676425126e+00 -5.662705269120137802e-02 -7.777770369328067535e-01 -5.346670302109764183e-02 -7.373151664161249341e-01 -3.044540156118580310e-01 -6.075375749912391710e-01
-5.789656503287475726e-03 -1.884421304082413151e-01 -2.131209834488740018e+00 -3.223820223636806315e-01 -5.580913543306490476e-01 -1.433055314447829298e+00 -4.696019254950614119e-01 1.841423511971411742e-01 -1.428228941365983884e+00 -3.015142168166861314e+00 -5.345449572190009990e-02 3.854951094443081594e+00 -3.347920354361151873e-01 1.073785902658565439e+00 -3.124620172339069302e-01 -7.879405291867364047e-01 -1.699259848237549519e+01 4.972880040934155588e-01 -1.522353541382776898e+00 -7.042347887504274428e-02
-8.429667580122535142e-01 5.627964981594192340e-01 -1.513207511273800154e+00 -3.109675806732892789e-01 1.116093704070337811e-01 -4.238535588635774509e+00 -5.547914649272427390e-01 3.304185673993421668e-01 -8.485018359631274487e-01 -2.220070394202204866e+00 -1.075275586682520768e+00 5.613981998712072596e-02 -2.714243468177206520e-01 -5.501589166592225633e-01 3.963171862624347286e-01 1.392587918878034070e-01 -7.743662576720264923e-01 1.907796647804400392e+00 -5.300560101808356350e+00 -3.139461104468880270e-01
3.995735583114880252e-02 6.978289840144212552e-02 -1.218893882275047025e+00 2.533198392460260240e-01 -2.965468071699555730e-01 7.015114433191729226e-01 7.377890103756677975e-01 9.283785232003848309e-01 4.013075779935634246e-01 -2.620152808690167756e+00 6.186264899920244226e-02 1.613955225569766228e+00 4.102777000807368291e-01 -6.599854888215107573e-01 -1.266420617245066216e-01 -3.356139847605810189e-01 -6.134050770680473441e+00 -7.553005223489461795e-01 9.247459071062485991e-01 -2.898142487640877341e-01
-7.617805674829132290e-01 -2.930414706655955909e-02 -1.085530072771666577e+00 -8.241430903903591565e-01 -1.666674951932331505e-01 -1.126831848242929368e+00 2.654289649730338652e-01 5.065738719631416309e-01 -4.241548899836006248e-01 -7.178721139220209935e-01 -7.127510348061377732e-01 -4.227915404811666278e-01 -2.588719502355907864e-01 -1.185437657395588262e+00 -5.940372236932965899e-01 -1.430114002699810760e-01 -4.993088632443564712e-01 -5.630531914138393601e-01 -1.070236220369149283e-01 -8.235448623097534337e-01
4.911649975701518414e-03 5.752167275410741132e-01 -1.088571688909094615e+00 -2.394765231055932461e-02 2.254728109614123344e-01 -3.376230384689270725e+00 -2.849580528248509825e-01 2.321222506805843966e-01 -7.560498479350162837e-01 -1.964093526651756960e+00 4.579657416262129799e-02 4.422362740438968154e-01 -9.426266730779924163e-01 -7.187271910109526152e-01 -6.091537840999707853e-01 -5.572897527266917200e-02 -1.613598900541548753e+00 -2.761760340655607937e-01 -2.724220501924345506e+00 -6.137802930612322738e-01
-2.356580228732920446e-01 -2.663146994950659624e-02 -1.768835388462393299e+00 -2.412245386415705350e-01 -6.668867965128914832e-02 -5.480827198092814712e-01 -1.224172500982245948e+00 7.105636785390671006e-01 -7.051965643945197204e-01 -2.792882379372342516e+00 -7.530607137991360833e-01 8.050852446542143825e-01 -2.565556917440059981e-01 -5.726340075038435229e-01 2.951345798229612627e-01 -1.493653354843121339e-01 -2.110553209261243346e+00 -5.488046146485316967e-01 -1.699759281377121622e+00 1.928296550481507776e-02
-1.118558128546846442e+00 6.626516592702678121e-01 -4.040873272561480989e-01 -2.042466805530610774e+00 -5.640811389290445454e-01 -2.366840057434686617e+00 -1.048056612839258550e+00 4.068284875337014883e-01 7.744545497906339948e-01 -2.405528769213784723e-01 -2.603091595298077099e+00 -1.042685410359510900e+00 -1.516440490152443754e+00 -8.589546106182008867e-01 -3.820272429001479453e-01 -7.341603897891003649e-01 5.017031148343412461e+00 -1.465595257789695571e+00 -3.133105674437491217e+00 -1.303997618293672778e+00
-1.454271557508619805e+00 -5.259882455218960473e-01 -3.509385249630599946e-01 -1.172452901054034324e+00 2.661289683095856007e-01 -1.143350927167984477e+00 -8.161391374011270905e-01 6.653207392443384327e-01 2.414567137320662235e-02 2.474404943932085044e-01 -1.075968623825742210e+00 -1.101219145963862195e-01 -5.917139535352011759e-01 -1.612684554095151546e+00 -2.833739195043961656e-01 -1.044791973142979336e+00 -6.835886881303820939e-01 -1.154967340765695738e+00 -3.244110422174986130e-01 -3.584874326432350711e-01
-8.343177341023330640e-02 8.066063843389305044e-01 -9.071140911312949306e-01 -1.635514014589210113e-02 -5.448307462874497631e-01 -3.772179106290921347e+00 8.614192991904362495e-02 -3.201209618369536547e-01 -1.031846234449665500e+00 -2.722074426445265871e+00 1.314335399086509870e+00 1.187712827619219924e+00 -5.311612069973117300e-01 -1.711248073166465877e-01 -7.871688618243851687e-01 -5.297131378786732459e-01 -5.412318870516003022e-01 -1.584881068988913400e-01 -1.886378104538227074e+00 -4.870970542097590728e-01
-8.322112828135772022e-02 1.188184052202356927e-01 -1.351907358866666575e+00 3.640831645512294656e-01 -5.169251477407056372e-01 -2.616728466815302134e+00 -5.082264650872009293e-01 -2.980628007229662590e-01 -1.191567643169193058e+00 -3.137784702756185595e+00 2.225884717981633898e+00 -3.089839232355636733e-01 -1.338973681370027036e-01 -8.832326506894599971e-01 1.104909479098554331e-01 -2.169773906040035338e-01 -2.180918650457606578e+00 3.342507757839710547e-01 -6.206908499536857526e+00 3.547670767168460432e-03
-3.345995529544393277e-01 1.026988803383601170e-02 -1.519681734615199620e+00 -1.057108636375243993e+00 2.336852410377163458e-01 -1.211710264476118848e+00 2.763424071498926105e-01 3.589117156850069601e-01 -7.982736935966291414e-01 -2.750089364623958144e+00 -3.146165861657757579e-01 3.187440443950306235e-01 -7.295410767574911359e-01 -7.436486521110660108e-01 -2.385023019704027025e-01 -2.450715354670758295e-01 -3.609061642222837651e+00 -7.404006489155433579e-01 -2.196158207036658538e+00 -5.592000106983529006e-01
1.071670839560299668e-02 6.894901053711079142e-02 -1.988293426602155911e+00 -1.400546447741847500e-01 -5.023339313758562463e-01 -3.615686477955806777e-01 -6.116042528607403828e-01 1.469937363913613459e-01 -8.494099538632366997e-01 -3.130207962384984111e+00 -7.561880764367451269e-01 -1.253061004099480513e-01 -2.242989404444312995e-01 -1.242401378439277559e+00 2.165538429311323065e-01 -2.773326739868421931e-01 -2.380916431849041004e+00 -6.548503244503017795e-01 -1.065168335808623024e+00 -3.892125765139720084e-01
-1.338858869893727599e+00 8.901654249304098709e-02 -2.067074953112243429e-01 -1.586805572703487099e+00 -1.015592931875631405e-01 -1.662414800127615555e+00 -5.553717741255882467e-01 -1.528472877526515228e-01 -5.294494348527273297e-02 -9.742823035593403125e-01 -9.702622862183223340e-01 -1.579335343180419404e-01 -9.156305331988505714e-01 -1.615138755111402036e+00 3.812674108022462982e-01 -5.848082861718705283e-01 -5.980466075890168015e-02 -1.017338010850069141e+00 -5.257485997291223567e-01 -1.675816292362919180e+00
-6.442685538492302078e-01 -7.656712306505376875e-02 -9.242725635033340048e-02 -9.103137540160902708e-01 -2.285493256194035816e-01 -7.277597825536361587e-01 -1.052299049825494021e-01 5.683196123034742753e-01 -6.308725672277585295e-01 -1.446596262440765467e-02 -5.804008680699107581e-01 -1.249043885021656752e+00 -7.328179149883595755e-01 -1.222251393532518327e+00 1.334821764078049089e-01 -7.798738600195012083e-01 -2.786473278085464522e-01 -8.552640553421289038e-01 -4.580527563625157450e-01 -9.667231358115290218e-01
7.341517564714122868e-02 4.562905169028568797e-01 -1.467464807670351368e+00 -8.591119402439439945e-01 -2.391279383691283511e-01 3.037289553796996167e+00 9.325213100877206562e-01 1.218119644757748254e+00 6.162973162166823782e-03 -2.672219116416983287e+00 -8.349984350893429053e-01 6.104510147117704344e-01 -5.279699061913440961e-01 -4.279728674439922664e-01 -2.169576899514366330e-01 -9.120806712142283112e-01 -7.663990521367678888e+00 -1.114078974366087049e+00 7.858959355682484382e-01 -5.706022703925170969e-01
1.033045853648458579e+00
7.239515768946165331e-01
1.074243663885881883e+00
1.822111097419563785e+00
-7.189049920686524375e-01
2.365210990384404521e+00
3.400856441191745794e-01
4.980875550788340433e+00
-2.565387045783085740e-01
1.116010817100321129e+00
3.138951118171996457e-01
-2.149780247660668220e+00
-4.720211898513558824e-01
-3.825922833699808845e-02
2.421421447324131559e+00
6.870458251503595015e-01
9.835397503098884942e-01
-1.877532965516004113e-02
-3.775959406947458907e-01
2.734175782397421095e+00
ReLU
0.2
20
2
-4.093406328227640611e-01 2.332080210493436834e-01 -4.235109845839949982e-01 -1.111593109214947139e+00 4.181335873730043784e-01 -1.379474402390721277e-01 -1.215594969866388819e+00 2.502738643388778605e+00 9.325523645637376902e-01 -6.377935904335451101e-01 -8.565730978047554969e-03 -9.999162432375162668e-01 1.792502044585110588e-01 -6.938441440201602584e-01 -1.073397193248798898e+00 5.865059594864909659e-02 -2.423435686750777807e-01 7.016476875230257537e-01 1.007328625631044750e+00 2.526501358648570061e+00
-5.240905163581019988e-01 2.997883140004782287e-01 9.210754155190358228e-01 7.445678461029741069e-01 6.277879666062238240e-01 -7.803830484847601445e-01 -1.521076598601542429e+00 1.126152890380484495e+00 4.496188642912822275e-01 -4.572912354792770806e-01 -3.652398525179580413e-01 -6.408136260551648977e-01 1.205424088294257734e+00 -2.766731397399195269e-01 -1.045312696063539271e+00 -4.194755858234658352e-01 -2.716957407259349977e-01 1.699739518045870548e-02 3.849700692950260295e-01 3.011102302653601015e+00
1.392123306455281906e+01
1.093943866225086481e+01
Linear
0.2

ct 2024-06-12 18:54:14.490344
