noname
4
4
4
6
-1.141520644929229222e-01 -1.357009075512789931e+00 -1.785886202639357379e+01 -1.733257274906834233e+00
1.006129930058617949e-01 1.980065120376898191e+00 2.531480346307048102e+00 8.281104795318903200e-01
2.813382528962143692e+00 2.402262776387981358e+00 3.606412613303312309e+00 3.500391459512683934e+00
-7.191954999490053346e-01 5.379303904108868606e-01 4.219558438018555790e-02 2.538112416737286492e-01
-7.082104309403862707e-01 7.417553384418962281e-02 1.656914966682828894e+00 1.229508034697220781e-01
-1.195180190570940049e+00 1.242210538082453297e+00 4.259055963082839291e+00 5.953748835099005321e-01
-2.703492719475250716e+00
-3.245029402136212937e+00
1.007796401877852910e+00
-1.141957179578319659e+00
-1.567047041824272569e+00
-2.540256399144900534e+00
ReLU
0.2
6
6
-1.011759451290173306e+00 -4.940213008790346749e-01 1.724277710112185474e-02 2.858076785401936770e-01 -5.013826325996277866e-01 -1.783196052967955358e+00
-3.969425517188192309e-02 -7.645777267482703476e-02 -8.943348423911633496e-03 -9.479912354665558372e-01 -6.906722703186977119e-01 -1.142815670800131800e+00
-3.514925937795944644e-01 -2.195066540734023353e-01 -3.165401203432588462e-02 4.393536551719680328e-02 -1.573346062710801255e-02 -2.998208377411129000e-01
8.159350700782485033e-01 4.080980464005791397e+00 -1.321377904890449928e+00 2.487662197281881871e-01 4.433883815921234040e-01 3.323020396916734343e-01
-1.905091345293386529e-01 -3.142945141581102164e-01 -4.412817077167924956e-02 -5.279539124029883901e-01 -1.355460621676669863e-01 -1.182468336043712709e+00
-9.666328339187882923e-01 -7.577152547185945775e-01 -1.777529147214091110e-01 3.098790344570085953e-01 4.282160613643227753e-01 -2.489382683943337504e-01
-2.785525613514410193e-01
-7.485474205921606172e-01
-1.826659939715619130e-01
3.365479072170535879e+00
-4.195234115227070570e-01
-9.763617756466466124e-01
ReLU
0.2
6
2
1.879293969685135179e-01 -5.868380442811751280e-02 1.370611292530086178e-01 -1.440346685864302367e+00 -1.336836805923030114e-01 -2.145045930490127706e+00
-1.033513363857415934e-01 2.080449950791724290e-01 1.131421149447221636e-01 -1.300205049988858663e+00 1.380264391314718099e-02 -2.070254490413440673e-01
1.070008799581304260e+01
1.073713072664037682e+01
Linear
0.2

ct 2024-06-11 22:11:46.281259
