noname
4
4
4
6
-1.855915630593611976e-01 -9.466315885285392362e-01 -9.517268972686355966e+00 -1.232021741124217584e+00
-1.437829284620951276e+00 6.780602776040346447e-01 1.412852192888205405e+00 1.752438486002592388e-01
2.141368915014687513e+00 1.681673306685574465e+00 2.616830681493738986e+00 3.441764941535904843e+00
-7.191954999490053346e-01 5.379303904108868606e-01 4.219558438018555790e-02 2.538112416737286492e-01
-7.082104309403862707e-01 7.417553384418962281e-02 1.656914966682828894e+00 1.229508034697220781e-01
-1.195180190570940049e+00 1.242210538082453297e+00 4.259055963082839291e+00 5.953748835099005321e-01
-1.230645525409867380e+00
-1.994234417124773895e+00
1.609010265466934264e+00
-1.141957179578319659e+00
-1.567047041824272569e+00
-2.540256399144900534e+00
ReLU
0.2
6
6
-1.011759451290173306e+00 -4.940213008790346749e-01 1.724277710112185474e-02 2.858076785401936770e-01 -5.013826325996277866e-01 -1.783196052967955358e+00
3.193119756517639463e-01 -7.645777267482703476e-02 1.618527182849331503e+00 -9.479912354665558372e-01 -6.906722703186977119e-01 -1.142815670800131800e+00
-3.514925937795944644e-01 -2.195066540734023353e-01 -3.165401203432588462e-02 4.393536551719680328e-02 -1.573346062710801255e-02 -2.998208377411129000e-01
1.676663171028020427e+00 5.287643681275528973e-01 -1.473628869599601821e+00 2.487662197281881871e-01 4.433883815921234040e-01 3.323020396916734343e-01
-1.905091345293386529e-01 -3.142945141581102164e-01 4.706379807530185200e-02 -5.279539124029883901e-01 -1.355460621676669863e-01 -1.182468336043712709e+00
3.280930161327821892e-02 -7.577152547185945775e-01 -1.792978020400396444e-01 3.098790344570085953e-01 4.282160613643227753e-01 -2.489382683943337504e-01
-2.785525613514410193e-01
-1.659225724257994194e+00
-1.826659939715619130e-01
1.347284406549473568e+00
-4.004483854362734241e-01
-1.402606823207028230e-01
ReLU
0.2
6
2
1.879293969685135179e-01 8.675351296023732228e-01 1.370611292530086178e-01 -1.255846721490845530e+00 -1.343990086239044979e-01 8.244048398724546090e-02
-1.033513363857415934e-01 1.286398187372157942e+00 1.131421149447221636e-01 -1.644169194630364483e+00 1.623478618017498362e-02 -4.325325446200402324e-02
6.528381875837063752e+00
8.273395729730991022e+00
Linear
0.2

ct 2024-06-11 22:10:53.729371
