noname
4
4
4
12
7.781165196723554001e-01 3.910803068899809665e-02 3.205225775521837739e-01 5.485152138827431578e-01
6.787940870124304915e-01 8.181057369068608365e-01 5.684928935635493730e-01 6.736406601492148649e-01
7.534809663390018564e-01 5.750089979513213212e-01 6.669616141515047891e-01 8.944167287903268537e-01
4.073320875222084525e-01 4.397593757558244110e-01 3.440905236260550781e-01 2.584321349824598713e-01
1.980767270088796550e-01 4.733591658184314044e-01 6.096590081633469493e-01 7.320877592426542346e-01
4.049243469919130978e-01 6.024536933279720508e-01 6.561172493295652774e-01 3.445216534617072113e-01
6.434487055296514990e-01 4.672827080095054431e-01 4.915261733025614865e-01 5.845630666698921063e-01
8.859984072984511405e-01 3.581627670086105497e-01 7.815431125558317538e-01 7.781729496058801265e-01
5.642553379964734273e-01 5.047343772291426056e-01 1.331467722299942147e-01 2.461875932817581547e-01
6.381570041597915965e-01 4.738571006577407263e-01 6.733732175807450870e-01 4.114422715310815382e-01
9.563449267653311159e-01 5.853706018232273101e-01 3.388703816348746511e-01 8.948223203578283824e-01
8.384323556904331731e-01 6.965649971391855155e-01 8.946787117542892576e-01 1.092636922427915602e-01
3.607695058033753566e-01
2.657438501460785973e-01
3.726640028588387166e-01
9.172427471507886843e-01
5.640178255454109113e-01
5.783859138819927859e-01
6.917649011626041400e-01
3.358621738125556755e-01
2.297566663646489482e-01
6.986094597827985364e-01
7.292001891879105191e-01
6.892824465740038375e-01
ReLU
0.001
12
12
4.869877281419522919e-01 2.712540441142878914e-02 4.550099622730151561e-01 8.159572529145540098e-01 3.583415172518561453e-01 3.991273872275077350e-01 9.517099218680091788e-01 -4.247784702265724847e-03 3.756587551894342569e-01 1.719659485539177801e-01 3.776652360584410451e-01 2.239711104938168496e-01
5.710367161861507751e-02 4.818561582224493989e-02 1.080939832972975245e-01 6.208053699789184421e-01 4.763635349419874654e-01 -1.143471429899478933e-02 1.175167996063303244e-01 4.891423413261517528e-01 6.603900918366830686e-01 4.592142206305074303e-01 8.463994837889426970e-01 3.760829385784687784e-02
1.727389138248407174e-01 1.621500895547929588e-01 5.587428289573826978e-01 5.720972253318959977e-01 2.471745524521801463e-01 8.512938559169590524e-01 5.378034402492249955e-01 7.671891666932784126e-01 5.234475428477054493e-01 5.040859127120616012e-01 2.093626006699894071e-01 7.668588970720539022e-01
6.427017679070772260e-01 -8.414221873169400873e-03 8.855142319270867812e-01 5.345764587335858353e-01 2.021581667973272323e-01 1.600385797855344988e-02 7.544017296276935847e-01 6.369915791283298212e-01 7.686134448182587731e-01 2.956800259773139650e-01 5.552296233432820749e-01 4.521120763837826462e-01
4.246749095293288895e-02 9.561449488326776436e-01 8.005877001208712429e-02 9.625831663486930090e-01 5.326308897693449174e-01 1.518786808848283931e-01 3.680243528966913868e-01 9.036798015412464968e-01 2.265543304190545115e-01 7.783811076370807935e-01 9.271591316136142957e-01 9.146809972508554987e-01
5.952609045132861189e-03 5.881957259666247273e-01 8.035774123223873300e-01 4.002762931598323748e-01 8.105553020767696237e-01 7.770973018279101474e-01 5.868001035973278989e-02 2.587724570578014416e-01 -3.313358234497871396e-03 4.076922528767056020e-02 1.839477383531979982e-01 7.423729005257838354e-02
8.667444556403244293e-01 2.545257528652867807e-01 4.840947095939602818e-01 5.266686170746743834e-01 6.002269778975747455e-02 3.858635771154245719e-01 1.329359403064103440e-01 7.242843479937015605e-01 3.763047626506308974e-01 9.623674044275744299e-02 1.111266029768295804e-01 8.598513250596440116e-01
8.323674235904831784e-03 2.967338335826055218e-01 2.880464694652701274e-01 6.338604795057423136e-02 8.931200476643056385e-01 2.647892064247936994e-01 2.027311379392545410e-01 4.740189498352950226e-01 1.239579700029487114e-01 9.411839779332469291e-01 5.583057974520891920e-01 1.940100771317805339e-01
2.921843104852882567e-01 5.726902206557279440e-01 4.211081410123811986e-01 5.233937406050871433e-01 8.920091793344619990e-01 1.766567287843240699e-02 3.729461968288307894e-01 8.544234399525564294e-01 3.581634505848501071e-01 7.238084669136619631e-01 6.995142420003682693e-01 7.155310504253780124e-01
4.402065279018667343e-02 2.264666480272322924e-01 1.224807227810344040e-01 5.911622342477604874e-01 7.714188790969844778e-02 1.984853935872755992e-01 7.161192256729054240e-01 6.841660068100652303e-01 4.099793749404654353e-01 7.166385208587289224e-01 9.066544184824313346e-01 9.448564878541096945e-01
4.832223048756560946e-01 6.757938753130508791e-02 2.509670146436200344e-01 8.405310382590400198e-02 5.934381040099719895e-01 3.134461306016999016e-01 8.063100473733034179e-02 4.390353410710590154e-01 7.337929194394120502e-01 1.688655100940300233e-02 5.790621229336125886e-01 6.424828947932226253e-01
-5.510091520122015717e-03 9.584316576668227006e-01 7.101447429661958965e-01 6.852131630072535451e-01 1.701590551121014705e-01 2.413304172569785966e-01 3.451027618478786918e-01 4.657952034230611327e-01 1.564004400843378162e-01 4.339380882289041452e-02 4.486491123671597636e-01 5.587593526388552334e-01
1.463153997784810700e-01
8.649861341193922915e-01
1.892253408974829409e-01
1.646276993407998768e-01
9.043957884348506615e-02
2.289300615236808945e-01
4.494793958556801416e-01
6.758012354028834767e-02
5.236266890165838239e-01
6.418472625329654235e-01
6.626635584950134605e-01
6.055431475831547505e-01
ReLU
0.001
12
2
6.532790087322635220e-01 5.887551932556347456e-01 3.523085377818510611e-01 4.815298674516527155e-01 4.346225187677362212e-01 8.007611809759069832e-01 5.622863564540778736e-01 1.008496364978750393e+00 7.106362638394221332e-01 7.578266618737199423e-01 1.044248577191351501e-01 1.006828226865363884e+00
2.387925037943522399e-01 8.851221654491046031e-01 5.780413324675158782e-01 8.764387897237089220e-01 5.875877807127483088e-01 6.542634122400755592e-01 2.631467405595116493e-01 6.820121533326978236e-01 3.981361168502624004e-01 1.101257501716138287e-01 4.095846120079976171e-01 8.348715197366993745e-01
1.432250305518469879e-01
7.080657663580340877e-01
Linear
0.001

ct 2024-06-03 18:39:45.858252
