noname
4
4
4
4
-8.294508277329697143e-02 -1.370309094757235613e+00 -1.221887873820713288e+01 -1.874459595665819212e+00
-1.149453389326158481e+00 1.463706864956716869e+00 7.644006150974218983e+00 4.543139913262465579e-01
1.147391264727763094e+00 -4.176627790819508745e-01 -1.754180354608850578e+01 -9.329632517259951463e-01
6.352527124067270936e-01 -9.378129204389434870e-01 -2.018921802671498256e+01 -2.011511044800593506e+00
-1.873606909467271375e+00
-2.849816151180541990e+00
4.777358941772821943e+00
4.744998560924600817e+00
ReLU
0.1
4
4
-5.788885904463730858e-01 -1.872102484081674900e+00 -2.011256291781483019e-01 -4.847639253956345096e-01
-6.904169909897330815e-01 -1.719597793139116870e+00 -1.548487939241413591e-01 -2.713401411657093698e-01
-8.473320852935091185e-01 -8.345226432488976887e-01 -6.672109965588070013e-01 -1.546295031368889683e+00
-4.746865569907944282e-01 -1.988809546482610324e+00 2.237047894260469683e+00 -2.337454700047981504e+00
-1.100444324921879061e-02
-7.297221794315509637e-03
2.510415965519715353e+00
2.375895286403929330e+00
ReLU
0.1
4
2
6.243722867549839073e-02 3.499085929491443925e-02 -2.159224227907248661e+00 1.163840103940329440e+00
2.942449339337611589e-02 4.758940071502767988e-02 -9.834629397702520093e-01 9.967295102029710696e-01
4.709483695147755000e+00
2.538515877995411341e+00
Linear
0.1

ct 2024-06-15 16:20:03.442147
