noname
4
4
4
6
-4.810812262721738009e+00 -9.144584115688426662e-01 6.780520841747988747e+00 -2.307645569907343375e-01
-1.032314394481659514e+00 1.348080581761224472e+00 3.481952638948070611e+00 8.846451936392034643e-01
1.031771524617925762e+00 3.232143931499507072e+00 2.195655768550351272e+00 1.268903060427377438e+00
-3.204185681329735913e-01 -1.425888551203350119e+00 -2.413030658407458873e+01 -1.812628779078537367e+00
1.599895452226715920e+00 6.229949912558818692e-02 -2.056823999137851899e+01 -1.933225256547239923e-01
9.048018764533802827e-01 -5.570236183095469418e-01 -7.134278481556402873e+00 -3.879805327472590076e-02
8.949085171272600503e-01
-2.032992353014123843e+00
-4.754301244552531225e-01
4.566195508881354392e+00
5.255988123908544196e+00
-2.018335836108253734e+00
ReLU
0.2
6
6
-4.117146782762312052e-01 -4.363077116149645107e-01 -7.271907052852289999e-01 -1.143238159896198480e+00 -8.420376086304494079e-01 -9.889753144598243395e-01
-5.833551892874350164e-01 -1.968153009824889166e+00 8.262157867715906878e-01 -3.231598600766290907e+00 3.010072275093248706e+00 -2.402934925234326613e+00
-1.603683935669740546e+00 -1.264463519128274371e-01 -1.097080212681697834e-03 -1.110661029720006798e+00 -3.931670420604533450e-02 -1.036731127205478664e+00
-4.730451631409043900e-01 -8.617338617591551175e-01 -2.017532018884349021e-01 -4.829094909912539091e-01 -9.656000403333067084e-01 -8.046600329483706293e-01
-2.476477565243007106e+00 -1.564684484187350566e-01 2.642789550563687251e-01 -5.209980095745891937e-01 -5.583316208502131506e-01 -7.495887410379102889e-01
-2.775619157526654668e+00 -5.814280805463014623e-01 3.491258565000339154e-01 -1.217740324059536139e+00 -3.755978407007427133e+00 -1.471861224478605568e-01
-1.295741522031516046e+00
2.244859467036506739e+00
-5.099253237507537367e-02
-8.999437840362445318e-01
-1.131609989532153193e+00
-1.039630406690121578e-01
ReLU
0.2
6
2
-5.311882000269408516e-02 4.215949336020951010e-01 3.281554393326583524e-02 -3.528377848683571516e-01 3.394390796810197175e-01 -1.649978448842049916e+00
-1.480444154102674714e-01 5.305422646522217622e-01 1.697865755937745177e-02 -2.694510555487328873e-01 3.263423123467021347e-01 -4.760397723257900338e-01
4.345684293736543857e+00
3.984087284382908045e+00
Linear
0.2

ct 2024-06-12 18:05:21.735700
