noname
4
4
4
12
1.079886993957974939e+00 8.835343776594921650e-01 1.018005428266980816e+00 6.163580277586251377e-01
1.398070314982865048e+00 6.747358164556171989e-01 5.485909221527617285e-01 6.508137137859035803e-01
1.477349938382574557e+00 6.050581179416982813e-01 6.996609802693267710e-01 6.578498210792630418e-01
2.044125554012325985e+00 -7.877868564189446920e-02 1.082474109127395528e-01 6.189752085450151986e-01
2.035512417699507637e+00 2.991116060567001744e-01 1.108385543347296220e+00 1.170233841984509748e+00
1.506551450730664321e+00 8.653506862773320263e-01 1.261687460403747796e+00 1.112507187155448163e+00
8.974772798121921635e-01 1.405934290602552261e+00 2.113888997318241092e+00 5.987976318885338545e-01
1.188418315005807663e-02 1.413690682235143159e+00 2.212067591588421589e+00 2.182462754803699556e-01
6.002935903437077725e-01 1.016501178619428014e+00 2.851194547216057806e+00 9.042249541631398602e-01
1.091533227141029183e+00 7.231320600424611111e-01 4.431511547376011384e-01 7.065820029658990142e-01
-2.116702593248012965e-01 3.714576153423078120e-01 2.133104369754424745e+00 8.603596621338386319e-01
6.223753312848288033e-01 7.062013441147845239e-01 1.713768385964640761e-01 5.262268008087790383e-01
5.365798172798741383e-01
3.954183076983764367e-01
3.902931346385678513e-01
1.338811522820206878e-01
7.015921660225049594e-01
8.173047642511028776e-01
5.011184512307637062e-01
-1.120527326872590157e-01
1.068931461549113227e+00
3.739998440548312764e-01
-4.812066447959587046e-01
-4.084293428556415306e-01
ReLU
0.2
12
12
-3.147996132999306140e-02 5.699975050867552850e-01 1.384871688529464573e-01 2.411973720920180253e-01 4.489352028320408583e-01 9.154257148220864559e-01 3.966220299657179371e-01 1.653269643233816200e-01 9.790396538557510908e-01 6.031250297476181688e-01 -5.105447917167553473e-02 -2.837279762665855243e-01
8.265409285885227941e-01 -7.242225228548010429e-02 7.946535742104861022e-01 2.094355995788866331e-01 9.430627480140650887e-01 3.712188959423307621e-01 1.685547925130849445e-01 5.091780848681844995e-01 1.188399436497959760e+00 5.772889132800574502e-02 -3.115652505424715280e-01 -4.304619992960341812e-01
-1.008715288145374922e+00 -5.174676272510085884e-01 -1.068392929621773568e+00 -1.227680188954690887e+00 -9.563643365379442818e-01 -7.685150404741476482e-01 -1.093448330471728271e-02 -5.267497981014293007e-01 -3.668864616582195870e-01 -5.302209378864171097e-01 -9.927675406359637300e-01 -1.133205607751029742e+00
2.920626720867192105e-01 6.135175125265192042e-01 -9.464729255120651885e-02 -4.150236956958192058e-01 7.889051037901859131e-02 2.711910849310269489e-01 2.113853510142576775e-01 3.376361679725952136e-01 -5.520143803445011835e-03 3.672780450711224387e-01 -6.106709744912451887e-01 -3.756560181279294808e-01
1.883838506658525591e-01 6.892165346915856139e-01 5.394472761504228719e-01 2.808362054834079302e-01 9.660194187919673992e-01 1.458728827179771870e-01 8.339691876594690356e-01 7.968201690371989887e-02 6.821045995090954106e-01 5.836760913651958260e-01 -5.900024841012705412e-01 4.451631089346570480e-01
-3.681750446748187078e-01 -4.519970533824888559e-01 -1.227587575241461948e-01 -9.963919648314768507e-01 3.863455916137613355e-02 -1.304397256086884671e-01 -4.124094060466167444e-01 9.579300271975305092e-02 7.946528652666792758e-02 -8.312296677098926501e-02 -3.931617581584809229e-01 -5.687568299425037610e-01
5.199647623872692970e-01 -5.698836475277329477e-02 -1.201696219161856316e-01 2.052661870246619003e-01 1.079388153810473705e+00 1.087154188210483818e+00 -1.187397911265738043e-01 -2.697558269041299139e-01 3.640703675571763109e-01 3.317775781365978616e-01 -5.910517471933585121e-01 2.515260304256110024e-01
-9.611228154403553825e-01 -3.607579847780997828e-01 -5.431744112963893256e-01 -1.211749988419188906e+00 -1.126296638134360428e+00 -1.159211637191311373e-01 -2.436383543785450578e-01 1.124455915070913248e-01 -5.062531972284820547e-01 -7.508446752126025636e-01 -4.481577070327652512e-01 -3.118276060281171547e-01
4.782568733166725483e-01 3.866244701335964651e-01 4.025853853249645176e-01 -2.721836633514086445e-01 6.122873470912089111e-01 9.528684443481312272e-01 1.713192697831703859e-01 5.116897577286873000e-01 3.955607166095950755e-01 -1.662424941432056880e-01 -2.475349994134829201e-01 -5.729114692108234763e-01
5.951983103715391410e-01 -5.820791587612156315e-02 -2.110287043041552957e-01 -5.492012731016138183e-01 2.709398354645528584e-01 3.327160341932288157e-01 5.966056489121065454e-01 5.360347282920437939e-01 1.203499823196002988e-01 -1.824166981307016600e-01 -1.913911503972956785e-01 -2.448484045934608277e-01
2.862977422562023033e-01 -1.663677445223452345e-01 6.075138796051435808e-01 -3.476163582651634054e-02 8.132501455347226349e-01 4.250628578533844903e-01 5.329836815469803923e-01 1.921965414889167945e-01 8.634389587337718552e-01 -2.493871764489176759e-02 -7.029013943397905972e-01 -1.057803633065694526e-02
-4.135735897332946664e-01 -7.005708205246000686e-01 4.804507976251380652e-02 -1.213963493602006949e+00 2.966347112620071891e-01 8.529549016881882162e-02 -8.793601523805333331e-01 -9.901415797510210171e-01 -4.569441943273039874e-01 -1.975487960821500633e-01 -8.041911365839268244e-01 -4.678865254632541548e-01
1.789058927083497785e+00
1.760147917931889738e+00
-5.187871333373477167e-01
1.393162604821390538e+00
1.006815884846234965e+00
7.664308593637914058e-01
1.271587500660766201e+00
-1.978000486140633341e-01
1.038535338718788115e+00
1.123124089377868895e+00
1.148725105039161365e+00
-1.860516716136605686e-01
ReLU
0.2
12
2
1.014157414897462584e+00 8.082342226766845439e-01 -3.616601920846891915e-01 3.253521458446884673e-01 5.910219774356005873e-01 -1.371901483271095734e-01 9.342583351437172556e-01 -2.210889166480863866e-01 5.441228005492925179e-01 2.330505280845204252e-01 6.575517321080099897e-01 -4.042114706315325656e-01
7.679567883423475960e-01 9.258438994097512031e-01 -5.336943035080057296e-01 4.867617319088795025e-01 6.500619759060832781e-01 -1.342367166356225605e-01 3.567861415126891700e-01 2.207386594463234819e-01 4.782062237873775934e-01 5.976067005565104395e-01 5.493516714240074261e-01 2.132957694953057926e-01
1.529033271069404787e+00
1.574842263650515051e+00
Linear
0.2

ct 2024-06-11 22:19:35.854882
