noname
4
4
4
16
2.870364382757492061e-01 5.167327307392094449e-01 2.731987205568627286e-01 8.721809752325125620e-02
2.400216206698733146e-01 3.631001358678965230e-01 1.023069195430617029e+00 3.279750455245851182e-01
7.456195047671778653e-01 8.414744566727863639e-02 5.076426495308042908e-01 6.800525163577614274e-02
8.850680569806925746e-01 2.844821904922399392e-01 1.679306298250394375e-02 8.203207409735142619e-01
5.064864358768138564e-01 7.181418863100469396e-01 1.598906524338948032e-01 3.601127812685222529e-01
2.329559835127862077e-01 6.174480311828237644e-01 6.769489898064287581e-02 5.783919767433914894e-01
3.137146677271629991e-01 2.342154885977705270e-01 7.940798189095609194e-01 6.840346326328342053e-02
1.093578122213431786e-01 9.052111774224631535e-01 2.082367746873748093e-01 1.009768315194860405e-01
7.899608905574667661e-01 6.721213215270037677e-01 8.046854777762234567e-01 3.250258851703723972e-01
5.973499196384305376e-01 4.395419941434765554e-01 3.997537858904526842e-01 2.531075459520439885e-01
-6.171905678069694243e-03 4.802759841291537324e-01 8.799785859961898327e-01 5.390854721692809326e-01
9.105645455981652425e-01 2.486836857414619351e-01 3.009716945609265948e-01 5.521868674197153437e-01
4.894488011873573963e-01 8.386344123955727925e-01 4.304740418017109493e-01 7.114310209828993148e-02
2.225385130615188944e-01 1.128397828525457836e-01 6.679504132824223284e-01 2.184930001696941126e-01
2.541640438460841533e-01 9.659875065068068700e-01 5.224781306727474539e-02 7.735545363352555048e-01
6.573257278383858315e-01 7.040663831160890451e-01 2.408645471184738263e-01 7.400796838905208119e-01
7.056882367240864262e-01
8.862775640001457900e-01
-2.113305479290409489e-02
4.095514953237846534e-01
4.473636995311334741e-01
2.642699924817965007e-01
2.763045069008696758e-02
6.787397088922467736e-01
9.249390007893829591e-01
9.322644836222677700e-01
8.171631601353059882e-01
9.298420127377535760e-01
1.113129048438950136e-01
3.103065103938814628e-01
2.484070957041998040e-01
3.568543676975576839e-01
ReLU
0.01
16
16
2.208778806300072117e-01 8.241828487808668946e-01 7.819154988633797432e-01 1.899966346081904608e-02 6.847373944549760560e-01 9.304826915388032527e-01 3.469839502019979594e-01 5.676253013739794850e-01 5.212240269101607870e-01 4.759943819464788617e-01 5.025881882315414995e-01 7.836559309968905707e-01 7.054969725901433231e-01 7.845631876040236596e-01 6.882568552765291336e-01 9.055160446014373088e-01
3.610532692716764691e-01 6.840806928711137269e-01 1.211981342042916243e-01 8.555289482389435429e-01 3.648898869566076786e-01 8.858059860524726270e-01 6.253760789538362896e-01 9.151953456131323161e-01 7.110052038143557240e-01 6.227721543186794939e-01 7.509835787190192180e-01 1.975225280574811892e-01 9.794985829327623739e-02 8.744555890114420471e-01 5.098518329631852586e-01 8.985981327753315151e-01
3.197736368571349463e-01 1.469677652575909939e-03 3.402807571415903953e-01 5.778425335585999356e-01 1.017239968966141134e-01 8.601458941177847484e-01 8.081693528032570795e-01 2.065170171321080717e-01 7.330122731285005910e-01 9.152654158703894538e-01 8.754296923100134409e-01 5.042068436282606259e-01 9.698867104740274137e-01 6.794957135614033694e-01 5.322094384092943553e-01 6.354204999297832779e-02
4.350011719705133006e-01 4.446551872667304783e-01 5.225900803074610135e-01 2.054493054118410600e-01 3.666353273526328227e-01 4.400418379414912096e-01 5.702274567778442549e-01 6.889210883134814223e-01 7.507278709595330835e-01 4.125282906043648556e-01 9.241342816032739327e-01 8.847830668323745096e-01 1.352311509830753447e-02 3.056665567080367185e-01 9.694743982152747019e-01 1.054213970277230739e-01
9.763216207527211643e-02 1.827881445843892450e-01 5.478381238600271708e-01 8.036168224589421150e-02 2.166335375420257170e-01 2.970913502539987427e-01 -1.047905365328998840e-02 4.457443455708157698e-01 9.314567396615266448e-01 7.343987625645642670e-01 3.889443073194265299e-01 4.969594798132157543e-01 2.742545035007945553e-01 -2.103996719173469054e-04 8.572640318806793447e-01 -1.020822972226002878e-02
4.326888955327666542e-02 6.451748707330647870e-01 1.447335140264542352e-01 7.499569783028960934e-01 8.085949699330343687e-01 8.797947755291520844e-01 4.327020772548192951e-01 3.970129179228216176e-01 2.185849578304989160e-01 5.490675690821802402e-01 3.424087195247360604e-02 6.962010445577206941e-01 9.466743842329984338e-01 1.206743513340438785e-02 4.977434947841237189e-01 5.571966374361273511e-01
6.444065023000176973e-03 4.581404228152688440e-01 3.389675167181501192e-01 4.179405341911674454e-01 9.694822191218460672e-01 9.493758476480234076e-01 6.765756001994358559e-01 9.118321426497759674e-01 2.843177779122837978e-01 8.795404307105877395e-01 4.392825400457362472e-01 1.269656846980348752e-01 7.990448248060219028e-01 1.846502959976746294e-01 2.877576368761308734e-01 5.380681488880456609e-01
1.276074935203440619e-01 9.324451786939387254e-01 4.805380637368429908e-01 5.625202559721373952e-01 6.961801815121068104e-01 2.524692443427229913e-02 5.211928271776260502e-01 7.890498564120650427e-01 3.851288846880539241e-02 4.799609950526032565e-01 5.422886642554904935e-01 6.279783195422133923e-04 6.567777130786539574e-01 6.682407793997877654e-01 8.338624772537036600e-01 3.249308122096539186e-01
6.214221041916819788e-01 3.026072288817438505e-01 3.579133881393439798e-01 7.613680053973873596e-01 4.841043636054918609e-01 6.290075374945143238e-01 2.150850944931760877e-01 3.325742964955158421e-01 4.707796995272229279e-01 7.667283625366602129e-01 5.156557079875940808e-01 2.355697301600014892e-01 6.233704159524201538e-01 8.475628232431909881e-01 2.332952123989700532e-01 8.901459354745255848e-01
3.253933597496061481e-01 4.254272623833512124e-01 5.165195353138536394e-01 2.431091212609214902e-01 7.209050084209588372e-01 5.123000956331444922e-01 1.006821769705391612e+00 6.962290472938871266e-01 5.132198038918630578e-01 5.587893859572100608e-01 1.239759817140245052e-01 2.103998121278037314e-01 8.774189916607078032e-02 9.405455846571226797e-01 7.418221892107809690e-02 9.029730433845762905e-01
5.239714292905629511e-01 3.729114333301299794e-02 7.923191781907079623e-01 7.700319250169771479e-01 5.103553433029365261e-01 1.118748211663696951e-01 9.580600004235780842e-01 1.250717998349647198e-01 4.364418456426478743e-01 6.600082574890413500e-01 2.237645800144244523e-01 4.182711730782966986e-01 8.225789264777598475e-02 8.515314371852968911e-01 3.001730643375948200e-03 9.321520851684667042e-01
5.874893419334477063e-01 7.450538440001334139e-01 5.270150236982780179e-01 7.381456162695344547e-01 6.681668244772647203e-01 7.425005720364215023e-01 3.362645986584403973e-02 7.565148329756862244e-01 4.821701677028796262e-01 7.310146831802599721e-01 4.482808370814578280e-01 2.369283951634428842e-01 2.367796001272787776e-01 2.486164749381220562e-01 5.484153415784878138e-01 2.386544776813086938e-02
6.990191852015967822e-01 2.555001819365991800e-01 2.881779340566889558e-01 6.210474091743424241e-01 7.165819111249838169e-02 8.311974384938293492e-02 2.071936153932047719e-01 1.799779561548597029e-01 4.558815264904723663e-01 8.228360178728206797e-01 7.856121468802101937e-01 1.174736343255631532e-01 3.534431570559046221e-01 8.609093985979596741e-01 1.437124940804301032e-01 -4.368256877046903033e-03
8.885609752128325045e-01 2.379915144386353654e-01 1.653454053130309354e-01 8.140474435748911164e-01 5.337706885680276736e-01 3.282879110099923836e-01 7.039808205878181346e-02 4.406595773156415374e-01 8.802756116540546572e-01 7.381829594452631316e-01 8.136993254130091557e-01 7.137673841338355585e-01 5.034688144560172107e-01 9.216503287644584042e-01 5.527026036235519607e-02 1.265978722248267963e-01
5.918089526925151417e-02 1.704091585745818593e-01 2.937901491989993730e-01 6.058334388263525438e-01 7.770532654374141535e-01 9.761972073558516927e-01 5.076466195482748356e-01 5.318535647836134528e-01 5.936791078668173238e-01 4.347224952783210195e-01 9.739660803337124584e-01 4.302865394738346616e-01 8.077411237184279891e-01 9.137643955856109557e-01 4.161448653720818402e-01 8.124421203677908432e-01
1.407859331386018265e-01 1.173448773322268712e-01 2.992897804365284853e-01 4.185991165495729915e-01 3.319048562096473809e-01 3.224465017880310258e-01 7.746102192419292987e-01 5.076806129088105024e-01 8.148050305473630850e-01 3.103290781003680276e-01 3.447223400694088280e-01 6.363960318751326062e-01 1.866145851688496005e-01 5.060352822991741606e-01 5.557232525227263631e-01 6.924506074338944162e-01
5.455978774358194450e-01
9.724129170125964672e-01
3.144944073553974095e-01
2.674825380482114823e-01
2.978071635459992872e-01
4.054859886123206025e-01
6.816096760348929751e-01
2.193398753201194762e-01
4.511455441998820093e-01
5.655121108515913653e-01
6.546407869322302675e-01
2.439761126126784863e-01
6.506168493015075383e-01
5.658131977382300226e-01
4.394117292721376189e-01
8.177085416393152784e-01
ReLU
0.01
16
2
5.693925062632193557e-01 3.066262762832971389e-01 3.674347151662280542e-01 3.131920092648951548e-01 4.393873904841143485e-01 6.346800436099037102e-01 7.386411958789637078e-01 4.528597453427665176e-01 7.800320244616238963e-01 8.389905598362111805e-01 4.744239783874491523e-01 8.657050706645283977e-01 7.476340479986358645e-01 3.202752349727857606e-01 7.538213867436961424e-01 2.461180714827473082e-01
2.593313163499709750e-01 2.797132067776960107e-01 2.071223916051826708e-01 7.751910415815430611e-01 7.868226492202107236e-01 8.804267727980816804e-01 5.496660146420327964e-01 8.624750238206984054e-01 8.071077265262950329e-01 7.065173898388019472e-03 8.649500081530752116e-01 9.365374835824933353e-01 8.412418438051846303e-01 2.283010846991771481e-01 3.682893569960743463e-01 4.569969374623549241e-01
2.455518771110880016e-01
8.363271111910189903e-01
Linear
0.01

ct 2024-06-10 14:43:29.806029
