noname
4
4
4
4
-1.502370549679068912e+00 1.314512977335488220e+00 8.816753610900551763e+00 4.416253474557616521e-01
1.272880794001000515e+00 -1.143996050134141601e-01 -1.458899287772721998e+01 4.298160430308362728e-02
1.029185454979362424e+00 -7.270633368882429837e-01 -8.133021196231654315e+00 -5.760848281111831115e-01
7.268311752413016968e-01 7.982428089950234507e-02 -1.871027182440527170e+01 -1.436493501699573239e+00
-2.986417658530371444e+00
3.436588922942953594e+00
-2.462131176705620650e+00
3.438869713313739140e+00
ReLU
0.1
4
4
-4.971553527033613640e-01 3.744292783832477850e-02 -1.223478185723263278e+00 -1.746055754753044198e-01
-2.784936316121233713e-01 -9.187901084049096001e-01 -5.477506526837769979e-02 -3.911977526091405810e-01
-2.754314392473968809e+00 1.613759787836748005e+00 -9.172753086056011362e-01 -1.800738220833847825e+00
3.031017742493553602e-01 3.942378238419725345e-01 3.031017742493553602e-01 2.954936034335445827e-01
-2.615348648983580326e-01
-7.116001457497135307e-01
1.578117116645361834e-02
6.923881067240791332e-01
ReLU
0.1
4
2
1.895302042409384088e-02 5.025006897733559352e-01 3.550948394028863864e-01 4.830747079293928326e-01
5.684285941136225928e-02 5.420961421688069715e-01 3.310108476642075193e-01 5.161445333842247241e-01
2.854276136249297657e+00
2.533772459497664276e+00
Linear
0.1

ct 2024-06-16 14:30:04.935612
