noname
4
4
4
5
2.786771090185748978e+00 2.760782632904594358e+00 -4.649264362462687039e+00 3.150737890412373954e+00
2.080044570937591875e+00 1.906409355854477905e+00 8.612924888836275272e+00 2.480351123654221723e+00
-8.269799488241496022e-01 1.076574079365218539e+00 2.300344236764790296e+01 2.429494981540289977e+00
-1.127036632871151633e+00 8.043470826372598470e-01 5.621354119321789966e+00 3.423234347389472743e-01
1.028816190096546040e-01 -1.557334200435947155e-02 -3.257310985503573342e+00 4.810266521299260689e-01
7.332875600947008632e-01
3.175091458432455660e+00
-4.580133333720457500e+00
-1.997392186048106755e+00
-1.328087451382213846e+00
ReLU
0.1
5
4
1.187163809000913117e+00 -4.673095818535706769e+00 4.125272422655139049e-01 -2.192668772513109765e+00 1.761334199618332930e-01
4.814476127763673285e-01 9.364441420710998276e-01 -3.160306941802125458e+00 -9.541827425151280240e-01 -3.009874408370378368e-02
-1.113532587431874221e+00 -7.564529082550777717e-02 8.141527815660597467e-01 -8.099669954462943577e-01 -1.776001367177742346e-02
-1.604395186610889368e-02 -1.556231634923146145e-01 -5.186825827351929652e-01 -2.865336056935585241e+00 -2.481204202202979270e-01
1.016591356035262184e+00
9.139824104927667392e-01
-2.408736187030126263e+00
-7.542169764557153655e-02
ReLU
0.1
4
2
-3.369265031143384159e-01 9.364073851853427222e-01 -2.408774214802996971e-01 -3.055994174971491881e-02
-2.834497186141350378e-01 9.236871390129928194e-01 1.570197742964814930e-02 -2.571600470814062664e-02
2.197358441912293348e+00
1.887163193581532505e+00
Linear
0.1

ct 2024-06-16 18:47:22.658349
