noname
4
4
4
4
-1.231463460486616146e+00 1.333130476923621854e+00 7.654119645407853056e+00 4.137871569624017032e-01
7.796695877361402571e-01 1.538958429282982321e+00 2.539058002309211304e+00 1.674132709898535465e+00
-1.757215610753642132e-01 4.923498563926843596e-01 1.111607205386868102e+01 3.076506473905978867e-01
-1.732366932604888943e+00 1.208087168316863025e+00 2.180783507979418445e+01 1.840688758287499338e+00
-2.601429446651472244e+00
1.535283483259934245e+00
-3.457156548965925058e+00
-4.334008509035551349e+00
ReLU
0.1
4
3
-1.518766573971640721e+00 7.428983775893399644e-01 -2.415920632924616118e+00 -1.439139112504481899e+00
2.415744866455044604e-01 -1.523445484343364908e+00 -1.121620516161331294e+00 5.834296847264520691e-01
3.680617438444421241e-01 -3.630259912671743999e-02 -2.384467050218938677e+00 -3.774749315778257452e-01
7.834451669246814687e-01
-1.332565301939504954e+00
-6.187377952747158405e-02
ReLU
0.1
3
2
1.386465346357818040e+00 -6.241653824616202328e-01 2.400703703026994817e-02
1.020029918605815711e+00 5.029445575213969954e-01 1.623626257254892624e-02
1.475222015816941346e+00
1.494804507172326380e+00
Linear
0.1

ct 2024-06-16 14:14:12.374342
