noname
4
4
4
12
2.775461703597095209e+00 2.073617773887463045e+00 1.404319536236872557e+00 3.367097790184619299e+00
-6.897738176832574064e-01 7.015303544972473215e-01 3.826695566335599707e+00 1.112583767844059768e+00
7.871324839683053742e-01 1.123966655938005710e+00 -7.569129989265001024e-01 2.431851315200243557e-01
-1.519990828466881716e+00 1.152276533803208602e+00 2.294969163441003435e+00 8.148228697784154484e-01
-1.974385328499272119e-01 3.881107006046692898e-01 6.637083284393905380e-01 3.426976636716642655e-01
-1.854077234144136055e+00 2.214831723782779260e+00 9.537036530588556715e+00 7.989151814085941883e-01
-8.882419134252395043e-01 1.471655516801283925e+00 2.704582044359216120e+00 5.302557511519749855e-01
-2.483068347438647905e+00 2.967264466582097970e+00 3.729049452744816584e+00 9.143790803993536720e-01
1.807550596951400523e-01 -5.398449639797087141e-01 -1.009261913422856516e+01 -6.427292443091818797e-01
-1.272617622228645384e+00 1.158510556541478387e+00 2.380049140226653392e+01 1.799514976499656527e+00
-2.761460526067747168e-01 8.209112609182039888e-01 1.203733335962986928e+00 3.079174164099201527e-01
-2.018829460296596601e+00 1.621323798559637375e+00 3.077415685057278250e+00 5.567607797382582158e-01
1.622484300003148139e+00
-5.114679363375632670e-01
-2.862372372586897029e+00
-1.700054798078532103e+00
-1.114093246163124551e+00
-3.822521585032063740e+00
-2.191668784930692393e+00
-6.465483326082972493e-01
-3.555296321504137769e-01
-4.897239969033281959e+00
-1.291725875268229462e+00
-2.289508929856653996e+00
ReLU
0.1
12
12
-4.818813442628859245e-01 -1.121128040571732543e+00 1.870658893582954618e-01 2.296043633027371189e-01 -3.364830210843547942e-01 -1.330075171231134001e-01 2.533609957611697161e-01 -2.105544294757039303e+00 2.070828902367751953e-02 -1.069093379538355211e-02 3.004304575768338426e-01 -4.223451367270150136e-01
-1.759490808119320016e-01 -7.164002651327984472e-02 4.241522397099457137e-02 -7.813299445279209277e-01 1.962009099273349377e-01 -6.704071161800007062e-01 5.971024966397330269e-01 8.118905287222462006e-03 9.020045395368445074e-02 5.690530141718722762e-02 4.123934510052288394e-01 -1.217900783301142598e+00
2.116686721885892908e+00 -3.884844313306757835e-01 -1.568192563262512662e+00 -7.847193399954709436e-01 3.075515749472395033e-01 -4.281704511637824950e+00 2.368421914066798362e-01 8.034192566421840542e-01 -7.330391522491447320e-01 -6.997700196955478624e+00 -1.165158853062693740e-02 -2.263592205605266638e+00
-2.716137619180205576e+00 -1.780411776859038842e-01 6.036195388456094824e-01 1.585063913770215771e-01 4.688273724807991982e-01 -5.212730034421415581e-01 2.020968432877456866e-02 4.715973666832586064e-02 -1.689327020645067012e+00 -6.162005959567454783e-01 -3.295936676126496462e-02 -4.627435580328640441e-01
-2.840811242298126385e-03 -5.605263239219949734e-01 -9.949014938612556203e-02 -6.765236784397746783e-01 -5.595129744962544782e-01 -2.837380785447920495e+00 -3.735391606215066052e-01 -2.658122545094339095e-01 -5.026721989213038810e-01 -3.733025316283244410e-01 2.249350938847683168e-01 -1.607779306633665639e+00
-9.519671252839605469e-01 -2.728405976376360176e-01 1.690742454071499368e-01 -5.966638879771937187e-01 -4.940486217030995442e-01 1.298624334786766810e-01 5.163073201672837564e-01 -1.302769707857167614e-01 -8.272695755603301504e-02 -8.011250826954903204e-01 2.938400096516535220e-01 -1.315133303039657253e+00
-4.784426400809353552e+00 -2.177115275607099054e+00 -5.146302884496926078e-01 3.202472790000316927e-01 3.292536207928787872e-01 1.772518403616301919e-01 -4.705047171631673297e-01 -1.843347381778923655e-01 1.255482117462871194e+00 -8.378261416975655296e-01 -2.532954373405630344e-01 -1.417373978728866390e+00
7.013650167150182746e-01 -1.210833923815171076e+00 -1.765283499577332327e+00 -5.430858033947918440e-01 1.745926630956742054e+00 -5.389423799172350371e-01 -1.151306990550138964e+00 -2.292886560446917854e-01 -4.762501498829835311e-01 -1.058224707650952290e+01 -1.676032654128593036e+00 -2.681579561546208468e-01
-1.004812457408847809e-01 -1.762321637654690631e+00 -5.133298362746353122e-02 -8.599790247207216298e-01 -4.234743256359286834e-01 -4.523343901950786616e+00 -1.042714178051749929e+00 -1.176250043693507941e+00 -1.071027224341952327e-01 -5.440160735242915990e+00 -4.626526059568901728e-01 -2.527151470272464451e+00
-6.198545744347373487e-01 3.152108741821140758e-01 1.665817759449845226e-01 -2.644009347174765545e-01 -3.829912635462384696e-01 -7.789389529856471928e-01 2.246194009284624149e-01 -7.565625807486520138e-01 -9.795925559443144914e-01 1.693446307450055532e-01 8.320126975278650805e-02 -8.753855059797254201e-01
1.592860891731839867e+00 4.896700503874840127e-01 -8.529672203249180074e-01 -5.739512864834487305e-01 2.674383864571890368e-01 -3.483398442297633402e+00 7.286585061973516186e-01 3.114762479920751281e-01 -4.825150388858164274e-01 -5.117538997395930878e+00 3.619597094772173396e-01 -1.942268779614332308e+00
-4.642422443931982556e+00 -4.705076863248712493e-02 -4.351534175525537673e-01 -6.797832826378586990e-01 1.316206939299751910e-01 -1.920058282643328562e+00 -2.835397476954941154e-01 4.310557746100147636e-01 9.866231884168588095e-01 -8.698062833955753081e-01 6.409137910084504453e-02 -1.339297637675163966e+00
-1.194321455265981574e-01
-2.926287252323356292e-01
1.729773462310987275e+00
3.220447550946746507e+00
-2.076346220629815831e-01
-9.405313074436860710e-01
-3.468653494411578997e+00
2.292977073781351294e+00
6.485267430670829669e-02
-1.507039754021100464e+00
1.311104760903268884e+00
5.744540071052710584e-01
ReLU
0.1
12
2
-1.191707806100049533e-01 -2.539804981498591102e-02 1.691376601387107659e+00 8.520103797018120650e-02 6.404681128618586183e-02 -5.942458525979512629e-01 -1.075498451672055822e+00 2.075408765055349880e-01 -2.464670681109283265e-02 -3.645933458966049145e-01 1.121661447008649004e+00 -1.227346799710268721e+00
1.049488458764591542e-01 -5.806098596789534966e-02 1.704238606823636148e+00 1.204859831337345089e+00 5.104147216905106921e-02 -3.070274983643606626e-01 -8.760160444161692039e-01 -1.564203138845426055e+00 -1.653906833637972251e-01 -5.577122302733189541e-02 1.742392769610096925e+00 2.049808280436064278e-01
7.935731260778892349e+00
5.847489011817532223e+00
Linear
0.1

ct 2024-06-15 12:21:53.461769
