noname
4
4
4
16
4.891813583524547759e+00 4.254257907441325592e+00 7.331585419518320101e+00 3.115251169060150982e+00
-5.155256403888420769e-01 4.736208414704584091e-01 6.131994645685119594e-02 3.507802362319170641e-01
-1.758742981464834765e-01 1.489296708635140243e-01 4.373982119555249737e-01 4.034475427725530139e-01
-7.556150194124490460e-02 1.989443885338400275e-01 -1.221190036381633925e+00 3.049053332532885019e-01
1.595668917265390618e+00 3.196800588413794664e+00 3.631102969541121883e+00 1.258794248255451054e+00
4.172385050199861389e+00 1.638804339984243574e+00 5.575444276690514345e-01 3.072610638678327177e+00
-2.797798568927594709e-01 1.010204824753579533e+00 7.312977549719070769e-01 -1.425714975174055821e-01
1.866526274238272387e-01 3.144185622471921127e-01 8.755361629433353610e-01 5.589931463586539362e-01
-3.713117686392214400e-01 3.383434891084399765e-01 1.003368393018293281e+00 1.170455202868385669e-01
6.451567677146419211e-01 -1.645644006552834937e-01 -4.208840219974804953e+00 4.640948921352753276e-01
1.504585662933476675e-01 2.044675315291694773e+00 1.446915343248168284e+00 5.016307287869913312e-01
-5.147943514566107881e-01 3.750235472406615589e-01 -6.049152756869311531e-01 2.718088150887150722e-01
-2.580075961488382141e+00 1.602952241139991019e+00 2.930000093482975387e+01 2.063014047013638663e+00
-4.551233311165865381e-01 -7.465845705307347369e-02 -4.362448423535235653e-01 5.998867749637535329e-01
-1.070654493296798959e+00 1.214321045792077003e+00 1.848990177863086615e+00 3.603431447134791132e-01
3.646949077332125588e-01 2.488397092933039012e-01 6.371630873228626424e-01 1.662323328971495873e-01
2.696067352221888314e+00
-4.759922778272992483e-01
-1.227329321851236221e+00
-4.221978995762222797e-01
-2.958495655005250469e-01
3.705631117602182223e-01
-2.670027795448451258e+00
-1.563371871877843100e+00
-5.250954155444548244e-01
-1.351420181183870861e+00
-5.386649316861138459e+00
-1.609995328696838257e-01
-6.567361488183458107e+00
-2.577834496623502503e+00
-2.438306432027645521e+00
-9.836169243236069226e-01
ReLU
0.2
16
16
-8.050251820274678671e-01 -4.526611213615019946e-01 -1.102225742453635027e+00 -1.244453788006370853e+00 -9.797650127169822420e-01 -1.085169466603291388e+00 -1.163179921438002307e+00 -7.683267446437387349e-01 -7.640145593894497322e-01 -1.038526884073734058e+00 -1.162694982571875313e+00 -1.027627133405392135e+00 -1.329632213810608921e+00 -1.318378047450371238e+00 -9.967107152745858789e-01 -9.126355225916228386e-01
-9.380423038596465979e-01 -3.656469158845421785e-01 -9.498551878568533002e-01 -6.620869352412631637e-01 -4.042580646156522239e-01 -6.068408508979921123e-01 -1.219814863807925365e+00 -6.768693572237991507e-01 -1.488935919183090428e+00 -9.588787613975439106e-01 -6.123491201804062145e-01 -7.395975364082297832e-01 -6.627950575020542523e-01 -3.878053019312479033e-01 -6.932810983173511854e-01 -4.763978763049974141e-01
-2.502181341843342288e+00 6.355762278785803687e-01 -1.597807147377270851e-02 2.114885875022226303e-01 -9.453475305279657182e-01 -1.719692423919237045e+00 5.962501199998142543e-01 -2.387248165841359127e-01 -6.473697617951398309e-01 -1.170928530802164191e+00 -8.508128574233556618e-01 -1.567122887809945242e-01 -1.000675161813046055e+00 1.211318408152169068e+00 -1.485687159160376858e+00 -7.624198951151850423e-01
-1.666829879707638185e+00 4.537557997471564769e-02 5.964362452032031386e-02 -5.106599523157006465e-02 -1.327759129536186522e-01 -9.349650754142729836e-01 6.200012618008710064e-01 1.571499310512183278e-01 -5.516134690677800823e-01 -3.734403714859815815e-01 3.765428102480739003e-01 -7.595624416433426063e-02 -5.922829019336147693e-01 1.136177670894555902e+00 -1.271278796770728414e+00 3.294554460981282545e-03
1.843528044835077706e+00 -4.412416492577726779e-02 -8.661010041934763537e-02 2.138787972539751836e-01 5.144648735825123609e-01 1.035687261805540604e+00 7.687330741813585000e-01 -6.142914884415718868e-01 -5.709718033693517159e-01 -3.707794206717703323e-01 3.825858203750896358e+00 1.475191843902043665e-01 -5.197039607742005352e+00 5.413890059938217814e-01 -1.259653651871682545e+00 -6.250290326126789475e-01
-3.201450983649809512e-01 -4.837565223147214516e-02 -6.290325770959325213e-01 -2.720827173091175388e-01 1.306996467444312415e+00 -2.223887830400924415e+00 1.675457234593599187e+00 -1.455015192649015576e+00 -2.589034547268054265e-01 -6.262743789320621701e-01 2.812709679445576150e+00 -1.046307218445546722e-01 -3.402387887666221022e+00 5.274223081838659288e-01 -9.186310391556554711e-01 -1.047939917208735139e+00
-7.931354318950402105e-01 -1.317283408100083264e+00 -1.200957841111055524e+00 -1.621728814984325862e+00 -1.320402519162013011e+00 -9.314681266443116670e-01 -1.181364528341637632e+00 -9.538271938337523626e-01 -1.064805975907277880e+00 -1.315974744064863700e+00 -1.118781043116984453e+00 -1.482059845308855150e+00 -1.400386313569481622e+00 -8.420136806407663155e-01 -6.239298706399936112e-01 -6.905408947467169822e-01
-2.698170564544483466e-02 -2.832535691226332752e-01 -9.822451132454058653e-01 6.979260187178078223e-02 -7.010369043771963460e-01 -4.740328218365072455e-01 1.452813738261953924e+00 -1.329834933401178754e+00 9.198474896302695492e-02 -7.632672351268324218e-02 -9.693948605293394305e-01 5.871483365014062983e-01 -7.873907551175918229e-01 2.065910131927171378e-01 -3.425308169315762208e-01 -1.042936203796943850e+00
-1.561803133832226465e+00 -6.454357046427297573e-02 -5.606235952873778183e-01 3.635439669836112442e-01 5.872817374245241639e-01 -1.027099224608613692e+00 1.080670062040539170e+00 -4.064022965280340016e-01 8.158313787557008867e-02 -6.537870111107175752e-01 3.999629199410040248e-01 -1.503083424774569188e-01 -6.116821535434555646e-01 1.235994085527498010e+00 -8.460091153956434962e-01 -3.894427492488331533e-01
-3.366834853022658169e+00 -3.043107427527310671e-01 -1.065797400528449221e-02 -5.186884680879996212e-01 -1.474726528124848279e+00 -2.608784670371587122e+00 -7.156062179499337317e-01 8.383230390217111250e-01 -6.860504048348683472e-03 -6.584453387047088935e-01 2.335095163057395451e-01 1.979466135950317118e-01 -1.223716685384929725e+00 9.855969967141291546e-03 -6.861632326317110842e-01 1.563882316787020554e-01
-4.048062136291852298e+00 5.875017192304661240e-01 -2.746387649896445682e-01 -6.849798558817228600e-02 -3.610429121725913792e-01 -2.945774451077291189e+00 8.359028272211403987e-01 -9.133307958810470140e-02 -6.527703634061739202e-02 -2.454773184279814002e-01 2.719783500191839676e-01 1.337262271371300049e-01 1.857215006229849141e+00 1.313587527603258698e+00 -8.107565371559778411e-01 -5.477542357586518973e-01
-1.599133829029521614e+00 2.604362489371256362e-01 -2.085851558383871596e-01 -7.862900516704118825e-02 -6.888517224370642456e-02 5.082022763550984035e-01 1.463098084222451467e+00 -2.927617696385754753e-01 2.658376412719479567e-02 -2.623619090821069921e-01 8.896863722379665385e-01 -4.386608757889273735e-01 -5.601250407554374533e-01 2.034471862380583307e+00 -3.130146954224774600e-03 -1.853741166260342299e-01
-8.504746078938334175e-02 -3.127602837178907746e-01 -6.361384297454342196e-01 -3.226683296446345439e-01 -1.531600183561687922e+00 -2.945918298927757140e-01 2.036534621770616393e+00 -1.583405302452978614e+00 1.001607512688799523e-01 -9.492997066586961186e-03 9.683628229959518885e-01 -2.015890500768030835e-01 -2.562511113046117561e+00 1.017439501200370300e+00 -6.257718811367148914e-01 -4.334440114929285492e-01
1.323534631094011038e+00 -2.103511305933553899e-01 -4.343703517483333276e-01 -2.170335250651205250e-01 7.503055530902316139e-01 5.967432957369758206e-01 1.204588080973601372e+00 -1.631553288994316731e+00 1.725132216089499404e-01 -1.235305343783610565e+00 2.975043553426679477e+00 -2.930280633224326414e-01 -1.098661191028586792e+01 6.104147218389596175e-01 -4.761148914612698957e-01 -1.820897922778947631e-01
-5.979187052238071898e-01 1.429584099143828557e-01 2.270848938981807064e-01 -1.944495248825862388e-01 -7.544839360737646272e-01 -2.003259873126112256e-01 1.362990956695155687e+00 2.712190606338530929e-01 -5.541013871662625601e-01 -5.499345258818996163e-01 8.013112779025673982e-01 3.363492725563222985e-01 -3.281937526759148849e-01 1.029196062937905998e+00 -1.138507294995094288e+00 2.994813457338956209e-01
-2.792773169293638058e-01 -6.453527297218773773e-02 1.561894606232095859e-03 4.140907404647637402e-01 -4.096702791827742662e-01 -2.628285127691544765e-01 1.685454221652214812e+00 4.278280979445435728e-01 4.299936657008172208e-02 -6.067799565666306405e-01 2.244346390267387914e+00 -5.614035807508730436e-01 -3.502453058169728295e-01 1.808960453852082706e+00 -1.275541002406190838e+00 -4.170287278950295939e-01
-4.729880354639474094e-01
-2.502735717602402876e-01
8.641029890963052296e-01
4.971882847524780047e-01
3.651583453180609951e+00
1.223954899127094320e+00
-9.506739830152247661e-01
-9.677567159492145299e-02
3.997563310407898363e-01
1.587999363840716160e+00
-1.223534336936797473e+00
5.268360441911977832e-01
-1.355690431019718374e-02
5.476521391532307437e-01
1.963163749983166395e-01
2.780600879614916754e-01
ReLU
0.2
16
2
7.532202039637320157e-01 6.324245965661948743e-01 -1.196362985444027194e+00 -4.985396790430542957e-01 1.892932213472805048e+00 -6.684141488729415936e-01 6.928271011687798797e-01 4.940466761035206683e-02 -4.514027484275887625e-01 -1.081653684894075207e+00 -5.487607886690570869e-01 2.439904033848037945e-01 1.737139476252763937e-01 1.400921808152964632e+00 -1.718397465015407688e-01 -8.635270012933113359e-02
-2.170203055587527075e-01 3.179700955214757596e-01 -1.163699365458521040e+00 -7.058797072541439510e-01 1.687304017031260317e+00 7.127914548545887241e-01 -2.592997350827165870e-01 -2.264271840199006403e-01 -6.297631541157480140e-01 -1.384722288002827373e+00 3.987406851817821285e-01 2.720036034977001416e-01 -1.505460468934417817e-01 8.694762024925618560e-01 -2.770888955570094403e-01 -6.568017479359961226e-03
9.691617665958981220e+00
7.912244546752049246e+00
Linear
0.2

ct 2024-06-11 21:23:41.910034
