noname
4
4
4
12
-2.152729448543685198e+00 1.602152847913444367e+00 5.704010895155123606e+00 1.081767345009527981e+00
-4.173735169884203344e+00 3.220699031495521503e+00 4.081392683683793265e+00 8.672858580566709108e-01
-1.463979616170135056e+00 8.159766319430569181e-01 1.256781951284320575e+00 3.967322181232547096e-01
-1.386535547826849735e+00 1.118716353242753314e+00 1.744247735083477968e+00 6.286363713853441171e-01
-9.506753136780566882e-01 4.873125813990881738e-01 1.179898526829159744e+00 5.717840433585187343e-01
-3.017982664501428935e+00 1.518734273446782801e+00 2.191328690181808092e+00 1.744898848524209511e-01
-1.038045318996440702e+00 9.907627945618773246e-01 8.059791726171777748e-02 4.081421491153101044e-01
-7.529907906384130101e-01 5.213376604289381433e-01 -1.358487396198261032e-01 3.622627159210131675e-01
-2.642586811959058313e+00 1.417948339516678757e+00 1.658225776953166530e+01 8.803665959386900441e-01
3.621185875993644387e+00 1.395864350485810368e+00 -2.621198502854598900e+01 6.695128442171600636e-01
-1.074114925630021311e+00 1.164553431202128619e+00 1.543273076854909442e+00 8.462646453688623671e-01
2.601451039550894517e+00 3.075863190507251765e+00 2.307727156034534044e+00 2.610047739208988471e+00
-3.091714457137280103e+00
-1.566818955242778255e+00
-1.561452516614560304e+00
-1.497138029621880806e+00
-1.189665549613650342e+00
-3.364041145114889719e+00
-1.427131201681764550e+00
-5.617777676374242635e-01
-5.549478525134082574e+00
6.122277730317411404e+00
-1.989278809046047147e+00
2.004959372694598230e+00
ReLU
0.2
12
12
-1.703877253374896705e+00 -4.499325527289745885e-01 2.104143508991231648e-01 1.949095642697450115e-01 -3.371652999847168375e-01 -2.949095516980154152e-01 1.047924024738647042e-01 -6.569796663981312124e-01 -2.858268622237936540e+00 -1.474927003047306950e+00 1.526957442674764243e-01 -1.147071477012419072e+00
-1.989353852977700399e+00 -1.016208375124965757e+00 -3.320296607579931725e-01 6.306345721426968864e-02 -8.315871614983696425e-01 -5.779204712401140275e-03 -5.354801182877245713e-01 -7.362328224180555436e-01 -1.843960893470944384e+00 -4.503364575478353338e+00 -2.663473498562017316e-01 -2.242953391322163093e+00
-7.009959805743698480e-01 7.285511122113355609e-03 -2.330397404004231829e-02 -1.019190712955969774e-01 -6.589290924774587020e-03 -2.248071499855250344e-01 1.987931527800343712e-01 -3.085818301273232644e-01 -4.657694157369642873e-01 -2.317874121913417740e-01 7.941175917131056139e-02 -2.622980212785442355e-01
-1.571201043302625333e+00 1.524523631610968100e-01 -1.740134574180979832e-01 -4.035136769550580482e-02 2.101621832164605741e-01 -2.609846072991240939e-01 -2.615975586659809449e-01 -7.388752879276820895e-01 -4.866248394818704526e+00 -2.580466034393165756e-02 7.316552624218383150e-01 -2.676834449191967114e+00
-1.381707313081572908e+00 -9.091937073610372178e-01 -8.178131865526668820e-01 2.680246634161872477e-01 -5.965228383721054017e-01 -4.538579546431092265e-03 3.189136695820369433e-02 -3.450215729852863511e-01 -2.968773792848327098e+00 -5.602103700039751111e+00 7.788129251603305159e-01 -1.094267057981096469e+00
-1.813277598075016428e+00 -3.540396915911406261e-01 -3.338080461652171427e-01 -2.470547909427079913e-01 7.557008382467332586e-02 -3.671240536842582114e-01 -3.720283431421511633e-01 -2.376029405581119858e-01 -4.698369906472054103e-01 -7.932938827534378751e-04 -7.595725577926901728e-01 -1.861778266749176403e-01
-1.635283122367289455e+00 -9.258448826581264779e-01 5.084293848356632312e-02 -1.632130890113372146e-01 2.718160411121031128e-01 -1.956772223858009307e-01 -2.947223119259940738e-01 2.375432056181686624e-01 -5.493054683341382916e-01 -2.149193670899456787e+00 -4.321726841948802522e-01 -1.829600532831092918e+00
1.943899808659804371e-02 9.267354429030045804e-01 -1.935196370030055069e-01 -1.480015073599808773e+00 1.144309087955809101e+00 -1.195763260044168774e+00 -1.024801235129163962e-01 -3.553527355923660758e-01 -3.663393803641362689e-01 3.264549268471120591e+00 -1.541934410185382028e-02 -3.233177316542765745e+00
-6.842174275664580918e-01 -7.638621838671205699e-01 -1.646127791394560169e-01 -1.003907973260140529e-01 3.001785923664724298e-01 2.915874181725001679e-01 1.919546179246182926e-01 3.700744371604866578e-02 -2.388187027046968502e+00 -3.594574282769126938e+00 2.819431657129869984e-01 -3.347729540030504936e+00
-2.333277905057403512e+00 -1.528115864910785993e+00 -1.752722105835793076e-01 -1.635401561043221264e-01 -1.267186437384748843e-01 -4.498419859907024643e-01 -3.795424587300987862e-01 -2.276677609274213310e-01 -4.960039407109387177e+00 -8.102689606151580293e+00 -4.180892735969284346e-01 -2.162554444648336904e+00
-1.728106858495512821e+00 8.630094835576365142e-01 -5.082801291991737580e-01 -8.916117917072952093e-01 -6.388578410777073606e-03 -1.543966953935045350e+00 -8.316071421083143234e-01 -7.115779418059151040e-02 -2.849808335612790344e+00 3.041882914219099732e+00 -1.049706080745975045e+00 -1.211119635387516658e+00
-1.783028014191939459e+00 4.379410664266027431e-01 -5.433621860853217467e-02 4.336696752854666270e-01 -3.902376939713492754e-01 5.757878823308791583e-02 -6.890697236813514426e-02 -7.004034519903120648e-01 -9.783524470157671793e-01 -1.070725392116007590e+00 6.497022272752572825e-02 -7.420090066557926134e-01
-3.915496168474012773e-02
2.042427289902657872e+00
-1.185305728625849903e-01
-1.401725205929336804e+00
-3.099496564694256395e-03
-2.489813225143895636e-01
-2.587065038156710073e-01
1.232981384796220325e+00
-2.748475231545194700e-02
2.988562382687313779e+00
3.970658179455321513e+00
-5.272718474289365964e-02
ReLU
0.2
12
2
6.160891566583837076e-01 -4.391454494470174441e-01 5.612214392401049246e-02 -4.076295599715286100e-01 -2.095525536754928364e+00 8.697287759863472911e-02 2.195866350854753513e-01 -2.195523485674705011e+00 4.461763244833495956e-01 -1.393475308014985536e+00 2.309927683718624447e+00 -4.547876664379783829e-02
-7.556358446500273107e-01 -4.040181599784546940e-01 -1.420888272770827465e-01 2.033513721961699439e-02 3.173100940324741770e-01 -3.461087757372730001e-02 8.877852189393361515e-01 -2.141098531458729415e+00 -2.495578722344861333e+00 -9.686886969106189849e-01 2.178016439177617336e+00 3.095626086869948668e-01
8.612466063104445624e+00
9.576311055762701585e+00
Linear
0.2

ct 2024-06-11 14:44:58.470232
