noname
4
4
4
10
-1.617391628273330273e-01 1.229295144838050968e-01 -2.146508767738726231e+00 4.705344267259350954e-01
-1.092162875259904853e+00 7.090031881519641699e-01 1.646505237336393890e+01 1.138535768802479531e+00
-9.587663239839926410e-01 3.755372645749290861e-01 6.837994037381538437e-01 5.036083988702087788e-02
-1.496603634270880390e+00 5.768710169045220271e-01 9.665364992839343972e-02 2.257851545228254375e-01
2.112473984891579004e+00 2.288359404031446775e+00 3.261429435911326280e+00 1.596236132279879483e+00
-9.422208557022622166e-01 4.957389408815358611e-01 9.530327636532219537e-02 3.737812554754899597e-01
-2.290173584399091578e+00 1.060604887652705441e+00 7.389023952168441767e+00 6.181161479536814163e-01
1.486159732566843861e+00 2.380048908843931596e-02 -9.323992395995936988e-01 1.596394151860283550e+00
-7.212338998882555918e-01 1.952247952132042941e-01 6.832559251896260788e-01 3.848870294741026793e-02
-2.262753495729057096e-01 1.377584548804169362e-01 3.543306567232257787e-01 3.173093456020788239e-02
-8.264902408157863700e-01
-3.719693492850522087e+00
-4.674741135696331429e-01
-6.261604937192296605e-01
1.725563372952679586e+00
-1.969745587441354973e-01
-2.764151026736547667e+00
4.532487558091189417e-01
-2.420467194056157734e+00
-2.777929712124873607e-01
ReLU
0.1
10
9
-3.831111983099214635e-01 -3.751485885051117020e+00 2.090165636494721590e-01 -1.085881245117355509e-01 1.029238873433000023e+00 -1.414082776283767662e-01 -2.451578183386883492e+00 -7.943644017807199864e-01 -4.635868675925253757e-01 -1.430730201838300575e-01
1.417783408887069718e-01 -3.195362908020104031e-01 -2.494361521978770146e-01 -7.406130499398254630e-01 -3.559071598777250323e-01 -1.575774344310257591e-01 -8.987838914060005679e-01 -5.759613158268932220e-02 -2.068523710430183182e-01 -6.711490554740432435e-01
-4.193821657383677293e-01 -1.145404879926804176e+00 1.256592287254836293e-01 -8.873268170414448930e-01 3.000020621085070505e-01 3.426091527695580841e-02 -3.635552347542754692e+00 -1.377233432183976536e+00 -5.425731656381836965e-01 -5.140943235663154587e-01
5.326267885249186262e-01 -2.937595701486162447e+00 2.526305099729244663e-01 1.875162370035467208e-01 4.017058868221004553e-01 -2.418509589438272711e-01 -2.805100600535346711e+00 7.327084823082357090e-01 -7.008467517503749189e-01 1.484868907330104959e-01
2.119654820118689054e-01 -3.077165914227922627e+00 -8.276732748342402468e-01 -9.294274535413449279e-01 -8.055581570372578604e-01 -5.139147582984786300e-02 -2.841066000430938043e+00 9.365759693387178952e-01 -7.749106166119186234e-01 -2.451038479379352014e-02
-7.906911263549574187e-01 4.002808768808334694e-01 -9.530300052408759992e-01 -5.900604288426928301e-01 -1.103971170085305653e+00 -1.966075588571859767e-01 -2.664695933757386559e+00 8.784313659913379757e-01 -8.380960268825344839e-01 -2.417691880247557212e-01
-4.089944665339963481e-01 -6.328465739327772122e-01 -4.740022564028643082e-01 -8.343467922064700115e-01 -6.629331086268216433e-01 -5.318469186625968126e-01 -1.083985602799067749e+00 -5.831794093744644414e-01 2.532212372516383092e-01 -2.374495769505031162e-01
7.901012524859528652e-01 -2.529498288542076256e+00 2.777046906942923776e-01 5.845415210890152202e-02 1.151183681129949177e+00 3.370273072103599499e-01 -2.894242443377131657e+00 7.687255117905867907e-01 -2.788231394563184806e-01 5.996410853306520794e-01
-4.767204628223414842e-01 -7.269053189088935163e+00 -9.027331657434404244e-01 -6.747662372046400181e-01 8.923639853379532472e-01 1.321684469950325236e-01 -2.882876487215253469e+00 7.960556924175475890e-01 -1.029122368263776899e+00 -3.327278275912370353e-01
3.195650839157803541e-03
-4.756478494164192994e-02
3.138439280517327790e-01
3.194091888763512799e-01
4.495136568542791589e-02
-6.640269686823832562e-02
-1.371226291873670934e-02
4.475752591321183194e-01
2.997597541655270814e-01
ReLU
0.1
9
2
5.843655613119064229e-01 -1.433464423579096370e-02 -1.167873538088092661e-01 6.169104306132634497e-01 5.786410080571756653e-01 1.096564787854148598e-01 3.155448496264679492e-01 8.627724063541117872e-01 1.622782832521036722e+00
4.574047854592268592e-01 -4.365119273921799770e-02 4.070229101577508279e-01 5.675576620482410961e-01 1.565204158351009844e-01 3.674532481264269346e-01 3.649859831927480536e-01 1.078073695626571293e+00 5.699690095695739700e-01
4.543311855992802073e+00
3.841907053252629378e+00
Linear
0.1

ct 2024-06-16 21:46:10.408806
