noname
4
4
4
12
7.134850325909064539e-01 5.404033055329652280e-01 6.693517113860700807e-01 2.470062719122194106e-01
6.511703163136529637e-01 1.718242267980909788e-01 7.224561697275573291e-01 1.165123544637924335e-01
6.896392556797628637e-02 6.962332538469195864e-01 8.089170131483544024e-01 6.411785350656297178e-01
4.340584437444673926e-01 7.842419511920835085e-01 4.522597696433336978e-01 4.965015361882545442e-01
8.801664434125429093e-01 2.667672361372733225e-01 3.043767402001885669e-01 3.565301863897839540e-01
3.230756774783306584e-01 4.822707338193775173e-01 8.896069415270634329e-01 5.012678928176718118e-01
8.528629910970197958e-01 2.605964060949784167e-01 7.368900427216352744e-01 5.094916368502554471e-01
5.504445483557175445e-01 6.153212839905394249e-01 2.334453045861837883e-01 3.466169600365836545e-01
7.792028821778913539e-01 2.053731694747625569e-01 9.591849298752075370e-01 3.472765917924073853e-01
1.763687628125949480e-01 4.311056942574218454e-01 9.369106263939679380e-01 4.783432443003163281e-01
3.217132156957020483e-01 4.185899589580914792e-01 1.027507455606510467e+00 2.937801729502662607e-01
9.347679159345055888e-01 1.128828344675097128e-01 3.849415371704554278e-01 2.602997403021752865e-01
7.356051499533779181e-02
7.285786847228482577e-01
6.170766175544135645e-01
5.336419209031887378e-01
8.120310056077660876e-01
5.907572132613062577e-01
8.310339358509449825e-01
7.980982612346408933e-01
6.079163813642995962e-01
7.389339403815565754e-01
8.367449261496108237e-01
6.349731024652052191e-01
ReLU
0.0001
12
12
5.566154508905760689e-01 8.643513347212289366e-01 7.023607040651164146e-01 3.884258642111514948e-01 9.102546348215871941e-01 7.088807970571301409e-01 6.936772213736771553e-01 4.789380955795099482e-01 6.449487576715934312e-01 2.848426614776288779e-01 5.967296422327329486e-01 3.648000079988809874e-02
8.970280922317459549e-01 5.960339720397715979e-01 9.397528059314835813e-01 6.358279883750306283e-01 3.044562484413609882e-01 6.120668572852439038e-01 4.015494867651324684e-01 7.528918537659117227e-01 9.610834244694472783e-01 1.813701398544221854e-01 9.270109609105660065e-01 4.338679657263231348e-01
6.037291866447046518e-01 8.108486334289424224e-01 1.122339902880726409e-01 8.348948202979967759e-01 9.406496896405023289e-01 7.081801118045762955e-01 8.404693215463697742e-01 8.218404558468355159e-01 8.070642566292107745e-01 2.855147813658848177e-01 3.316689536230589264e-01 4.068220036634923042e-01
1.528146735404134482e-01 2.832942346097043762e-01 6.814149049455461293e-01 6.390222105608227565e-01 4.646271338013855945e-01 1.942475492954641725e-01 5.821650760683818593e-01 8.227433055021952102e-01 2.819951053387298456e-01 6.072370443898263970e-01 8.792919062898518767e-01 4.263813698782781825e-01
3.392726851749877093e-01 1.103415024900745167e-01 9.755723862633292054e-01 6.095588603429014096e-01 1.681554058072516900e-01 5.301832885442794296e-01 1.914140049543115426e-03 4.984192374699247807e-02 1.285571333390037596e-01 8.548999270375002846e-01 8.496220134150649361e-01 1.184656085919971041e-01
7.421291910775213996e-01 9.446235643980565033e-01 4.491188674253087099e-01 7.966078794362024817e-01 9.051458794412883258e-01 8.059824716826005098e-01 4.268007431836169929e-01 1.185257480577009935e-02 4.113764786676304408e-01 5.313655316973531217e-01 6.944672997870228182e-01 -2.430046840990916432e-02
6.585444910921781081e-02 7.605425671489397521e-01 9.833742770699698266e-01 4.255743081630408153e-01 3.714612683503705770e-01 6.835940384460296171e-01 6.542915034435391464e-01 2.233671172286254003e-01 3.562363625057778788e-02 9.795603956487374253e-01 8.113132118174857244e-01 6.198495876350396810e-02
2.133359149208451377e-01 4.490816915592930614e-01 4.327067122646299779e-01 7.574276123209666700e-01 7.104275397680633874e-01 1.811323068086642396e-01 5.616977154505120584e-01 2.599164942465937989e-01 5.175867082067093783e-01 5.804237632002888780e-01 5.187514921607430107e-01 9.710996541331966547e-01
9.261581133375602626e-01 8.477721138211303797e-01 1.164400922701705060e-01 4.210496744874035469e-01 2.692180753348439870e-01 6.996620456042877967e-01 6.189731759612483453e-01 2.822009564876683529e-01 7.477764025445895468e-01 3.059932895766854233e-01 3.081331782669123887e-01 9.653497334543941211e-01
8.779712006348275311e-02 8.727682125324116580e-01 2.348017760278802990e-01 2.486998457668692097e-01 1.515514801276076073e-01 3.820116699786445247e-02 1.197204218939133397e-01 7.711396346651371303e-01 2.751007236215140539e-01 1.903224242106144881e-01 5.927145964852265081e-01 8.912658775130740674e-01
9.221805164852333592e-01 7.264611483403764502e-01 8.625241078186117738e-01 9.243720245663917812e-01 7.651614408177062066e-01 3.484911891595861566e-01 5.287355457503766232e-01 2.154122593823970810e-01 2.697630906370288573e-01 3.380908359022697374e-01 3.705495971576133751e-01 4.456489658608197568e-01
5.911215750075795583e-01 1.473361128671430431e-01 1.583451864754442107e-01 7.002132904498311605e-01 1.857876245711281571e-01 2.514165898463710178e-02 6.872355112993322468e-01 9.362383297109748703e-01 3.975376706735559429e-01 3.727863077523774216e-01 4.998559280655707759e-01 3.140449597256841363e-01
3.302273788748978367e-01
7.060763596044108970e-02
9.501616228456170044e-01
3.535936503210083126e-01
1.471820918202286499e-01
6.512556105899459657e-01
8.742298417349710082e-02
9.504000205688589720e-01
3.715516456766590481e-01
8.243436155380446939e-01
8.421716261064317033e-01
1.257629055475367741e-01
ReLU
0.0001
12
2
5.038302836949348773e-01 4.860699995811227359e-01 3.678904613954631642e-01 3.703407033388017022e-01 1.000110856651840407e+00 3.032869254916135682e-01 6.108003066873589626e-01 7.385413248452233903e-01 7.499571849717540095e-01 1.041261072287668066e+00 8.103554803694663633e-01 4.080287847267813350e-01
4.319363911456423621e-01 5.422232154633654932e-01 5.173634110979292711e-01 7.854587413160204479e-01 6.588729411814521209e-01 8.094236364272300310e-01 8.827628093381890695e-01 4.916106378742330918e-01 -2.212849253980779529e-02 5.639960928432077303e-01 8.896214119668269804e-01 7.659820823183349781e-01
7.868041447918343589e-01
3.517583506607258048e-01
Linear
0.0001

ct 2024-06-02 23:37:39.706376
