noname
4
4
4
6
-1.340704729608084567e-01 5.165752230751032847e-01 1.502223927197650255e+01 2.292171297377858241e-01
5.115589283194993619e+00 3.512323295615765950e+00 2.064080414885360870e+00 2.288099128856337039e+00
2.320711955818884231e+00 -3.084221954878980237e-02 -2.192694175075675744e+01 -1.002549629993961355e+00
-6.123577572824528970e-01 8.852127499785107378e-01 2.496296567009429257e+00 2.954679479430615263e-01
-3.922853912269659293e+00 2.259701118629924732e+00 1.156432272350139279e+01 2.433655242446443712e+00
-4.602038832369714227e-01 -2.887766332797888635e-01 -4.771682729398720291e+00 1.225993602696401619e-01
-4.078989053572452228e+00
8.794256418164456690e-01
-3.587195806594108305e+00
-1.505799672384147359e+00
-3.298910406575151555e+00
-9.546290875323070191e-01
ReLU
0.1
6
6
-3.577248316584271226e+00 4.681317823959302293e-01 -1.149178281690686809e+00 -6.768580028370728696e-01 -1.902055532313039699e+00 3.521819562032624251e-01
-5.560567216577415595e-01 -1.097321574888714846e+00 1.091184544947330776e-01 -5.849223601396829064e-01 -2.049831194936778123e-01 2.647173124448436443e-01
-4.805457079628681072e-01 -3.393164222628623161e+00 -1.814658692010168384e+00 -6.459980793855432113e-01 -1.557867280721137448e-01 -1.852659045020050632e+00
-6.471155897375289179e-01 -1.480520382394040269e+00 -1.020939504484118743e+00 4.864923011657126262e-01 -5.677033155280025722e-01 2.647173124448436443e-01
2.820075643308961322e+00 -1.572915508647270144e+00 -1.335061712828661040e+00 8.544007166886359306e-01 -7.952485759636268581e-01 2.647173124448436443e-01
4.805497295341975006e-01 -2.447277371217702335e-01 -4.300953051524359361e-01 4.805497295341975006e-01 -6.031506767384390288e-01 -1.541608672656581969e-01
2.090374009340203898e+00
-9.270951106989252510e-01
-2.928417872906762476e+00
-1.446776368830768211e+00
-6.344568324465156284e-01
-2.945993799072306185e-01
ReLU
0.1
6
2
1.260507769572872805e+00 -1.210761806522156654e-02 -1.802359348202608569e+00 -4.465561046856579841e-01 2.290476835255882415e-01 -5.157625497272106535e-02
1.199105958011595474e+00 -7.162493522495048115e-01 2.174310657339916908e+00 9.683900687862921908e-01 1.724150139067557042e-01 1.249047522688551126e-02
1.747931122089923184e+00
1.821395064018074939e+00
Linear
0.1

ct 2024-06-16 20:18:28.747568
