noname
4
4
4
5
6.894788750352964790e-01 -5.562225969150774718e-01 -5.035127848647462656e+00 5.003385780449468717e-02
8.637048017195407823e-01 -1.128742084553829156e-01 -1.780860812923196690e+01 -7.819398134027589764e-01
1.481701772257217664e+00 1.615727671060354642e-01 1.967425942695084418e+00 -5.188935297527855761e-01
7.922055515304872175e-01 -9.284950603262603908e-01 -1.931023195724255004e+01 -1.995822846644712545e+00
-2.579973722018998217e+00 1.613972925479982612e+00 -1.889028259713378954e+00 -1.079236030470948959e+00
-1.824709508788062040e+00
4.825226426905264709e+00
-7.015713094709028042e+00
1.187405711453417556e+00
-4.368350365529564350e+00
ReLU
0.1
5
5
-2.958336838650569289e-01 8.079672620100126768e-01 -2.678079440907326969e+00 -9.931200266078660244e-01 -5.348315892308549979e-02
-1.046950182565761889e+00 -2.038280211093436989e-01 -1.710070392250486737e-01 -1.370011924219742161e+00 1.000000000000000021e-02
-4.314838717177859606e-01 -1.197646969451295229e+00 2.663458206918737581e+00 -4.346576232062413503e-01 -2.112646859174156511e+00
1.000000000000000021e-02 -4.820087321247885637e-01 1.000000000000000021e-02 -4.798478195024777349e-01 1.000000000000000021e-02
1.000000000000000021e-02 -5.103186739246642345e-01 1.000000000000000021e-02 -5.385690125739592826e-01 1.000000000000000021e-02
-3.203874428964453847e-01
-5.855616844635692653e-01
1.919649019271175039e+00
-4.817868262481889152e-01
-4.892183569810942823e-01
ReLU
0.1
5
2
9.683886258617315779e-01 -4.958216408643850021e-02 -9.768796149737104528e-01 -4.895703488779569179e-01 -5.282728435262681321e-01
4.008824553559485748e-01 2.442510341536315022e-02 -1.394984284225452953e+00 -4.688868194705548831e-01 -5.039531419438384452e-01
2.977344248189566667e+00
3.670700370570600057e+00
Linear
0.1

ct 2024-06-15 20:19:38.528635
