noname
4
4
4
4
-1.691435395430323840e+00 6.690567509729826723e-01 1.838427240264717000e+01 1.348773067659995162e+00
-6.575076172930720553e-01 2.782426382362782058e-01 1.451701733587436260e+00 1.460402969947651453e-01
-3.067430337340159574e-01 1.396768320198463087e+00 2.489762602650639778e+01 1.042413893972011341e+00
-5.321361408951629235e-01 1.132463806478597457e+00 1.661531985741425288e+01 1.207004556519690297e+00
3.785854096486758191e+00
-5.829987482921596964e-01
-4.631815306873149574e+00
4.245514320486735826e+00
ReLU
0.1
4
3
-2.050784598792827040e+00 1.463305764887490035e-01 -2.739796551881672482e+00 2.391742403107699921e+00
-1.240858729605370525e-01 -7.385201091683698538e-01 -1.425230336525451502e+00 -7.630699801279310357e-01
-1.957411695885641068e-01 1.063131174575009802e-01 -7.792841579944640926e-03 1.373092220347091851e-02
-1.127100617151130871e-02
-2.143409118995775742e-01
-1.344272667579505254e-01
ReLU
0.1
3
2
7.804489151954110415e-01 -1.448538636032561389e-01 2.246293764750198832e-02
8.480695533421785948e-01 1.977845651637050450e-01 -6.621237370071054833e-03
2.238304587002956758e+00
2.072210069193629156e+00
Linear
0.1

ct 2024-06-16 13:46:56.943343
