noname
4
4
4
12
-1.146018876482197468e+00 7.437943785312414180e-01 7.551698420364406639e-01 5.169133953433165951e-01
3.498617716006981126e+00 2.697475742242247065e+00 6.312315250453158777e-01 4.318434422713483656e+00
-2.640369556815826968e+00 1.408905083767464816e+00 9.940252289555332466e-01 8.510767373738122865e-01
-4.220545465408201968e-01 4.308596658231296228e-01 -8.570919626721160145e-02 4.760622240014404372e-01
-1.232175057745547697e+00 4.838139793222220875e-01 9.365904353614465938e-01 2.764838081532798308e-01
-4.170683158219533615e-01 3.821129523146104545e-01 1.851306448497573198e+00 2.054666498535147601e-01
-2.809325198938057877e+00 6.043863259372659336e-01 9.861503449199524596e+00 3.757967317151665321e-01
-5.960910753686956554e-01 6.211582301438579590e-01 3.337446156998296942e+01 1.219445439445776325e+00
-5.939795044587891509e-02 7.645567830645666474e-01 -5.481886057399935730e+00 1.217806249322319845e+00
-1.699299503065162753e+00 5.072465901739935390e+00 3.566347956950818077e+00 1.883069391875165977e+00
-1.817005381714683898e-01 7.676250207210476295e-02 -3.778529230324165766e-01 2.163045206972979972e-01
2.240369625099349893e+00 4.736187290574481068e+00 7.975671347251840793e+00 3.649199647195549900e+00
-8.625565105440552438e-01
1.157690758019537247e+00
-1.771532046633529811e+00
-1.136667232603645772e+00
-1.865707074834174639e+00
-8.032403394705343036e-01
-3.494395197347194060e+00
-7.085301859977485961e+00
-1.731658204422048764e+00
-2.699828268062539394e+00
-6.116290665967812901e-01
2.267569287717517312e+00
ReLU
0.1
12
12
6.999267405093724526e-02 1.414833307985240152e-01 -1.862582169166289436e-01 2.188878353245012898e-01 -6.097172482293511386e-01 -5.959901996049371542e-02 -4.116025644312475418e-01 -3.220508786971571613e+00 -1.924458108893244146e-01 3.578500513662334348e-01 -1.902068275545903964e-02 -7.408548481860984802e-01
1.108540450523753274e+00 -4.211080973896789814e+00 3.470590299042137339e+00 3.244244730328352255e-01 2.311696909986654003e+00 -4.647522453309325674e-01 -4.277135109286805736e+00 -4.500775181120618029e+00 -6.418072258057608837e-01 2.706443551177796891e+00 8.666589464713211344e-01 -1.303279561745578574e+00
-3.757964403715000623e-01 -2.917726591267836289e-01 -1.069375260385983406e+00 -2.483397521312236678e-01 2.071734515057508663e-01 -4.171554663821629982e-01 -3.645527522206756799e-01 -1.424543415661515100e+00 -5.550106857761680779e-01 -8.448221915424813933e-01 -8.434131192486171713e-02 -1.936782598572073910e+00
1.888132004979333201e-01 -3.017812955259882912e+00 -1.131566307949521122e-01 6.089415631371551951e-01 3.128734486180533292e-01 2.607044060695539733e-01 2.994285420028645617e-01 -6.872767242300161783e-01 -4.696400074015402715e-01 1.904736112037104023e+00 -4.269164729947710901e-01 -2.164406411259749863e+00
-5.907408473813651195e-01 -4.618617474487028973e-01 -1.737894590983404541e-01 4.738490678517530141e-01 -2.017933932030866739e-01 -6.068985795249148829e-01 1.721812653395712600e-01 -3.664728516917131751e-01 3.600475937923424546e-02 2.289628570823894760e-01 -1.153779572428111355e-01 -7.451626079559019455e-01
-2.841378181934450242e-01 -1.515054423805244077e-01 -7.292157496249651594e-01 -6.678628705352861461e-01 1.064536218799199269e-01 -5.743546414215352502e-01 -3.639096383997942885e-01 -4.626000245780693687e-01 -5.402121727571217447e-01 -6.144732746494830922e-01 -1.156780362021107289e-01 -6.476305921128316934e-01
2.709810310567249414e-01 9.493162145823085263e-01 2.993482767554415669e-01 -5.788613352148432867e-01 3.050547769798585621e-02 -8.445034345302773193e-01 -1.304473868249913515e-01 -2.810115908232766913e+00 1.525547844718209700e-01 1.250413542574060566e+00 2.442121019712877039e-01 1.425723925576528384e+00
-1.871247603646563618e-01 -3.937474465584055672e+00 6.575243941931838143e-02 -1.262974186097778374e-02 -1.758125986311403349e-02 8.419589638743599225e-02 -1.739916208213799498e-01 -6.729147598839109456e-02 -2.238387376514331173e+00 -9.319338172137232590e-01 2.030518142161061024e-01 -1.093791023420734865e+00
-4.584046657824654147e-01 -5.943579227305090029e+00 -5.546651060864618010e-01 3.444484112483361948e-01 4.615240488017204323e-01 -1.730881007661018989e-01 -3.359366768273543413e-01 1.272489851046311626e+00 4.267746461465359298e-01 1.222785392217584866e+00 -6.066461294233724821e-01 -8.544214347881245786e+00
1.626931916580751925e-01 1.254225427597994047e+00 -2.310077259663421423e-01 2.943554609718688694e-02 1.618679274260597933e-01 -4.358107875777874063e-01 -8.331561114308674298e-01 -1.894640796566748620e+01 -8.547679483367515152e-01 -1.639324174305019088e-01 2.820992455102567797e-01 1.237854359247549052e+00
1.368298689342438423e-01 -1.124599926129735028e+00 -4.570471240729531703e-02 -3.357925287501434819e-01 8.625380410503973305e-01 -8.768446514256869051e-01 -4.276092179505978641e-01 -1.031491763430907871e-01 -1.097789857966592786e+00 1.826048083990419735e-01 -6.535240620957918356e-01 -1.347260147495152049e-01
-6.837426455108834844e-01 -1.585073226482214048e+00 -1.262735655952227809e+00 -5.134223402627412502e-01 3.428289530434182053e-01 2.851447078744445696e-01 -6.504878780726534027e-01 -1.300306506268249285e+00 -1.066270704384878920e+00 -1.636853984404671003e+00 -8.082155333787859330e-01 -3.521063108529056684e+00
-6.223033704941901556e-01
2.086348192241703536e+00
-1.442452816731475684e-01
-1.262782884264502137e+00
-6.894529636393200711e-01
-1.747512734734053552e-01
-8.291186205234455375e-01
-4.150289886540960427e-01
1.190571591653154515e+00
-2.032336308815808845e+00
-5.530420817764760688e-01
-1.449935073302928146e+00
ReLU
0.1
12
2
-1.736948912990796817e-02 -1.433548427959300486e+00 -4.801747783207891973e-01 -5.549799766052999905e-02 -1.674912756826900939e-01 -2.809178098939096868e-01 9.747527557390168740e-01 -3.309126697344385443e-02 -1.231141080057700066e+00 1.338076965579576338e+00 -1.726752276035366587e-02 -6.899008233478879371e-01
-1.733491742603196772e-01 -3.555682989426283136e-01 -1.941609060264537223e-01 -5.473748915319586184e-01 7.165263402624773292e-02 8.689026261527028894e-02 1.267717755747491459e+00 4.118882348629332446e-01 -2.052295099932948563e+00 1.148164021867777995e+00 2.007748685214800488e-01 -1.054013944616678078e+00
1.079565965222573176e+01
1.004959540524151151e+01
Linear
0.1

ct 2024-06-11 12:11:50.210508
