noname
4
4
4
12
1.046077691930563880e+00 8.871200278194552036e-01 -1.174054499459999470e-02 8.193261508223341760e-01
-9.081393396866236367e-01 1.536653148308647854e+00 1.264813715691125440e+00 1.809664171096617979e-01
2.292397745527636310e+00 -2.386929410433642762e-01 -1.163665492706690285e+00 1.015172288731979400e+00
6.433143695511654991e-01 1.179461410345831185e+00 5.172360550976006222e-01 9.860032103688874949e-01
5.001590023057923551e-01 7.565052283258919541e-01 -2.423858534903483575e-01 5.173249846742402624e-01
6.834213277121204966e-01 4.403634030526121790e-01 3.287268010691828113e-02 1.942342320127078137e-01
1.732863538754002120e+00 -1.905657450167017042e-01 -4.704550874120442039e+00 -5.660174716678966211e-01
2.887667251588441064e-01 4.085622158980800056e-01 2.046970266697060170e-01 1.759666048878444911e-01
1.100938553846356305e+00 5.232623841598567083e-01 -2.311410455777662687e-01 1.085550025301365684e+00
7.732723454917229677e-01 9.364310799671875518e-01 -5.225498989129561123e-01 9.715728835371929550e-01
-8.059479836257157359e-01 1.229086206379222279e+00 1.031728532957205013e+00 5.747102549978356789e-01
7.372525709009624117e-01 1.079765556089180789e+00 -2.795942776303328992e-01 5.545320509685419674e-01
9.761821563207377928e-01
-2.924701840843004774e-01
2.802887014608517191e-01
1.185646156562817133e+00
1.536333234325780728e-01
-1.248320249153425376e-01
5.621224675010192406e-01
-4.469228535891923287e-02
8.122116190124085700e-01
7.929496075073739769e-01
-1.230115798853403719e+00
3.088020189023524265e-01
ReLU
0.1
12
12
2.767837177093036560e-01 -4.878933753837195741e-01 -2.322378537039762048e-01 2.597953471833538419e-01 -2.724058659341592747e-01 -7.058035989974751345e-01 -9.285445733557884385e-01 3.312937414739872133e-01 4.297520857551855866e-01 -3.774383070769259385e-01 -3.431214402340544006e-02 -2.927050465246409661e-01
-2.481138204966522876e-01 -4.910219295578057697e-01 -2.077242963962316336e-01 -3.345496929618992366e-01 -3.456842433815771054e-01 -1.927960098968214270e-02 -1.954109466742005585e-01 -5.146494251582595797e-02 -5.416938927875244447e-01 -5.584699185889716588e-01 -7.741950320832314825e-01 -2.465608342823085164e-01
9.943007815848901032e-01 5.942369418559447780e-01 4.986510252669424936e-01 9.495467160513669791e-01 3.388959279024880006e-04 -2.362451579381640299e-01 -5.147732708195410511e-01 -1.847237185602651210e-01 1.530356919073993516e-01 9.870083753184945019e-01 -4.402291978321772326e-01 -2.637022583290840605e-02
9.106507417415842243e-01 -2.442509002113134597e-01 6.688071463916928083e-01 1.184132303913743245e+00 -4.101811536973490879e-01 -6.935228059997826378e-02 -4.410110296015418707e-01 -1.124871446277488640e-01 7.224496995699654089e-01 3.623428200473452487e-01 -6.557148900386174928e-01 5.230452801234362070e-01
1.294671070155147818e-01 1.042877892169423448e-01 7.067369878761509128e-01 2.957248841865087186e-01 5.707260305114546517e-01 3.140015321751363220e-01 -6.328172036135109035e-01 4.961849863856642173e-01 7.389582339991209725e-01 4.194065974379257433e-01 -4.406107275181176952e-01 -9.916041598183435168e-02
-2.167162469627139654e-01 -3.355130764202450266e-01 -2.377290424655180978e-01 1.607180558971703088e-01 -3.812431190684026361e-01 -8.503213575946124703e-01 -1.042023298309324497e+00 -4.693719607576497810e-02 -1.572531106713178639e-01 1.821954473240402494e-01 -1.234870781841911069e-02 -3.161381081200673182e-01
1.128266002250237349e-01 -1.940055061104482559e-01 5.129468936775963273e-02 4.328575696809287832e-02 -7.724663481744607763e-02 -8.733761629771653601e-01 -5.953147502187119411e-01 -3.284375374964878525e-01 -1.542230486571716241e-01 -3.329271489392753303e-01 -7.672231652142539327e-01 1.481289979927424560e-01
9.857146635506429388e-02 -7.304606787215333075e-01 3.571434942991680850e-01 -2.525496602785852196e-01 -3.072632495305883116e-01 2.440519184404385360e-03 -9.042632299894279857e-01 -1.079790350344006500e-01 -1.075275670610460754e-01 -6.921848447262131110e-01 -2.992098356838175377e-01 -4.332529038701908863e-01
6.224470826201610185e-01 2.388508023658930113e-01 2.995131071419802615e-01 4.895999005636401669e-01 4.941879491629512233e-01 -4.288832295531407046e-02 -9.024998831320618642e-01 -1.287718222083707453e-01 9.595059199213108458e-01 -4.491128479626775583e-02 -7.878851031652186476e-01 3.893802299407795875e-01
-9.560215508294327147e-02 -1.343679038218447974e-01 -1.866595102394549011e-01 -1.703619786944889636e-01 -8.082528400628219423e-01 -6.878596351565272604e-01 -7.137298858977531024e-01 2.263515480632610488e-01 4.091060788723077102e-01 -3.230315882348066547e-01 1.068052068499344975e-01 -1.329513125172467336e-01
2.336871557258652365e-01 4.649777069491584092e-01 9.509899282703344614e-01 8.220936839451787881e-01 -1.944147694613102550e-01 5.196459408625066917e-02 -3.884748658940949673e-01 -1.761939044009258604e-01 8.568617131297319167e-01 5.715768171401529596e-01 -5.977912921843508975e-01 -5.502328479023110841e-02
3.654490671759130782e-02 -5.102708498087773353e-03 8.298308560604172879e-02 5.112317580909946368e-01 1.010005475880534215e-01 2.512021763162493038e-01 -1.678039520571412924e+00 4.649276184326074923e-01 1.712357389382499484e-01 7.716719205776159107e-01 1.828578651675583089e-02 -3.650262886159014730e-01
2.672779220092398877e-01
-2.049785491991847619e-01
1.406509474529912929e+00
1.660213694358568359e+00
8.433590343159398373e-01
7.682743593826012463e-01
7.801363362880088248e-01
5.912163897852429351e-01
1.565496516040617125e+00
5.318227865217988182e-01
1.578346322018723491e+00
1.155392673411575588e+00
ReLU
0.1
12
2
1.769980335971302887e-01 -2.775203319974214530e-02 1.109956562431608118e+00 1.284158474184975862e+00 6.904221031417391297e-01 1.702861389656560032e-01 1.371118747303040619e-01 1.574051579776560850e-01 9.454396617468122654e-01 1.508311760428402148e-01 9.923110370257989254e-01 6.697970071601726527e-01
2.906997758364778806e-01 2.693868009995438184e-01 1.075609941086228316e+00 1.024145392682315636e+00 8.253395360607141962e-01 1.304945623608345373e-01 1.532426250067341345e-01 1.874076317570013903e-02 9.780421565794465977e-01 1.093816161407657334e-01 9.721249669410593208e-01 5.796912819632640268e-01
2.002578352393598049e+00
1.466838281988952719e+00
Linear
0.1

ct 2024-06-06 13:46:28.778786
