noname
4
4
4
12
4.263081753515671757e-01 4.911840770900939290e-01 3.129509918190262474e-01 7.342810752831178123e-01
1.756438484212782536e-01 9.563716435350083644e-01 5.424433394888020787e-01 7.423902072245724959e-01
1.046370432978295462e+00 6.571045024530891565e-02 6.924887074653324204e-01 6.659486722339900133e-01
1.607259743273285468e-01 8.156984549324405309e-01 8.723321947416000643e-01 9.212718891682549760e-01
2.229868355249019496e-01 6.047155278097443576e-01 4.416255287594261780e-01 6.714457811116166797e-01
8.449950891805017017e-01 3.407959789914593585e-01 2.086239969073620110e-02 3.107311256645297060e-01
1.178678571395989083e+00 1.941631708717846683e-01 -1.980074095798955158e-01 6.581412620513318323e-01
2.824260391197080944e-01 2.345840268911389415e-01 3.657278343294508849e-01 2.842083690625342718e-01
8.565016718509262938e-01 4.927229579580298391e-01 2.760066600003392365e-02 7.009403141437983153e-01
3.108183136216022824e-01 6.491672678578260802e-01 1.749744510320510454e-02 8.954198728748732350e-01
3.593073884514605409e-01 9.778523602245691171e-01 3.839158988047912668e-01 7.641495159766403811e-01
6.117982839873818968e-01 7.903938784053343714e-01 4.795820974419866545e-01 8.375343704577994375e-01
7.884286700128549930e-01
3.259548897024622249e-01
5.960637059495892398e-01
7.223701784049780805e-01
3.441720544611209243e-01
3.490614485776659115e-01
6.863574339957879966e-02
6.225088921223057570e-01
7.893222730559825706e-01
6.473595406656807993e-01
1.066407794059757719e-01
5.623056203024191513e-01
ReLU
0.1
12
12
6.139282143292096317e-01 8.045683801193047324e-02 3.153328274097600553e-02 5.835899119382077505e-01 4.893147185929716536e-01 -3.556094411142998041e-02 6.709452120634644690e-01 7.762750241054173772e-01 7.266171393381529731e-01 2.454862663185906901e-02 5.984463894855902577e-01 2.876315759646454473e-01
5.198102547087973813e-02 -1.774500681124047963e-01 8.235354947781559076e-02 -3.282338343132286396e-02 -5.124184206231651578e-02 2.981776627567253590e-01 8.304368383117997909e-02 2.645654638873273234e-01 -2.522948330669134709e-01 -2.587602863830475441e-01 -4.218977490983503720e-01 5.992015274672592151e-02
8.682067043243963944e-01 7.493936528967117816e-01 4.109203107321466875e-01 7.228970892574920759e-01 4.773240315672179768e-01 3.371654794769955998e-01 5.935551424621373640e-01 -1.257185526301420400e-02 1.391891148474457343e-02 9.746308479645829914e-01 2.227934427315812482e-01 1.775803428111850657e-01
7.219548668652066015e-01 7.539786675011765638e-02 5.349152471434517331e-01 9.098277367474747468e-01 6.977019925674317335e-02 5.467925612467914309e-01 7.139492325603722378e-01 5.736874826776987985e-02 5.112128140532986587e-01 2.995148822217631457e-01 6.657269279369182335e-02 7.572562086562016903e-01
1.870276329677429406e-01 1.284931606226648038e-01 7.853400095651240642e-01 2.452324158199087334e-01 1.091592756013842314e+00 8.404799478702288384e-01 4.253920251129679198e-01 7.310866686791082092e-01 8.011398675780452283e-01 5.646240895084236877e-01 1.056012199345107289e-01 1.462058566334275000e-01
5.491298856957956692e-02 2.381715120253623807e-01 -4.671434047123165095e-02 4.378020906184313388e-01 3.379951513069622826e-01 -2.224276124717858016e-01 2.645860630121923962e-01 3.985219996983833113e-01 6.299916037572260430e-02 5.116602153125178187e-01 5.034015134388798440e-01 2.639247676616293670e-01
4.788613991447931983e-01 4.755547421942010744e-01 3.669097011766556116e-01 4.006862090904004803e-01 7.191268996885432641e-01 -1.650926111141946262e-01 5.574097594491337349e-01 1.989951262788903774e-01 1.914148294239277626e-01 1.020711870310082175e-01 -1.378644892072590777e-01 7.753613503096800086e-01
5.481070512802664885e-01 -1.810874340341859234e-01 7.743828518386811632e-01 2.146666194106055803e-01 4.798966886018872224e-01 7.061020569162418381e-01 -3.198057744560546534e-02 4.296379128534889569e-01 3.442562032817150786e-01 -1.969577287235475260e-01 -7.062891064252201090e-02 2.129171878552186814e-01
6.252430116576496166e-01 3.464451247536213807e-01 3.217376500658830074e-01 3.832731151445312179e-01 1.028237419995752688e+00 5.165991740840045754e-01 1.691894370190138164e-01 1.111146287010791323e-01 9.588328993102968045e-01 5.450997692533114669e-02 -1.902801850289582986e-01 6.455973953060126780e-01
3.405266831119138637e-01 5.350381961233976469e-01 1.963656319476816403e-01 2.734417354633641439e-01 5.012758199206539256e-02 4.323566594721228729e-02 6.723905846128603869e-01 7.536657136111857280e-01 8.324859666375021838e-01 1.717034190827888551e-01 6.810128865575376667e-01 5.329155715827689210e-01
2.272069122540073816e-01 6.256159442316344688e-01 9.759195113048181325e-01 7.105647864588099383e-01 3.718765501040346977e-01 6.755300790492950735e-01 7.753726899501295344e-01 7.161869437786852477e-02 8.439655388775594291e-01 6.726788675425882102e-01 8.963527213753198775e-02 2.289696317485296062e-01
1.318595290745368243e-01 7.569450948609666163e-01 1.533051934990415366e-01 5.830751537356305692e-01 7.647157075845519847e-01 9.394765216252614071e-01 9.606352840526033443e-02 8.088647206072713258e-01 2.025974160409679814e-01 9.539370663494839420e-01 6.857173259915388952e-01 1.401574105523100966e-01
1.747409986522364955e-01
7.975797753895874642e-02
6.664732374682501570e-01
7.778973027976686661e-01
4.306907853775784334e-01
7.025205759033403830e-01
7.785275688539197159e-01
7.929817582860112513e-01
1.037632006422023689e+00
6.289669801674453442e-01
9.818055109045051854e-01
7.060463241646173227e-01
ReLU
0.1
12
2
5.076292392033113776e-01 1.116168484071846101e-01 7.914152738342307147e-01 9.923396004979714302e-01 4.421801880895651626e-01 4.990147480499894650e-01 4.053889074716542362e-01 2.544537895139591388e-01 4.687836070681798972e-01 2.415166498795850714e-01 5.640662892129468808e-01 8.490972222318567963e-01
4.685459660202179188e-01 6.988467278105262026e-02 9.548638506025511896e-01 7.024331682949962463e-01 1.083372740994776429e+00 3.924487260220710372e-01 3.297659147144313407e-01 2.491953259640384277e-01 1.083864691887589160e+00 5.547440770474652005e-01 8.990648487214758511e-01 2.203122901021489777e-01
8.988790507073261826e-02
8.331407995978384884e-01
Linear
0.1

ct 2024-06-06 13:46:27.607350
