noname
4
4
4
16
4.104162789550701018e-01 4.304372139713278367e-01 -2.729794450231328717e-01 4.677895891963483321e-01
3.601982817642468859e+00 3.151922690218374790e+00 3.936218225287662076e+00 2.743717914596515595e+00
2.269446437745522849e-01 4.378274559516046605e-01 7.081870346811678374e-01 1.764653290357069970e-01
2.201345518026807113e-01 4.612277344778480392e-01 -5.610437812363646692e-01 7.573360010714585977e-01
7.163491087387660605e-02 1.632601250002585713e+00 5.514427687957861757e+00 7.417324450098395916e-01
4.219163041179534446e+00 9.511483992304746726e-01 1.718829184283184430e+00 6.884706114278846822e-01
-4.904568328866960591e-01 1.046652030131004052e+00 1.334083442021542387e+00 8.346397934909014493e-01
5.018800627954953519e-01 8.813290329581102700e-01 6.221545264374254147e-01 5.241977897922533991e-01
1.765301637297892023e+00 -2.847103859049106678e+00 -1.176044787966506178e+01 3.187370234526119561e-01
1.623551096555871043e+00 1.540075539547362649e+00 -1.050905765721217966e+00 1.260235517063653221e+00
-2.046658710841133377e+00 2.757058373066881618e+00 5.459113458633980898e+00 7.054387756431395040e-01
-3.668661892531018265e-01 1.835984425698292233e+00 7.770249492547585568e+00 6.855923492172688594e-01
3.643568824420746477e+00 1.144878278956340117e-01 -4.390500865403692998e+00 1.100881359708528739e+00
1.656587351139140241e+00 1.481679549194145240e+00 -6.287150408158278525e-01 9.980839710052673563e-01
-4.183791033728468389e-01 1.332342502747011492e+00 2.431379912346240513e+00 5.916785288087096362e-01
3.712260425307376099e+00 1.080887043625393229e+00 -2.115932421239016925e+00 -1.258009874233126935e-01
-7.592853641014557509e-01
2.096120134410203839e+00
-1.513473935438994999e+00
-2.211390648122123714e+00
-2.863199268512846452e+00
-3.253020491344994269e+00
-1.000271441996101407e+00
-1.130071213438042177e+00
-3.438806498460730054e+00
-2.116464911956318140e+00
-7.256362836975970287e-01
-2.937040092837436944e+00
-4.552871566416613058e-01
-8.688130746413398331e-01
-1.678268536021189083e+00
-9.345254857211743982e+00
ReLU
0.2
16
16
-1.672398093657826712e-01 -1.975764838750098673e-01 -1.586380501564284284e-01 -5.107612947023938005e-02 -1.817191110686607214e+00 2.644910372172798452e-02 -8.774452024138850170e-01 -4.455850144006876651e-02 -1.555915370071819126e+00 -2.831294818664767954e-01 -1.161289777793162559e+00 -1.240061154884331440e+00 -5.473563194910079366e-01 -5.407973816807003509e-01 -7.298647515469909586e-02 -1.227217527689722587e+00
-4.296597269717413736e-01 -3.619629158581708084e-01 -7.412408262027243566e-01 8.815932027757916734e-02 -1.411744453533043231e+00 3.754399405480263879e-02 3.596180936157009622e-01 -3.195543956999150614e-01 -4.809731786124606945e-01 -2.484520265399809136e-01 -5.561119816001791616e-02 -2.682652418916151027e-01 -2.267882015856236277e-01 -1.555282971644632029e-01 5.773567739289447998e-02 -9.402247071743953244e-01
2.529063286770349278e-02 1.012759141104176308e+00 -4.012963060256071191e-01 7.592487361090052844e-02 -1.668424899522006122e+00 2.082768450613402322e+00 -1.906548860829563874e-01 8.985725696287776010e-02 2.559916799321662606e-02 -5.192302678838268681e-01 3.180879913255911795e-01 -1.316651520422240429e+00 6.631230100991644116e-01 -5.293477403222727196e-01 -3.051088912612384130e-01 2.163369392059651286e+00
2.208551928579700896e-01 -1.135824354369699418e-01 -2.906386930862357443e-01 3.604730000367907528e-02 -1.126311335025067084e+00 -5.575777414260386644e-01 -4.974811884732533440e-01 2.753233662544042337e-01 -1.102909333467947395e+00 -1.814565882041801331e-02 8.396090091380410680e-02 -1.471067553082039847e+00 -2.825213812187504225e-01 -5.454006475597992232e-01 -1.575718468940563374e-02 -1.447324095269644229e+00
-7.835236823638692671e-01 1.620031170992282110e+00 -1.925147847474279472e-01 4.130268410065436879e-01 -1.968601024446717140e+00 2.609291649917314881e+00 1.240531375029377131e-01 -4.997950661441646347e-01 6.702792514785766986e-01 -1.229521998279573092e+00 6.659608511617078896e-01 -1.733271218341650100e+00 -2.110486144257685270e-01 1.386195417970679210e-02 4.074226254899288580e-01 1.446626116913928506e+00
-5.113917684645561401e-01 -2.697020561291017526e-01 -5.120279506327849450e-01 4.270141094746637278e-01 -1.172046954381728900e+00 -4.378243636016460050e-01 1.984555894654616848e-01 1.060840019912021731e-01 -1.562504225481419762e-01 -1.608947376441481614e-02 -3.316018975181290740e-01 -1.470007594996319389e+00 5.886298568180771407e-02 -9.909965220278198483e-01 -5.425945890800927263e-01 -1.214538991343853347e+00
-7.010351721686297610e-01 -3.002713070203927859e-01 -5.536770799664690879e-01 -8.415469092132982221e-02 -1.345309927711296760e+00 -5.268136842539840048e-01 -4.188609485489447892e-01 -4.928862893303229825e-02 -9.307407946482165739e-01 -5.833585509268465197e-01 -3.188375396414690477e-01 -7.095044235923321230e-01 1.758959257345470428e-01 -5.551219061659878884e-01 3.580513920105467263e-02 -1.301357473360008621e+00
-2.165191478356285337e-01 2.632896795188176542e-01 -1.080901202323147015e+00 3.650946656080981678e-01 -1.920804109268156479e+00 1.146114243567776247e+00 -5.220548412540435557e-01 -5.751610935672022418e-01 -1.214462157270121967e+00 -6.660771185708797004e-01 -9.311562685429218555e-02 -1.685889022279916549e+00 -5.629316571828818505e-01 -1.020567930833572001e+00 -3.035971752739514695e-01 -2.601542139425773392e+00
2.524323632606085832e-01 -2.707489045604233868e-01 -8.811706377640829979e-01 -9.489052297758853172e-01 -1.621431963461624326e+00 8.006946907080778053e-02 -2.301292815499375588e-01 -1.190226298107366215e-01 -2.393778309999315124e-01 2.225195455136338152e-01 -7.941573921944491410e-01 -8.691305571163779886e-01 1.997108581587660470e-01 2.065304612641782611e-01 -4.401047551510205436e-01 -1.253276403061183819e+00
1.743335638465189352e-01 1.721057522896275449e+00 -6.111443049725465704e-01 8.886579645071597533e-02 -2.049954454172144835e+00 2.223971686891408783e+00 -6.430372428157956621e-01 -4.508122030203218222e-01 -1.743714149298141169e-01 -9.890858664013554291e-01 4.395418190768559663e-01 -1.253706896297397178e+00 5.923436885578290401e-01 1.952337836386318637e-01 -1.404977928771415918e-01 1.634069167110721921e+00
8.986947347910521910e-02 -1.476060132468174912e-01 7.423293042232614880e-01 1.646618105046178338e+00 -9.866940138828398377e-01 3.149136690210192935e+00 -4.930005781698314216e-02 5.696299329822825941e-01 -4.821736162815110638e-01 1.307841222070096343e-01 6.999196659355637617e-01 -2.016060441515783730e-01 4.830822844295834528e-02 -6.424647440455543146e-01 6.716216437123265770e-01 7.350234995343248867e-01
-8.798846926258953038e-01 -1.099788807718276695e+00 -8.878305910538416557e-01 -2.123415803091458276e+00 -1.975743987674581925e+00 -1.182351689857448873e+00 -1.085342268159121826e+00 -4.620065351979463775e-01 -4.864276029633914922e-01 -1.463996044953699005e-01 -7.049975298000963342e-01 -7.883641196666565376e-01 -8.149661554620534210e-01 -1.303457750467132747e+00 -6.459819918004492401e-01 -1.312008625965618958e+00
-3.385472553353991443e-01 1.226652334271247646e+00 -6.708203227638748212e-01 1.521323752331485313e+00 -1.596218920975083666e+00 3.226375023185210633e+00 3.925463514730000436e-01 5.332460742663027720e-01 8.027846693630711350e-01 -8.117773037594790964e-01 5.116953931237357978e-01 -7.270228007394585745e-01 -1.464451881615560780e-01 -3.426992875207727218e-01 3.201037520302242312e-01 1.449503726481303323e+00
2.385506268584199063e-01 -4.640288304832046462e-01 -7.566002313697610671e-01 1.451890360555578574e-01 -1.944847672281700968e+00 -1.844489267144467926e+00 1.657393916257959010e-01 1.894347719924326795e-02 -2.433123820197760911e-01 1.731011721139992798e-01 -4.425322692892471044e-01 -1.158439331630165103e+00 -2.628282403746911786e-02 -4.942532690103036419e-01 1.182074679337417611e-01 -7.757169126521725744e-01
1.384090663652498554e-01 -1.373399925850357639e-01 -1.385418745491252324e+00 -2.119966487508842423e+00 -1.914100781715174504e+00 -1.842641141895190016e+00 -1.234655480724418664e-01 1.095112281391618508e-01 -3.822174925232483811e-01 1.580376608549257100e-01 -5.528886135675149527e-01 -8.264993066276061784e-01 2.265300579772528966e-01 -2.913874842544473820e-01 -4.332594925546059961e-01 -9.024940307842765908e-01
-1.191502015958803895e+00 -1.465763276818111693e+00 -9.227042802233118568e-01 -9.270338716010859681e-01 -1.657020948498049595e+00 -9.451533181262798955e-01 -1.250008565724439524e+00 1.539520261759426967e-01 -1.622542366520880464e-01 -6.776984736135555076e-01 -6.538099762126287073e-01 -1.341044147729672620e+00 -1.246521702598565540e+00 -1.588510126454728999e+00 -9.000564345074916206e-01 -5.544921481701108323e-01
7.994985371425855636e-01
7.858000864286363019e-02
1.973165752170290110e+00
2.776576571158790793e-02
2.208971484045143985e+00
4.214599224888426199e-01
4.334995418982136028e-01
5.952277666770416920e-01
-9.526516627000915227e-02
2.099055559823913786e+00
8.533828894797924614e-01
-2.245204232504072195e-01
1.992717471241201688e+00
3.874810156700147501e-01
-1.262284611838338996e-02
-2.417179528622303841e-01
ReLU
0.2
16
2
-1.662496049869972570e-01 -2.522120706184798056e-02 1.048206337975472691e+00 3.103339008566240870e-02 1.556924470605475452e+00 -5.546964937128362472e-03 -1.140215199845297511e-01 5.745172340109943043e-01 1.390482343438704527e-01 1.416611936028533636e+00 2.768629471498409433e-01 -2.779905663054702547e-01 1.162992318807370529e+00 -3.149130614931961447e-01 3.870005990109149502e-02 6.763290946375134505e-01
-3.240096245068049829e-01 -3.337359353516673038e-02 1.325233596810064585e+00 -6.097056506202525039e-02 1.736728513388472006e+00 -1.589113829993427929e-01 -1.762748204625378678e-01 3.842423573696868155e-01 -8.045807842551688793e-02 1.997156410557384909e+00 -1.057486386096192915e-01 6.587979464955145970e-01 1.253553185896211675e+00 -1.046125821673436346e-01 -3.648681001117427825e-02 4.234679343162102150e-01
6.359906413159634120e+00
3.757332846161627327e+00
Linear
0.2

ct 2024-06-11 21:47:31.003436
