noname
4
4
4
16
8.576462224435259518e-01 7.182776663389556226e-01 6.076828691019180440e-01 6.270876744046867124e-01
5.328773152912417155e-01 8.133349861563780037e-01 1.158388832917618849e+00 5.019780340956281339e-01
3.135839470418702035e-01 6.310309508820504121e-01 6.675639136069795310e-01 3.234896231917594456e-02
5.195125254985922814e-01 9.802989635547281200e-01 -6.988595723800983261e-01 3.312105511886338505e-01
2.583380559307943414e-01 7.802480689734586639e-01 1.003440863341134470e+00 3.553811514626908363e-01
3.565671111813498717e-01 4.773759545900366774e-01 1.037796722554907625e+00 2.702112622383221474e-01
1.801213476013364401e-01 4.156063595193701943e-01 5.266564205903103701e-01 8.485883694272676747e-01
1.010951687786069364e+00 1.003387968135175612e+00 7.099367877769390267e-01 7.064682622522974187e-01
1.300172859805772685e+00 6.711587204631452863e-01 -1.142572579668037269e+00 3.209603271447974415e-01
5.722612939816402733e-01 1.052427491507389234e+00 2.610022838638599851e-01 8.371484909983135658e-01
7.842406047821414150e-01 9.086760626267100793e-01 5.402730618418820630e-01 2.081721411337294492e-01
5.723809925067550874e-02 -1.446615381714965454e-01 3.390347593057550513e-01 5.546416432257781359e-01
8.946024492302881992e-01 -2.736543057750556729e-02 4.430406526957110236e-01 8.786334853175257198e-01
-7.334379560623562055e-02 5.131239326368540743e-01 6.097363530460553349e-01 7.140084559303223610e-01
1.011603805207190732e+00 3.940236370272686139e-01 -1.594878588160476285e-01 5.745566830444915896e-01
6.953151391913059420e-01 5.602646505729519388e-01 3.772424240627014758e-01 2.832219475389124996e-01
-1.650498552520119830e-02
1.336125465989675298e+00
-1.038217785961869977e+00
-1.400445371671318551e+00
-1.206882224935081904e-01
-7.741361679751678215e-01
4.786429094294932240e-01
-8.389682434782270992e-02
-4.087432470352897473e-01
4.450567805382625308e-01
8.251484062942001652e-01
1.772373936087568436e-01
6.723774774375969043e-01
1.163638736871913215e+00
4.128816672351650618e-01
-1.468793381769771367e+00
ReLU
0.2
16
16
-2.074943538946506794e-01 5.397391444503437663e-01 -1.363678176115054597e-01 -5.802827022440409932e-01 -2.252350713202953547e-01 -7.046578727145058618e-02 -4.663949048335566672e-01 2.496674340172277268e-02 -4.273688750493107591e-01 5.773329404848527580e-02 -1.250527488678463139e-01 3.858224196964230024e-01 2.776855017216260657e-02 5.910222767894096618e-01 6.375093435231700134e-01 -8.192493824923495760e-01
-5.323877609423142143e-01 1.005738207305334475e-01 -5.526559227855636358e-01 -3.993001707336861217e-01 -3.725581338548545340e-01 1.040324076849928892e-01 4.765372051523104058e-01 -3.367806601256268517e-01 -3.599404552083684816e-02 -3.105910202388597607e-01 5.038481758585662273e-01 1.543206562258805370e-01 -9.002630921536443342e-02 4.081826377502079106e-01 2.688525312564458702e-01 -6.262128754324908231e-01
1.091356896992327630e-01 6.689172047805942434e-01 -3.821042467309618273e-01 -4.409736224201444288e-01 2.834003346693336756e-02 -4.126994151386532139e-01 2.339406534264440729e-01 -3.963709304554657170e-02 -2.661501669747737275e-01 3.496154920678217759e-01 6.900166113378882748e-01 5.448150310934356533e-01 1.027796545266618455e+00 3.309640605428804672e-01 -5.145139032660009382e-02 -4.824332965684205998e-01
2.433863960757493006e-01 6.605292320866675837e-01 -1.973126871084940059e-01 -4.836038320221430209e-01 7.707597376177965920e-02 -3.237421444375210844e-01 -1.028437084142204000e-01 2.803087828677708337e-01 -5.662795461290348609e-01 3.311916291926805811e-01 6.027218952904451754e-01 -2.123760805255022754e-01 5.953354781571898457e-02 2.605411227795748075e-01 4.743507179105811433e-01 -1.184350262260634334e+00
-5.754294716477242888e-01 9.938532689321134539e-01 -1.605544934453944084e-01 -1.970744245757256041e-01 -3.605233223814448551e-01 -4.109276816539711996e-01 6.328810624129993512e-01 -4.362716926468414025e-01 -1.670265706503465397e-01 -1.028891484272402151e-01 8.093188742873298480e-01 -1.239580388187788706e-01 6.618084794800500881e-02 9.034466701077659145e-01 6.767067767606733675e-01 -1.173811462251711957e+00
-5.149871620864991950e-01 6.118996480307667962e-01 -4.588143383244501217e-01 -1.523758468815812062e-01 9.898654025920050614e-02 -3.972225720059860410e-01 5.730491765246596980e-01 1.290638943071890365e-01 1.702033441213899878e-01 3.735674678792417214e-01 1.527888971904489412e-01 -1.935106727717492148e-01 7.230569475100306898e-01 -1.214513012752068827e-01 -1.660278751185878254e-01 -8.711396665761381719e-01
-6.989944524386241254e-01 2.537372084688072071e-01 -5.320546040948409550e-01 -6.528741749335937872e-01 -6.027814331832484496e-02 -2.881174154063763648e-01 -1.222396172627669142e-01 -1.208479129178341854e-01 -7.324363141196857385e-02 -3.385468876560671636e-01 7.486834626721767805e-01 3.445067315312461131e-01 4.746287524132016267e-01 -5.260517747412398609e-03 4.227145292121622377e-01 -1.011472099804901603e+00
-1.153871798915648839e-01 1.137598678240831385e+00 -9.968362413213200934e-01 -1.985894519503494104e-01 -5.118907329879130996e-01 1.730841026782863057e-01 -2.091668191951298605e-02 -4.430604931730763862e-01 -4.364907941611766429e-01 5.166759163588877657e-01 2.744696218344711558e-01 -1.585688686165507011e-01 4.507795144841111878e-01 3.241385174341259168e-01 2.505433180139651217e-01 -2.641588323377820346e-01
1.273178316846473590e-01 -1.006429549746727659e-01 -6.051434348306763411e-01 -9.286381609276540550e-01 -2.265115338011737534e-01 -8.522580463374063164e-02 -3.038705252816286534e-02 -1.839512640232428553e-01 7.985730929573971182e-02 3.312484999939613317e-01 -1.355835043230300130e-01 -1.215948676885390822e-02 4.993312318140898376e-01 4.706576549308938429e-01 -2.266716849431903991e-01 -9.677720423475384415e-01
3.310798103187681529e-01 8.941628853762588758e-01 -5.691407158742318728e-01 -4.756363614881490842e-01 -4.009118355977623893e-01 -6.376900608079483224e-01 -1.600771716920040832e-01 -3.812647790550934279e-01 -5.586900615859913266e-01 1.825683059451383913e-02 6.948229593472674548e-01 5.357914085726714903e-01 6.583897112832373111e-01 9.929845420065313011e-01 1.276232040744823548e-01 -9.024961509987051711e-01
1.952183780111663713e-01 2.402441605794257973e-01 7.108446610183358771e-01 9.348958920902702419e-01 9.501896149189885399e-02 2.135317946299520653e+00 1.554876883961051615e-01 4.734426572141073319e-01 1.347728848227622289e-02 8.036318299013613942e-01 1.002666191079312208e+00 7.084396182492054272e-01 7.418043408199554989e-01 2.768801854049802724e-01 7.909927944788729404e-01 -4.346499178174668687e-01
-6.043334658476610111e-01 -4.343604156224537549e-01 -5.110308954384592539e-01 -1.331908160444737810e+00 -1.130904804152126131e+00 -9.531506603769734909e-01 -7.883988981056457845e-01 -2.398767055811160120e-01 -2.438200097058436100e-01 7.101495251424153055e-02 -1.072194204232692072e-01 -5.710656897426903411e-01 -5.540724177440847775e-01 -8.443997752621462682e-01 -4.724693795274285124e-01 -9.752043109671522103e-01
-1.659697194368132123e-01 9.433019672747758877e-01 -7.130064999074690046e-01 8.212301968271271679e-01 -1.807212161149876206e-01 -9.082877520048725228e-02 8.290590051044026687e-01 5.375895531120282733e-01 2.788778127300993726e-01 2.622842673122548485e-01 3.577131115685975860e-01 6.997046154477777336e-01 2.190876733294381817e-01 5.801401512553816531e-01 5.026311925669023628e-01 -1.086309983023816761e+00
1.096107708223465066e-01 5.120197273177286013e-01 -7.021107017251251303e-01 -3.279253896547060787e-01 -5.456006040391535583e-01 -6.273887709833869675e-01 5.271854468173260422e-01 -2.304543981388193497e-01 -3.995995643988511925e-01 -9.747870837546612766e-02 2.047831367421470983e-01 4.088389469397226694e-01 9.179340053415799283e-02 -8.768995436055955495e-02 3.759743998994780623e-01 -5.274179118072813699e-01
-2.326206483515387211e-02 1.509150295261681152e-01 -1.023614100072635535e+00 -1.701253877516414770e+00 -5.539899209066672103e-01 -9.394745027216868660e-01 3.010029349320587910e-02 8.886216372780962602e-02 -1.656615588522050431e-01 -9.096007965205534992e-03 8.860386195310102769e-03 6.369443559805106070e-02 5.195929839125862371e-01 -3.328414717520682131e-02 -3.926628737585466933e-01 -6.100192893755287393e-01
-8.924817750614283396e-01 -4.807374425882654512e-01 -6.836086640776529721e-01 -9.204357140882305499e-01 -1.022904686656842532e+00 -8.535194662716881764e-01 -3.448156318554012056e-01 3.514652827867860152e-01 -2.165532122904152701e-02 -6.708444247327000065e-02 -2.932100941264902810e-02 -5.607293879413376425e-01 -3.818051862289544851e-01 -5.540410317080789460e-01 -3.494149001691749801e-01 -3.003440844126502585e-01
1.203974615445935870e+00
6.806009129313990158e-01
1.513541136692581945e+00
6.825773878746792533e-01
1.309984687276248394e+00
9.154040086730311776e-01
1.038197615512965744e+00
7.964197979211772305e-01
4.244886178736289040e-01
1.189984635958729386e+00
6.480970866663109398e-01
3.516058226886756982e-02
1.437213334864148706e+00
8.312413331792900539e-01
5.833622146094352701e-01
2.545938733715256141e-01
ReLU
0.2
16
2
8.237163322776620555e-01 6.688837578561444008e-01 1.076132266882303234e+00 9.238471359878153155e-01 1.304251217805012741e+00 9.166717637796867324e-01 7.644159661349304580e-01 1.310466227774266024e+00 6.631416030683991991e-01 1.388904025209020787e+00 7.441959269966877955e-01 -9.495409938803037186e-02 9.066365915059581004e-01 8.714822328200143575e-01 6.115895888353881649e-01 3.832426991830316654e-01
7.465109607588108487e-01 6.595341068006792540e-01 9.126775453644975222e-01 6.510778186779755394e-01 8.215799625520584515e-01 8.074297450267082787e-01 6.448934569869797517e-01 7.941360146821730970e-01 6.622770326492423143e-01 9.426560707575314391e-01 6.324240130184567432e-01 6.171739121020775043e-01 7.053800381574621969e-01 6.227209854176714021e-01 6.857194745313395234e-01 6.372143417363805851e-01
1.371423881171669912e+00
6.952023575795156507e-01
Linear
0.2

ct 2024-06-11 21:47:08.984394
