noname
4
4
4
16
3.944601522341490973e-01 1.311591160403666967e+00 -1.349656087351206180e-01 8.950509170277786142e-01
-9.007839555641986573e-01 1.756854703407215279e+00 1.076004761880951754e+01 1.024429999376336831e+00
1.252693297155495489e-01 9.055430651247101670e-01 -1.354498934546907396e+00 6.129389959825918277e-01
-4.721911583743393925e-01 1.420225928604489818e+00 6.895594425491913260e-01 1.051477912297463124e+00
3.392070622721288675e+00 5.419180331236769232e-01 -2.778610078568665376e+00 5.957564197882149193e-01
1.757425534593943572e+00 3.054093011871675145e+00 4.500087976648798893e+00 2.204861083805725652e+00
-1.953480019853686800e+00 1.094775624450170515e+00 2.035797581629626762e+01 1.637167871296116406e+00
8.888450753285803696e-01 1.719885570216615589e+00 -5.525602545843795177e-01 1.161962945136465253e+00
8.181860879967768341e-01 1.233577063943499086e+00 -5.286804439651170417e-01 7.861514543945239408e-01
-6.551425592227086980e-01 2.026465786701681537e+00 3.124632006476720125e+00 8.076630052458380060e-01
-3.133075130572796629e-01 1.910389112343318763e+00 4.748786779064979591e+00 9.003254121911548058e-01
5.906122658994331087e-02 8.260592539344262519e-01 -4.272436394120682768e-01 6.665471258440203162e-01
8.222988688670078705e-01 7.462939028581456746e-01 -1.630371080186587385e+00 8.189492315172945958e-01
3.476279901854849808e+00 2.744147108355924125e+00 1.022935319116611730e+00 2.334224522692647241e+00
1.265618315550721018e+00 -9.790663849082643921e-02 -1.594522189905415832e+00 2.804824451595441248e-01
2.092632276531540825e+00 1.355079705245847199e+00 -6.074971100580405237e-01 2.588588380183849846e+00
-4.403461456757718495e-01
-3.922084798773082248e+00
-3.768298938596899017e-01
-6.167493155405289196e-01
-8.888615551977397944e-01
1.734047986297821531e+00
-4.666830224048210241e+00
-1.887206765335800729e-01
-4.874655734635027771e-01
-4.749012766919754047e-01
-2.674907196955807365e+00
-5.504808468589269532e-01
-7.282658924053339033e-01
5.031459237974358345e-01
-7.827129663438525675e-01
7.350971001483506129e-01
ReLU
0.2
16
16
1.251399786069364584e-01 -8.468018781580182175e-01 -4.221311449745471234e-01 -7.750019856699406073e-01 3.853994852786951641e-03 -1.216430212743168759e+00 -8.741407079528029644e-01 -8.467703972559771364e-01 6.067995209676901869e-02 -1.799626364390344013e-01 2.633489776624748369e-01 -1.961572000253715697e-01 -1.155653837560798314e-01 -8.359190621589467352e-01 1.853889170876873993e-01 3.070638442661682288e-01
2.037643393607428965e-01 -1.671927217540963184e+00 1.950953251112500508e-01 1.640154759202415158e-01 -1.276749877865431537e-01 -6.288551645891326397e-03 -2.882621653342972490e+00 1.142488825156911907e-02 -4.081589578413523101e-01 -1.181385019952796607e-02 -1.069163443743363251e+00 2.960284635446540080e-01 2.642794712409101687e-01 -3.556048846836873945e-01 1.122452406235712775e-02 8.193141778369377182e-01
-6.767098183951166801e-01 -1.063169778718015879e+00 -7.412450702671219416e-02 -7.946993590279357589e-01 1.898860482225861804e-02 -4.995028712894021616e+00 -9.895468158296385486e-01 -1.818359588763702739e+00 2.535703293921687251e-01 -1.911266772422269833e+00 5.214941669154434800e-01 2.728735264239069980e-01 -1.273015011669352381e+00 -3.839661830448442004e+00 -4.500776580605760913e-01 -2.982393174904338196e+00
1.991544365490490742e-01 -3.307335207821944234e+00 1.718977747309467785e-01 2.459794230452555797e-01 -1.864129561384892386e-01 1.497515564518193898e+00 -5.441906706538013339e+00 1.179674360325502248e-02 7.689996832270266924e-02 3.788539536435999722e-01 -1.243402461309649709e+00 -3.701496301214659002e-01 3.504953744248953118e-01 8.376709138167891533e-01 9.763344530526701925e-02 1.493875160661225721e+00
-1.525109102214917411e-01 -1.889994809943825960e+00 -3.989616723338180737e-01 -8.042879546456346840e-02 -1.971278784113204285e-01 -7.464481019201794076e-01 -1.629808013699606706e+00 5.153064778259642403e-02 -1.017989493189948857e-01 -8.371575475808875622e-01 -6.627120523356584414e-01 -5.682962514644949170e-01 -1.883106058408182959e-01 -1.123967542261658403e+00 -5.338491819906108216e-01 3.809467943284850500e-01
-4.123415761212878561e-02 -6.239935351398049820e-03 -3.612879745888245564e-01 -1.672253598206114023e-01 5.158956422143715637e-01 1.256552242292851007e-01 -1.556308318827451354e+00 1.399612328625866320e-01 3.472533568866086329e-01 1.288896955994505156e+00 8.701665570097519842e-01 -3.303507651310640114e-02 -7.293885891714164960e-02 1.931708777005265998e-01 2.112109971466771818e-01 1.106833231515129246e+00
-6.090693454070491564e-01 -1.085867238697493242e+00 -1.536520154132094751e+00 -3.801554920673039240e-02 -2.401384595650049025e+00 -2.078121593165353609e+00 -3.107508308049440893e-01 -1.921225409124888817e+00 -1.389878233821947973e+00 5.596219939600581561e-02 -1.324698107539047154e+00 -1.120708791111850067e+00 -1.976146691667997723e+00 -2.222200335781406633e+00 -1.136265854866395753e+00 -4.455890348584551575e+00
-3.029825434394081696e-01 -2.655160768583017639e+00 1.516324755427548854e-01 -8.675013296019693509e-01 -3.118871525924925003e-01 -1.859693686279936808e-01 -2.379671388638505913e+00 -3.394779257804739769e-01 -2.554292187377952272e-01 -1.591501144234308773e+00 -1.949380992457885542e+00 -2.569186277444668320e-01 -3.227198503338323810e-01 -4.160469395126009107e-01 -7.077667184916182075e-01 1.159022004013550849e-01
-4.013624868753014607e-01 -7.037480963133061485e-01 1.516958198219482690e-01 -9.723647367124758079e-01 8.462402435187788008e-01 -1.646739119625766801e+00 -2.845499318343952311e+00 -3.428146863332356409e-01 3.784034498296159343e-01 -5.687671585201986568e-01 6.219748093476969997e-01 -4.742211937360865659e-02 -6.795973547179906538e-01 -2.354749572973847405e-01 3.290991440645960608e-01 8.596634575285007074e-01
-6.293529322238516910e-01 -1.282339318260489858e+00 -1.630876974640200761e+00 -1.597750183483417796e+00 -2.471072001819506758e-01 -6.017057245605338389e-01 -9.857566280863663266e-01 -7.283382334632632071e-01 -6.335204055225953645e-01 -8.942402086540557349e-01 -1.762311199625032465e+00 1.275494995187270442e-01 -1.603643891250706943e+00 -1.150134652093759646e+00 -1.046627991267482960e+00 -1.148896978823282566e+00
-1.524496122275399712e-01 -3.834848943148827960e+00 -4.287210355228935899e-01 4.379453857879443968e-01 -7.273910330266962765e-01 8.422679095029680374e-01 -9.133526398476501384e+00 5.596641841501382997e-01 -6.474563896194288071e-02 -6.933177415619656836e-02 -1.117923026348093485e+00 -3.404378420523422877e-01 3.784217735898466328e-01 5.330814394052031391e-01 4.430169780033055837e-01 5.948134960920337111e-01
-1.009771319644735127e-01 -4.117045554382619876e+00 -1.949316746289088964e-01 -4.024634545857318224e-02 -1.056767290129070336e+00 8.957739411849104938e-01 -8.724896314285000898e+00 -1.660708256812302719e-01 -5.066328085890731137e-01 2.841120412651062382e-02 -2.573508981503963344e+00 3.032031792323348629e-01 -3.634706305158272310e-01 5.305148907840783190e-01 -4.457630445894230076e-01 5.403804211630198751e-01
-1.292942255528906959e+00 -1.477398591246170012e+00 -1.366614704785376722e+00 -1.386684805630251649e+00 3.439575908901110202e-01 -7.873352351752086475e-01 -1.155664054565551879e+00 -1.085743368345548632e+00 -1.898961420690733759e-01 -1.187949125502444803e+00 -1.296244561928352912e+00 -3.100213234879183322e-01 -7.724283240814812102e-01 -7.609190518552126914e-01 -1.731800218118420887e+00 -1.058390553942885726e+00
-7.893060074178858132e-01 -6.036041631355851811e-01 -1.090393140215689227e+00 -6.005945148582897408e-01 3.094107553319399018e-01 -6.799578289962802558e+00 -1.074465199826926121e+00 -5.529457101091634907e-01 2.454918079061522429e-01 -1.703417041998652071e+00 -6.759893851402164477e-01 1.146006302085756240e-01 -8.905460540877873088e-01 -1.746589302935816601e+00 -4.887669837735964529e-01 -3.276795187664056641e+00
-3.224933919326408716e-01 -9.033829936108525027e-01 -2.608346335604542765e-01 -1.094098542949173636e+00 -2.494283861625193610e-01 -3.212136841042140922e+00 3.043912669756383416e+00 -2.062683059371086092e+00 -1.020410376397142160e+00 -1.035173861399644180e+00 -1.700042028478141232e+00 -9.722495035829511467e-01 -3.837521480861386669e-01 -2.770748815259524545e+00 -2.999910773706356282e-01 1.048094032134653519e-01
-5.587393002252695196e-01 -3.079098934424492895e-01 -1.410994020758425282e+00 -1.063685954100060255e-01 4.949133696202902000e-01 -3.654096510034223311e+00 -7.367664296247898870e-01 -9.767176629002342070e-01 -1.164879484864560083e-01 -1.043907560754365305e+00 -7.632754085205729622e-01 3.548214872593574709e-01 -3.355922628044734068e-01 -7.322409567763963345e-01 -4.042749709460378149e-01 -1.122673106822766886e+00
6.746585968153074875e-01
2.400439598341729486e+00
-4.053739176213850826e-01
3.730732615418891562e+00
6.999538936121453281e-01
2.126183536202675750e+00
1.271138348408818119e+00
2.500961777940248574e-03
5.863769262588669484e-01
-1.381458108954594310e+00
2.012432314100324415e+00
1.905419643177116651e+00
-8.934676348945378432e-01
2.653541770540600364e+00
-2.452943551389991761e+00
2.271450010404617803e+00
ReLU
0.2
16
2
2.033480288053202412e-01 8.699570981479768372e-01 8.239940014989708406e-01 2.097210414805403822e+00 -1.215681929504651981e-01 9.586204062605391263e-01 -3.593677175234734622e-01 8.510175923431533007e-02 4.036190399001191031e-01 5.937511273032385350e-01 1.297400575609062745e+00 1.452482544790886676e+00 5.885822505948101746e-01 -1.677225578243837889e+00 -4.541483248355322466e-01 -6.027911265511285421e-01
-1.719612932773074698e-01 6.867711691886789760e-01 -2.687544146255239075e-01 1.924775788319263325e+00 -2.004612704154642988e-01 9.191050905593027842e-01 1.967138096149768922e-01 6.614955696394646256e-02 -3.598168703799977108e-01 5.756847304011838418e-01 1.107519255461180574e+00 1.246280401609177524e+00 6.036339713815916941e-01 -1.959469604986289637e+00 4.891195996686682479e-01 -1.048620719129535361e+00
6.427187562175804558e+00
5.560445439302267090e+00
Linear
0.2

ct 2024-06-12 11:11:12.994258
