noname
4
4
4
16
-6.877630679279447268e-01 9.605036524533101527e-01 -7.408242169681460432e-01 8.556274549931623952e-01
-9.007839555641986573e-01 1.756854703407215279e+00 1.076004761880951754e+01 1.024429999376336831e+00
-2.866244012121620388e-01 1.067398119609037410e+00 -1.501482605536001325e+00 4.446231527182256116e-01
-1.711743539743394216e+00 1.312415847163868499e+00 2.414308283652722431e-01 8.644185558211527898e-01
2.498703997312354819e+00 -2.659454998608558052e-01 -3.303707777712397764e+00 6.201325388022285168e-01
2.998494386108142784e+00 4.003462187658471727e+00 8.494577741873696297e+00 3.262311225842297269e+00
-3.706774028005005439e-01 1.089061439557674316e+00 3.439895172243993926e+01 1.827816724148536354e+00
-9.653726572236209780e-01 1.169719581333342306e+00 -1.659365728643248827e+00 1.021228420857036134e+00
-9.141827318589866858e-01 7.846302474438026087e-01 -7.283411983443904836e-01 8.229756030925100552e-01
-2.295039664697581472e+00 1.957168790320531704e+00 1.897561537255231467e+00 5.018474461818296373e-01
-6.143315324957153711e-01 1.685055295016806731e+00 4.424720856933185509e+00 9.032489368896201576e-01
7.788770256321578822e-01 3.334699266007285501e-01 -1.468923714631736210e+00 7.265920574680724275e-01
4.453641568439438148e-01 5.493785361977261417e-01 -2.295094438925974423e+00 7.208575702001915886e-01
-1.321445461489401563e+00 4.008346565311053489e+00 2.453648778143915798e+00 1.559582188857594920e+00
1.401865849929664565e+00 -5.710529716762503122e-02 -1.914213223558653532e+00 1.139169217668650619e-01
2.359429023207616716e+00 1.940533050372502455e+00 -2.166715115709216821e+00 3.502080327062943699e+00
-9.427722279595158739e-01
-3.922084798773082248e+00
-2.209020431113709382e+00
-1.099904499467516450e+00
-2.760882126892953536e+00
2.562149953131265701e+00
-6.906136646565742332e+00
-9.192333411087837414e-01
-1.105988778288287788e+00
-1.910723694885616997e+00
-2.881204954648673322e+00
-1.235181205904948953e+00
-1.136910629052061639e+00
-1.154448055348965774e+00
-1.305117633090533413e+00
8.281714970010424226e-01
ReLU
0.2
16
16
1.251399786177050388e-01 -8.468018781580182175e-01 -4.462250839301067917e-01 -7.750019856245097261e-01 1.047413756752072211e-01 -3.220421576520059226e+00 3.332497737045022057e-01 -8.467703972559779135e-01 6.067995209676795704e-02 -2.178910006034771307e-01 2.633489776624748369e-01 -2.759972923626950458e-01 -1.155653727546694098e-01 -9.687107267498966667e-01 -1.126290659007405659e-01 1.083321413090070212e-01
1.743832014065840041e-01 -1.671927217540963184e+00 -5.171638725181453705e-02 1.357895119688058705e-01 8.166160908480972758e-01 -2.144291060536010374e+00 -8.690249387624660038e-01 -9.205958188578199086e-02 -2.686434901665167296e-01 -2.573185132797642938e-01 -1.068558644527028534e+00 1.379862496392440796e-01 3.110204915330608832e-01 -1.174180747850483764e+00 -1.421198878029912016e-01 1.050543115685962814e+00
-6.767098183951283374e-01 -1.063169778718015879e+00 -7.412450702671219416e-02 -7.946993590279357589e-01 1.898860482225867008e-02 -4.995028712969275198e+00 -9.895468158331170994e-01 -1.818359588787866077e+00 2.535703293921767743e-01 -1.911266772428765082e+00 5.214941669154434800e-01 2.728735264239069980e-01 -1.273015011669371699e+00 -3.839661830495985750e+00 -4.500776580605760913e-01 -2.982393174971739835e+00
-1.552535004603877999e-01 -3.307335207821944234e+00 3.238664927598285947e-01 -1.571656287349290915e-01 -3.832842422935169302e-01 1.347880809219923925e+00 -9.436495018327176965e+00 -1.988174114733484155e-01 -5.377161364186337431e-03 8.695950513728922804e-01 -1.241373477458482144e+00 -2.535497660559323241e-01 7.137197029313879781e-02 7.480392261601885862e-01 -8.808265629708756927e-01 1.692352675223421921e+00
-1.525109152467629126e-01 -1.889994809943825960e+00 -3.054716763489435105e-01 -5.527070810665630357e-02 -2.923456398275401935e-01 -1.930088849338329915e+00 -1.333244062058114965e+00 3.077876899637956368e-02 -1.017989493189941641e-01 -2.115155661955084032e-01 -6.627120523356584414e-01 -6.092787901145583218e-01 -1.572940138169140190e-01 9.091508283979411464e-01 -5.381675810017579886e-01 -4.086333447690156717e+00
-2.437129062559857395e-01 -6.239935351398049820e-03 -4.761480980106697625e-01 -3.021204832912603444e-01 5.624516492218152308e-01 -9.033615653749806906e-01 -1.167144283251424675e+01 -3.148527255058872210e-02 2.750563779411444032e-01 1.038909805226322147e+00 8.710881173842502934e-01 -1.896992394750542932e-01 -2.234617825730337293e-01 -1.348824337388599082e+00 1.526437239520039568e-01 9.007918878388748718e-01
-6.090653038269159270e-01 -1.085867238697493242e+00 2.938477737590272199e+00 -3.801553939494979606e-02 -2.189048813506073721e+00 -5.255099933580525295e+00 -1.486721545311378567e-01 -1.866868880388146579e+00 -1.389855490792762494e+00 2.412553418592797497e-02 -1.324698107539047154e+00 -3.519377249947430175e-01 -2.212970017077419804e+00 -2.468982659889204623e+00 -1.136265854866395753e+00 -8.740795489986140865e+00
-3.029825434394081696e-01 -2.655160768583017639e+00 1.531847219538257365e-01 -8.675013296019693509e-01 -3.108115789732305845e-01 -1.019825481049487115e+00 -2.406566624162988610e+00 -3.289535499693868048e-01 -2.554292187377952272e-01 -1.591501144231456166e+00 -1.949380992457885542e+00 -2.569186277444668320e-01 -3.227154440319087159e-01 -5.605149389651110647e-01 -7.071008799876271622e-01 6.797524777813278296e-02
-4.039299532464193931e-01 -7.037480963133061485e-01 1.502041783560057187e-01 -9.723647367124771401e-01 7.596211305857333285e-01 -5.025485174658546939e+00 1.676738157760570891e+00 -3.655174185594399217e-01 3.784034498296092175e-01 -6.321601364178894844e-01 6.219748093476969997e-01 -4.929332539092377841e-02 -6.789507635965533749e-01 -2.473663067303426999e+00 3.305105829446704502e-01 1.626588394349944011e-01
-6.293529322238516910e-01 -1.282339318260489858e+00 -1.630876974640200761e+00 -1.597750183483417796e+00 -2.471072001819506758e-01 -6.017057245605338389e-01 -9.857566280863663266e-01 -7.283382334632632071e-01 -6.335204055225953645e-01 -8.942402086540557349e-01 -1.762311199625032465e+00 1.275494995187270442e-01 -1.603643891250706943e+00 -1.150134652093759646e+00 -1.046627991267482960e+00 -1.148896978823282566e+00
-2.080196546442186489e-01 -3.834848943148827960e+00 4.161460968607761379e-01 1.581069295628120264e-01 -3.994054465406193244e-01 5.639701438012160173e-01 -1.068796163713425562e+00 3.913793285458198046e-01 5.919955526274207208e-02 1.083680142228057308e-01 -1.116550090288742858e+00 -2.096982366316224311e-01 6.722211191915403727e-01 -5.804515960852290046e-01 -4.762321198159357172e-01 1.115513826399439079e+00
-3.140350657499751397e-01 -4.117045554382619876e+00 4.790480969077259843e-01 -1.446666137960280762e-01 -6.747792213019465635e-01 1.782605686687691815e+00 -4.874300918691286455e+00 -4.533282853707127913e-01 -5.743633034833256490e-01 3.184903639333006575e-01 -2.572275354280684212e+00 3.590961409021638517e-01 -5.917752355910632645e-02 -3.386204694058914666e-01 -1.337680249841796787e+00 4.225477746146276137e-01
-1.292942255528906959e+00 -1.477398591246170012e+00 -1.366614704785376722e+00 -1.386684805630251649e+00 3.439575908901110202e-01 -7.873352351752086475e-01 -1.155664054565551879e+00 -1.085743368345548632e+00 -1.898961420690733759e-01 -1.187949125502444803e+00 -1.296244561928352912e+00 -3.100213234879183322e-01 -7.724283240814812102e-01 -7.609190518552126914e-01 -1.731800218118420887e+00 -1.058390553942885726e+00
-7.893060068449169187e-01 -6.036041631355851811e-01 -2.157819592054200861e-03 -6.005945142111407398e-01 -6.652981723956300497e-01 -1.240128420858586367e+01 -1.190615326657689099e+00 -5.529457101091634907e-01 2.454918079061559344e-01 -2.652573381253014784e+00 -6.759893851402164477e-01 -7.991989994693309285e-01 -8.036920097619297820e-01 9.144785252358227368e-01 -4.887669837735964529e-01 -8.490063136484172546e+00
-3.224933919332521048e-01 -9.033829936108525027e-01 -2.608346335605967736e-01 -1.094098542950055819e+00 -2.494283861625193610e-01 -3.375139999368170773e+00 1.268697925836430818e+00 -2.062683059373403349e+00 -1.020410376398118268e+00 -1.035173861401111228e+00 -1.700042028478141232e+00 -9.722495035834485266e-01 -3.837521480868401058e-01 -2.770748815262658482e+00 -2.999910773706356282e-01 -5.441373827340136859e-01
-5.587392994499000842e-01 -3.079098934424492895e-01 -2.840112739779550033e+00 -1.063685940671475760e-01 1.130809063805871428e+00 -7.009695788538340189e+00 -1.896268453260729014e+00 -9.268262108238000119e-01 -1.164879484864387998e-01 -8.797583234946946273e-01 -7.632754085205729622e-01 2.582382389928707944e-01 -1.356852044390061685e-01 1.212950637113117125e+00 -4.039439736127498626e-01 -2.256398221861414921e+00
-1.144375560111211110e+00
-1.515648490437400686e-01
-4.053739176631094288e-01
3.244976897672545935e+00
3.282063306134393343e+00
2.507984146492051369e+00
5.598357300098587563e-01
-2.750232507789080461e-01
-4.075721951597110149e+00
-1.381458108954594310e+00
-6.473828805398273989e-01
-5.359078869099999087e-01
-8.934676348945378432e-01
2.586843595462904322e+00
-3.115011629504297552e+00
-5.888925537351167305e-01
ReLU
0.2
16
2
-2.103613274169039427e-01 1.970580922984086769e-01 8.239940015250847294e-01 2.147729501209538761e+00 -1.416987011479880598e+00 3.704678028081039298e-01 -1.025566500000631709e-01 1.167778915675047602e-01 -1.928153175890300608e-01 5.937511273032385350e-01 2.760602822224904052e-01 9.303426245506594139e-01 5.885822505948101746e-01 -1.688620944245851296e+00 -3.837794969230911568e-01 -7.486953694362912248e-01
5.776236006175581306e-01 1.837254361862366292e-01 -2.687544146176293891e-01 1.792373200490775753e+00 7.955124987184299112e-02 -6.975821203614139820e-01 -4.922589170798828406e-01 -1.634329253941901317e-01 6.744335991144263520e-01 5.756847304011838418e-01 7.184997318111040476e-01 9.718579214569527114e-01 6.036339713815916941e-01 -2.795712085086801579e+00 3.864476339960312701e-01 -1.042289450277833041e+00
1.693288323781230886e+01
1.582947959471556132e+01
Linear
0.2

ct 2024-06-12 11:12:56.410882
