noname
4
4
4
16
4.854760685275076315e-01 1.192838391090040639e+00 5.106475616789757366e-01 9.907617705709822475e-01
-4.815060855029017484e-01 2.182101327649027755e+00 1.139267432420978565e+01 1.098243572362339160e+00
3.198909087368543847e-01 9.869317356279456721e-01 -1.209270434737631739e+00 6.406437246272284058e-01
1.086950397075490793e+00 1.357856891113751185e+00 2.746815665508749449e-01 8.594531082533002353e-01
1.867616146068005634e+00 6.572125650940864316e-01 -1.592476468602546325e+00 6.885754180418360848e-01
8.983021136628595027e-01 1.833063388501502855e+00 3.005135715299942945e+00 1.593342748576157764e+00
-9.441068652265118821e-01 1.824305532840352351e+00 1.241499880353035934e+01 2.066161829005296102e+00
1.373141002070414451e+00 1.432158500941360435e+00 1.869877742818734367e-01 1.231648999925153420e+00
1.915594751427869724e+00 1.341562919395490106e+00 9.455191936356276139e-02 1.023175451386876045e+00
4.619365401447072528e-01 2.052421043034583281e+00 3.051061979412812875e+00 6.356291995526911487e-01
-1.694976604794019293e-01 2.023249160419152037e+00 4.778380316288393992e+00 8.521351633101512668e-01
1.314708185348524516e+00 1.218303845590975598e+00 -3.659815679967895474e-01 5.452973924807446027e-01
1.470294412488859059e+00 1.068222428495552156e+00 -1.802858354514531303e-01 7.859090211190173925e-01
1.503888747119605629e+00 1.996964850342535236e+00 1.672544224557339421e+00 1.620565674063559003e+00
1.392638546757149154e+00 -7.087389775319227758e-02 -1.615770957608138492e+00 2.649640595910178198e-01
3.026425820411554390e+00 6.826322292255351254e-01 1.008289749109584493e-01 2.229904636714248767e+00
1.775964814559119753e-01
-3.357603194350474496e+00
-2.444269556628575479e-01
-1.306349947225364343e-02
-6.389657789610305727e-01
1.647472278438745663e+00
-3.123870379131810093e+00
3.293689590272182999e-01
-9.212732379730294296e-02
1.971031136873818979e-01
-2.616993495355590227e+00
-2.415712747215738032e-01
5.640227829548142419e-02
1.017022212094420563e+00
-7.698399100809525386e-01
7.204489334461130490e-01
ReLU
0.2
16
16
1.554591861334760905e-01 -8.468022718374368374e-01 -4.223757882532190866e-01 -7.485154257455133298e-01 -8.028304039446859663e-02 -3.942917667473005428e-01 -7.694785674407489395e-01 -7.827705507124471662e-01 7.197086401210281426e-02 7.743315186466290072e-03 2.633489776618997968e-01 -1.842616507387417890e-01 -8.214414450869683693e-02 -4.681293817648743971e-01 1.853889147353344757e-01 7.739829163653810795e-01
3.435021116590075696e-01 -1.778538265362473947e+00 2.309755499473717388e-01 1.554013265821446443e-01 3.682733071717722573e-02 5.391165288220458596e-01 -2.997832944674545974e+00 2.890623896859079722e-01 -2.530484805012069849e-01 1.374746030416631182e-01 -1.072787556773176387e+00 2.812981378432059532e-01 3.964703237185640550e-01 2.818579041016384679e-01 1.125248277385167660e-02 9.994954263698145880e-01
-7.067121062064118941e-01 -1.063169758993886660e+00 -8.232261832747894692e-02 -8.597235702318516415e-01 -2.569065743162567417e-01 -9.201344595835155848e-01 -7.663176997935804424e-01 -4.881236163885890322e-01 1.479001859912161820e-01 -7.687365436416714326e-01 5.214941669157091564e-01 2.784944475858023849e-01 -1.288327335459867662e+00 -1.035605828914784476e+00 -4.500776582404901194e-01 -5.141559447523125215e-02
2.609547624507597696e-01 -3.447503133949090692e+00 2.565552178406861339e-01 2.342977919598999703e-01 8.219872357927530959e-02 1.298012053592311199e+00 -5.089722490527604393e+00 1.839340837458765532e-01 2.883838177501069078e-01 4.208902543662073059e-01 -1.248359892854483455e+00 -3.840452779295687735e-01 2.878733575341902995e-01 1.017585093885180925e+00 9.767533542712268646e-02 1.031835278768080011e+00
-1.512150357571657167e-01 -1.889992641757003655e+00 -3.983034898376377475e-01 -8.131106353355906091e-02 -1.912559856084896648e-01 -2.336088789563197932e-01 -1.838456097757742214e+00 1.355075641898518257e-01 -1.048233237256471079e-01 -5.211648203269133584e-01 -6.627120523375630290e-01 -5.588246762472449669e-01 -1.040875719088546897e-01 -7.587025279373522668e-01 -5.338491884100862173e-01 2.277948218533715902e-02
1.584132987171130713e-01 -1.061706991280950696e-01 -2.931247127728123236e-01 -3.687662434086248497e-01 7.175168444045906258e-01 7.641648341150892865e-01 -2.033769499387096669e-01 2.461332529011013848e-01 3.575238676309526187e-01 5.231829171736789297e-01 8.668757939220171904e-01 -1.416877303741103655e-01 -1.066219429295381382e-02 9.328129373156507365e-01 2.112306525672419111e-01 1.930682372688443449e+00
-8.093510588346348733e-01 -1.085867238696297976e+00 -1.513991872940178895e+00 -4.654801900035149265e-01 -1.242294844086646144e+00 -6.368971566513192961e-01 -3.107506016003137583e-01 -1.774587352640217164e+00 -8.513063954513170328e-01 8.675429882276648741e-02 -1.324698107539047154e+00 -1.234989491507526349e+00 -2.280665047531687417e+00 -3.214789035227555436e-01 -1.136265854866750358e+00 -2.423621557390120973e+00
-1.721402026219441550e-01 -2.655163064751878466e+00 1.490342182369592816e-01 -8.184011490698122060e-01 -3.026191234916527639e-01 4.599217936396874373e-01 -3.005438534145296270e+00 -5.006283649667619268e-02 -2.621967387457107002e-01 -1.408235928584265606e+00 -1.949380992459605721e+00 -2.559388783123425770e-01 -2.187686957061726056e-01 5.228536452660631495e-02 -7.077677903534549397e-01 6.002754524305951023e-01
-4.089846188462779586e-01 -7.037478900598611586e-01 1.548806571200065652e-01 -9.896471387153901178e-01 7.081861485761888897e-01 -6.818033106936274290e-01 -1.202600822196263852e+00 -2.790571621713096029e-01 3.775843163865924001e-01 -3.755835341766987634e-01 6.219748093477313056e-01 -3.739956124514305646e-02 -6.769391097949282177e-01 5.836026428718181502e-02 3.290991391054412518e-01 1.078405382404493823e-01
-6.293529322238516910e-01 -1.282339318260489858e+00 -1.630876974640200761e+00 -1.597750183483417796e+00 -2.471072001819506758e-01 -6.017057245605338389e-01 -9.857566280863663266e-01 -7.283382334632632071e-01 -6.335204055225953645e-01 -8.942402086540557349e-01 -1.762311199625032465e+00 1.275494995187270442e-01 -1.603643891250706943e+00 -1.150134652093759646e+00 -1.046627991267482960e+00 -1.148896978823282566e+00
-8.880069729230470610e-02 -3.976415669332818315e+00 -4.034583605118134964e-01 3.423036480523425906e-01 -5.019334311296183015e-01 9.567036900217451567e-01 -6.172448331746211103e+00 5.050060138049610181e-01 -8.364071969059649891e-02 1.252085723346981205e-01 -1.122534369332366389e+00 -3.634086130950805460e-01 1.876630639483645724e-01 3.353630734769473820e-01 4.430567289505423778e-01 8.575591929815548076e-01
-2.942156225650355977e-02 -4.242106482236006393e+00 -1.514653038659480311e-01 -5.914276909050660003e-02 -8.760546152590742430e-01 1.129371392192029200e+00 -5.635883338398690157e+00 -2.385810590660840044e-02 -3.553180056824257194e-01 3.934902654191560489e-01 -2.577739553336062528e+00 3.538225689112609040e-01 -4.433421921691242384e-01 5.600398429227173569e-01 -4.457254858017524191e-01 8.569924071805768984e-01
-1.292942255528906959e+00 -1.477398591246170012e+00 -1.366614704785376722e+00 -1.386684805630251649e+00 3.439575908901110202e-01 -7.873352351752086475e-01 -1.155664054565551879e+00 -1.085743368345548632e+00 -1.898961420690733759e-01 -1.187949125502444803e+00 -1.296244561928352912e+00 -3.100213234879183322e-01 -7.724283240814812102e-01 -7.609190518552126914e-01 -1.731800218118420887e+00 -1.058390553942885726e+00
-8.529821956843472996e-01 -6.036041380849149762e-01 -1.142689374342000574e+00 -8.101149201205518624e-01 -1.818083219248957105e-01 -2.662434341539081206e+00 -1.074465199826926121e+00 -6.177349374542729921e-01 2.684910015863044008e-01 -4.796677191772210080e-01 -6.759893851402164477e-01 2.863961103405529909e-02 -1.021512146283487299e+00 -1.231801264701114063e+00 -4.887669839615695899e-01 -6.825046870371714869e-01
-3.403570690536377730e-01 -9.033829930548951115e-01 -2.013817912358046580e-01 -6.322776923684345629e-01 -4.592185251776532695e-01 -9.149697033384694977e-01 -1.251020982572208728e+00 -9.720802913875697948e-01 -5.861576462526222331e-01 -3.269308345948726546e-01 -1.700042028478180312e+00 -7.375095623943523915e-01 -2.755223933174145712e-01 -1.047292655191445876e+00 -2.999910840952691449e-01 6.726685534748926276e-01
-6.366060560330008000e-01 -3.079098555042053542e-01 -1.431511854175026022e+00 -4.038484619953613963e-01 -2.180379257330307963e-01 -1.389232937347311125e+00 -6.612265504384007286e-01 -1.093003184363182223e+00 -3.049867350542380118e-01 -6.929742662312067258e-01 -7.632754085205716299e-01 3.303812566945928952e-01 -3.932825771769298262e-01 -3.758382211664361150e-01 -4.042749710876686331e-01 1.800134082586674067e-01
1.249411416095248750e+00
2.701880702875086637e+00
9.874891882100089724e-01
3.314736997198341140e+00
8.885798849795600862e-01
2.051701843132750724e+00
1.799662796957888888e+00
5.149633453517037385e-01
5.681539967936121149e-01
-1.381458108954594310e+00
2.532517532996489962e+00
2.285688148556976440e+00
-8.934676348945378432e-01
2.454864167751849457e+00
1.891823117779881380e-01
1.417114506903374815e+00
ReLU
0.2
16
2
2.291452621225805175e-01 1.042074024670544441e+00 -2.581537776391165107e-01 1.699423835971527463e+00 1.232959644045169834e-01 5.303339694458495401e-01 -6.155002862094955951e-01 4.846943045518202209e-01 9.325749916610292373e-03 5.937511273032385350e-01 1.426843995905440865e+00 1.657393785932744557e+00 5.885822505948101746e-01 -9.852196145002696248e-01 2.496383874261616231e-01 -4.340554882093041189e-01
6.465296770265215043e-04 9.593838309304365541e-01 -6.583077575980019747e-01 1.339798217049828377e+00 -2.863125108170366806e-02 1.326517396016006378e+00 2.702636908278616690e-01 7.902440164720021809e-02 -1.309009780716559601e-01 5.756847304011838418e-01 8.211355302945839707e-01 9.364671819977035128e-01 6.036339713815916941e-01 -1.039285845987939938e+00 -1.394845491063768650e-01 -5.557300561336206979e-01
4.061931101837843450e+00
3.744235398110593582e+00
Linear
0.2

ct 2024-06-12 11:10:54.608854
