noname
4
4
4
18
-1.101760448344781679e-01 7.333502442333103000e-01 8.594178732277374388e-01 8.354664835914034082e-01
-2.198556372955548857e-02 7.565001429126071431e-01 2.878840474050356479e-01 1.028097187424079184e+00
-7.478851344951512603e-01 4.808602635267105740e-01 1.189157449561666802e+00 5.534879252912343617e-01
1.240111386928325565e+00 1.190837019951388687e+00 1.085970648844551301e+00 8.761116858493026571e-01
1.135933044890009347e+00 1.203329882763449543e+00 1.307125358172070317e+00 1.062863173829919239e+00
1.209491886883543588e+00 8.382429977324509229e-01 1.399089164656704520e+00 1.087637652434484403e+00
1.045316809926281065e+00 3.540657222421766948e-01 1.228408442836290471e+00 5.402514980283247281e-01
1.152266471849428209e+00 7.743707420182821544e-01 1.143812885182238448e+00 7.897580831457291506e-01
1.279713734960376215e+00 5.991706918626071854e-01 1.247984026212829001e+00 3.015408286777880864e-01
-6.119082024483621929e-01 4.504666198376347519e-01 1.217505038050366473e+00 8.761272013750094345e-01
8.601004350967936807e-01 6.377761315442700418e-01 -1.338077973462219461e+00 -3.375593518063806919e-01
9.210540284613402129e-01 1.238060928003469785e+00 1.512678482576097938e+00 1.051223205821334883e+00
7.276594926690168608e-01 3.928886402099688452e-02 1.626181911240941913e+00 4.165314692055472889e-01
8.154691058082108590e-01 3.850459984251480838e-01 3.493795432245331289e-01 8.076661049589598518e-01
6.778286727892814945e-01 1.215455228559047640e+00 9.651974151708482275e-01 5.640907458603751090e-01
2.408770926454674166e-01 1.024755348942210098e+00 1.907230759431657985e+00 5.840701419774029235e-01
-6.222320941427768037e-01 4.933863059189967926e-01 1.116693658882331075e+00 7.889146120822719821e-01
-5.888775703225411773e-01 -6.471555962065094203e-01 8.544822501593561936e-01 5.965336404075965993e-01
5.645356981245371886e-01
7.165832527078451752e-01
-2.786266539391907271e-01
1.548574799261225987e+00
1.756137134642250297e+00
1.773257362308398255e+00
1.696791400290739160e+00
1.628761925559516488e+00
9.479308855940274947e-01
4.530475181986880900e-02
1.093438930568735312e+00
1.754329378365996561e+00
1.165632152853886216e+00
1.085573708545207294e+00
1.178936376781875905e+00
8.228713510160338140e-01
-6.535249723323147686e-01
-5.537938665142934092e-01
ReLU
0.2
18
18
-2.271040489823493158e-01 -1.603545053987676106e-01 1.095813568801190518e-01 6.675748747551379925e-01 5.429459592238586874e-01 8.638303660689558017e-01 4.739125128307734025e-01 7.965231419280486280e-01 1.110161153100806264e-01 -3.062891498139736490e-01 -7.288670479951142589e-01 4.638286362810800090e-01 4.904262203630407324e-01 1.372948083822665959e-03 7.065152806628179905e-01 3.868229185060695352e-02 -2.365852674498344910e-01 -5.409937148202791368e-01
3.854993917653284363e-01 2.324165175218857182e-01 -8.531004747893870810e-02 8.440463100194860457e-01 5.885648659276064842e-01 8.504294806263855699e-01 9.359321849719582920e-01 7.383914859617823900e-01 4.499255602207161142e-01 -2.231068968045852308e-01 -3.754238547122450836e-02 9.783960549363837078e-01 -4.010919541460367804e-02 2.935323180473323190e-01 4.621098017168325800e-01 8.067256450684222591e-01 -1.849953640038400904e-01 -5.785245090506764276e-01
-3.535041638321333446e-01 -2.591759295543668018e-01 5.604774102689729504e-02 8.235358567614594616e-01 -8.167462499191936731e-02 9.519689758458249607e-01 5.356759508418704879e-02 4.473496795061512876e-01 5.597105463082140409e-01 -7.701547958183849740e-01 -6.559120197015118059e-01 8.012870928294101303e-01 -7.198570847481315649e-03 3.856346491724663705e-01 -6.429998846904881604e-02 -2.298272528747035970e-01 -2.794989928013859593e-01 -9.129973790191425742e-01
6.627125596105781780e-01 9.850062398040759781e-02 -5.976709911922434282e-01 9.204760166550519651e-01 1.069601621154621762e+00 4.612036795158046543e-01 -1.692105108274974401e-02 5.941789223764665229e-01 -3.800279972217267266e-02 -3.828265029118798068e-01 -8.099331728040767842e-02 9.340008084784209297e-01 4.473768134659054097e-01 1.037344199172764159e-01 9.435931079936199506e-01 1.792317906433739394e-01 1.721675255929488446e-01 -7.028948870405967719e-01
-2.335472308541981790e-01 -2.865957418155881675e-01 1.392413436827722728e-01 5.501808080825875136e-01 3.089788795501934304e-01 4.592488889930447238e-01 6.999138022825409644e-01 6.115328460922554443e-01 8.020948427833776151e-01 -8.857868008871484788e-02 -5.653795058032380361e-01 6.375852634568592858e-01 1.670386583802047631e-01 -5.558267035722678356e-02 2.338442722428027976e-01 3.068835019628129990e-01 -6.561804864903744150e-01 9.560756807610754082e-02
2.314371623645739007e-01 5.124928242913276977e-01 -3.493633679278086990e-01 9.883702849291516879e-01 1.198680092192382807e+00 5.756718661069720744e-01 1.336614224192385347e-01 6.739168000123606506e-01 4.673988756418588353e-01 -3.181244247085563970e-01 6.354158124809694552e-02 6.613759260291877107e-01 1.501600354767659296e-01 3.655841435708825915e-01 1.851099450885519415e-01 5.340728657586366612e-01 -5.475374845275461366e-01 2.425840573154940463e-02
-1.130871161812762704e+00 -1.115389292228269325e+00 -1.231949180848555203e+00 -8.764946685550439875e-01 -9.647839760636702788e-01 -1.423497355296076128e+00 -1.204458539632226266e+00 -9.857277111069926434e-01 -9.053219926024170805e-01 -1.098854444679399522e+00 -4.652812419198653626e-01 -1.384571136289470372e+00 -1.465023872225506896e+00 -1.186924098314507292e+00 -1.586265113390372461e+00 -1.069793256445397134e+00 -1.479612900056213709e+00 -1.577914163967232719e+00
-8.623377285773381473e-02 2.635896594315240704e-01 -4.209641322313077971e-01 1.288471087179230423e+00 7.310677944269039497e-01 1.213546802027939187e+00 3.163757178837344197e-01 6.067200612915408797e-01 8.701105486376476961e-01 5.056840287603124873e-01 -7.182595516079198772e-01 1.139012825218566283e+00 -8.962414113527308879e-02 8.638208895524400743e-01 1.157623075863623452e+00 2.739434122194090993e-01 -2.000945141302771513e-01 -5.327267225103622383e-01
4.642799653501848978e-01 -2.529273275052052600e-02 3.501219151401096519e-01 1.024702574286220358e+00 1.081460028935608442e+00 8.730837511258648931e-01 7.524521341214657211e-01 7.067262551009245719e-01 2.821513129353268035e-01 1.539492043401564751e-02 -5.700873988724057539e-02 1.974430287970537767e-01 1.760102878736082288e-01 -4.779145689976618122e-02 2.206118729475218254e-01 2.021312110959402608e-01 -5.864416694183934853e-01 -6.909468132176302957e-01
6.245106511928002480e-01 8.322076942404976752e-01 -9.392351140065785531e-02 3.165204873200034852e-01 7.552326235415923739e-01 7.161677048972102666e-01 4.304048988553006994e-01 1.129014338953276742e+00 2.739703251071782808e-01 -2.246715678528984073e-01 -2.080922223671390903e-01 4.997577898549429021e-01 2.728618263006027944e-01 -1.435601666966976331e-03 7.446996651271201584e-01 2.877195974395847511e-01 -3.662465736187346388e-01 -5.596353397009475872e-01
-2.829586992535752521e-01 -3.693164432688357812e-01 -4.691769972245546372e-01 2.802488823863393819e-01 1.447076940152694224e-01 1.136188906460321224e+00 7.401389885479228714e-02 5.970702642005079053e-01 -2.029215754538823691e-01 1.109405248797624977e-01 -4.572343721997659816e-01 5.647179860032754961e-01 1.743471037989683392e-01 8.440030107371332413e-02 2.172945998677932866e-01 1.045860298605348487e-01 -1.174308083064778130e-01 -4.261555735948031054e-01
-2.104414472729126684e-01 -1.207663480898872425e-02 8.891723885260130467e-02 1.419818578516260643e-01 5.550370418639224424e-01 2.709569087617640371e-01 1.441463905705251958e-01 6.204604918461242846e-01 3.472272837686483093e-01 -2.388658310249623939e-01 -5.983938996112746489e-01 -2.145510861416967396e-02 -1.464346750388286766e-01 5.502921079382069869e-02 -1.287648944736484724e-01 -1.001650261033535105e-01 -2.243174854726238954e-01 -5.513898050382946003e-01
-9.332764858509463579e-01 -1.349948702093373587e+00 -1.305889752910400992e+00 -1.176977052397663481e+00 -9.351581682077126922e-01 -1.487874908044692912e+00 -1.360985147095294279e+00 -7.754987215670865464e-01 -1.122291790845327819e+00 -1.185560591103054229e+00 -9.048938629129601452e-01 -1.502339248496553203e+00 -7.258975219317692629e-01 -6.406887640837106712e-01 -7.631330166413362592e-01 -6.762964353047196120e-01 -8.424691196030996698e-01 -9.075335310133156863e-01
5.375271180122609405e-01 -1.944761953176620817e-01 -5.332075090296196640e-01 1.129402846320615383e+00 9.110237452618760168e-01 1.087619108720486949e+00 8.090985692152200537e-01 6.090027738473644536e-01 3.641592439459228059e-01 3.040226375073464826e-01 1.828160576000076587e-01 1.135580837542125687e+00 4.674882719302773659e-01 3.134420069758048211e-01 1.875276667410871456e-01 4.917940174437587797e-01 -2.554784424346189797e-01 -2.515477662770683742e-01
4.133098929266170729e-01 6.511761066751611260e-01 -6.520156791106702932e-02 1.893600162254661656e-01 9.317875437441887065e-01 8.804008951536487215e-01 5.519221650357873932e-01 4.995187295417052309e-01 9.306760004377663542e-02 4.930941405804318278e-01 -4.616904050707776319e-01 1.018807628098662210e+00 3.799299138495763062e-01 4.713310690581519191e-01 8.068215781717049673e-01 5.425256571550551854e-01 -5.058015360769807511e-01 -5.802530195507381583e-01
-2.482978060779702512e-01 1.440612794227641991e-01 -5.410657166214706271e-01 1.015749557318487373e+00 8.493530341495637570e-01 1.344364247253728495e+00 5.531061636570324680e-01 7.722052589215316898e-01 1.073330355135755088e-01 2.205907413380429338e-01 -2.714997522094244609e-01 4.057799702578092638e-01 4.603486167036179855e-01 -1.720988852782052436e-01 3.374174266954375057e-01 6.959871146798601860e-01 -9.552266323343186483e-02 -7.403900842746015398e-02
-2.754279411729806393e-01 5.164876767403755453e-01 -1.359189369772689088e-02 1.951619369412576910e-01 7.369272469154335425e-01 1.222296798317033861e+00 7.317607794271620003e-01 7.845349682171135486e-01 1.969251945490549938e-01 -4.035023657064342184e-01 -2.578643154194119047e-01 5.920364385503084081e-01 1.645583787101020101e-01 2.801634429375446378e-01 7.421798396220902205e-01 6.390555910288634456e-01 -7.613501751839449883e-01 -2.757076958974671310e-01
-7.813362324178381446e-02 -3.865133771673036067e-01 -7.218391164751637723e-02 6.606018468279802880e-01 3.590937101326746594e-01 3.737414929187173884e-01 1.104396098966850676e-01 1.124565582760279764e-01 -5.701211937321977452e-02 2.663069884498143747e-01 -7.555728966621786391e-01 5.423078293888358159e-01 -3.765133786500696744e-01 -9.085764655986497407e-02 6.916539986100819215e-01 1.489933229053346797e-01 -8.833319697449456553e-01 -1.763108670587854310e-01
1.399051081219290227e+00
2.102976250155211613e+00
1.202728013072752455e+00
1.809108567346106478e+00
1.873157746348680375e+00
2.007434278407762118e+00
-1.199508797908545477e+00
1.589508622133327442e+00
2.060195039119255167e+00
2.142513934454439717e+00
1.237727840756523978e+00
1.798729253064655920e+00
-1.196662422199459286e+00
1.490704956399205861e+00
1.421004172251431052e+00
1.164372012028898506e+00
1.312340396614249505e+00
1.253526984989546733e+00
ReLU
0.2
18
2
3.587557241738079661e-01 6.307872935464691189e-01 9.977487702378348700e-02 2.380945712997887265e-01 5.697450485744621762e-01 4.743857002944781853e-01 7.209005157196339830e-01 8.852170920003620269e-01 5.677085993908158601e-01 5.405707277695457336e-01 -1.801255678646943303e-01 7.653617941616716602e-02 8.767598680832737745e-01 1.240869003222292571e-01 1.172989629637789522e-01 -4.587913947115069419e-02 3.906484371815925338e-01 1.671537092558089133e-01
2.510251571339416898e-02 6.958611022534376689e-01 -1.528879553716843698e-01 4.027434261696990481e-01 -2.815058183689783666e-01 3.827070218241394595e-01 6.548727138600276554e-01 7.052888180737763857e-02 -5.324608601239825406e-02 5.957642651980287196e-01 3.174209897536572345e-01 -1.195075259261095535e-01 5.711207922927494796e-01 7.602453373085116262e-01 5.776400051998986651e-01 6.536952274954835884e-01 4.449879917398644191e-02 -1.930909942832862436e-01
2.454930411233937626e+00
1.934445231757424999e+00
Linear
0.2

ct 2024-06-12 18:45:03.648581
