noname
4
4
4
18
4.971791978779001586e-01 1.802168243896657140e-01 7.550649076711999363e-01 3.183596596267846968e-01
-1.646949307798117879e-01 5.697701173773955796e-01 8.565832696393895773e-01 2.994336165988846776e-01
3.146532542425627965e-01 6.575661800547074609e-01 3.320129337540416170e-01 5.035574385587116009e-01
6.179731240410363258e-01 -1.487585382043113413e-02 7.988823451646618334e-01 4.758608939378495828e-01
2.313372164279060839e-01 5.789162335783630819e-01 1.025605138831424901e+00 3.929923008089472591e-01
6.400351397177175272e-01 3.852850417769602687e-01 3.125025005554360469e-01 4.833647603574534601e-01
7.765988446461687955e-01 2.672504915041124529e-01 3.035701309212182064e-01 1.049423055566060636e+00
7.955217488995020014e-01 5.255298391067544372e-01 5.502075286326395531e-01 7.592969584036295405e-01
5.313905910696758994e-01 2.585319205946253196e-01 1.089573943025519132e+00 1.008585362120046458e+00
2.198850746170046278e-01 2.347494842413133387e-01 1.085739235037795236e+00 6.945112452327752983e-01
7.568061578758843444e-01 2.123354427300368497e-01 3.256981290722523736e-01 9.826202219040045538e-01
2.251809971016543455e-01 6.020539122468167026e-01 8.576612967001894239e-01 9.628357288847503304e-01
6.985268448639611605e-02 5.287163436156254726e-01 7.889518122855274651e-01 8.773984391302280805e-01
6.175328112440334749e-01 2.190304642275231195e-01 4.708312772867559448e-01 9.634175271296144816e-01
5.884794080187596421e-01 5.795983771110250204e-01 1.092038102959641321e+00 6.011735911084572503e-01
2.450669631938480753e-01 4.479485197068033830e-01 1.081071088580446427e+00 3.984592836427828244e-01
4.496000439575782992e-01 3.764220684636473968e-02 1.071334363297459902e+00 6.437322199338719741e-01
4.464608802605427584e-01 3.861040003771537554e-01 1.083237070837489879e+00 7.871856515036563806e-01
3.186990836476697453e-01
1.186276546576009006e+00
2.923707477556743428e-01
2.836868879446346470e-01
4.085245888836330774e-01
5.152596686744064236e-01
2.796903665000417538e-01
9.708693179314507038e-01
1.056129663524203899e+00
1.036289007275324359e+00
9.989672646201495088e-01
3.041892060308930557e-01
9.303603741705144259e-01
7.142666876648091634e-01
1.067485477037725783e+00
8.036564102722429936e-01
5.006123629193589553e-01
3.255719010508751898e-01
ReLU
0.2
18
18
5.219982457639672502e-01 2.636183697689291616e-01 5.681752980225779348e-01 5.384448114237936345e-01 3.299109981122928525e-01 6.336466914967263664e-01 2.279209617700198587e-01 5.051988274018748282e-01 4.308957194657289103e-01 6.246956891104286091e-01 4.018192057900821790e-01 4.992974672458311280e-01 5.173515145700063877e-01 6.765897129770671592e-01 6.021070139032549395e-01 4.638746093570215168e-01 1.160184068751596076e+00 2.806000727953722462e-01
-8.209176832158079917e-02 6.647233826256195854e-01 6.904500976947707258e-01 4.902206923644616410e-01 6.631007787460919678e-01 1.104091075850680115e+00 4.309052852610872897e-01 -1.438656892211051808e-01 9.204906151369511846e-01 1.043105353933343027e+00 3.374809086876628395e-01 4.805747454163221688e-01 6.138851552847628401e-01 2.066691481135773389e-01 4.527019728369452434e-02 -1.747318157627186785e-02 8.742501393562702727e-01 -2.205711990801262345e-02
2.837384774695397294e-01 3.931496339449662702e-01 3.870000392079198104e-01 1.746198572867950216e-01 3.330581752099689430e-01 1.112964127029414607e+00 1.957485595280439306e-01 -4.767128089877709085e-02 1.816845653695410845e-01 5.366551824479084409e-01 2.547483823769484124e-01 5.961771708452452412e-01 8.033936540865638243e-02 3.830003884551648197e-01 2.863674311054667521e-01 6.569159516306178892e-01 3.116897649005155313e-01 5.687258175394430681e-01
4.065137101788931506e-01 3.338547883711145969e-01 5.911154464246681783e-01 5.282406957134004877e-01 5.316655780614985005e-01 6.640222641891421196e-01 8.716545527856831566e-01 3.961057175479174575e-01 2.304188512883485473e-01 1.155490000609803891e+00 6.748893937619266925e-01 9.999155203115097645e-01 4.041081269053981018e-01 6.721426652898809806e-01 4.407133805738658872e-01 9.935519065287018448e-01 3.832550910969432234e-01 1.105531451866751835e+00
2.362999970129975313e-01 6.913985972564451465e-01 3.863129546554359695e-01 7.463396533180725045e-01 4.857019337003106729e-01 2.664871415432112922e-01 3.143702469082592099e-01 -1.118772572162524404e-01 6.180289019632601022e-01 4.557835676630792587e-01 9.213945641938072750e-01 2.022421480336221433e-01 7.520544591087916508e-01 2.559099844822966263e-01 -1.398210316719793178e-01 4.648501463653458843e-01 1.044367701534891557e+00 1.015297871678666919e+00
4.923025065822170809e-01 8.067190379068751582e-01 3.295776815909033930e-01 7.305476628450426890e-01 7.435310490043993692e-01 8.337511683145566455e-01 3.809853503434065258e-01 6.249239193473121734e-01 8.784037751062314658e-01 6.837302940334485379e-01 1.111350196357131725e+00 9.325365978376238818e-01 7.866380903824862214e-01 9.475432993805783521e-01 1.192996486981940940e+00 8.359583397776575442e-01 5.322843999859854236e-01 6.262276498515904066e-01
3.567471739943151032e-03 5.528296857151626664e-01 6.844488508329926724e-01 2.372449905063175324e-01 6.872333725799621984e-01 3.310507328931282522e-01 5.257976710883419669e-01 1.692620541089982777e-01 1.861097240696560351e-02 3.172993487256465239e-01 2.351135823824521964e-01 5.090835554139467867e-01 1.604972737350941758e-01 3.124107840351509902e-01 1.019754537025155949e-01 7.988717091992095787e-01 -1.541966690962024711e-01 5.134890360628039385e-01
5.279177993537852442e-01 9.235890947499552084e-01 3.903775310954294975e-01 1.063006655667718681e+00 1.119264452208292404e+00 1.030353764000472516e+00 6.289318740405513974e-01 9.573307672945972069e-01 1.069632466652075342e+00 5.653705068780984222e-01 1.122452266276900090e+00 8.336072688789830654e-01 9.519972670668125359e-01 9.713125664737878306e-01 1.119479024703612602e+00 1.052379409194207582e+00 3.130272089756477860e-01 1.171903484350073077e+00
9.368312914702022765e-01 4.664475771432304851e-01 4.003836890830101414e-01 1.179472784477945790e+00 8.604699090876737344e-01 4.471465545280277620e-01 7.153325229414162489e-01 8.869523482630781164e-01 2.419855049929276469e-01 2.594458929144013437e-01 1.041512875435325558e+00 6.055694698600400105e-01 1.010074922497204319e+00 6.849554464036096135e-01 7.489459283520161215e-01 8.505518447054150055e-01 6.783181965084261744e-01 1.180636725215005400e+00
-1.366620003557044716e-01 3.346513270357761027e-01 1.169106788336523151e+00 1.135990501686780840e+00 2.431699283974242953e-01 3.283608911611075043e-01 3.967685356319075596e-01 9.151254971954921880e-01 5.183317938208884534e-01 1.003531534239105572e+00 9.384903614360806667e-01 7.516935913668875147e-01 9.943087139651598516e-01 1.119647234287336923e+00 8.157870576268919649e-01 8.390901317265971882e-01 4.068272278609466053e-01 9.723313804323685527e-01
7.534402564537772129e-01 3.105299819798873484e-01 2.738353135848523578e-01 2.535233082134615290e-01 1.033669223854539521e+00 1.134473032373177093e+00 6.830747981128546531e-01 -6.131251358417355579e-03 1.172688874983252028e+00 5.702576230202663354e-02 3.146108849949670883e-01 6.269812098453492188e-01 4.022959992884855840e-01 1.101681953327651176e+00 7.327747845651961800e-01 6.347276299570827618e-01 1.123883194700249222e+00 6.500486483901182222e-01
9.275575637179590549e-01 8.957442375010866709e-01 9.814803928067582506e-01 3.976001653647750489e-01 1.005227346157962609e+00 2.474409485042739221e-01 6.729781017910660967e-01 3.001139777907885220e-01 7.727656570075495113e-01 4.698637376174044089e-01 3.336054021887174814e-01 1.047640395720151218e+00 7.157927742526906112e-01 5.041176637192865684e-01 8.663372295169521342e-01 1.017018010163464270e+00 7.353961792662402353e-01 7.334009362004453303e-01
7.251602611051506386e-01 4.730000361975265077e-01 5.780871713009683166e-01 3.324395346119514150e-01 3.731403439369668784e-01 1.059396890034375760e+00 5.736425541410944406e-01 2.758651647125331952e-02 8.318964494659235598e-01 7.192392900948791912e-01 6.882819579673800092e-01 6.260789796798068574e-01 8.012772262955143443e-01 9.484987933409148031e-01 1.188667661671661380e+00 7.349292937119666913e-01 5.663592774245170824e-01 1.141464007228985222e+00
9.044047946596591725e-01 1.028426162711937542e+00 6.405060959748727356e-01 3.945990965864012434e-01 1.184762873517328119e+00 6.421899997973712360e-01 7.393159344361630581e-01 5.573723936177491511e-01 6.656402894158284234e-01 2.389151819394058074e-01 8.433907290409712321e-01 3.129205592707495209e-01 1.015760058545626343e+00 3.213276196939344187e-01 1.001676339334581112e+00 7.526559331186895019e-01 9.016881036734378796e-01 8.161835529401377798e-01
5.785025971887568508e-01 4.391306460393947786e-01 1.116563075388161907e+00 7.202729002627001886e-01 8.483670340122959619e-01 7.038592156242422515e-01 5.942004098467535966e-01 1.049212866128221844e+00 1.069586083926586273e+00 5.485645292408937168e-01 8.293454528101101841e-01 7.424974296836931442e-01 1.077106592104136951e+00 9.265520167580829636e-01 3.864715316270755929e-01 6.348270535609342735e-01 4.993657625905539854e-01 5.491522718756272070e-01
6.480070172584089239e-01 9.509094798747416144e-01 2.260662049163710552e-01 9.131038567567189013e-01 7.797259080357927807e-01 1.150156352630788525e+00 1.123167602609039362e+00 4.720416939476680396e-01 9.473527807956220181e-01 1.169223815337015804e+00 8.401613032657092583e-01 1.126769868750378878e+00 8.440540916730520093e-01 3.158359935094494642e-01 6.237916622302110969e-01 6.365478105746187332e-01 6.621065543768638317e-01 6.029654700038605819e-01
3.956719980300207329e-01 7.627762003716327399e-01 3.281278819390420209e-01 9.907999424663833654e-01 2.889868952922549639e-01 6.431910691248170497e-01 6.284884656918157120e-01 4.624553550720352790e-01 7.727146075455784135e-01 8.490162067950327573e-01 1.137474504869156799e+00 2.647854677087640995e-01 6.527416416582469960e-01 3.243263781246901734e-01 9.753061305286829796e-01 1.063564097618480364e+00 9.081477991693563956e-01 1.082452656796672130e+00
4.148468415513021368e-01 4.567737587702133673e-01 8.580155319668224534e-01 9.903257756699228587e-01 3.555959074707236711e-01 5.822810599339672821e-01 5.184608796742418146e-01 9.611922420213332430e-01 5.749317620159241082e-01 5.529066449864207256e-01 9.425257976318139885e-01 1.100314902509287318e+00 8.823415278352253477e-01 4.296028260933477672e-01 7.202089014070471862e-01 8.527867844348520077e-01 5.566682115172327805e-01 6.976531240901013842e-01
1.190327957561042371e+00
-9.897134591706088780e-02
6.488291972053842338e-01
4.981570754731383666e-01
1.148526793117023548e+00
1.123756632328113181e+00
5.001719588216858581e-01
4.003623954648066752e-01
6.649950542179693391e-01
4.903409652367124449e-01
3.095095691696414519e-04
6.861878889801560355e-01
1.046712373326053713e+00
3.812509865442558210e-01
2.244521896066147826e-01
1.106906557628510868e+00
5.141826178845676498e-01
3.198743620268232890e-01
ReLU
0.2
18
2
3.873198237715038683e-01 5.375371374695128157e-01 1.514426928076287593e-01 3.183722671276676408e-01 6.438333979957423514e-01 4.193766537806628003e-01 4.392961901607060349e-01 6.489224065944099173e-02 5.077061328971703702e-01 3.423289150017474469e-01 5.406434444624059754e-01 5.480784794673791982e-01 4.970717978059506215e-01 -1.727242568504391562e-01 7.117007279094077488e-01 4.013546212009526659e-01 -1.145668674420505517e-01 -4.488888097877935524e-02
4.649678846370923768e-01 3.859690566850829674e-01 2.460365001102501614e-01 6.142307051922581973e-01 5.524711591989490689e-01 7.876149055143530919e-01 2.054318636668928943e-01 4.569181994221214183e-01 8.208593852817397396e-01 5.692270751175487753e-01 3.627127669645783259e-01 9.245698717360177898e-01 5.053591413731108872e-01 8.316891924984433082e-01 8.366191455468453553e-01 9.534849567788112878e-01 5.937743488797450064e-01 8.937936389374186996e-01
-1.255991294312827633e-02
4.762781000330298387e-01
Linear
0.2

ct 2024-06-12 09:21:56.100104
