noname
4
4
4
12
5.807131805006304770e-01 4.362810386505091564e-01 3.912746990598168773e-01 6.964793321681076455e-01
5.094898983348324917e-01 2.401319414721863610e-01 8.103945138582450136e-01 3.033222540696383085e-01
4.117408596054741299e-01 9.418206021424962993e-01 8.022331717532976691e-01 -4.640504859249196257e-02
3.852068018453250198e-01 5.652227847913535719e-01 1.036729034705514696e+00 4.961925268985750148e-01
7.854050050722610754e-01 -2.555533442048974618e-02 1.493973525019527127e-01 6.809755220461088943e-02
6.185596566324736978e-01 2.920269989154360424e-01 6.855616994628925820e-01 6.497258713261264140e-02
7.718548911517365552e-01 5.301925492395324069e-01 2.766558927773701271e-01 5.430383132079428243e-01
2.001321870981834505e-01 4.596461196921928782e-01 7.460690307695049261e-01 6.923966815657964791e-01
1.031965328372478063e-01 8.052433030773462619e-01 2.491366238949828116e-01 7.098431142688557127e-01
5.108519715922280602e-01 9.735726160183327815e-01 7.613810170670652910e-01 3.562264944589912385e-01
2.648489669310535866e-01 6.459525311398540970e-02 8.675988937223541031e-01 8.152841520295623923e-01
7.540379343059397943e-01 5.703093647904717844e-01 6.673195957527121580e-01 7.766832494195847758e-01
6.146401947326851634e-01
6.367372898895218292e-01
5.438930082003993333e-02
7.268884593007622907e-01
8.349353915166289886e-01
2.279391607603681591e-01
4.950747425269635960e-01
3.704499552078021063e-01
8.465421927901412014e-01
3.940937521345652672e-01
7.609107484905981433e-01
3.171999574212996387e-01
ReLU
0.1
12
12
1.889128588584683133e-01 1.114296822805716847e+00 2.326382354419873066e-01 8.228264390411840212e-01 5.329507251106202492e-01 6.319579909716401822e-01 9.298039290445636595e-01 1.111980799939254805e+00 1.133786871365238813e+00 9.517223883841077758e-02 5.148246957091990872e-01 2.140805642242940565e-01
5.992042392232381776e-01 2.079079737073145639e-01 1.146800512967147689e-01 3.315731739829223534e-01 6.403092389961639874e-01 5.271819943857456447e-01 9.236597687502405840e-01 3.504739966957354236e-01 4.071978401450120910e-01 6.606589892335793524e-01 1.076302829291494234e+00 1.008101460782102166e+00
3.667413598019854115e-01 6.175573256322369753e-01 6.438736278864954921e-01 6.260518012018849721e-01 7.961850245726714848e-01 7.231266843127581723e-01 9.054189328553625682e-01 7.393619884543997101e-01 6.317851115078205737e-01 6.287006901087610622e-01 5.101763349151903215e-01 7.393267617921911450e-01
3.675632923905168825e-01 7.863239818467845366e-01 4.786173871827381632e-01 6.633567083958373523e-02 7.196138803180360810e-01 3.161059718459526269e-01 3.210084918894250128e-02 7.640645495190878655e-01 6.371041114408146910e-01 4.565374370620368105e-01 2.205489414136914128e-01 8.918916336367188613e-01
6.635411500125981688e-01 8.410518447822445953e-01 5.127082191935132816e-01 8.567373898077372818e-01 3.782643670845448614e-01 6.250281549397092018e-01 4.493800825996209225e-01 8.462117895885059582e-01 -1.897426652295543942e-02 8.697997334793807767e-01 8.130539837162575889e-01 9.479929070053610962e-01
1.628768043683641031e-01 8.439509936827972458e-01 8.627117331043805404e-01 -1.774859815102147048e-02 1.328526080774769524e-01 2.820770747763077235e-01 6.985401448164595406e-01 9.548642286391610945e-01 3.919402519794000783e-01 8.293399163582515499e-01 7.080890119229140689e-01 3.830950112145432573e-01
8.223961525916479998e-01 2.094819450653499227e-01 3.973893002097995675e-01 3.401973084784923884e-01 7.339785311941700030e-01 6.641891109694705309e-01 5.902842398238863364e-01 4.633495557661941600e-02 3.711360029160105656e-01 7.009040018765274604e-01 5.711939457905093054e-01 -4.608586949637661495e-02
-3.021147616298387392e-02 3.792416431377440000e-01 8.975475388696227963e-01 7.084177649286954592e-01 5.609815148720715960e-01 6.386884833885295709e-01 2.080174427250066904e-01 5.912666748600086120e-01 6.079061981849448459e-01 2.195521551082673384e-01 8.335338237233521630e-01 7.149682460988522337e-01
1.270542069536181595e-01 8.605521024552976739e-01 2.799909628458732147e-01 1.171742492692032234e-02 5.963111594058252418e-01 8.045095189919077017e-01 6.991737946690460004e-03 8.002255587785980229e-01 1.255003245955746138e-01 3.501088276240760799e-01 5.010077473979063223e-01 6.588667893839217360e-01
4.362430424060701473e-01 4.120720095572500963e-01 7.686468305342415430e-01 7.969165423135174953e-01 5.257852738586212826e-01 -3.605472170225104689e-02 7.436446206627176508e-03 5.363716566022367349e-01 4.200502152132256639e-01 9.589047063898162304e-02 2.966311979781697389e-02 4.964576415790358244e-01
5.166844574999024386e-01 6.384220215490814532e-01 9.947475849516620450e-01 6.463808576136321760e-01 5.493464037457039817e-01 1.022390095581425573e+00 7.294627970312199672e-01 1.060420146609022618e+00 5.650808790641175250e-01 8.499359083795586800e-01 3.530948961444326240e-01 9.963388720298923529e-01
5.492839709401604598e-01 -2.564471625409292521e-01 2.254451322939250435e-01 -1.678202660704354865e-01 5.295010867733329629e-01 3.094985560367921607e-01 -4.415739854878254766e-02 3.012933117673931571e-01 5.162300983071869964e-02 -1.474350278189729968e-01 4.939914236375267942e-01 7.422060753442211167e-02
1.063116619502042948e+00
1.705085778796393559e-01
7.472180983537350940e-01
5.102431867597289061e-01
4.046562228957359397e-01
4.691753775099944401e-01
3.328579750055041253e-01
1.048086113315183365e-01
7.079041848471906428e-01
1.367307722161026917e-01
7.573163400219358188e-01
5.964286268565085480e-01
ReLU
0.1
12
2
8.304451784222335320e-01 5.297008811192168709e-01 1.029074410542140106e+00 4.976442068114778627e-01 3.695705601380454008e-01 1.913048421958526424e-01 1.103841292423429321e+00 5.392452874855900857e-01 2.100245839109184387e-01 5.165079095137342646e-01 5.309190431645566255e-01 2.041994470385809779e-01
2.915209177916265881e-01 2.736819069390924453e-01 9.870440787902180491e-01 5.249516123658783950e-01 8.871836319783134028e-01 5.859350179789932778e-01 8.438640550692355635e-01 4.530095070902118715e-01 2.700158571149108983e-02 5.357606603325978378e-01 1.456856254614593005e-01 8.111368007366405453e-02
4.839527187145914455e-01
3.282850513350372701e-01
Linear
0.1

ct 2024-06-10 19:30:43.366839
