noname
4
4
4
8
3.738371892319501677e-02 9.130746159801784723e-01 7.353416813490594173e-01 9.248826851250807612e-01
3.141818304022138131e-01 3.212390617451785224e-01 8.877149749730326445e-01 9.885574629203269792e-01
3.906853576978709941e-01 8.204567209281894424e-01 5.336715824837739985e-01 8.768311003395806713e-02
6.665095383700089249e-01 1.902886762364530693e-01 9.716590764713938233e-01 9.525454486604968407e-01
6.529922686370896734e-02 6.768760029539304390e-02 1.426631865013270051e-01 2.592822079818793979e-01
5.365099495507736904e-01 4.937329508003870382e-01 9.792003703811503756e-01 5.439085732625712488e-01
2.778219397576258132e-01 7.820710191382388432e-01 8.226354478423887340e-01 8.897728695072650851e-01
4.439024791026583427e-01 4.709466983962259934e-01 8.461852369290675524e-01 4.353823521323667567e-01
6.037358184001888617e-01
1.486444155485734664e-01
2.271605393030177444e-01
3.003750438226079900e-01
5.270837653309520254e-01
8.924347501153374607e-01
4.843028047928195634e-01
7.288547522579461591e-01
ReLU
0.001
8
8
4.536521158228124517e-01 3.551579151751015351e-01 1.026061475511472532e+00 4.378594908036656519e-01 1.724401284818242175e-01 1.789208770299529072e-01 6.532916460326968489e-01 4.980324252130588492e-01
7.258696270724644961e-01 8.551610515098597709e-01 5.670144105446400795e-01 8.569235992709959282e-01 9.695342384124687740e-01 2.337833884566248854e-01 6.160016116320744528e-01 9.722895492247475568e-02
3.323939654743882088e-01 7.012368109938355021e-01 4.968858039588028852e-01 6.176872294240730310e-02 6.516983980380791630e-01 4.770122238130652392e-01 4.003428841665001015e-01 9.216229488522400537e-01
3.235034947080730472e-01 5.152348693632001764e-01 4.332743603312725900e-01 6.242146387122825546e-01 7.456986047207998514e-01 9.188313970625048288e-01 4.942581136975534584e-01 6.575774375548478767e-01
9.348641079078409133e-01 1.112424501922156111e-01 1.900948827195167168e-01 7.684321720821857271e-01 4.979189676105093554e-01 8.973242554403728644e-01 7.875730473101719697e-01 6.704432137019497029e-01
8.400554951269599835e-01 2.596729035306908906e-01 7.769207965107765013e-01 6.186419114910336470e-01 8.501357465843354388e-01 2.879767612330837168e-03 6.207376465949295818e-01 1.097933699704818494e-01
9.424546540188067922e-01 2.905099872179973675e-01 1.474547585384680115e-01 1.290068149644625350e-01 1.001389716857686185e+00 4.633945843543175319e-02 6.501281421330913357e-01 5.911262618277340897e-01
6.212380284801984898e-01 1.095070671183617506e-01 3.230791878091148761e-01 7.549140359598396355e-01 1.886841398472564879e-01 7.223721456857695560e-03 4.144515686943518462e-01 2.565624772244870511e-01
4.123517792727056652e-01
3.070541563992374434e-01
9.234008936897867281e-01
2.420718867389634321e-01
1.914203482285234403e-01
9.901645034793192801e-01
9.527047158136339178e-01
2.960965109155092589e-01
ReLU
0.001
8
2
6.080131720394010841e-01 6.461865972369502664e-01 2.945071873593617662e-01 4.942923541093982021e-01 7.102210591005938545e-01 3.761195685811352662e-01 1.024590069998374320e+00 2.972435745939708829e-01
7.692615520545706964e-01 6.889480729456030073e-01 7.857834020257895569e-01 4.153429734654365268e-01 1.027074538844266818e-02 7.967414539429753528e-01 8.749775971877103986e-01 8.621676111502596385e-01
8.163150766870019837e-01
1.270043806592537905e-01
Linear
0.001

ct 2024-06-03 10:32:51.878666
