noname
4
4
4
20
6.845545933506118619e-01 5.349386371085061986e-01 7.775676101658071104e-01 3.141104057970843799e-01
3.472171553028743363e-01 5.745212218271853466e-01 4.341985003405657295e-03 6.140245422331186420e-01
8.077569210475027406e-01 9.737794430888391251e-02 9.015602195593273027e-01 5.512131669679410928e-01
4.847490400180815007e-01 7.719764783438568534e-01 9.237695726229888660e-01 8.154916016800144440e-01
1.571428203537520440e-01 6.868955042337530070e-01 3.962502436197201661e-01 4.923341806803286369e-01
7.385141313620813275e-02 4.686325351710420861e-01 4.398333459275407531e-01 6.374435493907141259e-01
2.635359740994728250e-01 2.664508008843602394e-02 1.488360560312478320e-01 1.909565063324889511e-01
2.921414522037142358e-01 9.520184473956316840e-01 8.723159436245300213e-01 5.992052580343730783e-01
1.310486597664525243e-01 4.649315043477671994e-01 5.638760621179552679e-01 9.726925676322426551e-01
3.115794929403115088e-02 6.114100432878883939e-01 9.535900372004979531e-01 7.403970195760483097e-01
4.767660199186346537e-01 2.660285458588537155e-01 2.267792650547336697e-01 1.967689953499024424e-01
3.460758795881202499e-02 7.491094317209578968e-01 9.737172531096127681e-02 7.948215449327765691e-01
6.991642838287364103e-01 4.805327533832652875e-01 1.464861886116820555e-01 3.900036241947215654e-01
9.399627464885994543e-01 7.019547720371943633e-02 3.517510192300993266e-01 3.311731773821213753e-01
8.993564096714297129e-01 5.400352957849974267e-02 7.596109505699840669e-01 9.772865758544023729e-01
3.145793165707413408e-01 1.065113814100081546e-01 2.053786586513490775e-01 7.858978044531593765e-01
5.157400300689866102e-01 9.101287868978875650e-01 8.813528545673804393e-01 6.826997993626476857e-01
3.610729313179195099e-01 4.838982081879380504e-01 8.787428103688077474e-02 1.101303158767974466e-02
3.537228373199893250e-01 4.936592746646851770e-01 8.924587080791809290e-01 5.774858010000427644e-01
8.934460602161249376e-01 1.108674164372236426e-02 5.012352765658619758e-01 1.139564318468386794e-01
1.229811740349980864e-01
8.660468611987522936e-01
5.821142018365693671e-01
3.901163221041928919e-01
3.208199793916244325e-01
3.312044160086146105e-01
4.335097427554738259e-01
3.236810017623765745e-01
1.742689923980373923e-01
3.644718578077156268e-01
4.831799668252146907e-01
9.027714906038269982e-01
4.356985072602910236e-01
8.565561090018616319e-01
6.373272787603807554e-01
9.472227231479091181e-01
1.450499128984282793e-01
5.516728570867764914e-01
9.870295487258614608e-01
1.917994421790462090e-01
ReLU
0.2
20
20
1.989921984204116034e-01 2.107650998568009193e-01 8.710066556037640018e-01 2.180435315696055421e-01 9.469515209620759100e-01 6.400522190996160710e-01 5.695694708921875682e-01 5.256712516245021227e-02 4.573507147499651371e-01 2.745714026935844876e-01 8.136950771647680769e-01 5.695716103538018826e-01 1.085958760934383482e-01 6.909548098710158737e-01 5.876355529714138992e-01 1.248539077215993220e-02 9.370601451990538955e-01 2.450105739536639904e-01 7.835240566627099668e-04 3.245893491273397213e-01
9.087745569057007478e-01 6.064907284557733425e-01 3.512134477472637073e-01 1.118346612614097291e-01 8.073841734095932310e-02 2.513868810836987766e-01 1.068000315789309207e-01 6.462674686658044232e-01 8.894908053542111004e-01 4.922686281210054693e-01 3.971773991715571439e-01 1.901285080861954135e-01 4.685087093972784000e-01 3.184470465987770949e-01 4.002961248549734563e-01 5.282384855554886904e-01 9.834689149429565180e-02 9.365168796059351042e-01 9.273460961425923355e-01 8.199147520901571840e-01
3.253070798994530666e-01 8.482613363984795596e-01 6.500556180834108355e-01 8.381050678879089499e-01 3.931269060416506811e-01 7.381449605151291227e-02 7.768388854639424190e-01 5.292986100070946609e-01 3.222199455693947057e-01 9.702614269439693295e-01 2.832755835164748603e-01 2.664249844185035965e-01 8.375637996435014720e-02 6.305669551095217651e-01 1.983729276156747101e-01 2.785807791465984007e-01 5.184118661509112824e-01 4.844130894610129134e-01 4.150025535389301190e-02 8.438930917090502470e-01
2.851693348168115039e-01 4.063331370668776810e-02 2.416400063438646217e-01 4.395594330055375698e-01 3.289146751371672117e-01 8.267867836195234021e-01 9.909456572160927346e-01 2.578272542587263239e-01 6.169451414185035398e-01 6.128075541100919121e-01 6.929524827362896211e-01 5.930335899661498544e-01 9.080065048432914843e-01 5.459125455093503110e-01 2.215122095805432956e-02 5.375045191403012845e-01 9.261087080912338010e-01 2.002646028775701970e-01 2.452125888445062518e-01 6.174901413051681054e-01
7.157135769635114553e-01 7.603048231903832832e-01 9.217751299391411246e-01 2.587116501065176433e-01 1.014863100655932771e-01 4.880315640949439704e-02 8.961063631974434118e-01 2.914673998677843603e-01 7.299120104179606106e-01 3.221480487038385077e-01 1.611333992463200859e-01 3.533566030085231180e-01 6.646514693713104771e-01 4.391105896545799414e-01 4.745415101761698562e-01 8.264748522288600796e-02 1.883916533850639174e-01 7.905759786056606453e-01 1.428973604959822286e-01 5.645925322015931114e-01
7.259713393866925601e-01 6.998923965009548054e-01 4.456410529864367476e-01 6.816929088266503456e-01 8.559013218326391170e-01 3.612200152006754816e-01 1.202515286892653634e-01 5.892291888041798487e-01 2.595041516200380372e-01 5.125305258614354376e-02 2.329870943288225860e-01 8.712109965708667580e-01 6.667825097258223144e-01 7.310655261464872323e-01 1.625991604975978166e-01 5.002584325513120822e-01 8.514832242502479165e-01 3.062096461032118855e-01 7.912184377404112290e-01 7.863008518993110929e-01
4.489109290642037120e-01 4.902748440462254553e-01 2.997097925299557764e-01 7.645932262726280459e-01 8.347567003357495574e-01 3.117313040302175375e-01 9.768910976076669028e-01 1.256641165259864135e-02 2.423866548035644719e-01 6.162147335440729679e-01 4.065479593747919340e-01 9.466389690856942263e-01 7.004910650426481311e-01 9.323387306144982345e-01 1.237646547421742405e-01 9.402845094310976481e-01 5.006447970023966132e-01 6.788279949566679017e-01 7.314717870030985614e-01 3.968598697443684875e-01
7.985676846580758159e-02 4.748416265838699690e-01 7.926481963628629890e-01 2.178249974573863712e-01 5.665496200515649505e-01 3.605801862965747340e-01 8.080464360324570716e-01 6.185271786615450518e-01 1.243893894812386769e-03 3.631687019722491527e-01 7.369611509736768706e-01 5.048745092561568448e-01 8.488868759177676804e-01 4.946342641763401549e-02 6.725451231045886935e-02 4.702633802099072113e-01 1.744808051761792544e-02 6.965727133511722124e-01 1.098217246353119236e-01 8.351534169149692488e-01
9.996026788505885108e-02 9.170636169696758655e-01 6.465210516109859418e-01 3.486743250541172179e-01 5.609357872521109067e-01 5.915459842939929658e-01 8.998844219801626076e-01 9.294118741082089130e-01 9.179341529534540411e-01 3.008855535757233302e-01 5.441691493867925056e-01 3.664351269985911541e-01 8.769761554262288650e-01 9.659350351464538464e-01 2.099204692314508014e-01 9.341944880899415438e-01 1.523867021697375979e-01 2.257236448171520138e-01 5.489083466643213116e-01 2.905082012341196895e-01
1.333144631307919825e-01 7.210974993530128163e-02 2.397487427752786893e-02 6.666102371151632067e-01 4.326673640051328373e-01 4.871544712116182563e-01 4.544768342943013018e-01 4.207548671108893856e-01 8.926121686734308502e-01 3.873581021545259295e-01 8.445820835369327595e-01 9.683177298482357198e-01 9.310689924221826619e-02 3.795826640896807769e-01 9.134101664567885193e-01 6.804670626348536810e-01 4.738858944083903513e-01 2.116062805085782150e-01 2.704380560246655296e-02 4.614932461147469578e-01
4.190156589581189861e-01 8.798063014518785474e-01 4.606897963729348344e-01 2.391421444828900622e-02 4.643268216925882097e-01 5.932389709279007883e-01 6.010918466166754737e-01 5.084946601087955154e-01 7.009955126270946968e-01 3.919939013386013471e-01 5.468296850249163565e-01 8.928853168493942061e-01 2.370015579757206448e-01 3.018260142165223314e-01 8.776651580042370560e-01 8.111933319487041327e-02 8.235359361929412980e-01 9.562304587349370610e-01 7.754516748115979352e-01 2.665056039196264104e-01
9.317074156765170478e-01 9.524718670957310618e-02 5.000950493301099531e-01 1.090142843203654177e-01 1.717306036152953519e-01 2.095787048743246173e-01 1.084316604535195960e-02 6.605046159691024821e-01 7.013289450266524394e-01 3.707680563166650956e-01 3.375548171322380053e-01 2.960905488035832089e-01 2.043909646333800234e-01 8.859500999998505266e-01 1.682449242443072590e-01 7.089732858681696559e-01 3.745720898049232916e-01 8.860410871419343026e-01 3.010482589151970423e-01 6.057668666811046876e-01
7.054624029795724116e-01 6.018978345603283042e-01 2.841803451965376759e-01 3.712974346920925317e-01 7.160945355158828685e-01 9.142126842844280343e-01 7.642226748217328947e-02 5.165559192608902839e-01 2.952104530044805664e-01 5.370463880449284355e-01 1.127607528118879099e-01 2.673607750953397311e-01 1.168840337778589422e-01 6.059187836406896288e-01 6.295297088792315421e-01 2.885974011275278528e-01 9.284030130083895660e-01 4.344847171694499188e-02 3.209085094971055874e-01 4.463104911134141428e-02
3.339237740886512595e-01 6.690587026130248027e-01 7.133597308311907526e-01 4.559694913464411581e-01 9.021342571266316446e-01 1.018748297272797920e-02 4.022639840567594494e-01 1.812103613023151594e-01 5.444574779229722772e-01 1.893904330925961776e-01 4.917538722383455463e-01 2.548710759300490958e-01 8.977619078086200854e-01 2.155987297351653620e-01 9.651963679612460822e-01 3.443640083674371910e-01 7.869510864903930258e-01 1.324993151732885011e-01 1.266511365038299752e-01 6.450647897587740154e-01
6.287571558397632154e-01 4.389993669094787165e-01 2.117703644114010686e-03 5.475186277338617291e-01 6.287749154658858197e-01 7.814057920785600908e-01 5.029213967877372848e-01 6.606196500113107328e-01 3.952336350184705305e-01 8.652528149085201292e-01 7.845053382529690866e-01 2.321547647525813440e-01 5.791160288380482468e-01 2.304022675904551232e-01 7.335054997139586197e-01 7.870403272609433065e-01 2.119708983421229043e-01 6.406747266081563863e-01 9.115463289884377929e-01 7.366952117914392639e-01
7.424245450619547659e-01 6.032935463066220194e-01 1.047479162007538545e-01 8.166862853629967001e-01 4.586502363172060281e-01 7.053297803803980637e-01 4.163188627193270541e-01 9.740965684344483622e-01 4.403324295782867770e-01 2.865936025562664247e-01 4.637179105453828054e-01 1.630942817713164628e-01 6.627635427817089031e-01 8.567364524027324402e-01 7.212795872711725842e-01 3.227447446405774523e-01 8.326814622934201049e-01 6.668635161300193737e-01 5.695489204269427175e-01 3.535557827994288971e-01
8.772319938834408637e-01 5.518635375293234890e-01 3.553519576908608091e-01 4.700519426348548357e-02 6.385989317829217082e-01 8.572366826059658607e-01 6.323834050908142546e-01 3.024764188428817890e-01 7.259211756878906074e-01 6.799418412374247378e-02 7.335537513585156377e-01 8.521156549501684996e-02 4.127817595193314926e-01 5.555387820090368356e-01 9.547181871156327215e-01 6.477207264074080761e-01 9.001170429811619078e-01 5.204394290481781926e-01 9.217333318114544483e-01 6.654261352483810121e-01
7.755199620000220451e-01 9.673635916195936213e-01 2.687853279773035897e-01 2.892895380867948063e-01 6.700134894297854471e-01 8.273346508511252306e-01 8.653939643946769733e-01 1.824658503338494331e-01 1.199117175746708952e-01 3.365022457953319446e-01 5.779210656970332760e-01 7.165319780139374206e-01 3.747674322226161037e-01 2.807409260186914945e-01 7.084730878561870115e-01 9.659992911821509987e-01 9.367330958998725254e-01 8.886798068861607725e-01 1.146880891551860238e-02 1.130542005554687757e-01
2.518373436465565218e-01 4.811991515902004357e-01 3.643439401867164529e-01 7.511530429043113966e-01 7.544250444764560859e-01 4.408964954266525460e-02 7.016964934063047998e-01 6.273341979456861228e-01 1.413454910940047382e-01 2.890253311443206075e-01 1.199147357086510768e-01 4.679368500619875970e-01 4.143397187866487696e-01 4.425681226320383743e-01 3.253302853569942643e-01 6.223635559538406303e-01 9.099231871155518681e-01 5.644450405965152351e-01 7.726291470073931578e-02 7.126309451016543672e-01
5.731127454235926955e-01 3.186925015630048819e-01 8.584994304933575293e-01 2.922117205164795894e-01 7.720246776425057078e-01 2.624868117570146042e-01 5.735606158635911944e-01 3.459072614551221836e-01 5.270430668917421846e-01 3.396057930237652567e-01 3.846250982520946771e-01 6.804849829718946363e-01 3.476987807555753651e-02 8.998890776120038737e-02 8.929694237881760088e-01 2.202832019186223844e-01 3.661908120501570219e-01 2.131220648041503019e-01 8.950369845683269210e-01 4.542883496039085145e-02
3.375925087856147533e-01
8.181896327218188825e-01
7.787554565630970815e-01
2.115011619475181126e-01
9.741388135558072259e-01
8.087179578654657419e-01
4.261714860062827404e-01
3.636322510446218237e-01
6.035106065408450959e-01
7.083480834942044169e-01
3.071732934304411966e-01
7.425968866239276434e-01
4.720667040044916885e-01
3.837527347075843087e-01
8.063228916582642070e-01
9.364890781349138882e-01
8.886033079498188991e-01
1.728233989402125914e-01
5.120466540959498492e-01
4.209718593615696669e-01
ReLU
0.2
20
2
1.515594292970939838e-01 7.647653711506909868e-01 6.346561386325086929e-01 4.184546495311988190e-01 7.032816120256444314e-01 3.011164827609402739e-01 2.344751821166505268e-01 5.184193747847165579e-02 1.904855989945297701e-02 1.613660478593395009e-01 3.932988399919212785e-01 8.953502162245441376e-03 1.336282889993293255e-01 5.544141209713147056e-01 3.104953584481309203e-01 6.910580748766597114e-01 7.774850116733827976e-01 9.731231042047533419e-01 5.339534027072621036e-01 2.364541225924405854e-01
5.685911108704502226e-01 1.581015331983076644e-01 8.540652696408073119e-01 2.780078256971834083e-01 2.460423800588485976e-01 4.264254408055664358e-01 7.736708721697593827e-01 9.466023469214146502e-01 9.680879007907035039e-01 4.374797887958540299e-01 2.110308494810502200e-01 6.415449512960926803e-01 5.436744952893229899e-01 8.832803179447218378e-01 8.035638054562165289e-01 4.256581877052267870e-02 1.701608839129594708e-01 3.175519062115331748e-01 8.971967780655950575e-01 9.231203911278051955e-01
3.385924066684983247e-01
2.546447458065003167e-01
Linear
0.2

ct 2024-06-12 02:10:41.972306
