noname
4
4
4
16
-3.035934988666678880e+00 -9.246795977208621675e-01 -6.602389473200776848e+00 -8.676218485420399418e-01
-1.118525300150742474e+00 1.035956798673051349e+00 4.813518705074580351e-01 7.156451697868444484e-01
-1.904271646952577335e+00 1.404712527268681566e+00 4.027004135907500171e+00 7.622489450857287130e-01
2.181103250211702704e+00 -7.378721345304111168e-01 -5.383049730900418162e+00 2.721210508786480187e-01
-6.682561495290598730e-01 6.424723474080288321e-01 5.118578670294051669e-01 4.428312374297873055e-01
3.688119544158382279e+00 2.535606260587258465e+00 3.423200765979607318e+00 2.052651002513257605e+00
1.179482938506675405e+00 2.459024644309302676e+00 2.170110983435444396e+00 8.835801916915791976e-01
8.342305536126838339e-01 3.090553632995407973e+00 6.446565894313186718e+00 2.343760517453174153e+00
-7.319723527944109742e-01 1.269157086713453397e+00 5.430917310463216019e+00 4.729426746853039321e-01
1.381167095985735394e+00 2.031527961158384188e-01 3.864770004734344178e-01 6.464962868731458645e-01
2.570359968700218989e+00 1.495883918003194868e+00 -2.045457114668008725e+00 3.178824027654130635e+00
-2.487155038733232626e+00 1.144323772389175042e+00 6.312830538011909853e-01 8.599548670044282472e-01
-6.691566726822448241e-02 5.093170165432429064e-01 2.448953642573899714e+01 1.275272641747211999e+00
8.088032730031560202e-01 1.567092129794235733e+00 2.127773505278049537e+00 5.899803647628160119e-01
3.333615099341435961e+00 -2.285268102133674706e+00 -8.081472954689534305e+00 -6.396484682367024888e-02
-8.138664166814660872e-01 8.625120376324731941e-01 4.024446002538599743e+00 1.840593456585524756e-01
-1.918181031737032249e+00
-9.879689247910806715e-01
-2.176782278683310423e+00
-1.572758040704529403e+00
-6.479537938729185154e-01
1.148148961044616057e+00
-1.948832822021825950e-01
2.608243910068275717e+00
-2.964660145954373771e+00
-1.464707011824050387e+00
1.434017520938529078e+00
-8.763956284296272603e-01
-5.091829237829405663e+00
-3.707027077368322043e+00
-3.535865920220328196e+00
-2.318858598308045860e+00
ReLU
0.2
16
16
-3.266635842182020188e-01 -2.491611649377223625e-01 -1.069504592024345113e+00 -4.714943127562465364e-01 -3.974467122497413185e-01 -5.328168739523772013e-01 -4.014123557260185771e-01 -7.350051062339033048e-02 -6.838090871680816418e-01 -1.147407013439685430e+00 -1.728718267011299381e-01 -7.863522652815997382e-01 -8.970290450077749167e-01 -2.285523262731652849e+00 -1.187781965653092575e+00 -2.711879582092666108e-01
-3.177662911087025810e-01 -4.822784824176655216e-01 -1.086457306118772559e+00 -6.569868902959404844e-01 -7.668688715730256344e-01 -3.147801748174090808e-02 -8.079839467275508058e-01 -7.158707337749257160e-01 -1.178515837481239226e+00 -1.048366950199223213e+00 -7.269309275768411904e-01 -3.033275124741877105e-01 -1.227337981059391403e+00 -1.731041361764044328e+00 -6.225929299057111344e-01 -7.915888187266632015e-01
-4.779219806541156190e-01 -1.888122582167985064e-01 -1.369161923611782905e+00 -3.849012119891990769e-01 2.216740812184948284e-01 1.073512660921388306e+00 4.628814917626447034e-01 1.895066245526257909e+00 -3.502686202296161899e-01 1.204755428638269454e-01 1.719255403577767627e+00 -1.020043267944670123e-01 -9.678610049403072679e+00 -7.816624173305453116e-01 -5.859382098542530448e-01 -1.024481864226595151e+00
-8.909346346261806104e-01 -1.047351413324469682e+00 -2.759001005025396580e-01 -4.624010119379933781e-01 -4.957784000349961251e-01 3.665615537058272144e-01 6.366615982688472730e-01 5.746080849338267710e-02 -5.328730595557786831e-01 -2.343400197684556707e-01 4.428959961351685570e-01 3.182724922233980402e-01 -1.014128626789024779e+01 -2.381664323047837151e+00 -1.364877448142023164e+00 -1.345021408574025967e+00
-1.557716120184687858e-01 -7.224641725732926512e-01 -1.815407908883410193e-01 -7.227830220480662149e-01 4.027120970043669007e-02 -7.026597439071310403e-01 -8.914203182885747090e-01 -3.017630260852668389e-01 -7.415709535890849802e-01 -1.052619892569145010e+00 6.806722280081460574e-02 -7.006613327008492931e-01 -7.989165591560339896e-01 -4.458453492522114203e-01 -7.386152575127934439e-01 -2.253136112832009597e-01
-3.514653798329577250e-01 -4.213660769020193819e-01 -1.317226164125309962e-01 2.325151665743331875e-01 4.538641319882418257e-01 2.910833761764337630e-03 6.544426622452588216e-01 -7.793973977585628710e-01 -1.833313422446082752e+00 -6.506158759965223748e-01 -1.716233152339756707e+00 3.511492566456035913e-01 -4.389089020911664640e+00 -2.203550987656196281e+00 -2.198868620257100059e-01 -6.191838549670196645e-01
-1.082601843366133076e+00 -4.150913321777854326e-01 -6.648640165345609532e-01 -3.311106518393380771e-01 -4.919010775663149593e-01 -2.712720611531390102e-01 -1.008545503308686531e+00 -6.833441052793913506e-02 -1.009082038482903787e+00 -5.977012340842608601e-02 7.120523660483289996e-01 7.752136719220559247e-02 -6.693982943311895362e+00 1.232778358659731177e+00 -1.656693959111386949e+00 -1.288200963798396659e+00
9.305377015552046549e-01 -5.881984694683169840e-02 -7.453197506109004999e-01 8.228319178467095041e-01 -5.668921459821488762e-01 -6.373410984449956462e-01 1.088448649321412665e-01 -3.801618813710593514e+00 -1.930230394008450201e+00 -6.595055532389353381e-01 -1.898580096062873146e+00 -9.689996454168354756e-01 -2.661678678892900329e+00 9.137561402082500228e-01 -6.984804263465214103e-01 -1.244641714428992296e+00
-1.064698920138879012e+00 -1.169160345534496992e+00 -7.570890963859746581e-01 -9.820043886075112693e-01 -9.399324092306021727e-01 -1.433122502666086096e+00 -1.314974794461361673e+00 -1.354822559772030477e+00 -6.578082845984567495e-01 -1.629058832127390444e+00 -1.027119759061584148e+00 -1.285681015123668391e+00 -1.750235702267823878e+00 -1.742419141145058470e+00 -1.409385347630555341e+00 -9.257206002985387538e-01
-1.012547011837856781e+00 -1.885832056256649680e-01 3.831847615476949853e-01 -1.121946978752534907e+00 8.728833502084920593e-02 -7.233858028589090772e-01 -2.235316604346793135e-01 -3.337263441184872836e-01 -1.369554686734689941e+00 -1.214217911119320537e+00 -3.861716705508966285e-02 4.586244354909050913e-01 -1.930506514669233509e+00 1.471524956142274410e-01 -1.664666946780944068e+00 -1.172346440597555661e+00
-1.121355585916878894e+00 -9.630207136964803460e-01 -9.139290236136761170e-01 -6.718443839600004575e-01 -8.280290568036491328e-01 -6.322977096254613905e-01 -8.259413811207074740e-01 -1.150060358518519177e+00 -1.412749191825272810e+00 -9.742777852686730355e-01 -3.655677951969126260e-01 -1.118919615154672309e+00 -1.789708543423020659e+00 -9.521525341413540344e-01 -1.387205151178501517e+00 -8.687101037356672606e-01
6.117098852408230439e-03 -3.151343865353978813e-01 -5.085409986999697152e-01 -8.146453209334405532e-01 -5.148454250617109373e-01 -4.586350493815183338e-01 -7.034179816839616350e-01 -3.752106154066240928e-01 -2.091917476784929786e+00 -3.365123853916401342e-01 1.855092724503234480e-01 -1.754537555454092901e-01 -2.909648314389640333e+00 -1.393412173458861980e-01 -3.440584455046232226e-01 -2.148383537223909290e+00
-7.753711488044209843e-02 -3.294258023367109545e-02 2.066685727151681695e-01 4.482739016255802844e-01 7.167353363623557572e-02 -9.836869681135176902e-02 3.306417553311415958e-01 -2.119488255712767444e+00 -1.262268445843844678e+00 1.890434060243228742e-01 -8.506274889368160563e-01 -3.477503390618661983e-01 -2.846158572313570279e+00 -4.928229640496571973e-01 -4.336586886357540749e-01 -1.582594286123489180e+00
-4.272610648484956863e-01 -7.393847828731526794e-01 -2.057790467358009412e-01 -6.272384368743982863e-01 -9.815165780335921575e-01 -5.511022844427441170e-01 -3.294061999280571973e-01 7.518965814542659387e-02 -6.761089955526314865e-01 -2.911054844929461538e-01 -4.382156293992690577e-01 -1.473768022496739494e-01 -9.005967734368724997e-01 -7.000039315490053093e-01 -2.196059794113681685e-01 -6.008565912622692018e-01
-2.057165436938716008e-01 -8.672524466577109514e-01 -1.775426208560922370e-01 -1.621413241590579923e-01 -6.505594259176392113e-02 -1.315864309247447850e-01 -1.694491466553744163e-01 -1.627808708110627667e-01 -1.069393064685640438e+00 1.457080442881434068e-01 3.590702607882849673e-01 -1.825192637291407349e-01 -5.637609601551429428e+00 -1.916744269092044872e+00 5.927052457764036240e-03 -1.026333063361241082e+00
-7.722365743951250527e-01 2.165965671586199404e-02 -9.482170066994661806e-01 -9.603816358372981865e-01 -1.849480333989105552e-01 -7.080823515876165652e-01 -5.137361086476105454e-01 1.511388866193384695e-02 -2.896179459261098432e-01 -1.020626957341842722e+00 -3.592680468568593133e-01 -8.658290322016232166e-01 -3.149975146985019014e-01 -2.148856965576195321e+00 -9.637197053290342819e-01 -7.561203770423873260e-01
-2.381943240998734557e-01
-2.826552013513728978e-01
4.118897137153312293e+00
2.012817194403777155e+00
-1.088426056507885847e-01
1.886778106428957269e+00
1.545415645695314311e+00
2.599417244231387869e+00
-3.712373727679901259e-01
5.122697908321429683e-01
-7.785639239308396464e-02
5.063903197835312175e-01
1.469040719712076282e+00
-2.442687766784350789e-01
7.746090504424690826e-01
-8.875438763632052808e-02
ReLU
0.2
16
2
-4.605578749876856892e-02 -4.531343052593080345e-01 1.997570199431542459e+00 7.214600953266961936e-01 1.394576340509108059e+00 -4.446442940042651393e-01 4.393823295288359354e-01 -1.364096419657830239e+00 6.867416861907519321e-01 -1.647003741963752321e-01 7.622341815629530837e-01 6.304029833238468383e-02 -6.111088459849247645e-01 1.294131957327915083e+00 1.614415643152901092e-01 -3.145555267917618525e-01
1.433097896456535070e+00 1.501234957503893686e+00 2.065768125937364807e+00 6.102042205170347122e-01 8.767462726217412072e-01 3.844304667935332098e-01 -2.696304210802660251e-01 -1.964978923483012618e+00 8.683641375464001833e-01 -2.475124033598191109e-01 9.447231585759247041e-01 -3.691445614084203353e-01 -1.164573552134393841e+00 6.485194167677208466e-01 -7.255339210471797862e-02 1.474798003201805763e+00
8.822714298935629529e+00
8.795556602029840576e+00
Linear
0.2

ct 2024-06-12 01:33:29.884332
