noname
4
4
4
16
4.229338546185401615e-01 -3.118597852046661068e+00 -9.516787448082814294e+00 -8.269085307997384726e-01
-1.140832888563916514e+00 9.970148971227819068e-01 4.647592919228317743e-01 7.431526717692673589e-01
-1.904271646952577335e+00 1.404712527268681566e+00 4.027004135907500171e+00 7.622489450857287130e-01
-1.478051600875355476e+00 2.298160713511535752e-02 -4.094168757258542790e+00 -9.037786170606322278e-01
-8.237004859423167069e-01 5.890268421050609549e-01 4.424276933725709293e-01 4.241115344665111198e-01
4.052136470128656853e+00 3.615279787440517367e+00 -4.902800391626162657e+00 2.918156015510028123e+00
-2.422873656334309622e+00 2.159448362477331518e+00 2.095995933930721034e+00 1.476096136469123188e+00
1.874382389406358262e+00 3.246167857065263451e+00 1.554695760730140464e+01 3.297167259986856891e+00
-7.319723527944109742e-01 1.269157086713453397e+00 5.430917310463216019e+00 4.729426746853039321e-01
1.216212263410753724e+00 1.988646744273768197e-01 3.710263844465129246e-01 6.270770137757946117e-01
4.728893316724900764e+00 2.841307572491599931e+00 -5.325148368883516170e+00 4.728239983408746738e+00
-4.249688841800836059e+00 7.516307361739945625e-01 4.991816200413557447e-01 5.806497144326264737e-01
-1.121303601589390020e+00 4.996745122416786922e-01 3.474104852710293301e+01 2.511744667604014936e+00
8.088032730031560202e-01 1.567092129794235733e+00 2.127773505278049537e+00 5.899803647628160119e-01
1.792337402625898024e+00 -1.696505378015662258e+00 -7.024976092867881938e+00 -1.236220166253284569e+00
-8.138664166814660872e-01 8.625120376324731941e-01 4.024446002538599743e+00 1.840593456585524756e-01
-3.373890560503447045e+00
-1.018063903253431324e+00
-2.176782278683310423e+00
-2.952810219521588841e+00
-6.710327169738276032e-01
5.625818937710233003e-01
-1.799394409565701736e+00
4.988806791721456690e+00
-2.964660145954373771e+00
-1.474220529230749754e+00
1.572640155732113021e+00
-1.355620564350345170e+00
-6.643746797026574669e+00
-3.707027077368322043e+00
-4.989249017371550465e+00
-2.318858598308045860e+00
ReLU
0.2
16
16
-3.266635842182020188e-01 -2.491611649377223625e-01 -1.069504592024345113e+00 -4.714943127562465364e-01 -3.974467122497413185e-01 -5.328168739523772013e-01 -4.014123557260185771e-01 -7.350051062339033048e-02 -6.838090871680816418e-01 -1.147407013439685430e+00 -1.728718267011299381e-01 -7.863522652815997382e-01 -8.970290450077749167e-01 -2.285523262731652849e+00 -1.187781965653092575e+00 -2.711879582092666108e-01
-3.177662911087025810e-01 -4.822784824176655216e-01 -1.086457306118772559e+00 -6.569868902959404844e-01 -7.668688715730256344e-01 -3.147801748174090808e-02 -8.079839467275508058e-01 -7.158707337749257160e-01 -1.178515837481239226e+00 -1.048366950199223213e+00 -7.269309275768411904e-01 -3.033275124741877105e-01 -1.227337981059391403e+00 -1.731041361764044328e+00 -6.225929299057111344e-01 -7.915888187266632015e-01
-5.811435345996821544e-01 -3.974917538326769861e-01 -1.369161923611782905e+00 -1.150146939776870436e+00 2.137579983381568682e-01 5.254726579674221520e-01 3.389172127519921029e-01 1.777969475509717512e+00 -3.502686202296161899e-01 9.343464374427298824e-02 1.505030098744110312e+00 -6.361123502627099580e-01 -8.037216467083188931e+00 -7.816624173305453116e-01 -1.235902009508852650e+00 -1.024481864226595151e+00
-1.045652104869991383e+00 -1.047351413324469682e+00 -2.759001005025396580e-01 -2.541887402614717018e-01 -4.957672827926139503e-01 1.621071861803374592e+00 9.237495034137996885e-01 -3.126040187690410921e+00 -5.328730595557786831e-01 -2.309099998414945731e-01 -5.804776573902068471e-01 -1.809002202735100484e-01 -1.094622554742797682e+01 -2.381664323047837151e+00 -1.863419937311415531e+00 -1.345021408574025967e+00
-1.557716120184687858e-01 -7.224641725732926512e-01 -1.815407908883410193e-01 -7.227830220480662149e-01 4.027120970043669007e-02 -7.026597439071310403e-01 -8.914203182885747090e-01 -3.017630260852668389e-01 -7.415709535890849802e-01 -1.052619892569145010e+00 6.806722280081460574e-02 -7.006613327008492931e-01 -7.989165591560339896e-01 -4.458453492522114203e-01 -7.386152575127934439e-01 -2.253136112832009597e-01
-7.184102625789499097e-01 -4.213660769020193819e-01 -1.317226164125309962e-01 1.249609784247701499e-01 4.538641157542818716e-01 -1.364697556425922720e+00 6.037844908222714801e-01 -1.952328812727826657e+00 -1.833313422446082752e+00 -6.506158759874840491e-01 -3.181715621132004568e+00 -4.580447847922289872e-01 -4.389089018632258643e+00 -2.203550987656196281e+00 -2.229227151051576539e-01 -6.191838549670196645e-01
-3.430413707840167969e+00 -4.150913321777854326e-01 -6.648640165345609532e-01 -4.029740237090133070e-01 -4.919010775663149593e-01 3.700835873873667303e+00 -6.650254233583211549e-01 -4.341133071472250471e+00 -1.009082038482903787e+00 -5.977012345093501294e-02 1.562741967238850949e-04 -1.005553827271438161e+00 -6.610832287330457468e+00 1.232778358659731177e+00 5.664491636661466156e-01 -1.288200963798396659e+00
-1.149636845454136136e+00 -5.881984694683169840e-02 -7.453197506109004999e-01 5.907093068954469839e-01 -5.668921459821488762e-01 -7.829671194750342789e-01 1.716965977430247869e-01 -8.033093250378932737e+00 -1.930230394008450201e+00 -6.595055532389353381e-01 -5.853584437704260957e+00 -1.309093793997087252e+00 -2.661678678892900329e+00 9.137561402082500228e-01 -7.625479451864678460e-01 -1.244641714428992296e+00
-1.064698920138879012e+00 -1.169160345534496992e+00 -7.570890963859746581e-01 -9.820043886075112693e-01 -9.399324092306021727e-01 -1.433122502666086096e+00 -1.314974794461361673e+00 -1.354822559772030477e+00 -6.578082845984567495e-01 -1.629058832127390444e+00 -1.027119759061584148e+00 -1.285681015123668391e+00 -1.750235702267823878e+00 -1.742419141145058470e+00 -1.409385347630555341e+00 -9.257206002985387538e-01
-3.187338257893471916e+00 -1.885832056256649680e-01 3.831847615476949853e-01 -1.133971875562439058e+00 8.728833502084920593e-02 1.390557789133480861e-02 3.574161130175570328e-02 -4.278331469007378374e+00 -1.369554686734689941e+00 -1.214217911119320537e+00 -1.296253704952631258e+00 5.574424099962999035e-02 -1.930506514669233509e+00 1.471524956142274410e-01 -1.683936803050178899e+00 -1.172346440597555661e+00
-1.121355585916878894e+00 -9.630207136964803460e-01 -9.139290236136761170e-01 -6.718443839600004575e-01 -8.280290568036491328e-01 -6.322977096254613905e-01 -8.259413811207074740e-01 -1.150060358518519177e+00 -1.412749191825272810e+00 -9.742777852686730355e-01 -3.655677951969126260e-01 -1.118919615154672309e+00 -1.789708543423020659e+00 -9.521525341413540344e-01 -1.387205151178501517e+00 -8.687101037356672606e-01
-3.703145494619237699e-01 -3.151343865353978813e-01 -5.085409986999697152e-01 -7.578625850825707611e-01 -5.148454250617109373e-01 -1.051640544725034321e+00 -1.010424303697684323e+00 -1.659635143703332760e+00 -2.091917476784929786e+00 -3.365123853916401342e-01 6.890262161824952658e-01 -3.157353158848842378e-01 -2.945773367776651774e+00 -1.393412173458861980e-01 -3.217152107023598107e-01 -2.148383537223909290e+00
-2.995350170471435813e+00 -3.294258023367109545e-02 2.066685727151681695e-01 1.663519848889405128e-01 7.167353363623557572e-02 -9.735906615647713647e-01 2.650770614894323515e-02 -4.839584169897324983e+00 -1.262268445843844678e+00 1.890434060243228742e-01 4.814250273670842885e-03 -1.326430612732307779e+00 -2.846158572313570279e+00 -4.928229640496571973e-01 -4.523654971387027768e-01 -1.582594286123489180e+00
-4.272610648484956863e-01 -7.393847828731526794e-01 -2.057790467358009412e-01 -6.272384368743982863e-01 -9.815165780335921575e-01 -5.524515580072414389e-01 -3.294061999280571973e-01 -1.511065562055701750e-01 -6.761089955526314865e-01 -2.911054844929461538e-01 -4.382156293992690577e-01 -1.473768022496739494e-01 -9.005967734368724997e-01 -7.000039315490053093e-01 -2.196059794113681685e-01 -6.008565912622692018e-01
-1.759096754704778665e+00 -8.672524466577109514e-01 -1.775426208560922370e-01 -2.972609844417688496e-01 -6.505594259176390726e-02 1.682704210425445046e+00 2.226241463958981287e-02 -2.334330358892984236e+00 -1.069393064685640438e+00 1.457080442612023186e-01 -1.590095976181368220e-01 -4.032564755281619062e-01 -5.636289176269613677e+00 -1.916744269092044872e+00 8.652748841746691483e-03 -1.026333063361241082e+00
-7.722365743951250527e-01 2.165965671586199404e-02 -9.482170066994661806e-01 -9.603816358372981865e-01 -1.849480333989105552e-01 -7.266487305967084254e-01 -5.137361086476105454e-01 -5.566119273590399708e-01 -2.896179459261098432e-01 -1.020626957341842722e+00 -4.072614081002049469e-01 -8.658290322016232166e-01 -3.149975146985019014e-01 -2.148856965576195321e+00 -9.637197053290342819e-01 -7.561203770423873260e-01
-2.381943240998734557e-01
-2.826552013513728978e-01
3.008432232713686094e+00
3.943018336073348173e+00
-1.088426056507885847e-01
1.064732366483325920e+00
3.269598851723201083e+00
6.413187479877693331e-01
-3.712373727679901259e-01
-1.595083453359004977e-01
-7.785639239308396464e-02
-2.059190985917927208e-01
5.626601036765438435e-01
-2.841383228842123687e-01
3.820592850448368827e-01
-2.221659898924628618e-01
ReLU
0.2
16
2
-4.605578749876856892e-02 -4.531343052593080345e-01 2.042122057850525252e+00 -2.217466655008121512e-01 1.394576340509108059e+00 -7.065085017299362891e-01 -1.526873831986652608e+00 -1.102401480222598318e+00 6.867416861907519321e-01 -3.293790485520840527e-01 7.622341815629530837e-01 -1.607199125996994910e-02 -9.460025162242529095e-01 1.294022019530397527e+00 -3.286583227504377702e-01 -3.213629005699463193e-01
1.433097896456535070e+00 1.501234957503893686e+00 1.971840861834416092e+00 -1.015219654647773195e+00 8.767462726217412072e-01 -4.499372043348218164e-01 -1.086843963433871574e+00 -7.603367857494276461e-01 8.683641375464001833e-01 -1.624918628189584158e-01 9.447231585759247041e-01 9.702040466932577989e-02 -7.147991289065566134e-01 6.483141263168680224e-01 -1.499567975220263485e-02 1.464339277451905952e+00
9.951204220521637112e+00
9.495142436475676462e+00
Linear
0.2

ct 2024-06-12 01:34:42.048944
