noname
4
4
4
16
-1.535454768438774042e+00 -1.810047525961948400e+00 -8.175122026958563382e+00 -8.449217005721029183e-01
-1.156050149169898456e+00 1.024489297640389873e+00 4.590847309692737688e-01 7.050878989245039641e-01
-1.904271646952577335e+00 1.404712527268681566e+00 4.027004135907500171e+00 7.622489450857287130e-01
2.818282676536576936e+00 -5.773768179917743160e-01 -4.999145127280547385e+00 4.150596025038069681e-01
-7.055141618593657737e-01 6.289522450241168405e-01 5.016684080249174116e-01 4.431078252518575455e-01
5.411780911795272431e+00 2.946781397655703127e+00 2.521081141518847879e+00 2.682132836638848161e+00
-5.568672108046064384e-01 2.189802784901162092e+00 2.131963838095435548e+00 1.312711720785843417e+00
1.319392654163472067e-01 3.104447660971477507e+00 1.008559715238279964e+01 2.805282443238389600e+00
-7.319723527944109742e-01 1.269157086713453397e+00 5.430917310463216019e+00 4.729426746853039321e-01
1.216212263410753724e+00 1.988646744273768197e-01 3.710263844465129246e-01 6.270770137757946117e-01
3.352433909861574968e+00 1.919734493011425291e+00 -2.806320858665873885e+00 3.660363527912661397e+00
-2.782447888381827550e+00 1.206178675440404024e+00 6.549686841087941636e-01 6.813736043045661717e-01
-1.039382732670313336e+00 3.092497209669378688e-01 2.773812598535274176e+01 1.607545161677677914e+00
8.088032730031560202e-01 1.567092129794235733e+00 2.127773505278049537e+00 5.899803647628160119e-01
3.423619514969411082e+00 -2.165272447258780542e+00 -8.078087367919529527e+00 -1.290609821706842630e-01
-8.138664166814660872e-01 8.625120376324731941e-01 4.024446002538599743e+00 1.840593456585524756e-01
-1.756907530720962729e+00
-9.958111011584984684e-01
-2.176782278683310423e+00
-2.023301138932901200e+00
-6.517524773910197133e-01
9.691660318534301988e-01
-8.098210606879762130e-01
3.395652419343160755e+00
-2.964660145954373771e+00
-1.474220529230749754e+00
1.360798849205469008e+00
-9.620100622927980627e-01
-5.728982433113172235e+00
-3.707027077368322043e+00
-3.564782567052165341e+00
-2.318858598308045860e+00
ReLU
0.2
16
16
-3.266635842182020188e-01 -2.491611649377223625e-01 -1.069504592024345113e+00 -4.714943127562465364e-01 -3.974467122497413185e-01 -5.328168739523772013e-01 -4.014123557260185771e-01 -7.350051062339033048e-02 -6.838090871680816418e-01 -1.147407013439685430e+00 -1.728718267011299381e-01 -7.863522652815997382e-01 -8.970290450077749167e-01 -2.285523262731652849e+00 -1.187781965653092575e+00 -2.711879582092666108e-01
-3.177662911087025810e-01 -4.822784824176655216e-01 -1.086457306118772559e+00 -6.569868902959404844e-01 -7.668688715730256344e-01 -3.147801748174090808e-02 -8.079839467275508058e-01 -7.158707337749257160e-01 -1.178515837481239226e+00 -1.048366950199223213e+00 -7.269309275768411904e-01 -3.033275124741877105e-01 -1.227337981059391403e+00 -1.731041361764044328e+00 -6.225929299057111344e-01 -7.915888187266632015e-01
1.113489206907737616e-02 -1.880295823328852756e-01 -1.369161923611782905e+00 -3.969430839414122003e-01 2.213282827477247305e-01 1.137650196117493628e+00 9.541237832653133299e-01 1.863851417289397627e+00 -3.502686202296161899e-01 9.343464374427298824e-02 1.703771964923234350e+00 -9.769494495273400858e-02 -1.207778222802330248e+01 -7.816624173305453116e-01 -6.146520035804210469e-01 -1.024481864226595151e+00
-6.726366329229697127e-01 -1.047351413324469682e+00 -2.759001005025396580e-01 -6.252724653280082867e-01 -4.957672827926139503e-01 1.120870308819067046e-01 5.240387308268226185e-01 -7.436667751443394314e-01 -5.328730595557786831e-01 -2.309099998414945731e-01 -2.105768768188401863e-01 4.017008022205474371e-01 -1.094622553534262188e+01 -2.381664323047837151e+00 -1.345219921666435559e+00 -1.345021408574025967e+00
-1.557716120184687858e-01 -7.224641725732926512e-01 -1.815407908883410193e-01 -7.227830220480662149e-01 4.027120970043669007e-02 -7.026597439071310403e-01 -8.914203182885747090e-01 -3.017630260852668389e-01 -7.415709535890849802e-01 -1.052619892569145010e+00 6.806722280081460574e-02 -7.006613327008492931e-01 -7.989165591560339896e-01 -4.458453492522114203e-01 -7.386152575127934439e-01 -2.253136112832009597e-01
-5.683227785956666001e-01 -4.213660769020193819e-01 -1.317226164125309962e-01 1.249609784247701499e-01 4.538641157542818716e-01 -4.120791533009033891e-01 6.787995294819786363e-01 -5.851424697602881642e-01 -1.833313422446082752e+00 -6.506158759874840491e-01 -2.633913823460431125e+00 3.313769080605778461e-01 -4.389089018632258643e+00 -2.203550987656196281e+00 -2.229227151051701994e-01 -6.191838549670196645e-01
-1.393873362025170426e+00 -4.150913321777854326e-01 -6.648640165345609532e-01 -3.309552627587434848e-01 -4.919010775663149593e-01 -6.178987657645257370e-01 -1.106461316800772643e+00 -7.614029054516813222e-01 -1.009082038482903787e+00 -5.977012345093501294e-02 1.548301438826108489e-01 7.724618772381543208e-02 -6.610832287330457468e+00 1.232778358659731177e+00 -1.659009343304455264e+00 -1.288200963798396659e+00
-3.111421115574505292e-01 -5.881984694683169840e-02 -7.453197506109004999e-01 5.907093068954469839e-01 -5.668921459821488762e-01 2.427133346700107275e+00 -3.184456205784949590e-01 -4.211036660247406971e+00 -1.930230394008450201e+00 -6.595055532389353381e-01 -2.697797483104161120e+00 -9.689996454168354756e-01 -2.661678678892900329e+00 9.137561402082500228e-01 -7.380061987518343747e-01 -1.244641714428992296e+00
-1.064698920138879012e+00 -1.169160345534496992e+00 -7.570890963859746581e-01 -9.820043886075112693e-01 -9.399324092306021727e-01 -1.433122502666086096e+00 -1.314974794461361673e+00 -1.354822559772030477e+00 -6.578082845984567495e-01 -1.629058832127390444e+00 -1.027119759061584148e+00 -1.285681015123668391e+00 -1.750235702267823878e+00 -1.742419141145058470e+00 -1.409385347630555341e+00 -9.257206002985387538e-01
-2.220557180626124172e+00 -1.885832056256649680e-01 3.831847615476949853e-01 -1.133971875532436391e+00 8.728833502084920593e-02 -6.871830632511414239e-01 -4.148138375924719234e-01 -1.283325257823553223e+00 -1.369554686734689941e+00 -1.214217911119320537e+00 1.212566178252972859e-01 4.586245412003778776e-01 -1.930506514669233509e+00 1.471524956142274410e-01 -1.679457336919573329e+00 -1.172346440597555661e+00
-1.121355585916878894e+00 -9.630207136964803460e-01 -9.139290236136761170e-01 -6.718443839600004575e-01 -8.280290568036491328e-01 -6.322977096254613905e-01 -8.259413811207074740e-01 -1.150060358518519177e+00 -1.412749191825272810e+00 -9.742777852686730355e-01 -3.655677951969126260e-01 -1.118919615154672309e+00 -1.789708543423020659e+00 -9.521525341413540344e-01 -1.387205151178501517e+00 -8.687101037356672606e-01
7.313333819123643553e-02 -3.151343865353978813e-01 -5.085409986999697152e-01 -8.320696880349564006e-01 -5.148454250617109373e-01 -1.023270850590576764e+00 -1.010424303697703197e+00 -1.598106406707865634e+00 -2.091917476784929786e+00 -3.365123853916401342e-01 3.540376379900185833e-01 -2.059205577177270485e-01 -9.128538189762125388e-01 -1.393412173458861980e-01 -3.349377518373798379e-01 -2.148383537223909290e+00
-4.743653868559011277e-01 -3.294258023367109545e-02 2.066685727151681695e-01 3.109711073395545200e-01 7.167353363623557572e-02 1.861128408452704219e+00 1.012106446164705575e-01 -2.843657305053743922e+00 -1.262268445843844678e+00 1.890434060243228742e-01 -5.806616045103311086e-01 -3.477503390618661983e-01 -2.846158572313570279e+00 -4.928229640496571973e-01 -4.502441742965985205e-01 -1.582594286123489180e+00
-4.272610648484956863e-01 -7.393847828731526794e-01 -2.057790467358009412e-01 -6.272384368743982863e-01 -9.815165780335921575e-01 -5.524515580072414389e-01 -3.294061999280571973e-01 -1.511065562055701750e-01 -6.761089955526314865e-01 -2.911054844929461538e-01 -4.382156293992690577e-01 -1.473768022496739494e-01 -9.005967734368724997e-01 -7.000039315490053093e-01 -2.196059794113681685e-01 -6.008565912622692018e-01
-3.256688414178525171e-01 -8.672524466577109514e-01 -1.775426208560922370e-01 -1.643469589306549572e-01 -6.505594259176390726e-02 -2.366782070657027504e-01 -1.868220987236500485e-01 -5.074667501267610126e-01 -1.069393064685640438e+00 1.457080442612023186e-01 1.695028643445297412e-01 -1.826791206074374896e-01 -5.636289176269613677e+00 -1.916744269092044872e+00 7.130132174042719435e-03 -1.026333063361241082e+00
-7.722365743951250527e-01 2.165965671586199404e-02 -9.482170066994661806e-01 -9.603816358372981865e-01 -1.849480333989105552e-01 -7.080823515876165652e-01 -5.137361086476105454e-01 1.511388866193384695e-02 -2.896179459261098432e-01 -1.020626957341842722e+00 -3.592680468568593133e-01 -8.658290322016232166e-01 -3.149975146985019014e-01 -2.148856965576195321e+00 -9.637197053290342819e-01 -7.561203770423873260e-01
-2.381943240998734557e-01
-2.826552013513728978e-01
3.361111229894858887e+00
1.554285265173575237e+00
-1.088426056507885847e-01
2.365134079597211780e+00
9.826852860940646917e-01
3.578283285248315071e+00
-3.712373727679901259e-01
1.010796408925634493e+00
-7.785639239308396464e-02
1.695961828164079324e-02
1.647069082345141489e+00
-2.841383228842123687e-01
6.582639062177805256e-01
-8.875438763632052808e-02
ReLU
0.2
16
2
-4.605578749876856892e-02 -4.531343052593080345e-01 2.092907024742177935e+00 8.528712150260251423e-01 1.394576340509108059e+00 -9.118608014993033750e-01 -2.993050896632315494e-01 -2.281013621965300331e+00 6.867416861907519321e-01 -7.453088222485839687e-01 7.622341815629530837e-01 2.062172983056574926e-01 -1.306345031131651124e+00 1.294022019530397527e+00 -1.794434854943666169e-01 -3.145555267917618525e-01
1.433097896456535070e+00 1.501234957503893686e+00 2.027187082779402072e+00 -6.416654390798458563e-01 8.767462726217412072e-01 6.465626689280153938e-01 -1.534714882430171790e-01 -1.486973198288929598e+00 8.683641375464001833e-01 -6.550547122103841380e-01 9.447231585759247041e-01 -5.348306751387868485e-02 -4.619673157228994520e-01 6.483141263168680224e-01 -1.715735621158285262e-01 1.474798003201805763e+00
1.139510936925825568e+01
1.031994767749650066e+01
Linear
0.2

ct 2024-06-12 01:33:47.023314
