noname
4
4
4
12
6.380412020008496832e-01 6.129472044623712756e-01 4.717917175777570638e-01 5.582370955874838003e-01
7.038291031168922296e-02 2.902591222762639367e-01 1.839628407502708896e-01 5.604179025696383043e-01
5.008394242171079203e-01 9.211026673251864194e-01 3.253986341742964861e-01 6.294249731830084960e-01
5.084193034868799560e-02 4.220801445597023305e-01 4.637271617715072597e-02 6.621728069640090419e-01
3.725081555429886337e-02 5.579431533539109811e-01 7.938976661701794280e-01 1.200792264688659294e-01
5.703292899058155507e-01 8.632511996035066026e-01 5.266544263052532759e-01 3.975097478900877501e-01
7.666120082724893203e-01 5.171649110431885132e-01 -9.838318796942033262e-02 1.737345494980784555e-01
9.061625886537009178e-01 7.911748697576758138e-01 2.644189405886642752e-01 2.934843758025785232e-01
7.734923120393973894e-01 2.256714539654817997e-01 5.644581182201949821e-01 1.299279472118026468e-01
2.513246825362662751e-01 7.479208095981081106e-02 2.755060183265296558e-01 4.937108097475942370e-01
7.645934379807241277e-02 5.886558063397818730e-01 7.000384786633930823e-01 1.994213345576311691e-01
7.509296374014302611e-01 1.267124898394665355e-01 -4.498956176291079578e-01 6.441207642905322217e-01
1.035664973187862548e-01
2.208939741705883697e-01
7.412276520740379571e-01
2.587436671683521761e-01
8.524342572025558340e-01
7.088560794546767685e-01
2.889432220919186389e-01
3.743203209972719714e-01
5.987360626973126099e-01
4.723482036163084152e-01
6.595046984442930471e-01
3.465193349795943067e-01
ReLU
0.1
12
12
-9.739041406923728550e-01 -1.846400957786511754e-01 -3.747953342152293144e-01 -2.800785893371781632e-01 6.891599685996976921e-02 -3.700374303792267616e-01 -1.326717305302061584e-02 -5.540152071462081107e-01 9.048879726944146495e-02 -1.770170289473686487e-01 1.361776399096844559e-01 -2.561529317726656818e-01
2.525446884731673003e-01 5.240512459902082476e-01 2.879695257021048782e-01 4.426765499535639803e-01 8.808561351717510979e-01 7.037703188120802977e-01 8.581015313223251395e-01 2.308028055042411764e-01 5.217418570617637918e-01 4.357606111446744590e-01 2.108475733916209127e-01 1.165690049731119421e-01
6.156833760987150128e-02 4.181508233691680343e-01 8.156459503085702334e-01 4.217771427233482084e-01 7.250509802790335856e-01 7.894931697184088826e-01 1.055817200599011574e-02 2.762005060157733949e-01 3.668871965139223756e-01 9.417013578702047027e-01 6.215846889816233345e-01 6.557376508802931214e-01
-6.204110205060644478e-01 -1.954750680313049882e-01 3.674866834850287062e-02 -3.684200432863893315e-01 5.643690877572372644e-01 1.754456066416733018e-01 -2.703033131070833872e-01 1.089073715429116768e-01 -1.093948678031501642e-01 -1.076111602941791506e-01 4.042132616210959706e-02 -2.335207392241034074e-01
4.537452003209532791e-01 -8.930385081342934184e-02 4.674993013716662316e-01 3.913216223923786097e-01 2.438271861326267997e-01 4.084515185071893040e-01 1.386289425082204152e-01 5.925440163601569665e-01 8.736028508765117384e-02 3.460659973050874694e-01 5.984487427812696936e-01 2.761107188991991923e-01
4.079695486001536087e-01 3.845412805558578451e-01 8.812339287843516944e-01 5.304730662484076209e-01 3.619906162178220810e-01 1.632250215066902710e-01 1.036900232989964171e-01 4.129462659283688608e-01 5.296370632837514858e-01 8.338113562230817788e-01 3.994060912946235664e-01 3.869673272112132967e-01
9.757869862183086995e-02 2.141923034857182162e-01 7.116731891895804463e-01 8.588428473205325098e-01 9.013370102684948870e-01 1.257867553245085590e-01 6.757366742972178431e-01 1.494383109361031303e-01 7.489411635420656355e-01 3.457716658911305641e-01 3.415880674594414246e-01 3.915938486422444742e-02
3.230185052540544000e-01 3.518360250781112919e-01 1.595575830319625743e-01 -4.471828584962619368e-01 1.526949014688364914e-01 3.713012682684649346e-01 3.388627627730946279e-01 5.742858046839349057e-02 7.006563345934934128e-01 4.367080900422218859e-01 3.083522909988071214e-01 1.313194683637180782e-01
-3.509700144918809772e-01 -3.029427352049439692e-01 3.612334815003175881e-01 3.494359457337439800e-01 6.442393630345870648e-01 8.615152101472765001e-01 1.307706246547800100e-01 4.148366353212140090e-01 5.862723183146508754e-01 7.046379693705380198e-01 1.913716510022163420e-01 2.303511183149193065e-01
4.117301738606110595e-01 -1.607524933993701999e-01 1.500306892630308420e-01 8.906042326901511541e-02 -6.110200844531232800e-03 3.729024390188507843e-01 5.414819749944171923e-01 2.691710531085537705e-01 5.436122296524270592e-01 5.832355728759265334e-01 1.899985039047492053e-01 9.600404555152415587e-02
6.586932016145823354e-01 4.391951593476811633e-01 5.660294798321944265e-01 2.252574857868473723e-01 5.669497816784632160e-01 9.187627925066516044e-01 2.117742859934043098e-01 -4.776225149373272694e-02 7.971660023264446338e-01 6.092091574255321662e-01 2.049231314264627901e-01 7.134881208038242884e-01
-3.242419540071948131e-02 2.887126894965177382e-01 1.085231776090690992e-01 1.646740813491251454e-01 1.678835388222762182e-01 7.111655811123479554e-01 5.059649128222780678e-01 1.760822837626505877e-01 5.180675860111718656e-01 3.498306769434423313e-01 7.252162121766827507e-01 -1.450992340318213447e-01
4.350665153412607011e-02
5.793225058972124586e-01
3.635530400368713888e-01
7.909547028490946374e-01
6.072882196794572307e-01
6.035721174464201422e-01
3.006247690129356109e-01
8.998638954393081146e-01
4.108038227815936083e-01
6.689020880379997758e-01
5.516564556231046135e-01
6.510542793509669357e-01
ReLU
0.1
12
2
1.384091875687636641e-01 8.673760137073134313e-01 1.046477456281495355e+00 3.462003352220188734e-01 6.416024859616431542e-01 9.127558538337868788e-01 4.663947996868628709e-01 4.084978789579070124e-01 7.312195897136671840e-01 5.630075210866314350e-01 9.946339853663197506e-01 3.632963076104352429e-01
2.578162391541500842e-01 6.238476941050703495e-01 4.297015695725400763e-01 6.593697453526609076e-01 7.477243872631621491e-01 1.027007077855356387e+00 2.047872302504311626e-01 3.924512909252130255e-01 6.855297637607106198e-01 9.065058995312799128e-01 8.059862548461826925e-01 9.126458544109545823e-01
8.743809063897891587e-01
4.695766588032305733e-01
Linear
0.1

ct 2024-06-11 12:05:37.544059
