noname
4
4
4
12
1.116318710608542819e+00 6.134704959685336467e-01 9.115207915939178562e-01 5.425956686600698076e-01
9.704051787888525737e-01 8.578999396541977518e-01 8.615088361565548247e-01 7.643236668059225636e-01
8.677220288851649199e-01 2.831451891168190738e-01 1.140602379490325502e+00 3.739303706312070985e-01
1.109332725132881725e+00 3.853155095858062373e-01 1.349410914531020911e+00 3.750858686578827927e-01
1.408038511303247198e+00 1.121745608415116280e+00 1.248576194740539380e+00 5.254873221034398467e-01
8.541788143954156531e-01 4.570990878989547035e-01 8.192399332451696381e-01 3.885598324116826818e-01
-1.122777259728187760e+00 8.134483572767061688e-01 3.886130641208971781e+00 8.812518079678298699e-01
-9.036013991730160733e-01 1.334494446389143718e+00 1.983413661521596927e+00 -1.009196354112195104e-01
7.092662274243337617e-01 1.043265662208537004e+00 1.409096853217606027e+00 9.127140151475638952e-01
1.457545168155667703e+00 1.043518091051677921e+00 1.359804057987344272e+00 5.390090822306327079e-01
4.904486358806237067e-01 7.716048651148794679e-01 1.132029330929821054e+00 8.037292859952485102e-01
9.761470895261583625e-01 5.757717169510820909e-01 1.158407818519530119e+00 6.359561360743534175e-01
4.983951805928303336e-01
7.348927948852086445e-01
7.015218525583722942e-01
6.963412334287241157e-01
7.315279118253620316e-01
5.010402482003472047e-01
-8.113150942937548127e-01
-8.830113040705175886e-02
1.010954162254399380e+00
7.875215186353734520e-01
1.009755418739608501e+00
8.793552698729006911e-01
ReLU
0.1
12
12
-3.374637445343559028e-01 1.343564355991833659e-01 -1.956836855310148393e-01 1.234386633986292725e-01 9.107079527420643139e-02 -1.403621058762201390e-01 -1.744842527272346233e+00 7.360162831435844710e-01 4.662008609959465977e-01 6.498397412819251207e-01 2.285699213874765046e-01 5.650386521840651266e-01
-1.709306894072887828e-01 6.401191476388154444e-02 7.497528775018977854e-01 8.281560800564316538e-02 1.538107361354632344e-02 -6.314615216953804733e-02 -1.271567081034519431e+00 -3.364924143163451897e-01 4.207348710464373087e-01 2.122897123518776574e-01 9.373437426191089106e-01 4.248217447043333150e-01
-8.630801699133694438e-02 -1.234300549601299000e-02 4.774777117933962090e-02 5.532006259931403491e-01 -9.082730682363510111e-02 -1.048182383477167523e-01 -1.092276896770321581e+00 3.554330514480709691e-01 6.086144623045802726e-01 3.599417549137892136e-01 5.589046414748995856e-03 7.785992088845107295e-01
-1.018292764833436670e-03 6.424277383954264398e-01 -1.319364188867540033e-01 7.710741960192076805e-01 7.933528025259563021e-01 2.295934629263917115e-01 -1.147558289040454538e+00 4.620979568421745842e-01 2.045170777522251071e-01 4.255201365285862236e-01 5.249687010136174781e-01 4.893357082886271581e-01
-4.820150955009021576e-01 -5.454176156878582926e-01 -3.101359098890539845e-01 3.723844231763304702e-01 -3.208812637047422922e-01 1.478644522299970565e-01 -5.775931613336925119e-02 -3.244796831542743898e-01 -1.736894292985989574e-01 -1.843661870850488438e-01 4.050933428689197369e-01 3.380062381849941455e-01
-5.249664139442435928e-01 2.889910345211753051e-01 8.114027326219092062e-02 -4.679265875200234182e-01 -8.806323557180990858e-02 3.181715476162660372e-01 -2.704058644640486841e-01 -1.157026173418159304e-01 4.030750652880145668e-01 -5.128338187180387919e-01 -3.389424049657759341e-01 -4.770954015144888809e-03
5.252533065154149083e-01 7.497257085866189108e-01 3.558940244142891340e-01 1.572275150756081152e-01 -4.487455569892156992e-02 1.799831321937288287e-01 -1.163196411725026858e+00 2.877180960521155129e-01 3.439502136443700619e-01 -1.533316447584310571e-01 6.780826034682647663e-01 9.216272534665836957e-01
-3.115891272527970823e-01 -4.370563276374700434e-02 4.611689636370191331e-02 -7.706555546372379981e-03 6.458512072154939943e-02 9.322947149152162327e-02 -9.367818895227915110e-01 -4.233163396609551099e-01 1.766935943438250611e-01 4.553027586153279294e-01 -8.247611669276919133e-02 -1.438401209263623637e-01
5.435392017331490688e-01 7.206999397499455062e-01 5.123269311121869674e-01 4.065433286832421667e-01 8.572688474120129243e-01 2.301739139986289928e-01 -1.935224801462043231e+00 5.365244151617729607e-01 6.385768008059946599e-01 3.472241827528612518e-02 1.912590310371921065e-01 7.143821363462273810e-01
5.454225147315909794e-01 4.782075362627816739e-01 4.753356437744575835e-01 3.057372034640816819e-02 4.452697701756626047e-01 2.606009526292712986e-01 -1.306861252620112435e+00 9.192719928733565915e-01 4.291277438012413570e-01 7.083129276425752519e-01 1.058884220289440847e+00 5.059341238358842918e-02
2.063447622556552619e-01 1.176635486006331194e-01 3.414962669264705597e-01 3.612568767753829846e-01 2.321329247727912937e-01 6.635388243809220432e-01 -1.884323896238315532e+00 7.772787993910291737e-01 7.216683241858492526e-01 6.814042270136065893e-01 1.060919330004287675e-01 3.169057811916632938e-01
-1.789446439847782455e-01 -5.479856192822289696e-02 2.015672994505036675e-01 2.486146293454946921e-01 -1.929946204100921048e-01 -6.050839282615060044e-02 -6.765843604212878892e-01 -1.691761196935528400e-01 3.147861511725970618e-01 -4.730756990127281125e-01 4.296868555131475031e-01 1.443114633980330519e-01
9.489915578760176329e-01
1.498084707804731908e+00
7.375000872787451645e-01
8.596844836191317452e-01
-2.414494655519548727e-01
4.518590592696782038e-02
1.480871196801185619e+00
4.294372943827593492e-01
1.683066780597706202e+00
1.893945276333083960e+00
1.242620037611152473e+00
5.791472198065903410e-01
ReLU
0.1
12
2
3.386138392386762730e-01 7.674531832664663877e-01 6.405169679153485118e-01 6.304362260937638185e-01 -9.022159881399020864e-02 7.746427781602782670e-02 8.965192924447593636e-01 1.160992691596269763e-02 7.322945018875873791e-01 9.756925413489487831e-01 5.065247092810096774e-01 1.504540142501957223e-01
6.498944713200022205e-01 4.181471816180048484e-01 6.471968246165328287e-01 7.823416085970675837e-01 7.727049802510854715e-02 -1.257476554445815034e-02 4.398502489841957241e-01 1.262634882225699140e-01 9.798786450800635039e-01 1.097746123539448782e+00 6.625015492480136325e-01 6.769547285646640433e-02
1.946690285565717993e+00
1.752238320477531586e+00
Linear
0.1

ct 2024-06-11 12:02:45.509181
