noname
4
4
4
4
-1.918703940508948103e+00 4.136375370826128606e-01 6.125469429288989076e+00 9.353414051282188391e-01
-1.984144285137145192e-01 7.007544751605072619e-01 2.217707870444798335e+00 5.388714219576979936e-01
8.204831516282816706e-01 6.110135026816300163e-01 2.785513975468671966e-01 8.997811587969554159e-01
8.761402134267385344e-01 8.951289444384152860e-01 1.060746530758667205e+00 9.553184094286751860e-01
-1.230233234006695264e+00
7.562175807523793258e-01
7.024797681555127182e-01
9.326890252520425584e-01
ReLU
0.1
4
3
-3.772244071621405972e-03 -1.867608804454934657e-01 -4.351536974749646292e-01 5.614122988506934364e-01
-1.172834142547778180e+00 3.874735915141383491e-01 5.754661969815032529e-01 8.466316520251625510e-01
-9.791514778791570173e-01 2.671620238331164354e-01 6.712062749947447782e-02 8.303432157904254707e-01
-1.035024385261260893e-01
1.337691421627657862e+00
8.741426923853787834e-01
ReLU
0.1
3
2
-3.636810507165091910e-02 8.813967787272622978e-01 7.109022852843616125e-01
3.262203457496007375e-02 8.054675255595915573e-01 6.467712219948855701e-01
1.394891952080531627e+00
1.528088046582799731e+00
Linear
0.1

ct 2024-06-16 20:20:38.752775
