noname
4
4
4
4
5.116897722342304139e-02 5.343252361758074054e-01 3.318245761440494213e-01 2.806209987980345377e-01
1.041367159098537665e-01 4.352058180148648536e-01 -1.267855406199006052e-01 7.404015131153549589e-01
2.551427462888434805e-01 6.919598380342055766e-01 7.943715142340364022e-01 3.536268366186899326e-01
-2.526792433652426395e-02 3.989213022095245975e-01 5.562516855616989053e-01 9.303025082605718976e-02
-3.667260481440732245e-01
9.173344959569912360e-02
1.007502723413512991e+00
8.191202946947935271e-01
ReLU
0.1
4
4
5.487405362682727661e-02 -4.773000488468829433e-02 6.999676455922235752e-01 7.323745781587713832e-01
-5.872108058465383973e-01 6.118221637086523196e-02 8.082120166446167264e-01 3.533005563236793489e-01
2.250359612829389566e-01 4.006849240002751111e-01 4.977676230880750397e-01 7.513781856069630116e-01
-4.336100902445417793e-01 -9.061670438521740589e-02 5.888534836791926574e-01 6.041858523635463829e-01
2.044896138352966797e-01
3.619894780695934733e-01
8.463551552451362703e-01
8.544476206651053785e-01
ReLU
0.1
4
2
2.505245926390851641e-01 2.353193453315776118e-01 7.118077812511096614e-01 1.014459260390195405e+00
8.937617157677221202e-01 4.287113095049395750e-01 5.145559697249884046e-01 4.423251512045663358e-01
7.263834867490787106e-01
1.140049387347677579e+00
Linear
0.1

ct 2024-06-15 13:17:18.152534
