noname
4
4
4
4
-1.754834686216137474e+00 9.178268287497824973e-01 3.476932329698917634e+00 5.061604207200334216e-01
1.943749082122877558e+00 2.818344192748183930e-01 -2.583884686356549665e+00 8.235705230797083498e-01
5.935956795725502166e-01 1.038101546026930277e+00 1.278557709934651898e+00 4.023732881987150956e-01
2.211063762908199171e-01 6.332954916969476544e-01 1.165609925027194516e+00 2.697121193750361967e-01
-1.611908955477983518e+00
-2.180971749437471061e-02
9.712264059215465206e-01
7.802143180358058761e-01
ReLU
0.1
4
4
1.822431026492349615e-01 -1.178597766766910498e-01 6.589107978315886793e-01 5.845203249821214753e-01
-9.644695234412785645e-01 7.958616872603081760e-02 6.412420189987468877e-01 1.074047244322453576e-01
-1.031906926929262447e+00 6.160115590758267201e-01 4.046518759961537648e-01 5.863497676441009610e-01
-2.205072833820235001e+00 2.510097776214664234e-01 4.817643147516894597e-01 4.407255431994873129e-01
2.880491894442658296e-01
3.559582898344910151e-01
9.637890217828430917e-01
9.823693417784918891e-01
ReLU
0.1
4
2
2.603097332045757328e-01 2.777784810728042286e-01 7.665505884408683190e-01 1.036688223818395649e+00
8.249465639790604099e-01 3.871062365706733899e-01 5.901632457989239855e-01 5.486731519875728269e-01
1.033741942384702295e+00
1.509773500586954809e+00
Linear
0.1

ct 2024-06-15 13:17:19.280399
