noname
4
4
4
8
8.809047941077825516e-01 8.892597211621910969e-01 5.379148849157127099e-01 5.965232410518563899e-01
8.681534629777769574e-01 2.556757211199198743e-01 9.750009900561676934e-01 4.600936867404581410e-02
4.437147457789570870e-01 1.291107397005023527e-01 8.365152695698354623e-01 4.760226878185258581e-02
8.216177859027833374e-01 6.009237676168652786e-01 5.533110256381496006e-01 8.636144702735940593e-01
1.035844520771119770e-01 3.177151138949471099e-01 2.363021467423376265e-02 3.378244217069004129e-03
5.563743632243949300e-01 8.140016649139885097e-01 3.331159107125236662e-02 8.849681165965963547e-01
3.312434059556232935e-01 1.170680587127561623e-01 4.791771428636618646e-01 3.826473370524411388e-01
6.560489281839940734e-01 4.564119867508892314e-01 5.190410203553874613e-02 5.119347200082348115e-01
6.876640413490945347e-01
8.089861377253337871e-01
3.167577936479690770e-01
2.640848196171402540e-01
6.508503540583744362e-01
4.285191654166019548e-01
3.196479747431874019e-01
5.204277389003074683e-01
ReLU
0.01
8
8
8.470417640128866665e-01 7.612680299855597577e-01 6.486583627097519678e-02 5.288818161969797149e-01 5.133016179899828613e-01 2.927125128331515835e-01 2.007616301567195505e-01 1.323553978568772216e-01
3.592942473874541909e-01 5.652331605653104774e-01 9.231870177793211063e-01 7.964912277937719054e-03 8.706857810518306984e-01 4.549607700299879154e-01 2.834706658347666552e-01 3.795910175436905121e-01
6.396042990681770624e-01 3.285422778611439831e-01 1.966917762223467925e-01 2.471497775045440326e-01 8.031211759560207275e-01 8.164701781082548404e-01 1.169006689225735585e-01 3.508943286186442245e-01
9.729074188674745605e-01 5.391683534423676871e-01 8.239685639802839523e-01 9.152282121966892614e-01 8.130507746642081646e-01 6.559823604246982631e-01 3.493181290014282236e-01 5.149904267276150804e-01
4.628264532767824013e-01 2.661933848595556817e-01 9.220475460839085979e-01 9.688391833904800299e-01 9.525311886063073663e-01 3.310474806042784657e-01 1.522257047255740625e-01 8.947314756891816545e-01
3.935809863956429844e-01 3.740078923104970254e-01 1.703975136274127333e-01 1.678497844778206183e-01 2.861731086633989563e-02 2.234564119837181284e-01 8.057573901668546590e-01 2.905302520080004225e-01
4.938656381560480035e-01 7.765687547197509533e-01 9.428549726683773669e-01 8.517902647218135170e-01 8.986478264882902245e-01 9.956631913831709424e-01 9.956034589862273743e-01 2.182304102431309456e-02
9.766134455604127407e-01 1.546487124280715442e-02 9.082953624832434958e-01 9.590897725436229315e-01 6.314191807850444427e-02 1.458961482316222247e-01 2.862056859429847888e-01 7.074115056137841862e-01
8.414967161739566048e-01
1.203389066367699378e-02
9.785385950838443314e-03
7.989021529957502921e-01
4.338635433365002347e-01
2.970648653198663114e-01
6.447041664636391500e-01
7.763973054457633527e-01
ReLU
0.01
8
2
9.081205443189678261e-01 7.995208457418691017e-01 4.254078934728301453e-01 8.989389540137695533e-01 5.645056002870628697e-01 2.173793916373841784e-01 9.071738380083278486e-01 6.134094244193349921e-01
9.993623854018035546e-01 7.954071696074198616e-01 4.661161422792301501e-01 2.846169823926891773e-01 6.284146255939450088e-01 2.366342755571126943e-03 6.562176323084109031e-01 4.100153384412028590e-01
8.597288167926367963e-01
4.071028591136747199e-01
Linear
0.01

ct 2024-06-02 23:42:20.104711
