noname
4
4
4
6
-1.310215416388628595e+00 -7.233840683071939004e-02 -5.406619177073967997e-01 -8.778221380686671016e-02
1.190727104979884210e+00 -7.930049275227701866e-01 -1.225403564701599279e+01 -6.769392071475036632e-01
-7.944454839338771501e-01 -5.908944310023550583e-01 -1.528159412542610873e+01 -2.017236982951718716e+00
-1.120779022702889760e+00 6.682448458194020224e-01 1.905279484309348792e+00 1.174753412828892785e-01
3.538675789193624910e-01 -1.136026004006093437e+00 -8.153570738542327945e+00 -4.343660761288298811e-01
7.664121008324098483e-01 2.090260642272692426e-01 -1.819610886057681043e+01 -2.531876231988958170e-01
-4.211256490817034681e+00
-3.268517483279693270e+00
3.777520101536984587e+00
-1.218115963654587741e+00
-2.801289541086476653e+00
4.009913699986564772e+00
ReLU
0.1
6
6
-1.331527212590417397e+00 -1.050245849337236581e-01 -3.140840022813821353e+00 -2.811611102600390377e-01 -2.463333841039957173e-01 -2.097202257733234099e+00
2.046544647387261162e-01 -8.727633059218688205e-02 -1.514858569695464174e+00 -4.253593127134266405e-01 4.106299452840392883e-01 -4.308732700032922303e-01
-3.928457951825986560e-01 9.970936848439790889e-01 -5.051174414896259179e+00 -9.664552663202885530e-01 -2.971052432074882017e-03 1.511946674919290301e-01
-1.721272141109393194e+00 -8.520109547783697446e-01 2.001189219335247849e+00 -8.249498990430083334e-02 -9.646491396333133350e-01 -4.162682216014642833e+00
-1.710494381432525968e+00 -1.839055976727336894e+00 -1.478062602973929218e+00 -6.510724002713151604e-02 -3.702797050423831671e-01 9.314395454888355630e-01
-5.228640389635749175e-01 -7.499832155742577333e-01 -4.146756912939943973e+00 -2.475939944290975747e-01 -3.993638263816388090e-01 -2.887087551566331012e+00
2.896193874597233542e+00
2.536054556061999588e+00
-9.259812048834673570e-01
9.582528420744703679e-01
4.300971224542002425e+00
-2.263427257141814586e+00
ReLU
0.1
6
2
-2.087215064901704054e+00 -1.530152615516212400e+00 -6.946217158736711639e-01 -2.033014730490808830e+00 1.472593706543173564e+00 4.751891110891940939e-01
-2.934172000938668479e+00 2.246854580958147218e-01 7.932619070651979187e-02 -1.231516777539900964e+00 1.277743571250388399e+00 7.358440850272075506e-01
7.218487310043332883e+00
5.388666567154347220e+00
Linear
0.1

ct 2024-06-15 16:21:33.385888
