noname
4
4
4
12
-1.237037374751909891e+00 4.059229483421890272e+00 6.781821922423422855e+00 8.129571755525144550e-01
-1.456769844839444605e+00 1.150296664407736591e+00 6.881439163998206432e-01 4.666563860155623633e-01
1.247726800469188824e+00 -4.193571836879839143e-01 -2.676649504797944168e+00 6.103044410471284431e-01
4.390141484667166694e+00 4.516228577833253155e+00 6.275735560746350750e+00 2.985661085963618344e+00
-1.273295390368292646e+00 5.221932419270632897e-01 2.627730775019166387e+01 9.483913357356761331e-01
-4.058984319975006416e-02 1.084843668181701526e+00 -2.099995391935928879e+00 6.307126951868529119e-01
2.217451681016312737e+00 -9.369441901646955451e-01 -1.305651277843921143e+01 -2.324984303246123152e-01
-3.378663635897877771e-01 7.679939683849361654e-01 -1.149171794512996891e+00 7.654614291050816366e-01
-1.631762119707892422e+00 8.940492314228488668e-01 1.705855131848655060e-01 8.092911029191645067e-01
-1.906840705308221029e+00 9.134158422734115490e-01 4.032790924781507691e+00 1.551228487874368456e-01
3.670432884882654623e+00 4.416770575238936125e+00 -9.432737246189965008e-01 2.207803458519938200e+00
-1.282617812052240014e+00 1.251034097281854329e+00 -4.039210130508859575e-01 8.272916766903991581e-01
9.181852461656447861e-01
-1.189134030337335446e+00
-3.227823995812681090e+00
3.631892862956675572e+00
-5.380881045612088798e+00
-2.196260101031021872e+00
-3.830587014417883296e+00
-8.457593899199943310e-01
-1.353800879969052184e+00
-1.619771638750133080e+00
1.017032451740535359e+00
-8.753374107640295998e-01
ReLU
0.1
12
12
-2.797833418934217331e+00 1.407980595477145436e-01 -7.088793969197595413e-01 -3.843265759820495120e+00 -2.481952585469443751e+00 -2.680709851365534746e-01 -1.465705693388676734e+00 3.813990004450958371e-01 -4.640391313173989341e-01 -7.144253788940565508e-01 2.851267650649154106e+00 5.258762482728261967e-01
-4.047953364102515050e-01 -6.044646881719383247e-01 -3.066163353968611154e-03 -1.215141421517242359e-01 -3.959810146196659275e+00 3.001484822579636100e-02 -3.850622010828374187e+00 -3.262268537571276217e-01 4.140575798713824751e-02 -6.405735492390185470e-01 2.499251438306958339e-02 1.089206044614308977e-02
-9.646859017807629666e-02 -2.836791628015156719e-01 6.115672320101364079e-01 -9.874535939715815003e-01 -1.037028408245325295e+01 -5.495991705730637333e-01 5.825192081099790642e-02 2.985412298993035396e-01 -2.203166500490021454e-02 -1.073940317864795491e-01 -3.163248810788517940e+00 5.012048512319550175e-01
6.518437387347446599e-01 -1.946280531854334139e-01 -2.363705814682039552e+00 1.620081412725037362e+00 -1.475195552019028966e+01 1.084073531808948498e+00 -3.377103006132163632e+00 -1.877848440596598389e-01 4.361391278032558660e-01 -8.972653766448984713e-01 7.789369091570554904e-01 -1.919685467062079709e-01
-5.990636619591088730e-01 3.787053396382323855e-01 2.772073364267237938e-01 -3.517179126303743963e+00 -4.610630952241598024e+00 8.692778585846748507e-02 -9.197258141502941964e-01 6.023592223891023334e-01 -9.649458742010469381e-02 -8.204494370410696513e-01 -1.245390144617039008e+00 6.733202242810923388e-02
1.610715443690219351e+00 -3.572858567810286989e-01 3.814058509863287871e-01 2.240668507548843058e-02 -1.500864539301256784e+01 2.785633639126697148e+00 -2.551452476429622696e+00 -2.725005994103955609e-01 9.940209759734930373e-01 -4.050563478891511249e-01 -1.847756199202896799e+00 4.530430221321338768e-01
-5.235026647143358858e+00 4.192524865736222406e-01 -6.143174374269124716e-01 -5.779613855660843846e+00 -4.206925307407426651e+00 -2.493424178271665959e+00 -1.363115218052594058e+00 -1.627764019944112572e+00 4.085681633697635373e-01 -2.524719406113187237e-01 1.810358218559210419e-01 5.512942129573347172e-01
-2.094718427758307300e+00 -1.080328679601837427e+00 -9.753169883165475618e-01 -2.469301636754854812e+00 1.573570887882954072e-01 -3.496918745892534930e-01 -8.259316502933270465e-01 -2.060197695855488925e-02 2.868846908396615811e-02 -8.164885783346561565e-01 -8.027011750889581077e-01 -3.021983913388641696e-01
-2.160327654485238558e+00 7.184804681971469764e-02 -2.103085374559340581e-01 -1.290739609173608304e+00 -2.642482352457920403e+00 -2.548268908026133373e-01 -3.438670465655617292e+00 -5.323868995895949530e-01 -5.756352238036831492e-01 -5.310677044079917808e-01 -7.927407758375133451e-01 -3.040453952587051090e-01
-2.335408730635542884e+00 4.253658069148798238e-02 4.737987486712896129e-02 -5.376895381906952487e+00 3.476414949326103621e+00 -9.431925865667917241e-01 -2.543770579857690617e+00 -1.214103436711567313e-01 3.513436620480793471e-02 1.321618575342771829e+00 1.392568090319587615e+00 2.140233195744622730e-01
7.129259030901060612e-01 1.382691003795059881e-01 -6.975860935441475785e-01 -3.959872864597590442e-02 -4.807725816313968004e+00 3.467806645128805321e-01 -2.803210148738931817e+00 1.238291742687281510e-01 6.511249820301843183e-01 -9.599996316590897472e-01 1.069225173115754934e+00 -3.795042034457026814e-01
-8.847623397837170445e-02 -3.684191089810620601e-01 -1.386293494541092353e-01 -5.204306203243180828e-01 -1.537481326818156968e-01 -5.778762758128608290e-01 -3.890013980471616617e-01 -5.478615773746846607e-01 -8.623035114645731802e-01 -5.551698067648447310e-01 -6.470446845046947670e-01 5.233536851662226597e-02
2.314922109722244714e-01
-1.182817910432795716e-01
3.708595737904452072e-01
3.225993317745168842e-01
-5.426545256337018258e-02
-1.114716904833432665e+00
3.694090893104384765e-01
-3.006226822603824678e-01
-3.725862827874112937e-02
1.488698057626272053e+00
2.761216680829602366e-01
-2.246055601543622826e-02
ReLU
0.1
12
2
-1.242800926196084399e+00 -1.057978896598955887e-01 7.481766310049023372e-02 1.922837878172222625e+00 -7.189010447449352137e-01 -1.650040347097847526e-01 -8.992735531770644775e-01 2.549869352969063030e-01 -5.118016754178128513e-01 -2.620435127549351484e-01 -3.358807723112440247e-01 2.798755922406216956e-01
-1.895093608680663566e+00 5.481212275496392256e-02 -3.761105769392476539e-01 1.521595043426436256e+00 3.121005010271502705e-02 8.938377214520150382e-02 -8.100025122538707656e-01 1.938267934404700188e-01 -4.913482495304672404e-01 -1.627346259306966081e+00 3.771460963093756780e-01 6.513416694043464017e-02
1.241465544164083923e+01
1.235547240102712152e+01
Linear
0.1

ct 2024-06-11 11:45:08.718766
