noname
4
4
4
12
-1.109650255958161358e+00 2.377792014446201474e+00 4.586528510668272496e+00 1.691378174217490704e+00
-1.456769844840194228e+00 1.150296664405791480e+00 6.881439163986592389e-01 4.666563860165739985e-01
3.404788380277544046e+00 5.750982893984256661e-01 -2.953053748762582753e+00 1.538856145566430411e-01
2.617666480043975508e+00 4.014786665522469988e+00 8.640766314230315714e+00 2.835086196297655459e+00
-4.672629725184879179e-01 6.642287959408527120e-01 2.255310584236650584e+01 1.186707200203446222e+00
-2.844878757712980821e+00 7.530623392951142636e-02 -1.524582474335602456e+00 1.296276653970380499e+00
2.217451681016312737e+00 -9.369441901646955451e-01 -1.305651277843921143e+01 -2.324984303246123152e-01
2.166832323341533195e-01 9.058480880599174556e-01 -1.043107030980051420e+00 7.744858532799464568e-01
-1.794621143075131542e+00 8.254535733823944454e-01 1.877417956098920704e-01 8.501897657754481363e-01
-2.366793638674251632e+00 7.607362529413107533e-01 4.101122696804782031e+00 2.346438987920743402e-01
2.261922370661813897e+00 4.251437504116438504e+00 1.914731703288921283e+00 1.474320973062944073e+00
-1.287600418794042412e+00 1.248527025941314594e+00 -4.067137331435398684e-01 8.269768663130904196e-01
1.938475157001398053e+00
-1.189134030338022452e+00
-2.944390837470449274e+00
2.375378617187866581e+00
-4.116366322664712030e+00
-1.416996611076262402e+00
-3.830587014417883296e+00
-7.777207797247527310e-01
-1.336184485568193914e+00
-1.581650265831370694e+00
7.371024013717997203e-01
-8.764672801663724311e-01
ReLU
0.1
12
12
-4.927176460895049126e-01 1.407980595476964192e-01 -7.088873316826176385e-01 -3.813276581080941030e-01 -2.461441354974211571e+00 -2.693714871174376912e-01 -1.465705693388676734e+00 3.817169391963864400e-01 -4.708855979036651873e-01 -7.144253788940565508e-01 5.726693526455385319e-01 5.258781041751831031e-01
-4.047953364102515050e-01 -6.044646881719383247e-01 -3.066163353968611154e-03 -1.215141421517242359e-01 -3.959810146196659275e+00 3.001484822579636100e-02 -3.850622010828374187e+00 -3.262268537571276217e-01 4.140575798713824751e-02 -6.405735492390185470e-01 2.499251438306958339e-02 1.089206044614308977e-02
4.816204537770560345e-01 -2.836791628015156719e-01 6.115672320101364079e-01 -1.740535112817067354e-01 -1.035810552057640876e+01 -4.168878249157627058e-01 5.825192081099790642e-02 2.985412298993035396e-01 -2.709038078150651299e-02 -1.073940317864795491e-01 -3.084365017471233372e+00 5.012048512319550175e-01
6.714855901038663255e-01 -1.946280531871951991e-01 -2.382962610346474608e-01 1.709012030585456143e+00 -1.027781602360368751e+01 1.068240717504274073e+00 -3.377103006132163632e+00 -2.577625738781313958e-01 4.438545777257718594e-01 -8.972653766448984713e-01 1.362568761905795567e+00 -1.913878500943532734e-01
5.160694008796950366e-02 3.787053396382323855e-01 2.772073364267237938e-01 -2.415144319849287680e+00 -3.587510962666324854e+00 3.270139289327025217e-02 -9.197258141502941964e-01 6.023592223891023334e-01 -9.359042236614602273e-02 -8.204494370410696513e-01 -6.957489389814625058e-01 6.733202242810923388e-02
1.579242507311454879e+00 -3.572858567793944506e-01 3.814058505244591335e-01 6.330759968834424045e-01 -1.350982517019379969e+01 3.077149899744005435e+00 -2.551452476429622696e+00 -2.692677726536311655e-01 9.940209759734930373e-01 -4.050563478891511249e-01 -1.494990306450655559e+00 4.530433269329311452e-01
-5.255488579175445985e+00 4.192524865736222406e-01 -6.143174374269124716e-01 -5.286784038570431221e+00 -3.582656512741670518e+00 -2.502749535691653815e+00 -1.363115218052594058e+00 -1.627764019944112572e+00 3.770173799154149519e-01 -2.524719406113187237e-01 4.321646717133378890e-01 5.512942129573347172e-01
-2.094718427762239266e+00 -1.080328679601837427e+00 -9.753169883165475618e-01 -2.469301636760201202e+00 1.573570888089552977e-01 -3.496918744724576977e-01 -8.259316502933270465e-01 -2.060197695855488925e-02 2.868846908396615811e-02 -8.164885783346561565e-01 -8.027011750889581077e-01 -3.021983913388641696e-01
-2.288219326673615939e+00 7.184804681971469764e-02 -2.103085374559340581e-01 -9.778976234866828543e-01 -2.642482352457920403e+00 -2.655998188460682585e-01 -3.438670465655617292e+00 -5.323868995895949530e-01 -5.756352238036831492e-01 -5.310677044079917808e-01 -5.847987182746318124e-01 -3.040453952587051090e-01
-1.772743922676175865e+00 4.253658069148798238e-02 4.737987486712896129e-02 -4.467804840388155618e+00 -1.646802875639293839e+00 -9.817575390756039244e-01 -2.543770579857690617e+00 -1.214103436711567313e-01 -1.994353453468568349e-02 -9.972202874816361862e-02 1.677777538342827945e+00 2.140233195744622730e-01
6.409215168073734148e-02 1.382691003787819284e-01 1.688998052173996262e-02 5.250137940532992875e-01 -4.550649518176683728e+00 3.330979798375187095e-01 -2.803210148738931817e+00 1.045154005642728035e-01 6.537142698267076613e-01 -9.599996316590897472e-01 -3.387607993919331678e-02 -3.795042968969741803e-01
-8.847623397837170445e-02 -3.684191089810620601e-01 -1.386293494541092353e-01 -5.204306203243180828e-01 -1.537481326818156968e-01 -5.778762758128608290e-01 -3.890013980471616617e-01 -5.478615773746846607e-01 -8.623035114645731802e-01 -5.551698067648447310e-01 -6.470446845046947670e-01 5.233536851662226597e-02
1.542259862824628680e+00
-1.182817910432795716e-01
7.655586012181483380e-01
3.785742821503003341e+00
1.977593645154225754e+00
-1.126200398946521020e+00
6.155176208181158959e-01
-3.006226822309361890e-01
1.034352094103675457e+00
2.092194734747998996e+00
3.287534491159380234e+00
-2.246055601543622826e-02
ReLU
0.1
12
2
3.156135671481725691e-01 -1.057978896598955887e-01 4.306605808396286039e-01 1.937248084866814546e+00 -7.568102535626169969e-01 -9.677323218995229626e-01 -8.859157128515635637e-01 2.549869352599024586e-01 -4.871462909262293528e-01 -1.272331683313118411e+00 4.745611864372062394e-01 2.798755922406216956e-01
5.419498112873601808e-02 5.481212275496392256e-02 -5.351315288265904302e-01 1.761809503072306660e+00 -6.301599197551142062e-01 -1.173655945862823069e+00 -9.997100818510088471e-01 1.938267933909414709e-01 -9.316859539465864870e-01 -1.292490339583228343e+00 8.157796858764815306e-01 6.513416694043464017e-02
7.262938398642602600e+00
7.530594042610621486e+00
Linear
0.1

ct 2024-06-11 11:45:02.317421
