noname
4
4
4
16
-1.572097335909375060e+00 1.249272538943101862e+00 4.806976455536604576e+00 6.673446202023319840e-01
-1.897349192226198467e+00 3.478089484105468393e-02 -4.984194154410254846e-02 1.260856657371403955e+00
-2.079874887913906178e+00 4.786533605100917188e-01 3.718950259622610588e+01 3.189265851859044432e+00
2.198355816574951160e-01 4.269138368081129564e-01 -2.977477177960958343e+00 -1.819185959139331121e+00
-8.665215346026203802e-01 2.766766853337745968e-01 1.282452691298844538e+00 -4.653767709905479860e-02
-4.925733167603957297e-01 7.028150563922122007e-01 -1.535097463898586811e+00 5.983878795004766715e-01
-1.159116237277920014e+00 -1.004577593356949405e+00 -1.500597612401290171e+01 -1.505853532873945300e-01
-9.275431960223647909e-01 6.444321370422558815e-01 9.680613948152681780e-02 8.925027539490654194e-01
-3.907028672611367881e-01 4.562164390105253875e-01 3.682232414773569928e+01 3.245285524961007084e+00
-2.446445173547737273e+00 1.223277784616020103e+00 -4.671071530332890021e+00 4.372125359086188823e+00
2.373406253197043458e+00 3.322996251618148822e+00 9.517538287306921418e+00 3.295985900788308776e+00
-3.580856511888319549e+00 2.138459142138039670e+00 2.678382520741249717e+00 1.629963136403996593e+00
-1.407020760832887296e+00 9.845311222647931126e-01 8.939962141601295320e-01 9.598463022601861905e-01
-9.152227119034720415e-01 8.006893535107311166e-01 2.724934289458680325e+00 7.388381642161069296e-01
-1.146445249322850524e+00 8.355942349109073408e-01 5.102659110090994599e-01 8.177231259506266836e-01
-1.048054316243882456e+00 -1.940150802152077192e-01 2.539818393587474077e+00 3.487238378762531066e-01
-2.578578963841648086e+00
-7.895600537802728525e+00
-4.780081510371874565e+00
-1.055660683489612417e+01
-4.524273482093369658e+00
-8.370513877306794415e-01
-5.208627148092054959e+00
-2.139725498253853164e+00
-8.360732329128868656e+00
-2.471933949787716411e+00
1.762450112073608910e+00
-4.148309257401794348e+00
-1.428813624709775576e+00
-2.057518972358550080e+00
-4.167241267293501750e+00
-8.213003727374379892e+00
ReLU
0.1
16
16
-1.630601158241967497e+00 4.745943916764870374e-01 -8.503360392961946401e-02 3.913388743123129287e-02 1.854721955553499538e-03 4.048698671647658898e-02 -5.689253630942207041e-01 -6.158704757831705567e-01 -3.808368602039807538e+00 -2.633747186564106002e-01 -6.270913236434053073e-02 -1.221527015345404754e+00 -1.220323195057435361e+00 4.642909260793435799e-01 1.435990146829289049e-01 -5.339670469177173473e-01
-1.283848846814360289e+00 -5.689210848023814604e-01 3.167670316334512681e-01 1.675968497607174534e-01 -2.000037075811173792e-01 2.972003607652383694e-01 -2.456195685412991381e+00 5.846993119807196715e-01 -6.656907572638199433e+00 -2.623482527342759774e-01 -1.498273278931765207e+00 -2.263108063932097735e+00 -2.429278486549472371e-01 1.544054818159325271e-01 -2.812048375944118384e-01 -7.493780367310082235e-02
-3.801981453632897190e-01 -9.045593972910793701e-01 -1.246182781552286567e+00 8.918815794233004093e-03 -2.589984966526140964e-01 -9.546237100214044480e-01 -1.489878034422696951e+00 -9.890208907034245822e-01 -8.884515992147790087e-01 -1.653990848558840376e+00 -4.421729375960428143e+00 1.015162265108962458e+00 -8.294270843721809339e-01 -6.214340243996130386e-01 -2.692169855165157943e-01 -8.963428263450505806e-01
-9.807418710606816692e-01 9.786196697806190947e-01 -1.704405228935308658e+00 -4.746399901226944773e-01 5.907576280511921407e-01 -4.596171276499001063e-02 -3.851390704053434533e+00 1.578436244068863736e+00 -1.101436437097694787e+00 -4.722521723311109199e+00 -7.870651400687505905e+00 8.618790941199789835e-01 2.908613004035603966e-01 1.586456975982035944e+00 2.114934320459401995e+00 -6.829770862704056533e-01
-1.462239525824712283e+00 -9.813566616413481325e-02 -1.152491530666068575e+00 -7.662900230142360991e-02 2.397475514679761055e-01 -6.322172794721570011e-01 -2.090667378375272445e-01 -8.575110950604030169e-01 1.629361680540291735e+00 -1.797154923368675883e+00 -1.850530246874128260e+00 -2.929035229692162456e+00 -4.842048537275713271e-01 -2.531472620139759711e-01 -3.062494315018041702e-01 -3.840706358296634981e-01
-9.807491174853976146e-01 -1.383831532684538956e+00 -5.562941261150187167e-01 1.335823596767990451e-01 -2.806318193105585279e-01 -6.886930308188226046e-01 5.187645385503754092e-01 -9.408138063488290515e-01 -3.290711733682629259e+00 -1.112625812049776286e+00 -3.537646679823818197e+00 -1.628773573180561929e+00 -1.437741330763744774e+00 -9.470449972353539581e-01 2.656776361491727800e-01 -8.292817158676386580e-01
-3.783668450907791692e-01 -1.936549339998754338e+00 -2.738902204705223609e-01 1.210483378611440231e-01 -4.322362688977475109e+00 -7.888653914372203424e-01 -4.797389712152109631e+00 -2.284240230675000483e+00 -4.937455486029744378e+00 -7.522357209033691205e+00 -1.564642517856600534e+01 -2.182773296235475113e-01 -1.499088499090968751e+00 -1.413401488119649940e+00 3.022205856625713505e+00 -3.054482936184425235e+00
-8.122116402267103297e-01 -5.398558324571198774e-01 -3.171015374936099751e-01 2.849462139246688314e-02 -6.608895871919847620e-01 -5.254973796940867053e-03 -9.338904785617224355e-03 -5.453087788579304984e-01 -6.857718466042900252e-01 -3.851043204708175516e-01 -6.079373128309519814e-01 -4.646879390192600878e-01 -4.912281295414062665e-01 -5.072482667881603735e-01 -5.181832479995627239e-01 -1.202866445469331497e-01
-1.189808978998548428e+00 2.157473638332798316e-01 -1.751635887412573700e+00 2.340378659142080819e-01 -2.668993690852362821e+00 -1.457312518671634860e-01 5.186803704137461501e-01 -7.017664547455535473e-01 -5.565684911634690479e+00 1.176695347632571720e-01 -3.809294322327331450e+00 9.564040622634395472e-02 -6.917740916396840356e-02 7.244128011143584622e-01 3.933172991586125211e-01 -4.053773064230357104e-01
-6.774544324521594163e-01 -8.783783158975232430e-01 -2.313730979543541455e+00 -3.199330555233850237e+00 -4.547324968804336009e-01 6.384289828576947268e-02 9.666161186929829452e-02 -9.205475919794714468e-01 -7.732104840706917059e-01 -2.200121699718167179e+00 -2.060240809972609721e+00 -2.361042143509394453e+00 -1.146518400711687091e+00 -3.495967647364682240e-01 3.352940753789938055e-01 -7.961009076818067465e-01
-1.197134138736321907e+00 7.673981568673512443e-01 -2.156715950305220897e+00 -1.335881978974341466e+00 -1.458225291894824194e+00 -3.878250249762887208e-02 -1.562255734066601232e+00 3.247155121834043312e-01 -7.290765064964586095e+00 -6.389560177297968213e-01 1.605191303539507341e+00 -2.948157001568317837e-01 -5.209970418656335589e-01 3.994634191822473701e-01 5.126628312779591967e-01 -2.603018654904225571e-01
-6.682587201135969934e-01 1.141181016326276859e-01 -6.810161783082983034e-01 -2.511819730166656939e+00 6.336966464822337830e-01 5.156306396352809684e-02 -7.015436610402470130e-01 -3.300122101994871771e-01 3.159356440615839617e-02 -2.500906689637211411e+00 -1.707008916686476863e-01 -1.403105190185852981e-02 -1.027638479555210926e+00 -2.449316335995284089e-01 -1.813795872961803113e-01 -8.411043378365443690e-01
-2.022024067509457179e+00 3.355725806417724222e-01 -2.756543532863137802e+00 3.146256497545964148e+00 -2.635239829278073764e-01 3.511968245650801818e-02 -8.365203929248823389e-01 1.259895484535056009e-01 -3.566089662845839836e+00 2.085591223826599450e-01 -3.492309460303032687e+00 -9.674219226531834970e-01 -3.525415280020229303e-01 9.327929838529489537e-01 3.493820838326887612e-01 1.966528437125927953e+00
-6.481855568344875411e-03 -3.718364636208379426e-01 -1.679170334176224300e+00 1.218802561781730187e+00 4.930990969245993005e-01 -6.104769781532343176e-01 2.261770533262730254e+00 -4.787713198691886385e-01 -3.839746509606574154e+00 -5.630589123480808311e+00 -5.977547110684739984e+00 -2.146735486825050110e+00 -4.598790506201175243e-01 1.805440458063179099e+00 1.914762819948359951e+00 -5.535548752203292011e-01
-1.848661356550303170e+00 5.964368372339987068e-02 -1.229067263215930161e+01 -6.289258641050597953e-01 -2.903518477225038641e+00 -1.992304022091402615e-01 -1.355156563979118989e+00 -1.998963941967649705e+00 -1.252062413887543890e+01 -2.125538793833825935e+00 -3.739984508708840139e-01 2.406673537057608392e-01 -9.547578117855641811e-01 5.900476838779464828e-01 -3.656450088694015221e+00 3.395685663300894497e+00
-3.507527990212588320e-01 1.722304961682463442e-01 -8.137340399509358502e-01 7.419589295706527365e-02 1.578713954918492257e-01 -2.452759492652629159e-01 -6.790466335552806099e-01 -9.066743165557122897e-02 -1.747710106161281807e-01 -1.716792994494984681e+00 -3.200233759136560607e+00 -1.267729213229291663e+00 1.853530024237177276e+00 -2.970207194440391274e-02 2.248553235813142592e+00 -1.037550462087898084e-01
-3.259345439077053763e-01
-6.288616976424687977e-01
-9.839967993559543824e-02
-2.211483198730638255e-01
-3.580344141785535061e+00
-2.415562980702183893e+00
1.913859979752844831e+00
-4.794647697774838124e-01
-1.805253316985937051e+00
-4.110517550949769117e+00
6.807310139938213212e+00
-9.933949900522726084e-01
8.297881879543017591e-01
-1.246302726072467809e-01
4.335602073650412613e+00
-2.173407867856625764e+00
ReLU
0.1
16
2
1.091604612566733591e-03 -4.550655941163778140e-01 -4.585436638605915882e-01 -5.497322546039290492e-01 -7.743623285008635060e-01 -1.643449331662645729e+00 -1.935053395077135807e+00 -7.931184409443610070e-03 6.320071610092298231e-01 -3.007778033840223131e+00 2.657664822509539615e+00 -7.748984241333349843e-01 2.111076631956377292e-01 -7.088297226708292209e-01 9.117953864636139938e-02 -9.133923062386661851e-02
-1.728679349854646830e-01 -6.037041062849147766e-01 1.150044191125537824e-01 -1.284584877880302345e-01 3.431539534471492181e-03 2.104201784945154419e+00 -4.106763797607734467e+00 1.311262989502050558e-01 3.865768755760041753e-01 -2.075966118241242331e+00 2.584042953414682486e+00 -4.027984210611722515e-01 -1.762474137475342761e-01 -6.073294770367749784e-01 -9.192427942122005646e-01 -4.256331064354038629e-01
5.473434345303547666e+00
7.933087955629402721e+00
Linear
0.1

ct 2024-06-03 18:55:24.062370
