noname
4
4
4
12
-4.069268440082934868e-01 9.872359464664837159e-01 2.043782251947785511e-01 6.524623774212668925e-01
-4.815867032525657510e-01 -3.841550851253944021e+00 -1.670630196439043402e+01 -3.654728020964861379e+00
2.534216226076931644e+00 5.806648618259045769e+00 -6.591823816360274924e-01 3.062589051837020904e+00
-2.019120814872404565e-02 3.727561981360523746e-01 -2.111939555115757150e-01 2.340749649495263429e-01
-7.544496216318988813e-01 7.816200471195915433e-01 -2.754442187634558170e-01 4.938799248506035022e-01
-8.728536324710334249e-01 1.685587747377645385e-01 1.527622459534241806e+00 1.453769359043905141e+00
3.679439385460428480e-01 -1.226016261008618380e-01 -1.023970875624523202e+01 2.376952750547098425e+00
-3.270695262614355947e-01 4.952739948262077085e-01 1.438322204289579735e-02 3.797266648036197734e-01
-2.152298558177730414e-01 4.514477766133920267e-01 4.475658523716671833e-01 1.934674442933980998e-01
-5.645091645959557924e-01 7.556681652642802671e-01 2.795961816281971934e+01 7.418782102505834253e-01
-1.516963447411262544e+00 1.213767051752116855e+00 -1.360985810876320423e+00 1.295038736978242788e+00
3.480646010741303975e+00 4.921732695999368801e+00 7.472175046921691433e+00 3.736930193117869337e+00
-1.405960744018409203e+00
-3.969514040544683375e+00
1.826746029188463794e-01
-4.981362171582353615e-01
-1.084550188632070755e+00
-5.972526062747831155e+00
-1.544331910821182596e+00
-6.363011220751941810e-01
-7.016598709618356855e-01
-5.831202375269370464e+00
-1.609602607499613258e+00
3.353383190877634590e+00
ReLU
0.1
12
12
-7.364711791758159487e-01 -1.307181823076254634e+00 -9.363456037394023435e-01 -5.185591359705719050e-01 -7.309183589960988048e-01 5.300720914720270099e-02 -2.153220966956337912e-01 1.145552076564976610e-02 -5.692086067990862475e-01 -5.932834215795627308e+00 4.366402994173104735e-01 -7.254551587485283948e-01
2.565680149263637189e-01 -2.523147227758228084e+00 2.318795738626671543e+00 -3.669957250654257153e-01 -1.773080214202732985e-01 -7.669692253325854914e-01 -2.530229777415171188e+00 -1.814408418780300847e-01 -3.891886194018504552e-01 -4.499328913969566912e+00 3.877753393704061469e-01 -5.598654005460099725e+00
1.990254156511465367e-01 -1.242678483895053976e+00 -5.296195924345916684e-01 -1.687783850305501210e-01 -2.212527337047161535e-01 -5.500031604648848438e-01 2.999064175035198176e-01 -4.322809858738912991e-02 1.558551483761867473e-01 -5.587561700136812526e+00 -3.208159091703355892e-01 -2.366040018222890673e+00
4.787464460761201024e-01 -2.371736818517634404e+00 4.325922317651369475e-01 -4.500198542310748229e-01 -3.274903783131356549e-01 -7.455755281987344607e-03 7.195497686812084570e-01 -3.351903854636996138e-01 2.766393581898304310e-01 -3.175519680896794039e+00 1.044687281231792136e-01 1.180459102333643706e+00
2.068179711678606592e-01 -6.917028704227322633e-01 -9.532281127848096780e-01 3.951556584324926735e-01 2.850533652056530531e-01 2.380911206982452732e+00 3.414808856979271723e-01 -1.718558067976825587e-01 -4.349218137074061796e-01 -9.189812939156349003e+00 4.765252800196277949e-01 -7.344568728340098440e-01
8.512184559204798162e-02 -1.731224478112920906e+00 -1.531491290649093617e+00 -5.866431169054833195e-01 -3.474624764587939119e-01 6.079382886887619186e+00 1.511856656638974394e+00 -2.694746980416064530e-01 -1.859266424667768702e-01 -1.229832591036551648e+01 6.060373046908847927e-01 -6.260719860641760226e-01
-6.790355796846910819e-01 -3.266168225525770685e-01 -2.915027374434281393e-01 8.544990960897180798e-02 -2.790126133395743335e-01 -2.765335172555689613e-01 -1.644819785497135256e-01 -1.084987661249474031e-02 -9.745862081893598775e-03 -1.476252322290144470e+00 -4.660705800222276207e-01 4.802130033156210703e-02
1.370129423433639193e-01 -1.804774800307971550e+00 -6.454597423265345801e-01 2.917480823952114388e-01 -1.055255438911555599e+00 -6.345009283460547600e-01 1.895540182657746431e-01 -2.986955788496796771e-01 -7.215292123480863129e-01 -4.496267945245096875e+00 -7.300161761272363492e-01 -8.419861769127965800e+00
8.549664245855677080e-01 -9.941106797980361343e-01 6.402075952436330208e-01 -1.823455580362390027e-01 2.667792742776613490e-01 3.274314602881767122e+00 -7.037618359527834933e-02 2.389819223462202880e-01 4.658985819450786048e-01 -2.357464517205402643e+01 -3.137936167650232089e-01 1.591253254639664272e+00
1.983527268497576601e-01 -5.114024506817947957e-01 -9.940619684476338647e-02 2.364404325939547385e-02 -1.518220012947187614e-01 1.278413619452204442e-01 -3.848923560043626679e-01 -1.133028191811461666e-01 -2.398265818919183556e-01 -3.363830556411367745e+00 2.738803737137703864e-01 -2.931154842966213758e-01
1.924115165493032742e-01 -1.610508765827333821e+00 -8.958997439405027574e-01 5.356768781079333103e-02 3.270784220250029795e-01 -1.373175791809631285e-01 -1.988360030738474116e+00 -1.484151388025244100e-02 -4.552473721518434657e-01 -6.354696257040521878e+00 2.077086717205116340e-01 -4.398339637358612997e+00
-9.340466561521416911e-02 -2.293363578108631173e-01 -4.836361516284582440e-01 3.206005723166779897e-01 3.280805298999290853e-01 9.203644413349537645e-02 -1.697794156359309081e-01 -2.285531403579303400e-01 2.035225037849898722e-01 -6.766458601587518551e+00 8.066108335210379066e-01 -4.346524938757931333e-01
-3.985843637512243715e-02
1.089432562944643301e+00
-1.742724874396266079e-03
1.852541904203666823e+00
-7.140933096855803797e-01
3.292705403681916998e-01
-3.412020734535041178e-01
-3.346836944081156839e-01
1.051406751186379385e+00
-2.131096471607171194e-01
-1.028621184543709877e+00
-2.556144543145742465e-01
ReLU
0.1
12
2
2.031267222366752723e-01 -1.731430361351491642e+00 5.799350065779312544e-03 1.101212937282356252e+00 2.759294488713055493e-01 6.135244455650412654e-01 1.375350548365084080e-01 8.455970327246842277e-02 1.770185577481534267e+00 -2.020102847887814135e-01 -1.826388740660482624e+00 5.932496165215012107e-02
7.629603935438552531e-01 -1.135033152400338086e+00 -2.311178555678502500e-01 1.013942811354897389e+00 -2.288942719327015460e-03 -2.987748494273940181e-01 2.000336752211648861e-01 2.441380852893366149e-01 1.392707049071247427e+00 -5.926191672012639383e-02 1.039662485796995495e-01 9.487241338180005257e-02
1.214578767307992102e+01
9.849739778010373925e+00
Linear
0.1

ct 2024-06-10 19:17:02.212863
