noname
4
4
4
7
-3.205695362496195355e-01 -6.684268249970273801e-02 -5.095171160866858173e+00 5.679333293241699554e-01
4.812804680115038147e-01 2.697914891094231882e-01 2.691255601655393459e+00 1.165865914038676676e+00
8.023443077038705518e-01 1.122603208396758118e-01 -1.592493793961167192e+01 -9.483997737839997555e-01
8.008177370457245647e-01 1.632046157621010879e-02 -3.970503541522713675e+01 -3.788358975081898894e+00
-2.490145054332770780e+00 -1.408026150543358002e+00 -2.035590248704080008e+00 -2.275318354746543648e+00
-3.291115990418257975e-01 3.237526000088400413e-01 -1.031819210952948040e+00 1.405735247021693557e-01
1.208224445906478817e+00 8.142852174526864495e-01 1.650036212775626954e+00 -2.246795107360124166e-01
-3.534884998943269796e+00
-4.166637565563908296e+00
4.173691270560896172e+00
-7.136003267834234443e+00
-8.932596655647486728e+00
-6.709367251220368367e-01
1.716588576595438287e+00
ReLU
0.1
7
6
7.347697487952092876e-02 -6.953588881862778071e-02 -1.671560225793393251e+00 -1.516799585685451701e+00 7.224071427495848408e-02 9.621975874551991215e-01 9.337935306924416423e-02
-2.314434376152469497e+00 -7.478478561468987484e-02 -5.867584669593409741e-01 -9.014026908482398737e-01 7.224071427495848408e-02 2.992828599739124629e-01 9.337935306924416423e-02
9.907830321508291904e-01 5.933488650224865157e-01 4.655123045802664894e-01 -2.168132209308244462e+00 -9.233914630795825307e-01 5.153111333071315470e-02 9.432200369885035407e-01
1.622085832236400682e-01 1.622085832236400682e-01 -2.533139381305900883e+00 -3.790090270909907133e-01 -4.504520805004126882e-01 1.691703772046642962e-01 9.337935306924416423e-02
5.239647730895992117e-01 -4.278881516217390768e+00 1.763616361402651767e-01 -3.018676773310438932e+00 -3.034665300267644361e-01 2.606418131850284925e-01 3.486622126400791277e-01
8.768418889677597194e-01 2.278662700145819286e+00 -4.957308940250462648e+00 -2.008213663713247499e+00 8.768418889677597194e-01 8.768418889677597194e-01 3.891868427989135237e-01
-2.095198772982345581e+00
-9.053198509964304197e-01
4.812977325840478215e+00
-1.277669810882123169e+00
2.638498793982215762e+00
2.381442158843477319e+00
ReLU
0.1
6
2
1.992294088309060074e+00 -1.459392865703790509e-01 1.461496785453692659e+00 -2.668847643184308338e-01 -1.005422641116508586e+00 -1.307965850582580636e+00
-3.595895342271303308e-02 6.867419421097134546e-02 7.352797202744177918e-01 -1.273532560052976326e+00 6.197135687109934787e-01 -1.631476472363140751e+00
1.875016832724786919e+00
1.700882271384789313e+00
Linear
0.1

ct 2024-06-16 17:41:07.808870
