noname
4
4
4
4
1.151442541049834400e-01 6.129245434029269024e-01 7.778312764616285291e-01 7.675831330749617321e-01
9.128700317373872331e-01 5.107108204553628683e-01 3.023385000006718060e-01 3.289007547765386841e-01
4.716669729461666072e-01 5.437447332868028393e-01 7.209570554250068763e-01 5.482895580637805466e-01
7.349727047790123313e-01 1.871370362883168492e-01 2.459404355162163602e-01 3.965703073438212600e-01
5.283240517873939723e-02
7.989789131272979628e-01
4.453282692973202228e-01
4.983155695258105200e-01
ReLU
0.2
4
4
-3.957555808196775993e-01 8.102536496952160716e-01 6.287599200731272542e-02 1.362224054086938474e-01
7.799569331049613918e-01 7.715260932470419108e-01 8.992402101865456521e-01 8.061943097056399887e-01
1.218560673165827724e-01 5.241912391541475591e-01 7.766571400744856080e-01 6.933902491518730837e-01
8.564778188332898556e-02 2.400731628816265562e-01 -4.695806287764082987e-02 8.925504560448423996e-01
5.406566220310147219e-01
4.331205472348095831e-01
2.639007483656004016e-01
-5.975068337653027806e-02
ReLU
0.2
4
2
7.067263658939779702e-01 5.844658775923005090e-01 4.504657881792604734e-01 4.313021710846819401e-01
7.653822313504915487e-01 7.009063649989366596e-01 8.467412766087990816e-02 -3.258722791137955155e-02
7.179410409966996420e-01
1.631045472001321217e-01
Linear
0.2

ct 2024-06-11 21:46:46.947787
