noname
4
4
4
20
2.866666338706309602e-01 4.943122564039738043e-01 1.395890840753897688e+00 7.235406726974810132e-01
5.796138578787032314e-01 1.383381164206124669e+00 1.122134090057705924e+00 1.113530223191180196e-01
5.625008298523569428e-01 5.437981909687482629e-01 1.017250734977473314e+00 8.702648616675564552e-01
6.446438412586007471e-01 1.166757336267184586e+00 1.032826573202626053e+00 1.108041226899492970e-01
1.609576498208503459e+00 3.730428117782632613e-01 2.330129905625609066e+00 4.472555210062051922e-01
9.978037311988933178e-01 8.583696717223433525e-01 1.045340403553113307e+00 4.157206124508944223e-01
4.776464227695443876e-01 7.843686358664787583e-01 7.091217972091883315e-01 4.270913647792415890e-01
7.231139644018272916e-01 1.113104605866773511e+00 3.267365327792531859e-01 8.100232329032746037e-01
5.586468402876648698e-01 5.064163642211132466e-01 4.946887529947873730e-01 5.200941168432492434e-01
9.963343390290630985e-01 8.825782816019203114e-01 9.438599497063199228e-01 7.762142397077699263e-01
3.884189845546173192e-01 9.960611212322979524e-01 1.053200158455485758e+00 1.035630896771568832e+00
8.698184388359946340e-01 1.144863356067156168e+00 3.743332810032813374e-01 4.431935243797301971e-01
1.513329720237776455e+00 -1.765977033953150532e-01 1.410160994844900095e+00 7.754522964534948937e-01
1.248822320948411502e+00 1.622542940348091767e+00 6.083768911753215658e-01 6.474818960358172393e-02
9.404922740904292366e-01 5.188015280259855588e-01 3.473606251202727702e-01 3.403627408583982938e-01
1.061708069745976424e+00 5.290568249261212719e-01 9.714888671663913788e-01 4.313746720387522382e-01
1.117719489560860646e+00 1.520183865996814321e+00 2.554720071968191175e-01 3.156568562853055426e-01
7.642568141477694699e-01 5.064481819330250989e-01 1.050860525522362421e+00 6.227813026221790116e-01
4.479920894206194659e-01 7.517259864016988535e-01 1.091626730675342882e+00 5.633180950582669100e-01
4.733904561338304617e-01 5.859632623246709970e-01 6.812074155034402168e-01 9.428944899149342973e-01
9.544029833563848486e-01
3.473309220132130282e-01
8.820234690428653268e-01
8.852096258404736073e-02
-3.844849396389345420e-01
4.591556585566333171e-01
6.587833140576876412e-01
5.944213254877622754e-01
7.061567076075508931e-01
5.455137655662009033e-01
7.724873116908308468e-01
-1.838296275179326089e-01
-7.965312512705495784e-01
2.789290643854705834e-02
-4.176563939229799988e-02
4.609753681849656504e-01
-3.672998554823063699e-01
6.662841569945331388e-01
5.961346394508947322e-01
8.160645002523172487e-01
ReLU
0.2
20
20
1.007172332907847911e+00 7.480235924750429366e-02 5.451018143799739590e-01 -3.030968412816694227e-02 2.569061950886352697e-01 -2.840024265478942322e-02 8.581452946903177503e-01 8.317576872876961680e-01 5.467515883012552536e-01 8.184306417862409200e-01 9.624443839371827902e-01 -3.024515723550379453e-01 -1.515324899988380880e-01 3.634219757821210428e-01 3.349087048839895497e-01 6.882061855718557553e-01 -5.246132543561343037e-02 2.586874089691513778e-01 8.004764227933495180e-01 4.612669172580033949e-01
8.863651420640791256e-01 -1.233117915848200852e-01 1.086194704140063028e+00 -9.924350098347983762e-02 -2.821436738362093632e-01 5.178528311912501403e-01 5.581566367298799181e-01 1.147148680779049024e-02 6.291645531224614452e-01 6.160060402294230686e-01 7.191733333538147255e-01 -2.939702785522369521e-01 -2.603098777343265113e-01 1.644535065188356682e-01 -1.942404642504633183e-01 5.312197903035992264e-01 -4.881564632162625483e-01 5.537788136690113827e-01 3.963421631687957802e-01 3.795975172508810891e-01
7.711161822617851325e-01 2.291278842910332916e-02 9.269478956476229214e-01 -1.585671931222525088e-01 -4.214596632356512051e-01 1.017884831892080094e-01 5.550395493539718172e-01 2.247778562471700048e-03 1.138544171008869649e-01 9.686549560718726859e-01 5.346832476156729852e-01 7.201811081455969377e-02 -1.073219773767204455e+00 -3.152090153719953602e-01 -4.373920683035695256e-01 7.312812618090860362e-01 4.044549686538893851e-02 1.036297664714409095e+00 3.840865327561118758e-01 4.552922474523902752e-01
5.770120080474938629e-01 5.087855713633711655e-03 5.225735371865282142e-01 -3.043154501556494251e-01 -3.268625372668887419e-01 5.294069984933661432e-01 1.481933084483215424e-01 3.301196959289226518e-01 8.504620878265770068e-02 6.624416989266495026e-01 6.237198347432668655e-01 -1.367440853114212929e-01 -5.342330266434763830e-01 2.106807170407141994e-01 -8.425955634113110881e-02 6.204164929057638389e-01 1.733938633544236940e-01 7.771833924949816952e-02 9.680156274801728772e-03 2.891875210729661916e-01
5.575767522252499386e-01 2.698954751092518256e-01 2.968806284534039053e-01 4.582099373910810125e-01 -4.876911192381238602e-01 3.221001159897021737e-01 9.763629537829158211e-01 8.860458096902702474e-01 2.414677743524275833e-01 4.015074393902099970e-01 1.212412725801263580e+00 -1.183696959015386602e-01 -4.034576643474259150e-01 -2.432466976673988146e-01 1.020874339603526637e-01 2.103465784045887021e-01 2.175276045890079668e-01 5.308309171295990669e-01 1.033425234454371289e+00 1.201442826753047033e+00
7.170258166191715299e-01 1.784302331593421165e-01 4.288368838263715288e-01 4.408001047300464936e-01 5.871112893686673828e-02 1.422937280960251127e-01 -1.071364424075913063e-01 3.349398934947003803e-01 6.226636431672484262e-01 8.408583184002147437e-01 4.856830305822374405e-01 -5.200499880441677991e-01 -3.723079947419929980e-01 -3.723349391655519230e-02 6.647373514239149905e-01 8.289786286826630532e-03 7.764103400867662652e-02 7.317263102334330416e-01 -8.469311421334130285e-02 8.970736545493364078e-01
-9.081809295943765736e-02 -5.725168287411586121e-02 9.324693296333171066e-02 -1.206637772296152711e-02 -5.094597429811520417e-01 1.867555790213943356e-01 -5.037830082262467757e-01 1.443298314782808234e-01 2.297262053888418365e-01 -2.667735289163958301e-01 -1.243200751768942236e-01 -9.349898772753144627e-01 -5.921808838427506938e-01 -2.299679483476871344e-01 -6.512423908480047263e-01 -5.808236646539060022e-01 -3.883725498569350343e-01 3.696686533289060272e-01 -3.347263261240233656e-01 3.211625537120928464e-01
7.469010196526797429e-01 6.327460899944335748e-02 1.234510921191362964e+00 -7.160684723846516553e-02 -6.445258346773768965e-02 6.344067696544749557e-01 8.350540567544249004e-01 6.337304259252956040e-01 2.579620903937815957e-01 2.222074771371360669e-01 9.619542510711380778e-01 4.714001237792529997e-01 -5.437457169598254314e-01 2.382366998335609387e-01 -2.127484169697815564e-01 1.292050637487016651e-01 -5.764904123320356844e-01 3.578732580524428553e-01 2.863201707950627783e-01 6.948991814735431261e-01
2.993776831121713333e-01 6.774473950599931849e-01 3.293203780916411083e-01 7.840882017292477579e-02 -5.255910555035194776e-01 5.808113455855106189e-01 5.766856686346959471e-01 5.855561746693004332e-01 9.851230885781535607e-01 6.719582693521133354e-01 6.023008332202518522e-01 2.570295337581046113e-01 -9.254697351420381191e-01 3.092365311373542758e-01 -5.623095763282009302e-02 8.552286984059455088e-01 8.919730974524166245e-02 9.261014779333727187e-01 2.329357484974632908e-01 4.580247584905026148e-01
4.699030233761395947e-01 3.437000025321724217e-01 1.197012899132394059e+00 1.268547160531786067e-01 3.109792398630197297e-01 5.130316535039970427e-01 1.564252209044216246e-01 1.044774920738348101e+00 2.941037969935597629e-01 6.653633708214983233e-01 4.974522488223941385e-01 -2.110967585589937912e-01 -4.983743400573429350e-01 5.908064884608240641e-01 -2.252831071178983680e-01 8.061933877758248324e-01 8.283338814043764153e-02 8.056365107093214073e-01 9.395074613207514691e-01 4.459340017051508509e-01
6.328300663226915646e-01 5.834591076692076106e-01 1.687400452818990648e-01 9.521353892100539729e-02 -7.096358037424682630e-01 -1.646950476058060830e-01 3.802270166220248493e-01 6.098383848529047579e-01 -2.409875577309198158e-01 1.488321803544728761e-01 4.121664907787407905e-01 -5.986676658118217365e-01 -1.279281466839381265e+00 -8.287402710528039840e-02 -7.268020894572670976e-01 -5.650365439527493122e-02 -7.589222851614128018e-01 3.757247675735943537e-01 -1.104778686416283684e-01 -1.431679513997710929e-01
5.354849191588014756e-01 5.602135630138973532e-01 2.382354970618242307e-01 -1.589142121693501442e-01 -2.770894675576280330e-01 -1.336570612893089038e-01 1.474612216025267264e-01 1.313700519654145138e-01 5.705279316089461039e-01 -3.652130219945450701e-03 6.540774739501178381e-01 3.822513100759953875e-01 -8.904495681157200693e-01 -1.402639682241757155e-02 3.126305587494681015e-01 1.354077018253254661e-01 -8.563532976514561801e-01 1.023596944898615746e+00 6.996949693066216724e-01 9.915049741667549821e-01
7.668324335804922454e-01 7.746228430556492128e-01 3.194537175856479450e-01 4.156875774081534858e-01 -2.354306462127348509e-01 5.869591968888256961e-01 9.604009544003305754e-02 5.580287916628293710e-01 7.465386184507949441e-01 7.046948975005705718e-01 8.673383056174988059e-01 -2.463228969815886293e-01 -1.237974743538513278e-01 4.513221242061549177e-01 -2.858380386017688596e-02 4.518547491658688742e-01 -5.307222610430167853e-01 6.001790277539102991e-01 4.026368512293524438e-01 1.039136541578046913e+00
1.174589624292306844e+00 3.612131091835887875e-02 9.595502010975968110e-01 3.672324923836889354e-01 1.750798246187057761e-01 9.383503242803076239e-01 3.155923116866211076e-01 7.232186359202634751e-01 6.426261989747973358e-01 1.559231676181669912e-01 4.416376622028261867e-01 4.445415886263846539e-01 -1.500046159312402594e-01 3.971371606257749765e-01 5.068055021024182594e-01 7.433553778445309290e-02 -5.493970051739844873e-01 3.117960589198151000e-01 2.994612237460802517e-01 1.145874269444265403e+00
9.174476062339612659e-01 7.911528991529128696e-01 2.781982976395489526e-01 -5.407195034001046480e-02 1.266128393505780159e-01 2.044021875415424072e-01 8.088759576048885069e-01 4.762286841623369904e-01 3.809242429034880306e-01 3.302617013981622440e-01 1.013646262264493503e+00 1.305235022529170896e-01 -5.493359884308285368e-01 4.303489032613716514e-01 1.912375770749670800e-01 2.273926582558937759e-01 -4.968456773401117021e-02 4.262898826007386344e-01 4.695501356723133513e-01 4.205210405999314505e-01
8.975470188440809460e-01 6.032862206811685502e-01 6.578344884189841757e-01 -2.444610932328440123e-01 7.599028460384141259e-02 -1.378243183167059994e-02 2.427435519443023049e-01 2.202307766816260781e-01 3.602960553138748190e-01 4.261626252439380536e-01 8.381498671220044550e-01 -2.429919530002860872e-01 -2.600251117398775236e-01 -2.497945869915560446e-01 2.974683531483536258e-01 3.957125726494523654e-01 -4.907708725453605592e-01 4.364332076711147645e-01 2.384248903384754426e-01 6.117772813403615784e-01
4.243712237993568781e-02 -1.827066130995990689e-01 2.695962306427654442e-01 3.199035103883417497e-01 -3.585377903462080851e-01 -3.077004615779332375e-01 -8.542629776202115277e-02 2.649218261543006547e-01 5.696467899762092113e-01 4.118803681701464492e-01 7.551712717326736213e-01 -2.650195163873056425e-01 -9.095197040258576893e-01 -3.157810731417382555e-01 -4.572046543677769082e-01 -1.566841306902378578e-02 -9.053799041432293304e-01 4.506160059073543445e-01 -1.769570578778421888e-01 7.533337586371062766e-01
6.160799274199858511e-01 2.909177074552909970e-01 3.260203454237152187e-01 -9.165583634185070494e-02 -6.963870732406222119e-01 1.343671592603240816e-01 2.780097903209970966e-01 9.003732605446451709e-02 4.784706279850381994e-01 1.380474212938918588e-01 2.521878682583371112e-01 2.257602125395932469e-01 -2.989278881277813715e-01 3.251010382019741685e-01 -5.167535785346469845e-01 -1.087404860239489790e-01 -2.425173814749017054e-01 3.503120192822739010e-01 7.994040720531989663e-01 7.866700870459896189e-01
4.505147292719866026e-02 -1.280754525519640086e-01 3.629742804829682035e-01 -4.133798923887324617e-01 -3.268307515985630074e-01 1.472675498818904194e-01 5.394986183936308910e-01 -1.157519005250508548e-01 1.692856177162103126e-01 7.903471988230260925e-02 3.598578580292300932e-01 1.542791251798193986e-01 -8.108168924282235235e-01 3.765027324721918062e-02 3.082616670328012232e-01 -1.097420406644429858e-01 -6.877721491050879481e-03 3.221875381014563389e-02 5.695013653493905537e-01 7.461427089213646946e-01
7.687536656350762998e-01 3.378304518122146050e-01 5.680868191657424404e-01 1.129490313138961644e-01 -5.947751007655623923e-01 5.126176776437437743e-01 4.918916441624792690e-01 1.807517663748600678e-01 5.046973949439184093e-01 5.742361508921230984e-01 9.424657588739879799e-01 -1.276888865186153951e-02 -4.623739067428671579e-01 4.480844890909814748e-01 -1.006316372240148443e-01 6.250949047862223162e-01 -5.177151814296629961e-01 7.889661684417351717e-01 8.876961337512856431e-01 7.539904807557148425e-01
8.212525511016198765e-01
1.209663812592697285e+00
8.424254609330399379e-01
7.974509700025724790e-01
1.602430038979688165e+00
2.975401597400836318e-01
-1.093079488529865168e-01
1.199102114470522507e+00
1.317692959280785336e+00
1.331317614490148182e+00
9.172341249082226478e-01
6.528473767670688321e-01
9.486936864081773058e-01
1.444681903820268509e+00
1.450208707593041657e+00
4.546483148027730681e-01
1.922056836276296587e-01
1.017132662296763357e+00
3.407529628520715725e-01
1.276615744924514795e+00
ReLU
0.2
20
2
8.117906645929238163e-01 2.690852539724430392e-01 8.091928380340815963e-01 -7.770322908389946936e-02 7.465408495712655412e-01 -8.612754038503778187e-02 9.336862102698212373e-02 9.058897783115408275e-01 7.524622755837001575e-01 6.527739922190092248e-01 4.373463739602146405e-01 8.086217159914184105e-01 6.343633008888915903e-01 8.417803758825588289e-01 6.548266324212623779e-01 2.015795252741677812e-01 3.703212033075168469e-02 6.331352287989168159e-01 1.327753862807780627e-01 9.281479323517269897e-01
5.103299027184933223e-01 9.015522966096444213e-01 3.366739936744340689e-01 8.142810532258397682e-01 9.421460730381204796e-01 8.260925839921023917e-01 -9.019209977908555775e-02 7.207069987355630980e-01 6.490705534976340951e-01 8.002665472485419595e-01 3.772843553215925183e-02 1.597187741915703230e-01 6.218393700320425932e-01 7.765322057874874950e-01 4.931113131854543696e-01 5.507214959873136806e-01 4.015476002717106030e-01 1.454701485642365677e-01 2.604850393858999524e-01 1.876755043455624605e-01
1.200022076583960651e+00
1.163626529332553616e+00
Linear
0.2

ct 2024-06-12 11:23:17.560572
