noname
4
4
4
10
3.070230691111056620e-01 5.754791982721066956e-01 9.817303991146100195e-01 8.532660024006110122e-01
3.005631030454187780e-01 3.631416752959605310e-01 8.913042693159144436e-01 1.861649871971156056e-01
3.912842161920464523e-01 6.193281228769283997e-01 8.880957220809595487e-01 3.611732060646747344e-01
1.324020855176086808e-01 2.398696315961600378e-01 7.983239950712710531e-01 1.975920321557488313e-01
4.079832611247019569e-01 9.073837282898665757e-01 2.427311105385963064e-01 9.651078596824028688e-01
9.363543326934906652e-01 3.333566031714673139e-01 1.144172826717477776e-01 9.260683890303799126e-01
7.432022986374332563e-01 6.540566860816950934e-01 3.707182567140057117e-01 5.581694274588631099e-01
9.789039841171287559e-02 8.598019830612420034e-01 7.693673986567618472e-01 8.815796388309627973e-01
5.761497278261985544e-01 4.219523915594891594e-02 8.365818577002462897e-01 1.752187420008340935e-01
2.945089061141468179e-01 3.273941344707929080e-01 3.834618758319923160e-01 5.526920281986037464e-01
7.915858895045380095e-01
1.367307727403859197e-01
4.331131615809626911e-01
9.037888714724007233e-01
1.428851513899563885e-01
4.528593688436660658e-01
8.482572559498502418e-02
8.924434134771325189e-01
4.254893781250230766e-01
6.826716762920845838e-01
ReLU
0.2
10
10
9.842457856318443943e-01 4.554737964830080088e-01 4.219647499150851466e-01 4.680829961059391753e-01 4.595121256150590527e-01 9.633741060374455545e-01 4.134626092958337829e-02 3.460749979565498347e-01 7.020212407430806989e-01 9.985509906557636928e-01
4.650093727646694708e-01 6.828927878232774473e-01 3.682180864676934950e-01 1.441430219288994952e-01 1.933737331328424514e-01 5.705734509217019745e-02 1.401383574115715458e-01 1.750736150099652111e-01 6.361455467495591432e-01 7.281391839418485112e-01
8.348841512875372350e-01 7.096930321328899227e-01 6.628867351003691066e-01 4.404443136471389852e-01 1.803009021297918846e-02 9.856286179912938650e-01 5.166889112301636944e-01 2.541191308182862985e-01 6.795827401676568513e-02 1.398933060890056312e-01
6.048389840567051090e-01 9.720583617858251646e-01 7.587242112960033147e-01 8.299591967966982731e-01 6.383726134010909714e-01 3.463960445241770492e-01 4.379738130800917562e-01 2.432846796007507306e-01 6.557133513171398143e-02 2.456539458626993966e-02
5.699799625127303093e-01 2.222825093440482513e-01 4.910738329341457487e-01 8.643250377744424728e-01 6.754665565486548395e-01 1.048442805090838981e-01 8.350871498212841804e-01 1.823693462024994494e-01 3.042778571393550680e-01 7.483022166832112854e-01
1.095080465384334900e-01 1.188822457318872150e-02 1.514153658755644782e-01 5.996610358418802411e-01 8.112746043417812247e-01 5.398226252230563516e-01 4.383405379800499047e-01 9.465152809996447703e-01 5.237478506170406556e-01 4.958842732471477888e-01
1.162576674871087512e-01 4.280487881866485989e-01 5.981053006178139730e-01 4.712697666409895181e-01 5.669924404444941501e-01 6.267214394357930596e-01 7.373938796217694991e-01 7.667948600531923065e-01 8.488547101529645422e-01 4.693118124125882362e-01
3.493190666318910509e-01 5.143505850935461421e-01 6.570757214250297906e-01 7.703491162510680557e-01 2.515334878711068534e-01 4.357134408540291881e-01 7.454045813846299495e-02 5.581563232301633981e-03 4.631841142695638514e-01 4.563098249308683574e-02
8.900253972244895895e-01 5.700444532536433906e-01 5.986795860390006219e-01 4.216761741039687372e-03 4.668838549799055881e-01 6.621000254184061795e-02 9.776248355290505510e-01 5.512449580414157113e-01 9.358553833630021135e-01 6.858818097681388393e-01
5.755155022744453674e-01 9.626269377899837609e-01 9.133801919923899559e-01 2.871218589003434740e-01 8.479017665986404717e-01 9.426028665182873967e-01 9.042751750192933313e-01 6.873744355703188536e-01 7.259516528726761564e-02 7.317670120092866215e-01
7.943113801978909372e-01
9.913186882981346315e-01
5.822117333599561295e-01
6.030368834220367624e-02
7.244806684358113813e-01
4.529535342504706907e-01
3.958543460969217165e-01
7.240293184227302170e-01
4.488699997818219600e-01
4.911606686921178300e-01
ReLU
0.2
10
2
4.265527344474756566e-01 1.457639725196827607e-01 8.873707148216003482e-03 6.522338680288992663e-01 9.220146555583438319e-01 7.505031161269284379e-01 9.151459255192327946e-01 2.233647337924005161e-02 7.019294949147351081e-01 5.098838228562805330e-01
6.192936222046552253e-01 9.902718703990086579e-01 5.862508490406315165e-02 4.896690402849090962e-01 5.105262303567397186e-01 9.785612467738498133e-01 1.311630788540968373e-01 9.062589644186535009e-01 5.422228595232201354e-01 2.990145408241425828e-01
5.092341190058737865e-01
3.351287123370241261e-01
Linear
0.2

ct 2024-06-12 18:17:26.973817
