noname
4
4
4
5
6.314830311460017942e-01 1.926611010103376209e-01 -1.836066043744257570e+01 -1.016447258339857385e+00
-4.640167159724627455e-01 7.449833087039795521e-01 4.135703987887707989e+00 1.556282656023127986e+00
-1.818666520812433296e+00 -1.288926977369152072e+00 -1.708818481433831593e+01 -1.536376239576514813e+00
8.454087404871155620e-01 -2.910287581228029191e-02 -2.430609113158504542e+01 -1.726878023332999001e+00
-1.197309806993193781e+00 7.668439767244310534e-01 8.780412195196563019e-01 4.527757193981983286e-01
4.862135376818659260e+00
-4.654275112368330802e+00
2.023157142870422920e+00
-4.516598620743758730e+00
-2.101275173775414729e+00
ReLU
0.1
5
5
9.085452887241740605e-01 -6.657632007150650344e-02 -8.345038102046489215e-01 -2.737481744277443951e+00 7.044217837846464825e-01
-1.125428628318759339e+00 -1.558338441855983802e+00 -9.322440423510593988e-01 -4.163122097661810517e-01 3.970556225444381027e-01
-1.968381456509074479e+00 2.122330682120115719e-01 -4.521926635795465721e+00 -4.849329526930798995e-01 7.157680483385664427e-01
-2.648521590470239495e+00 8.407691407183548460e-01 -2.953678543898617281e+00 -2.698021747428868800e+00 -1.099133492430051762e+00
-5.879371071868182835e-02 1.625326269364170351e+00 2.120769242824308617e-03 -1.244714524145122958e-01 1.091073120679583397e+00
1.597713492929963452e+00
-9.462591141801601768e-01
2.461311635589902291e+00
-2.976627910400538646e+00
-1.645031976333979906e-01
ReLU
0.1
5
2
1.186316139961242078e+00 -4.543303550441756822e-01 -1.307402707203694225e+00 -1.649271837361662441e-01 -1.506154338868833514e-02
7.880327572980404538e-01 -4.100288062643797082e-01 -1.770280859135982876e+00 1.502559178410693419e-01 -4.400319551012634584e-02
2.650891721065796514e+00
4.590156204539900031e+00
Linear
0.1

ct 2024-06-16 17:24:40.784852
