noname
4
4
4
3
-1.094565390395791926e+00 9.388497965832033332e-01 5.773969483901987054e+00 1.134898672283370102e-01
6.016307215440800382e-01 1.726930821768107860e+00 6.543626701887437669e+00 1.856457744301647894e+00
2.147480780731992667e+00 1.201866949367196957e+00 1.351121001704497671e+00 1.986364800589410784e+00
-2.100455377178743976e+00
2.357723782857260808e+00
-1.313869624997652030e+00
ReLU
0.1
3
3
-9.315768949648522979e-01 -3.166766724809646494e-01 1.630827997137007657e-01
-9.190898578079655934e-01 -6.211954175342673801e-02 -4.051383540128230751e-03
-6.181075750421607395e-01 -8.829156520051442136e-01 -9.789121958555316305e-03
-1.621693599852688517e-01
-4.464374672246844422e-02
1.576724910062719420e+00
ReLU
0.1
3
2
3.839377460958134369e-01 2.467471855728729443e-02 -7.434462305211537725e-01
-1.762020851366063734e-01 -9.735218543629894916e-03 -7.933105964114729458e-01
3.715220871596032648e+00
3.445399464230406661e+00
Linear
0.1

ct 2024-06-16 20:10:06.646170
