noname
4
4
4
16
-1.578252046109586804e+00 1.436399899562283755e+00 5.290282315865497687e+00 9.173632238832388763e-01
-1.171439248512455844e-01 3.097595070431048425e-01 1.187943512577162686e+00 1.719752748329684555e-01
-4.862079309584850517e-02 2.991028750219130394e+00 6.334522557569069789e+00 2.437437945353130520e+00
8.606843825510110957e-01 -1.134308922228073335e+00 -5.929676388759513195e+00 7.386935928585644517e-02
-7.076992769998251553e-01 7.076085833209737608e-01 -7.270059244527267150e-01 -2.779451764042333295e-01
-6.334183555797347209e-02 3.440937455309710513e-01 4.319428682553193566e-01 2.545482656100854224e-01
4.513163600226323346e+00 1.985200715284660244e+00 -5.366288601271084202e-01 3.034806466618127807e+00
-1.892631519089139847e+00 2.319021037911622507e+00 8.169915650523881467e+00 1.487733206053386104e+00
-7.457986314886540236e-02 4.087103137264802566e-01 -1.911679605092000689e-01 3.359485662508485126e-01
-3.911274883385941759e-01 3.157288091285265774e-01 6.992098144514140579e-01 2.223990349464914085e-01
-2.090205945346603755e+00 2.208855985729853533e+00 2.437103599488257721e+00 -1.764086616366202787e-01
-1.831832968921323079e+00 2.925946892246529263e+00 3.474556974516127550e+00 7.933107199981621616e-01
-1.346324606779872868e+00 1.416739448682725611e+00 6.246727993686755021e+00 8.520390695382579205e-01
-6.675965291884915498e-01 3.778727935576635666e-01 -1.365690575776253302e-01 1.885952867971881775e-01
4.088641803320980372e-01 4.227300395435593661e-01 -1.590393448715651470e+00 4.539298041426603203e-01
-1.647041746257949413e+00 2.173840407466046454e+00 1.155594955965400139e+01 9.347277212935940494e-01
-3.842562499218979521e+00
-1.012923194714345332e+00
2.592314029822397448e+00
-2.635497623568801906e+00
-2.629961764992343021e+00
-6.915949968654641067e-01
9.398700554252970019e-01
-4.178810259645399761e+00
-5.791395312257420214e-01
-7.030508674486642962e-01
-3.255459199200814613e+00
-1.508612463257189340e+00
-2.637136422109022327e+00
-4.130185180162656011e-01
-1.357208917140884763e+00
-5.136468151184459430e+00
ReLU
0.2
16
16
-1.521476079495664713e-01 -2.125140025195627613e-01 -8.678120115128119538e-01 4.018621449829875569e-01 -2.756646564047556813e-01 3.486200316936135524e-01 -1.558955842322739427e+00 -2.128522466551160952e-01 -6.221489290140003181e-01 -9.741675911290439416e-01 4.604986691264207899e-01 1.016879553230778832e+00 -3.242898078213097168e+00 -1.727855056584171878e-01 7.242345102957888081e-02 -5.104795991963306800e-02
-1.801804770775865538e+00 -8.713273681989252006e-01 -4.132023287400804490e-02 -5.350730035995958644e-01 4.359371151307712133e-01 3.883252426618282738e-01 4.678340484916909681e-01 -1.300458116284456622e+00 -8.715678078248320637e-02 2.226884088834809594e-01 3.722985861961941589e-01 1.971561998515658942e+00 -2.049586649155796358e+00 7.209151207015300489e-02 -7.599005383767816479e-02 -2.443209052868233311e+00
-1.700638469055495983e-01 -1.093340407029701256e+00 -8.184125949258505006e-01 -2.761292479993839311e-01 -6.112186691655752124e-02 -1.671909922623415479e-01 4.595981631149123059e-01 -7.873977942813957798e-01 3.308349301635581385e-01 2.215780341790728469e-01 -2.732351868049150978e-01 -6.839076186887618203e-01 -1.787757316732972779e+00 1.052341481421131125e-01 -7.848174938296211822e-01 2.131860648213855236e-01
-1.585666989348840872e+00 1.274972093704485887e-01 -4.403171136634292937e-01 -6.598749180434944073e-01 -5.853467610352899170e-02 -3.898731812484946824e-01 2.078386461926683693e-01 -2.576502815271114688e+00 -3.976417102414919191e-01 -2.804236625000061656e-01 -2.351814818038993338e-01 -7.483595416917354637e-01 -3.540684440596031379e+00 2.910888165190130272e-01 3.202891779144408924e-01 -1.541697621178978128e+00
-3.157523343992485465e+00 -3.059216521519107501e-01 -1.405349199232224233e-01 -2.675493876127880144e-01 -6.802327169184237132e-02 1.350900424427506907e-01 -1.321723527493385564e-01 -1.861867345610771052e+00 5.562989202092806229e-01 2.422087744304977641e-01 2.824174987865271103e-01 3.521926493574146777e-01 -2.355646175432976719e+00 8.431324024497928449e-02 1.305328441068518419e+00 -2.969841843987167884e+00
-3.177276713580768908e-01 -6.858748982449446308e-01 -5.126870259044732592e+00 9.672376786952386896e-01 -9.582745174263859189e-01 1.348702305824756864e-01 -7.934550544265314143e-01 -5.055553759800852642e-01 -3.077873116394062580e-01 5.072090202694370942e-02 1.145329310179408644e+00 7.600202408728872205e-01 -2.473369662427782778e+00 4.002612386542569456e-01 -1.346657137406002347e+00 -7.584671991165290450e-01
-1.195426360851449932e+00 -4.418100159895444468e-01 -9.432732336903002501e-01 -5.371623000258315406e-01 -5.726032466804437115e-01 -8.080303645571410565e-01 3.741380587545140579e-01 -2.512557067305930314e+00 -6.172859961711442134e-01 -1.241534238289186964e-01 -3.782720328808963361e-01 -1.491223435923060059e+00 -2.730753986116231768e+00 1.950992990444779807e-01 -1.926737145663135475e-01 -1.785494696808147097e+00
-1.036376937728718861e+00 -3.751107094912282669e-01 -6.639296314257102649e-01 -4.607480843104174162e-01 1.466606410568001978e-02 -5.379854238423027041e-02 2.796949724064758391e-01 -1.963787379041111114e+00 -1.844408960345523818e-01 -6.572808007645596362e-01 -3.825957943998429256e-01 -4.899105069780955168e-01 -1.970883206379505648e+00 -8.389189158295048965e-02 -2.274135114896624066e-01 8.351685777875618921e-04
-1.250345786000361281e+00 -3.200262652245894901e-01 -4.788742884885511253e-01 -3.813657290318395732e-01 -3.054624254755520796e-01 -3.249746727909937904e-01 2.501722973601013811e-01 -2.667753913590218851e+00 -3.584662450969055558e-01 9.710777633131841002e-02 3.131365414092393551e-02 -2.548222257419798242e-01 -1.804469219796199120e+00 2.789890585580981908e-01 -3.171401023439547329e-01 -7.239320195254510537e-01
-1.116903038985417984e+00 -7.075253198065853955e-01 -2.861642276244877880e+00 -5.812379970335588286e-01 -8.505892556801355475e-01 3.423935898464531280e-01 -5.575065551079769754e-01 -1.111758458394543680e+00 -1.749591262177485618e-01 -9.076391133014292123e-01 1.616278639785631022e-01 -7.941508159052526050e-01 -2.910321112418648326e+00 -4.989943073371976290e-01 -6.762866340144493282e-01 -9.514751176727076487e-01
-3.106182616367906490e+00 -4.146784490645711307e-01 1.866183958139496779e+00 -1.182350613641764303e+00 3.005774605046548920e-01 -5.888625975627078540e-02 1.443672300014076093e+00 -1.091146066357483901e+00 4.889467780990265910e-01 5.767414172629523744e-02 4.302718848903775428e-01 4.429438846816107778e-01 -2.121774032535331589e+00 1.478720583293038626e-01 2.754737452261454278e-01 -4.208048987682011521e+00
-5.289352703233961561e-01 -1.222678159300780276e+00 -5.708315765064139180e-01 -8.619648878106054291e-01 -1.392265147004799752e+00 -7.442509274923462259e-01 -8.619925977796030203e-01 -8.236348373190784944e-01 -2.712011143633167864e-01 -8.701946495465620046e-01 -8.389524053998663744e-01 -7.205379511908018841e-01 -8.022808691250652435e-01 -6.385320914697046879e-01 -1.089597382819801119e+00 -5.579538167684964245e-01
-4.698558704044631940e-01 6.300036379397183639e-02 -6.619358222005683468e-01 -5.325969333342597256e-01 -6.205460254521284469e-01 1.277072578710946038e-01 -2.819711165662907026e-01 -1.394135117072955676e+00 5.866570882805165477e-01 -4.754040683442517512e-02 5.858781595549057697e-02 -2.443266831993456123e-01 -1.888438867528584586e+00 -4.150313042238913952e-01 5.550581978669739680e-01 -3.805309360077904768e-01
-1.810500772468660591e-01 -1.261962046154391004e+00 8.222959109872489750e-03 -4.028777112888009548e-01 -9.944311163814195664e-01 -6.090541495156106544e-01 -3.718058824350310015e-02 -3.569265606400814916e-01 -8.186778371013652134e-01 -6.270318321332860600e-01 -3.614866949028199827e-01 -3.103846326511657261e-01 -4.078422068223084840e-01 -3.366219492280658754e-01 -1.359483319390356826e+00 -4.524660460850310484e-01
-6.066708893505686762e-01 -4.960519572030177432e-02 -1.882939830917384205e-01 -7.770567775926394694e-01 -1.979000303920963877e-01 -3.941269010004866957e-01 -8.375802886054280194e-02 -2.355507905711280436e+00 -4.960819052549807484e-01 -4.612105493268780498e-01 -2.693540714596874830e-01 -9.138767827860603266e-01 -3.578738498673823099e+00 -1.777132076018741735e-01 2.627703269136028030e-01 -6.769834242983165939e-01
-1.284866116950036607e+00 -9.158242624646072416e-01 -4.870966199694325427e-01 -4.119453074694763295e-01 -1.130642547592323854e+00 -5.412328705720680366e-01 -8.740477381487203878e-01 -5.848477850955036139e-01 -1.307350744915896978e+00 -1.007117232057996636e+00 -4.704778635616718718e-01 -2.094154487941148404e-02 -1.032473957382610497e+00 -1.287353832111037544e-01 -1.714095149554531572e+00 -3.053063733624536980e-01
4.605235057658135567e+00
1.961268734362323851e+00
5.451194518097138841e-01
2.453957954356378868e-01
2.014585379505220430e+00
2.004792495234119620e+00
2.360086698370589542e-01
3.687483994397790510e-01
6.106849435173858920e-01
-3.361684027522814922e-01
4.459270322136794640e+00
-2.433253260641416171e-01
4.865128015378155091e-01
-1.813261014304341501e-01
7.834703234216974788e-02
-6.530738041142795103e-01
ReLU
0.2
16
2
-1.528138137903760851e+00 6.764786180358453027e-01 9.297024248573380889e-02 6.159894053081638177e-02 6.547483673331908616e-01 -1.520119258642947502e+00 3.778285136254075360e-01 1.296000432679376424e-01 -7.617941163901424673e-02 2.346616043639094262e-01 2.559781601432797871e+00 -3.609328762348842368e-01 -1.997651437049333678e-01 5.083798175673297504e-01 3.058267014202795814e-02 8.225875437798289003e-01
-6.813562318046264554e-01 6.887818027429394308e-01 -2.297059368365917398e-01 -2.207195708296761927e-01 1.164897978407142543e-01 -2.358977664932178975e+00 -3.802501938335434151e-01 -2.152435456382776890e-01 -1.571899726523660057e-01 -1.297413898701997859e-01 2.986206688731561698e+00 1.228457823806607063e+00 -1.928829348534119303e-01 9.136615387250339726e-01 -1.113999162176008556e-01 6.414539309395518307e-01
1.215027297663744221e+01
7.202828472704086771e+00
Linear
0.2

ct 2024-06-12 18:39:29.850568
