noname
4
4
4
12
3.476892215842799505e+00 3.660872144574585985e+00 7.190752278497294370e+00 3.205132404978811689e+00
-2.827602173217849568e+00 1.524839734356347121e+00 6.706341487487431863e+00 1.018604797674681928e+00
-8.052085092280515388e-01 3.928731604466454974e-01 2.654563547305068738e+01 1.439436904366524272e+00
2.439634326547083010e+00 7.424687287976419192e-01 -5.050947502533136735e+00 2.147582257122752303e+00
-2.824669970773355576e+00 1.035422164146383217e+00 5.042091336724364714e-01 1.181264749388394319e+00
-1.054674848086857297e+00 4.829868853403543327e-01 2.846470323638427002e-01 6.675267265214384071e-01
3.495092448553139275e-01 -3.527063272671746019e-01 -3.069331772195249108e+00 2.465130808656984529e-01
-2.644988654064535982e+00 1.417149347976874862e+00 -3.480087345427323453e-01 3.500603945314207377e-01
-1.073951302284618103e+00 8.731317248897477734e-01 3.120348942003174919e+00 6.022785481343555514e-01
-6.680859772648763961e-01 2.423836609611024484e-01 -1.589453856407698762e+00 9.392719794150192203e-02
-7.634155409355438682e-01 1.366954233702174282e+00 -7.319687017505570603e-01 -1.644137879445677797e+00
-5.790968604401391939e-01 2.655365503854294484e-01 9.972478818972915771e-02 2.016693350713741339e-01
2.631151733010878235e+00
-2.995884658830979319e+00
-5.194881760849692220e+00
1.972358326233116313e-02
-2.320401120468476464e+00
-1.517493696016747329e+00
-3.299456316790378985e+00
-2.605114612615996972e+00
-1.584678801746876697e+00
-5.252006671453198772e-01
-9.328860895827640221e+00
-4.286346011146103807e-01
ReLU
0.1
12
12
1.129268939116063519e+00 -1.193513695818850140e+00 -5.438782860385660278e+00 -9.555534084410806095e-01 -1.596952666658526532e-01 5.158965396119786773e-01 -1.766263141184290175e+00 -2.307023221606955499e+00 -1.313291734270468192e+00 -2.837543716301931807e-01 -5.411954195950205437e-02 -6.672218958913176887e-03
-4.505873022580181297e-01 -3.461607711849326918e+00 -9.771267627790447108e+00 7.062467937813795560e-01 3.483250023645178217e+00 -6.151661466307834641e-02 -1.590378993515447315e+00 2.693329694850575162e+00 -6.002908759389081750e-01 5.447078152981600363e-01 -1.321193292310871792e+00 -1.000382013961931098e-02
-1.542665259199475392e+00 1.177607706841556495e-01 -1.200928436008775968e+00 -1.733047881981434613e-01 -4.945615714800313811e-01 -4.479941874494246246e-02 1.753547356513995015e-01 -6.715245809971226443e-01 -1.465792360084871904e+00 3.616281780604980733e-01 -2.832735458029478348e-01 -3.603278301974815329e-02
-3.536184100312235457e-02 -3.787409103167720115e-02 -4.264953681941693553e+00 -7.239718208240206732e-01 -1.077428160616986652e-01 -4.395883184929273990e-01 -1.428044196865429605e+00 3.866643040137123788e-01 -1.446622297805641999e+00 -2.918975768850995411e-02 -9.054340283104411746e-01 6.571365583156855150e-01
-6.870940067494115677e-01 -4.861379243720203025e-01 -4.322112225602448565e-01 5.050961555049863216e-01 -6.681391408122546727e-01 -8.251941915503816505e-01 -1.198714908413014285e-01 -1.030030411638895194e+00 -9.605208349075866625e-01 1.330273955632104710e-01 -3.382179770695454835e-01 -2.651079847449386295e-01
-2.617476417938867650e-01 -6.496065114506498483e-01 -4.218187947437402885e-01 -2.781385129695317093e-02 -2.931986685808864457e-01 -5.933645426213023100e-02 -8.791954970857941420e-01 4.867458964013240963e-01 -3.388125813917914897e-01 -6.427364664566873609e-01 -4.157723482011519422e-01 2.616641814165626689e-01
-1.199689006044952322e+00 2.598609658317413973e-01 -3.479258851952610199e-01 -4.121311412244399897e+00 -2.986100238191702577e-04 -7.457107832524192403e-01 -1.071616345936155179e+00 -4.530579319626336643e-01 -5.747336043811904771e-01 -2.410485115979798254e-01 -1.048575786101635376e+00 -3.585226424889157992e-01
-4.580528533517264300e+00 -3.129457062854266614e+00 -6.939080956644432696e+00 -3.370864282843880844e+00 -1.544486884622889855e+00 -2.292929991630088260e+00 1.003689610693772050e+00 -1.075194460132146812e+00 -7.216238464414612697e-01 4.449733636360149180e-01 -2.772901047742193814e+00 -1.891895924541751872e-01
1.546843329164333758e+00 3.897585679529284586e-01 -6.440154214037129066e+00 1.150571075532311083e+00 -7.231171088334747976e-01 4.329862700560136446e-01 -1.030554258642769394e+00 -2.175984074830415782e+00 -1.072689754612731416e+00 -3.567257057877712412e-02 -1.016013829129268908e-01 -5.894779364908733776e-02
-1.768324518590940198e+00 4.598611744902699611e-02 -3.938055620388694500e+00 3.535993389341988147e-01 3.697699654987036122e-01 -1.196711294877281645e-01 -1.528636480422489674e+00 -1.489742898398017656e-01 -1.170235369613634058e+00 4.002813519735292092e-01 -6.555226528125116525e-01 3.933420762562691575e-01
-6.877961549166359267e-01 -6.103192792003357958e-01 -4.796999097709627513e+00 -2.300123917392450146e+00 -8.241341386809514225e-01 -7.969507895293678201e-01 -1.936916113312171950e+00 -1.730777934073477908e+00 -1.010558358627395181e+00 7.136962803893602547e-02 -2.140147898928527859e+00 -7.400172890231174194e-02
-1.116593038851168895e+00 8.996694719096196557e-01 -4.855424678827960916e-01 -7.238269379507838996e-02 -5.357499493728899997e-01 -3.432664739948993460e-01 -7.274375237498847957e-01 -1.087277398286062624e+00 -1.516242571675918027e+00 1.522682658999805205e-01 -7.904731935287893085e-01 -5.340148763659934295e-01
2.948091332317159807e+00
-1.175629417438772417e-01
-1.621606994010860170e+00
-1.576771710310903574e-01
-1.370225465938830656e+00
-2.755838113226650732e-01
-3.269809137056770010e-02
2.269877598759583837e+00
2.831306659134148696e+00
1.352161546119226898e+00
2.747614588586362872e-01
-8.893391666064789924e-02
ReLU
0.1
12
2
1.695130174523190147e+00 9.440978915760513956e-01 -1.184294566879115829e+00 1.176711063945721086e-01 5.095838764631005491e-01 2.629773934166840799e-01 -4.291327919471663033e-01 -2.145631145324463418e+00 1.676516739856161120e+00 -2.065796742758067295e-01 1.397687960082239778e-01 -1.267910907859617908e-01
1.196975699258105319e+00 6.705474202785289828e-01 3.122395167017999462e+00 -3.015423401062010747e-02 -2.982084029024509864e-01 2.171471984409615308e-01 8.770446045729943588e-03 -1.648594274574920915e+00 2.056108568893687760e+00 -1.180250797663948470e+00 -1.051762202930549561e-01 -3.009698148621458014e-01
6.734635783315177093e+00
6.634270092130323704e+00
Linear
0.1

ct 2024-06-03 20:50:45.438766
