noname
4
4
4
4
2.688106173127067677e+00 6.968709958452456998e-01 -2.692991941613991802e+00 2.145441272085342632e+00
-1.058093096371476749e+00 7.248432551393940715e-01 2.501097224205432124e+00 8.945234893993629643e-02
-2.886249900139242097e+00 1.759765212307523585e+00 9.307180061043714758e+00 9.627805358843988248e-01
-2.881045352257489145e-01 4.145276623073663180e-01 3.397593156932113168e+00 4.685134054533872661e-01
2.367041798808025843e-01
-1.365356071894349821e+00
-3.604048260777932278e+00
1.168408125945471721e+00
ReLU
0.1
4
4
9.898652802210374801e-01 -4.131067075774181308e-01 -2.983581533164552102e+00 -5.818465604289374538e-01
-8.202714652532754336e-01 -7.333134007093379259e-01 -2.277679016727706951e-01 -6.320157957814163119e-01
8.323181160385691169e-02 -6.433062873292553219e-01 -1.874058502650928659e+00 -3.222029953409924485e-01
2.113515889080895827e-01 -7.285349814233920140e-01 -1.208482727691155167e+00 -6.710643556730179204e-01
-1.175012556766363431e-01
1.983340171201198432e+00
-2.453655607826633611e-01
-8.263166792015117501e-01
ReLU
0.1
4
2
4.140032596326300718e-01 -1.160564862961198651e+00 3.227773344531564836e-02 -1.324590309492047757e-01
3.777248065740398397e-01 -4.728420236404091703e-01 -5.454694118690994048e-02 -4.241249179019423304e-02
4.042054459991533122e+00
3.475950356186345847e+00
Linear
0.1

ct 2024-06-16 12:16:44.108433
