noname
4
4
4
5
2.615488798674431958e+00 1.605434364709348083e+00 -4.900841439135390942e+00 1.463348051791039106e+00
-4.531237488427406035e+00 1.494891859576823245e+00 -4.264844786977226576e+00 -6.160551044805230303e-01
2.807409964994139751e-01 -1.972061354762333352e+00 -1.102468039070592454e+01 -1.989106182147508228e+00
-2.217244046536124280e+00 7.162682338225986323e-01 2.457698990207849477e+01 1.247454606045680814e+00
2.112634432859618050e-01 1.184164491788036289e+00 -3.592098882537523519e+00 1.972152272644314697e-01
9.178725490473740312e-01
-1.396572054043284439e+00
2.822935641286323794e+00
-4.720006771531006784e+00
5.209113810024539326e-01
ReLU
0.1
5
4
-1.714536580259611309e-01 9.004773231150373092e-02 -2.211330680533127868e-01 -1.008838134251171192e+00 -1.107812908553048453e-01
2.514491398492045837e-01 3.229417164842581650e-02 -2.794668244382306987e+00 -1.545014072780741543e+00 -1.118865346518304715e+00
-2.843482587172597165e-01 -5.739019624771355410e-01 -1.961574173227107476e+00 -2.648557577479339287e+00 3.885158800623178532e-02
7.294509913564906078e-01 -2.123838733627157471e-01 -7.405066362869567875e-01 -3.240099165936843217e+00 -5.972367454409770182e-02
-1.170571085110866244e-01
2.465804975087440010e+00
-4.547615566802298281e-01
5.082282178192582656e+00
ReLU
0.1
4
2
-2.748850194075957432e-01 -8.275138610467226430e-01 3.650736507911958029e-01 1.417315984048280297e+00
-3.819993256922839253e-02 -1.087865224164275696e-01 4.134610873553817845e-01 1.095782253350325641e+00
1.984661496909119638e+00
1.937791466173411692e+00
Linear
0.1

ct 2024-06-16 19:12:12.602119
