noname
4
4
4
10
-1.960350150882198328e+00 2.174201562712655189e+00 3.116082561166326315e+00 1.397422650860579152e+00
-1.029199580316770168e+00 9.353000177657928571e-01 2.238021203540971893e+00 5.178159452679164110e-01
-1.044343905550694451e+00 1.045342605999046715e+00 5.264522151377763137e+00 8.984869224081695194e-01
-3.227387653597965755e+00 -2.754392292493352823e-01 3.625763263942756964e+01 7.782432316836215280e-01
1.794527079436270656e+00 4.936740024781188119e+00 1.407600466404277562e+01 4.172837416868283356e+00
-1.212815844474241178e+00 7.771484562631734150e-01 4.154073016721452660e+01 2.904478903525108624e+00
5.055842565109053277e-01 4.981361742515503011e+00 -6.690096905668466931e+00 4.880316381411229365e+00
-1.177190516950974208e+00 6.812227013796310349e-01 1.904285637402666653e+00 5.137098667313177991e-01
-1.383837304958278835e+00 9.862767681227477823e-01 -1.881627760793305182e-01 6.585109169427925124e-01
-4.363098907179788766e-01 5.868920144969052427e-02 2.732349614473613131e-01 4.550972144481023052e-01
-3.288104297328059200e+00
-1.876853870397872548e+00
-3.560924738132682066e+00
-9.777411195213796091e+00
4.223381142830416657e+00
-8.088222348108102366e+00
2.193540451732988936e-02
-2.405097510913125181e+00
-1.288510817675434961e+00
-3.146595657935541190e+00
ReLU
0.2
10
10
6.010541212822920892e-02 3.477702153011148489e-01 6.236599116225581829e-01 -5.195197981081552285e+00 1.391374309766480799e+00 -5.235186829193728464e+00 1.145864322183748341e+00 -4.734387097819713341e-01 1.621655719020620723e-01 -1.149458460300384122e+00
-1.452114902776301952e-01 -4.790589882093122531e-01 -7.390733434368297328e-01 -5.476990912463812755e-01 -7.947466687414136643e+00 9.592714907095714061e-01 -1.037483260968472099e+00 -9.480387666961352655e-02 -1.564119263252075953e+00 -9.148229047636424749e-01
8.159950672471228961e-01 3.391963428912533884e-01 -1.923947855366650472e+00 -1.338277808735409247e+00 -3.333152822354703115e+00 -2.949113491358738237e+00 -1.313062508883457769e+00 -9.182845404562298697e-01 -1.955576454039981704e-01 -7.681906305327492746e-01
-1.171371685657696782e+00 -7.675655936619373287e-01 -1.577645682226036961e+00 -1.114952059693440800e+00 -1.209884085551906630e+00 -1.906848393219123139e+00 -1.390071625986793569e+00 -1.152695119783181399e+00 -1.583220499485836541e+00 -7.902517057556766034e-01
7.932611968946103875e-01 5.733742202118018438e-01 -1.076131706206071792e+00 -1.373066056047393069e+00 -4.235767794071289671e+00 -1.821854494624655763e+00 2.253404413023622155e+00 -1.092018411221751473e+00 3.939443063388479715e-01 -6.998461087943690373e-01
-3.878613064581551417e-01 -6.173540759702457192e-01 -6.826826179852927279e-01 -8.893228634930898657e-01 -2.076613042998811387e-01 -1.037511701442040746e+00 -8.934352169452662862e-01 -1.338866206505987977e+00 -8.191866686926276842e-01 -1.321380193326526786e+00
-5.634103440972669796e-01 4.374199279010552166e-01 -1.298013915754207437e+00 -9.857424208518251740e-01 -2.655703337096718908e+00 -5.439988644197486511e-01 2.410113252996670119e-01 -1.012018482765696836e+00 -4.267901104359269615e-01 -6.210147837514763403e-01
-8.903036642167841963e-01 5.591232713812162025e-01 -1.270208352181412037e+00 -8.961108402552839802e-01 4.230296944336028875e-01 -9.778437223392989708e+00 -8.183153196230945337e-02 -8.218900548904828351e-01 1.094827214202702681e-01 -2.628709947720673235e-01
-2.198598302151280048e+00 1.246872542512735688e-01 -1.610316129626296666e+00 -1.741015322711902402e-01 -4.589482944846068335e+00 -2.343205247725413665e-01 2.448660819222196749e-01 6.826506380802924157e-02 -4.881313540133300766e-01 -2.582330623608867781e-01
-7.278972825040839201e-01 -4.123274619530339358e-01 -1.209126199531238344e+00 -1.620613128220808941e+00 -3.684549584315521265e-01 -1.722926795007651224e+00 -6.772373494179757536e-01 -1.068395235912100061e+00 -8.598726717933099506e-01 -9.723587921829789371e-01
3.523362940391656206e+00
-5.019403355683534906e-01
1.467743862617421513e+00
-1.014281844497502805e+00
1.680939272100769877e+00
-3.249003227470320110e-01
-1.065363605770824895e+00
-1.283291060975513542e-01
-1.148544014401406299e+00
-3.620928186065622278e-01
ReLU
0.2
10
2
1.368390605813856853e+00 -6.861015208209340077e-01 -1.565030529421609140e+00 -4.297983737523409231e-01 -8.591587161661341510e-01 5.760395436002897496e-01 -7.278521416908159125e-01 3.917483911312092393e-01 -9.589549524456557617e-01 2.553480612247722159e-01
1.418942019583033787e+00 -6.658206546936964454e-01 -1.182559871904677262e+00 8.550778705236432575e-01 -6.835327672892456130e-01 6.550508720512711325e-02 -6.754168678241592172e-01 -2.628496842077767681e-01 -3.137873394213534506e-01 4.231972789257210654e-01
6.225903929152296179e+00
5.544311747204149654e+00
Linear
0.2

ct 2024-06-12 17:18:29.134961
