noname
4
4
4
6
1.615255034585258764e+00 1.371336948647017939e+00 -2.116441291804905589e+00 2.248497170737650208e+00
-2.702836308054396230e+00 1.325833950177245812e+00 1.159991022270975947e+01 2.159573207407222029e+00
1.914352850751032564e+00 2.102466688632617764e+00 5.243407904796092645e+00 2.679496699330235820e+00
-1.194680660626167512e+00 1.381785225678957563e+00 1.785286413271679606e+01 2.227932056304418040e+00
-1.638581997503494980e+00 9.901161356544760928e-01 1.738648723334898172e+00 8.168187424391418761e-01
-1.570175745474332807e+00 1.028456416089187142e+00 1.349341088486560025e+01 1.234242389563330322e+00
-4.533768239534547440e-01
-2.421977452756290283e+00
2.720891195935725815e+00
-4.047994532980776938e+00
-1.807227639198385027e+00
-4.533090475184561541e+00
ReLU
0.1
6
5
-9.943514103183519193e-02 1.980638600942389527e+00 3.388670683514425352e-01 -2.451735079319091959e+00 7.836961074137742678e-01 -1.523578498060926378e+00
5.404468769110781778e-01 -8.951271364435230415e-01 1.513858219746159861e+00 -3.996207195666495959e+00 -1.053087750958373175e-01 -6.217310677280058151e+00
1.633900942599712455e-02 -4.391795644814652788e-01 -2.050179494976577324e-02 -4.790745828906110559e-01 -1.325734330004692541e-01 -1.871366460748846272e+00
-3.582685117408160869e-01 -1.996260686866271894e-01 -2.139137655089088652e-01 -2.193505230858764365e-01 -3.928755516809624981e-01 -2.775648618822765812e+00
-5.282397730665470970e-02 -3.993975442242365670e-01 -4.907084862598361935e-02 -4.261277377079529527e-02 4.639409130160412342e-01 1.232920620276479196e-01
-1.122342854329677175e+00
3.714274189516818953e-02
-2.707378340496071067e-01
-6.076995888674205926e-01
-8.222000731604237056e-02
ReLU
0.1
5
2
-3.405213966878067877e-01 1.023546376447115991e+00 2.041574792603088051e-01 -4.385739289692146964e-02 -3.552823493532113880e-02
1.960869710567176849e-01 1.082204143095804039e+00 -6.990929492562542036e-02 -8.633195963737189116e-02 9.099084897821946294e-02
3.161899711174777750e+00
2.680895033926794291e+00
Linear
0.1

ct 2024-06-16 18:39:49.594400
