noname
4
4
4
4
9.610032592812748353e-01 6.253684854069474497e-02 -9.997633542323249856e+00 -1.046461851022591816e+00
-1.028419848883520560e-01 -9.989658956206487472e-01 -2.651748612774414426e-01 1.665814126238416515e+00
-1.420598648823858112e-01 -1.264332071644553301e-01 -3.580526397995470944e+01 -1.285851896576639453e+00
-1.990368484615973044e+00 3.504430081656510487e-01 5.928480767672051677e+00 -3.978809474832860349e-02
2.892791456605594114e+00
-6.460930233365565378e+00
-6.494096290614753464e+00
-3.501036646606735747e+00
ReLU
0.1
4
4
-2.279586438056810382e-01 -4.415979673534427552e-01 -1.422579781114649222e+00 -5.618529037354941247e-01
1.190245638266796302e+00 -4.370783265645954846e-02 -4.077611737550031812e+00 -2.279900310733311564e+00
-1.385058963069196514e+00 -3.508124348019167282e+00 -3.451309505148487222e+00 -1.535277593107340355e-01
-2.470571563535433890e-01 -2.070129636082225222e+00 -4.327495518453709167e+00 9.561068229916257488e-01
-5.406950696074425133e-01
1.094721871510222044e+00
1.893306920104339319e+00
1.136181642136750325e+00
ReLU
0.1
4
2
-3.857546132781982107e-01 1.732167851697435701e+00 -1.239514127994306270e+00 -5.970364142357963422e-01
-8.315205251647765639e-02 1.863985919600894547e+00 -1.604429125327597960e+00 1.289939106798908275e-01
3.859132486998902323e+00
3.775928274583144617e+00
Linear
0.1

ct 2024-06-16 17:44:13.506202
