noname
4
4
4
4
1.156905886676352635e+00 -1.434788858263574655e-02 -1.394710272643450288e+01 -8.355099933318990146e-01
-4.140061368116472185e-01 -7.480624578211454712e-02 -1.804266169242278783e+00 1.668762133873968601e-01
2.361090319647603408e+00 -1.207736288679531755e+00 -2.595741256363731964e+01 -1.975298625801330088e+00
-1.990368484615973044e+00 3.504430081656510487e-01 5.928480767672051677e+00 -3.978809474832860349e-02
4.997243085104604354e+00
-1.431682742877078418e+00
-1.994136231755256450e+00
-3.501036646606735747e+00
ReLU
0.1
4
4
-2.279586438056810382e-01 -4.415979673534427552e-01 -1.422579781114649222e+00 -5.618529037354941247e-01
1.711499938464403403e+00 -8.196355025092279603e-03 -2.038849612468792039e+00 -2.279900310733311564e+00
4.641277225617286284e-01 -5.498301911047379642e-01 -1.769555076144217809e+00 -1.535277593107340355e-01
6.238192849444844645e-01 9.561068229916257488e-01 -1.932864057769345667e-01 9.561068229916257488e-01
-5.406950696074425133e-01
8.573465977239077551e-01
3.006204461746868173e+00
1.776741514059434035e+00
ReLU
0.1
4
2
-3.857546132781982107e-01 1.549796094063500718e+00 -1.711247996701995566e+00 6.858335092750655893e-01
-8.315205251647765639e-02 1.421101412064721181e+00 -1.609781864595910772e+00 9.309705052957610860e-01
3.635521623467601326e+00
3.109078457617204361e+00
Linear
0.1

ct 2024-06-16 17:43:35.331759
