noname
4
4
4
4
1.270077992850089155e+00 -1.557297587735954059e-01 -1.273159107316006633e+01 -9.291459513578149698e-01
-4.140061368116472185e-01 -7.480624578211454712e-02 -1.804266169242278783e+00 1.668762133873968601e-01
2.303542909976208808e+00 -1.074988065356492717e+00 -2.840686846707192714e+01 -1.536226614718970485e+00
-1.990368484615973044e+00 3.504430081656510487e-01 5.928480767672051677e+00 -3.978809474832860349e-02
4.652978814023123633e+00
-1.431682742877078418e+00
-4.291946363901235628e+00
-3.501036646606735747e+00
ReLU
0.1
4
4
-2.279586438056810382e-01 -4.415979673534427552e-01 -1.422579781114649222e+00 -5.618529037354941247e-01
1.411779638519562452e+00 -8.196355025092279603e-03 -2.938301451070444603e+00 -2.279900310733311564e+00
2.684763187568514065e-01 -5.498301911047379642e-01 -2.948319990895625242e+00 -1.535277593107340355e-01
3.110100043522598945e-01 9.561068229916257488e-01 -8.786460954338742857e-01 9.561068229916257488e-01
-5.406950696074425133e-01
9.972840018570919840e-01
2.880160835435556343e+00
1.908071095695586861e+00
ReLU
0.1
4
2
-3.857546132781982107e-01 1.875134024936373933e+00 -1.888859908935379694e+00 7.022872397411196177e-01
-8.315205251647765639e-02 1.823255952525348444e+00 -2.005460732563581594e+00 8.520798513905268878e-01
3.429095748981499270e+00
3.823678348631490032e+00
Linear
0.1

ct 2024-06-16 17:43:37.525191
