noname
4
4
4
5
-2.690991835663140819e+00 5.084131562722371545e-01 4.584062580255801045e+00 -7.777516077455940424e-01
-1.160871965702650721e+00 8.493144992498108392e-01 3.094638293116440675e+00 9.654846738787490334e-01
1.029185454979362424e+00 -7.270633368882429837e-01 -8.133021196231654315e+00 -5.760848281111831115e-01
-3.420579908705209671e-01 -6.134418890305676220e-02 -2.538914164481569813e+01 -1.684193272510487116e+00
-1.021696379322476478e+00 6.830130007865654607e-01 2.368134433061837285e+01 1.733667201379153644e+00
-7.345121463348603719e+00
7.180314062806688824e+00
-2.462131176705620650e+00
3.180036176363131073e+00
3.926631028725716455e+00
ReLU
0.1
5
5
-4.971553527033613640e-01 -4.237049972621662608e-01 -1.223478185723263278e+00 -6.385114592083064311e-01 8.319096514221246963e-02
-2.784936316121233713e-01 -1.453477229470768739e+00 -5.477506526837769979e-02 -3.911977526091405810e-01 -2.397214950446179601e-03
1.656845219811364123e+00 2.341282392765877685e+00 -9.172753086056011362e-01 -1.775294806143571158e+00 -2.513708351645659089e+00
3.031017742493553602e-01 -7.745826701797450253e-01 3.031017742493553602e-01 -4.886151356537051793e-01 -3.984237831165794996e-01
9.406956861243598311e-01 1.975406143773687784e-01 9.406956861243598311e-01 -4.611962661916282902e-01 -7.060356974887833648e-01
-7.001551755442151359e-01
-1.246304839342026405e+00
7.026886775692185338e+00
-1.250092077351508069e+00
1.216535350093046697e+00
ReLU
0.1
5
2
-4.542403974736401451e-01 -3.219386445979590533e-02 6.872737673173049400e-01 1.746270838940520154e-01 2.585570632263913676e-02
-3.711838188930632887e-01 7.393468719439068478e-03 6.061141344889592331e-01 4.912304294360462231e-01 8.408461140167038453e-03
1.241005569575529766e+00
1.561818463296567039e+00
Linear
0.1

ct 2024-06-16 14:34:21.868999
