noname
4
2
2
4
9.997708042520002392e-02 8.323286793719002208e-02
4.339286189868361010e-01 -1.235889137479673772e-01
5.386591385515208108e-01 3.316196593078793442e-01
3.844668214358538116e-01 4.854170322941916971e-01
1.229782064342191672e-01
-7.496281154364418942e-02
-7.149486267071603063e-02
-8.842394305585715708e-02
ReLU
5e-05
4
4
6.215507614504598433e-01 8.114864841825755737e-02 6.665146336316621900e-01 4.863999799780140965e-01
4.139660511488743033e-01 5.751470316219708945e-01 2.788981152738306268e-01 5.470965886976422166e-01
6.112617348222983971e-01 8.400646562711473475e-01 2.630487625229487314e-01 1.168760692242560156e-01
8.534108076953754729e-01 3.566301877781420937e-01 5.815297846544756899e-01 2.148533792473416790e-02
3.448352755624665145e-01
7.046184137568479999e-02
2.764514859516061795e-01
5.977298859987990598e-01
ReLU
5e-05
4
3
2.585810148733699299e-01 3.254466976075217066e-01 2.920710971147231216e-01 7.695178444190012845e-01
5.385571382723665090e-01 4.041666215247191607e-02 9.742789586355207754e-02 9.361360200746007276e-01
8.025861632229015497e-01 4.340356184385825711e-01 2.721245968918029612e-01 -4.737563436670630401e-02
6.067862947431632570e-01
1.898145689458144714e-01
-7.924218707342253754e-02
Linear
5e-05

ct 2024-06-01 20:07:09.583378
