noname
4
4
4
12
1.069368881301138163e+00 -1.069285843179994755e+00 -8.241108834875628730e+00 -4.758027653234973564e-01
-4.228344745097949997e-01 4.705908393147131830e-01 9.285832932659168204e-01 2.169184824176271509e-01
1.197531403044547638e+00 -7.360667458532102470e-02 -2.073266438042486115e+01 -2.950736641451431885e-01
-1.179900842757632518e+00 9.318355510461359126e-01 -4.730041698354703894e-01 5.759000452820942639e-01
3.666819924257501695e-01 3.135146790802417205e-01 2.525701608190974445e-01 3.674121777429663060e-01
4.965710722145996736e-01 -4.001097641122765003e-01 -2.155387223585064405e+00 -1.238559132475622326e-01
-1.644483974695013506e+00 8.211958751727850281e-01 1.771002251834138397e+00 5.545433503809413800e-01
1.592589377728042876e+00 -2.817716585398372664e-01 -1.597533222819992815e+01 4.765273391602950492e-02
-2.415939373333559015e+00 1.327261163897797802e+00 2.764501602569227945e+00 5.878385957585188226e-01
1.227493873645838646e-01 -4.243495410523069611e-02 -6.154772839582743238e+00 1.182682079569681716e-01
-2.487070509837489674e+00 -2.108462711648976029e+00 -1.563716188147693842e+01 -3.289928998612374755e+00
-7.745204571368101698e-01 6.775352586345049222e-01 -3.947985393757523220e-01 2.500117748502690973e-01
-2.523445206525772200e+00
-6.547045210693828166e-01
4.531801632807495039e+00
-7.423689713473866636e-01
-8.408099133790061241e-01
-1.034778571209182152e+00
-1.568657087665742855e+00
3.096279349088499000e+00
-1.697113014598744307e+00
-1.206223834823963781e+00
5.878888625269144796e+00
-7.525646176032492196e-01
ReLU
0.2
12
12
-1.812907506608889774e+00 -2.855422298948949791e-02 -3.981287483204125621e-01 -2.371209185626940441e-01 -3.604454709174668148e-01 5.144959019651826893e-01 -9.709293059009771465e-01 3.459603610177118815e-01 -3.999454338723985036e-01 7.016922462803154570e-01 -1.475597960798821218e+00 -4.516533561495816168e-02
-1.335584715958374691e+00 -1.475025627185959920e-01 -4.718910229022692526e+00 5.386231601012996667e-02 -8.464893502224685173e-01 -1.323895408511977179e+00 -1.523060770034800893e+00 -1.745318546510808311e+00 -1.433455104310642936e+00 -4.184484493167598962e-01 -1.524889749218287571e+00 -2.106716170825438939e-01
1.751581444647642150e-01 2.569608816479903024e-01 -1.040983798882280098e+00 7.779428846172424528e-02 -1.060509998543549548e+00 -3.617131248407858268e-01 -6.754668664086321828e-01 -8.001657472039261920e-01 -1.330151446323190267e+00 3.390107422369637580e-01 -4.239098285113764852e+00 4.514125124876861572e-01
-6.863436142571164300e-01 -8.021658644378856229e-01 -1.060553026352491379e+00 -7.218557287139182321e-01 -4.489854894247722328e-01 -1.048909241999312236e+00 -1.369420134471200923e+00 -7.340136838478518166e-01 -5.765491435225271744e-01 -1.154529781710338154e+00 -7.315623520004135294e-01 -1.106745771611423068e+00
-2.647015371483325552e-01 -1.807306512062804849e-01 -4.493839015301334672e-01 -2.418438059374092286e-01 -2.256600046002344429e-01 -5.391890913134821384e-01 -1.188441525662528031e+00 -2.587581324492845836e-01 -1.010763550786755838e+00 -1.946884837699162651e-01 -4.197939817843695742e+00 -3.417529933121267183e-01
-2.610163471591457340e-01 3.020913663506906155e-01 1.017930677895229730e+00 -1.694344751279710792e-01 -1.722428980918768726e-01 -2.087401517779878257e-01 -9.251310594833795919e-01 3.275843868932853953e-01 -5.986326043536467356e-01 -5.154114937331265578e-01 -1.860938076193022539e+00 -1.319792760931590425e-01
1.175489838655676550e-02 2.113716104822681574e-01 -4.988743790008780543e+00 -3.356490949508209587e-01 -7.021220260490846909e-01 -1.124529259771033796e-01 -8.834350101713185355e-01 -2.486289071564103392e-01 -1.265476062662192813e+00 -5.530399531782301814e-01 -4.527881740904716068e+00 -4.482146602057117124e-01
-1.301176335795533268e+00 -1.051987746435095517e+00 -4.783718954637229959e-01 -4.492666992409058424e-01 -1.262614576143691325e+00 -1.194304295035535146e+00 -6.019152482858501907e-01 -3.254990027587555401e-01 -1.175757625308438303e+00 -3.312289673076802554e-01 -1.057325554316669525e+00 -6.707019003982203076e-01
-5.721419288871056885e-01 4.007157608549369865e-01 -7.519237706640881092e-01 -5.509003071970579313e-02 -8.342841965712738395e-01 2.170311387858038510e-01 -1.270414205336172442e+00 -5.994052706373537154e-01 -5.210552688498688578e-01 -4.142749807916646515e-02 -1.631687363748158814e+00 -6.041072666408979774e-01
-6.761761077357032468e-01 -1.701884129162374582e-01 -1.795719672328197625e-01 -3.473092285534908341e-01 -6.793768996489942813e-01 -6.892174432831476016e-01 -1.178257180060758635e+00 -5.304021612138747344e-01 -2.538375613102644354e-02 -5.765185700645946154e-01 -3.746049091044251766e-01 8.933587255040262992e-03
-1.761327219478465489e+00 -1.505496319883407041e+00 -1.794588741154056422e+00 -1.391835512806083086e+00 -1.141363575066121738e+00 -1.881953029855101711e+00 -2.189226462823910868e+00 -7.958009800811565171e-01 -1.054836351411337914e+00 -1.665539625463340556e+00 -1.347402989742059409e+00 -1.472963255921476255e+00
-7.744085950486701009e-01 -4.004695095584678843e-01 -1.246750038077828693e+00 -6.531360090023833331e-01 -2.826763384267827472e-01 -1.041547421017798625e+00 -1.258152871117814264e+00 -1.001146621269971421e-01 -1.402954781705724407e+00 -4.246920612324471267e-01 -4.931586562288888587e+00 -5.063130130422001107e-01
1.475722022508668019e+00
4.279632219385398173e+00
1.207829975390135147e+00
-3.625420337291353212e-02
-1.984023877592411278e-02
9.354746832691649416e+00
-7.017954780805854553e-02
-2.926094979724894185e-01
-4.538984939978139149e-02
-3.818642139158583415e-01
-7.189687611142362433e-01
-7.156831894224399138e-01
ReLU
0.2
12
2
-1.521059688422025935e-01 -3.464432860734695030e+00 -9.518025904061462317e-01 5.013991321889884611e-01 1.178687863830674420e-01 2.629528851742600981e+00 -2.084625238316612172e+00 4.279775149902707021e-01 -9.870180239800435684e-02 1.219558832404910254e+00 5.998833618104222332e-01 -2.351379206148120071e-01
8.911534226255714009e-01 -3.386189072697039393e+00 -7.589506584137767353e-01 8.837521115395264859e-01 6.630642462139380022e-01 3.017371665102680289e+00 -1.221867618167063352e+00 8.792712408229199639e-01 2.423316303481998779e-01 6.601893851519140544e-01 8.484560320443924608e-01 2.641829881273012326e-01
1.149685927288791731e+01
9.684038570408450397e+00
Linear
0.2

ct 2024-06-11 13:40:06.424607
