noname
4
4
4
4
3.928266193966186703e-01 1.798705523218953051e-01 3.494232797815022273e-01 6.482706993923692540e-01
1.401603499616431714e-01 6.651820058815627323e-01 2.191789408018164353e-01 2.644110427402116548e-01
3.810592790491944548e-01 8.493141999749111992e-01 9.157639201512903782e-01 9.564205769664111401e-01
3.863782130949998672e-01 2.193140967295258426e-01 8.399765939803032211e-01 3.046834489999025175e-01
4.023433703852321575e-01
2.261314878575937382e-01
8.704616640962811180e-01
8.483686486364815371e-01
ReLU
0.2
4
4
9.078896215151337490e-01 2.524543459467289974e-01 6.501822290001725291e-01 6.609013905035263647e-01
2.576067927819065684e-01 1.487028072402669654e-01 5.757159695078494233e-01 2.198077180526025742e-02
3.224002038123079394e-01 6.717971276116577739e-01 3.118634529623510732e-01 1.387314746474893612e-01
3.139605783662491323e-02 3.083340518853182610e-01 3.289515905984617961e-01 9.769544076203658944e-01
7.513406660963882766e-01
8.307648797080585679e-01
6.141768145394103096e-01
1.065816402294514909e-01
ReLU
0.2
4
2
1.997946097647995689e-01 7.643202716706525290e-01 2.404314083357068643e-01 6.681100332587905921e-01
5.909489819433815239e-01 5.781755640341205149e-01 1.703701814340707887e-01 6.033106054179424582e-01
5.450348222889522809e-02
2.570731610050898119e-01
Linear
0.2

ct 2024-06-11 21:56:59.295299
