noname
4
4
4
3
-8.755227568570271846e-01 5.355302133253124763e-01 2.112244711256485630e+01 9.988594865814196533e-01
-3.619202857149402264e-01 5.874386833013406362e-02 -5.721254476587773752e+00 -1.085779349629717033e-01
9.563573398927326386e-01 1.060025909016885093e+00 1.051713392769868749e+00 1.585903843078378062e+00
-4.289799246773507768e+00
-1.690662426710652477e+00
1.729112855534079785e+00
ReLU
0.1
3
3
-1.311812170718707815e+00 3.462308151304925932e-03 1.069144133860540774e-01
-1.829423481303978027e+00 -2.128261097618390218e-01 8.906394951490530509e-01
-2.976211744651792390e+00 -9.094962427433881391e-01 7.876630029851158232e-01
-5.983319383919043499e-01
-3.125828096172022508e-01
3.356316359318491926e-01
ReLU
0.1
3
2
-4.631792828252358912e-02 3.689702366893687357e-01 1.405105116789712616e+00
7.726063806168807779e-02 9.034129824510905848e-01 4.994768226557557700e-01
2.283260227860246516e+00
2.250044275157912388e+00
Linear
0.1

ct 2024-06-16 18:55:25.847980
