noname
4
4
4
8
6.019589309844636249e-01 -9.095955889290151253e-02 -5.766792494601963526e+00 9.654626347435005251e-02
-5.873796201973795900e-02 2.187151312000527870e-01 8.485844011700245659e-02 1.504580128330123556e-01
-5.260108821642016430e+00 -5.496097276106062246e-01 -6.094588042641669645e+00 -1.636210772986208761e+00
1.669159644601762915e+00 3.872355377067774551e+00 3.393942142622468072e-01 -3.206111813006484290e+00
-2.400700552996688497e+00 3.054059471869786657e-01 -1.273420810565126127e+00 -2.258380566464695538e-01
-2.202254133349016652e+00 -2.473250521803614266e+00 -2.706601882720466890e+01 -3.712047805782476395e+00
3.085427455819317100e+00 -1.197455734499053848e-01 -2.602175340716692631e+01 -5.118603801350942728e-01
-3.285893501796949834e-01 1.189439519143542068e+00 1.065905207839089464e+01 4.618000082115594207e-01
-1.474927937902130504e+00
-4.153826338478552316e-01
-4.064535798428908997e+00
-1.374425305545122633e+01
-1.814943439104477640e+00
5.923363148535012890e+00
6.119615112921158229e+00
-3.962066720304051159e+00
ReLU
0.2
8
8
1.468855391543192127e-02 -7.194343589237348069e-02 -4.903958582044586345e-01 -1.635484685974207375e+00 2.366143753518563653e-01 -1.613705339992573373e+00 -5.978372841973498275e-01 -2.139632137103880449e+00
-1.060591773312218322e-01 -5.711388208244622122e-01 -3.203715231734985402e-01 -9.547682571992262002e-01 -1.730120239248771341e-01 -4.328271802764138698e-01 -1.200904203137443810e-01 -3.169102387470331905e+00
2.042114945265508519e-01 1.887681420364104301e-01 -2.251367542209477962e-02 -1.231395899611537947e+00 -4.483582264012392349e-01 -7.679960481853611576e-01 -1.262052633393808243e+00 -1.809199231132201602e+00
8.442167664296418295e-02 -1.070252407644900067e-01 -1.971514214658131592e-01 -1.278070867097820473e+00 -3.471287828704830991e-01 -3.964436790720822779e-01 -2.045094765082645927e-02 -8.425153871291169994e-01
-1.310945596848248629e+00 -1.430174950344301199e-01 -4.830835273884733216e-01 -2.401044212073761841e-01 7.545542792341874971e-02 -2.023878459296559296e+00 1.888134374683631656e+00 -2.281451927872354624e+00
-4.004394379002336191e-01 5.235635725994749468e-01 -1.381167440130407764e-01 -8.122419415036924661e+00 -7.193361005036637001e-01 -1.359100398690496014e+01 1.758152556866936916e-02 -2.725148253866283898e+00
1.670562320022793423e-03 3.814192800664034655e-01 -5.163477047451690005e-01 5.233329067580678284e+00 5.842603826589399807e-01 -1.250785494224706307e+00 -2.266540517461971049e+00 -2.907044892970608529e+00
1.835796688840141966e-01 3.824060350871084646e-01 -2.089842606850320778e-02 -1.153052572131676223e+00 6.458155701898049550e-01 -4.264294766025261474e+00 -1.586153107650125849e+00 -2.130042376959902839e+00
-1.915031440738031721e-01
-4.037547661030465446e-02
-2.754096422390637788e-01
-5.541866045084777731e-02
4.518392708068404318e+00
2.002453387623726044e+00
3.014778239174701113e+00
-1.601083182390740767e+00
ReLU
0.2
8
2
-1.023540272730709910e+00 1.645587322459262647e-01 3.838975805008758013e-01 9.608145617317485050e-06 1.246173265547404707e+00 -7.154657506835324643e-01 -2.586733648271646313e+00 1.741473508874515908e-01
-1.102642794617167299e+00 1.796674950740470011e-01 6.385386392228353802e-01 -3.131539019164182851e-03 1.292301678654747432e+00 1.309158094959505858e+00 -3.434064270543640163e+00 -3.467464321240109615e-01
8.427954189551144282e+00
6.256413620070242487e+00
Linear
0.2

ct 2024-06-12 17:03:23.965875
