noname
4
4
4
12
4.962573427972623297e-02 7.560813800801827189e-02 -1.007880854343199406e+00 1.552246807198208456e-01
-1.100627103357033842e+00 8.431942335711375414e-01 7.194027128665824167e-01 4.130456702509042732e-01
-1.432833318602678485e+00 8.567992542078191054e-01 8.203406210950023869e-01 7.158509260700743337e-02
-7.061444891389917489e-01 6.268430460504321733e-01 1.949190089332001996e+00 4.046521324471703540e-01
1.780153782438676835e+00 2.317681416282566076e+00 6.305275113727796921e+00 2.079436669741222321e+00
2.880197456291665237e+00 9.726183443132951911e-01 -2.676306025174895353e+00 2.634886716850774580e+00
-1.058596531527757761e-01 2.468800687071727173e-01 -1.402601301349683416e+00 4.512247436013447910e-01
-2.170636238271211216e+00 1.194734264963653203e+00 -1.102555191478290952e+00 9.206364720374973221e-01
-3.296723559080854127e-01 -4.735475274406792945e-01 -2.436993141305894728e+00 -3.930049248462295086e-01
-2.905701067126587600e-01 2.724089605434508732e-01 -4.288163160056850942e-01 2.208418660906194819e-01
-6.237183296381799691e-01 5.516824711118186730e-01 2.055050509699123040e+01 1.445251411620176452e+00
-1.275910916602964740e+00 7.480425744810764721e-01 -6.044186770732838276e+00 6.396299184350983102e-01
-7.127294114948626857e-01
-1.268260223464590331e+00
-1.388160096610304928e+00
-1.139158340057522700e+00
2.092981768546530397e+00
1.189760036129270171e+00
-6.488579209076736909e-01
-1.704897253104246113e+00
-4.806060681610007101e+00
-3.089441549043174251e-01
-3.519270761074359211e+00
-2.391714869734717475e+00
ReLU
0.1
12
12
-8.712610564117673206e-01 4.786332438665690248e-01 -8.235347658155039996e-02 4.376470558363474428e-01 -8.485561781372279455e-01 3.314525192903337580e-01 1.583407242675816951e-01 3.788377491163458927e-02 -1.971201778472986277e-01 -2.440127101962586698e-01 -1.043241605433476060e+01 -6.564855734087554628e-01
-2.439610197465915953e-01 3.374417399956445296e-01 3.137905304220591773e-01 6.189921330214806505e-02 -4.671863477507318674e-01 -1.198391608122833518e-01 -9.051846397211731066e-02 5.078705159998526675e-01 8.622921326654255925e-01 -4.283235790585713798e-01 -1.494330167426730860e+00 -6.639746685489418265e-01
-9.687041755314095282e-01 4.718989214559346501e-01 -1.172199228912876451e-01 -9.792752216391252540e-02 4.533650492588183201e-01 -5.925146818462282416e-01 -7.175969159536794706e-01 -6.318199495277032618e-01 -6.845406726885057136e-01 -2.024470741362096871e-01 -1.699453399311239821e+01 1.914198168600635963e+00
-6.087570974675653446e-01 -1.228391855382904518e+00 -7.183839845364552446e-01 -1.627992202866221927e-01 -7.197025855641780545e+00 -1.263047280347699086e+00 -3.073804566427142393e-01 -1.228193685811177494e+00 2.572518261577184107e-01 -1.266478998877840212e-01 -4.527735595238987720e+00 4.958393461435716354e+00
-4.374031094037685863e-01 -1.143345053703825331e-01 -4.009290906836684987e-01 -3.102128568329352853e-02 -9.124426194881457564e-01 -1.628944960137604717e-02 -4.731403983860861251e-01 -2.249143215451483990e-01 -5.217301373387166485e-01 4.485694222251468410e-01 -4.648023120346159942e+00 -7.340808183471350112e-01
-6.486807963870663274e-01 -4.431593197196732059e-01 -6.085375637693063444e-01 4.465119330937145081e-02 -1.697252897337000188e-01 2.297516977139014038e+00 -1.933841782159162748e-01 1.097599390337448133e+00 -7.207919002175567913e-01 -2.502478145084102157e-01 -1.129895552538441628e+01 2.682747259160304654e-01
-4.334702044048853176e-01 -4.501662192892151304e-01 -3.421550057776905907e-01 -2.967611159007698118e-01 -8.075879227322408926e-01 -2.367382769950394650e+00 2.020491355068595729e-01 5.849979981003828877e-01 -7.241503541848791636e-01 -1.136109342568196318e-01 -3.301353096065694270e+00 -5.607100989746786057e-01
-6.436177447776173510e-01 -4.324874901268715294e-02 -1.466463810796053702e-01 4.523057158324345073e-02 1.995910769287007502e+00 2.043934689124240922e+00 -4.590537535385916801e-01 8.489868171435471789e-01 4.203430664684893459e-01 -1.236610790712089902e-01 -8.591275594861466303e+00 -8.385194996508378296e-01
-1.186799723970199949e+00 -1.529642697355985959e-01 -6.568804992122272424e-01 -1.592511733538442761e-02 -5.719236639219613672e-01 -4.568572442794135435e-01 -4.744220401561999867e-01 2.467332939426193916e-01 -1.018190521053731423e+00 5.595806075284391612e-02 -7.014510154590565705e+00 -9.404828950023330636e-02
-6.148892497656258671e-01 -2.912604331866945964e-02 -4.495414933360720317e-02 1.761009963089734953e-01 -9.740162040504365404e-01 4.372103677831057356e-01 -8.158841323490457764e-01 -8.746172504802791903e-02 -5.597490762147079302e-01 5.886817996608946502e-02 -6.253814757922135037e+00 -7.543263764994708742e-01
-7.798492177423164140e-01 -1.380705696881867617e-01 -1.698344935379868248e-01 -1.281113195509804015e-01 -7.220663901885147062e-01 2.694050736262786350e-01 -9.686386936530622105e-02 1.114746022198302988e+00 -2.365540025787693068e+00 1.432929297452882958e-02 -6.738043923179174222e+00 -1.234352770641059971e+00
-7.088997715602514127e-01 -2.453955120305447227e-02 -2.219798433063921717e-01 -1.138177873454249700e-01 3.316665691903500357e-01 1.503740054208826837e+00 1.909317168080545135e-01 8.983861266979166205e-01 2.373026354487580036e+00 2.492108311123239495e-01 -4.297689629218056417e+00 -3.112338618912279323e-02
3.587659670180859961e-01
4.951973383122553196e-01
2.257569273634845608e+00
2.463312467075742251e+00
-1.257189109620757139e-01
-9.853886843114922911e-02
1.420562169470882319e+00
2.098828030208608642e+00
-4.849883193216343591e-02
-2.136183514288592378e-01
-1.532570530007953069e+00
2.741254706184478529e+00
ReLU
0.1
12
2
1.631621635085914734e-01 -2.316476103681703105e-02 1.012692665913905055e+00 -1.746883055295646692e+00 2.438416141546481675e-01 -5.325111593721467695e-01 -7.998663439425667265e-01 1.729202542247600727e+00 4.091780943267713244e-01 4.599116855420865013e-01 -2.972949629971772256e-01 1.105737553231225023e+00
-3.308716929042566091e-01 -7.354060411923567242e-02 -5.052156924333237598e-01 -1.594363738885003823e+00 -5.699267802393943871e-02 -1.102382967287140136e+00 -1.750834276376330573e-02 1.818467551318176056e+00 -6.031264145052041281e-02 -1.072706183155564402e-01 -3.392851188112951388e-01 1.174778675617655033e+00
6.198741416033604956e+00
6.293425313670782728e+00
Linear
0.1

ct 2024-06-15 12:24:13.001062
