noname
4
4
4
12
4.962573427972623297e-02 7.560813800801827189e-02 -1.007880854343199406e+00 1.552246807198208456e-01
-1.100627103357033842e+00 8.431942335711375414e-01 7.194027128665824167e-01 4.130456702509042732e-01
-1.432833318602678485e+00 8.567992542078191054e-01 8.203406210950023869e-01 7.158509260700743337e-02
-7.061444891389917489e-01 6.268430460504321733e-01 1.949190089332001996e+00 4.046521324471703540e-01
1.645485987834957253e+00 2.159441402850581504e+00 6.016747781133658712e+00 2.637588926841129666e+00
2.280183823617679906e+00 7.868289887232098323e-01 -3.750917183815121181e+00 3.022665651965261713e+00
-1.058596531527757761e-01 2.468800687071727173e-01 -1.402601301349683416e+00 4.512247436013447910e-01
-2.170636238271211216e+00 1.194734264963653203e+00 -1.102555191478290952e+00 9.206364720374973221e-01
-3.296723559081315424e-01 -4.735475274405249735e-01 -2.436993141306142974e+00 -3.930049248467685774e-01
-2.905701067126587600e-01 2.724089605434508732e-01 -4.288163160056850942e-01 2.208418660906194819e-01
1.862453144080212786e-01 7.671637671954811832e-01 2.351247474675018978e+01 1.603011758289693001e+00
-1.275910916602964740e+00 7.480425744810764721e-01 -6.044186770732838276e+00 6.396299184350983102e-01
-7.127294114948626857e-01
-1.268260223464590331e+00
-1.388160096610304928e+00
-1.139158340057522700e+00
2.391726155170456725e+00
1.266015067902700464e+00
-6.488579209076736909e-01
-1.704897253104246113e+00
-4.806060681610311747e+00
-3.089441549043174251e-01
-3.859825720905798452e+00
-2.391714869734717475e+00
ReLU
0.1
12
12
-8.712610564117673206e-01 4.786332438665690248e-01 -8.235347658155039996e-02 4.376470558363474428e-01 -1.232310751009249250e+00 1.788339832444318100e-01 1.583407242675816951e-01 3.788377491163458927e-02 -1.971201778472969346e-01 -2.440127101962586698e-01 -1.043330004395304833e+01 -6.564855734087554628e-01
-2.439610197465915953e-01 3.374417399956445296e-01 3.137905304220591773e-01 6.189921330214806505e-02 -8.007910551476048466e-01 -9.317371264633951267e-01 -9.051846397211731066e-02 5.078705159998526675e-01 8.622921326654255925e-01 -4.283235790585713798e-01 -1.496522657939715284e+00 -6.639746685489418265e-01
-9.687041755314095282e-01 4.718989214559346501e-01 -1.172199228912876451e-01 -9.792752216391252540e-02 -3.015559314840779437e-01 -6.314328758390955754e-01 -7.175969159536794706e-01 -6.318199495277032618e-01 -6.845406726884978310e-01 -2.024470741362096871e-01 -1.930082895220524364e+01 1.914198168600635963e+00
-6.087570974675653446e-01 -1.228391855382904518e+00 -7.183839845364552446e-01 -1.627992202866221927e-01 -7.974050902386833783e+00 -2.248466906472748494e+00 -3.073804566427142393e-01 -1.228193685811177494e+00 2.572518261576932641e-01 -1.266478998877840212e-01 -4.529373365491099257e+00 4.958393461435716354e+00
-4.374031094037685863e-01 -1.143345053703825331e-01 -4.009290906836684987e-01 -3.102128568329352853e-02 -9.124426194881457564e-01 -1.628944960137604717e-02 -4.731403983860861251e-01 -2.249143215451483990e-01 -5.217301373387166485e-01 4.485694222251468410e-01 -4.648023120346159942e+00 -7.340808183471350112e-01
-6.486807963870663274e-01 -4.431593197196732059e-01 -6.085375637693063444e-01 4.465119330937145081e-02 -2.903914189645201427e-01 2.252920257939394322e+00 -1.933841782159162748e-01 1.097599390337448133e+00 -7.207919002175379175e-01 -2.502478145084102157e-01 -1.036121429217428336e+01 2.682747259160304654e-01
-4.334702044048853176e-01 -4.501662192892151304e-01 -3.421550057776905907e-01 -2.967611159007698118e-01 -9.530379729416117440e-01 -4.384708616456965302e+00 2.020491355068595729e-01 5.849979981003828877e-01 -7.241503541848791636e-01 -1.136109342568196318e-01 -3.277737607813701715e+00 -5.607100989746786057e-01
-6.436177447776173510e-01 -4.324874901268715294e-02 -1.466463810796053702e-01 4.523057158324345073e-02 1.804397915116113582e+00 1.983450816885540258e+00 -4.590537535385916801e-01 8.489868171435471789e-01 4.203430664683984186e-01 -1.236610790712089902e-01 -7.942607957857910961e+00 -8.385194996508378296e-01
-1.186799723970199949e+00 -1.529642697355985959e-01 -6.568804992122272424e-01 -1.592511733538442761e-02 -5.719236639219613672e-01 -4.568572442794135435e-01 -4.744220401561999867e-01 2.467332939426193916e-01 -1.018190521053731423e+00 5.595806075284391612e-02 -7.014510154590565705e+00 -9.404828950023330636e-02
-6.148892497656258671e-01 -2.912604331866945964e-02 -4.495414933360720317e-02 1.761009963089734953e-01 -1.243978620427229842e+00 9.422363059571271515e-01 -8.158841323490457764e-01 -8.746172504802791903e-02 -5.597490762147079302e-01 5.886817996608946502e-02 -6.270851270632985752e+00 -7.543263764994708742e-01
-7.798492177423164140e-01 -1.380705696881867617e-01 -1.698344935379868248e-01 -1.281113195509804015e-01 -7.220663901885236990e-01 2.694050736262730283e-01 -9.686386936530622105e-02 1.114746022198302988e+00 -2.365540025787715717e+00 1.432929297452882958e-02 -6.738043923179186656e+00 -1.234352770641059971e+00
-7.088997715602514127e-01 -2.453955120305447227e-02 -2.219798433063921717e-01 -1.138177873454249700e-01 -6.410244682359560187e-02 1.390074426915918204e+00 1.909317168080545135e-01 8.983861266979166205e-01 2.373026354487489442e+00 2.492108311123239495e-01 -2.935861818526639855e+00 -3.112338618912279323e-02
1.195965010469766332e+00
1.441941340264718097e+00
3.025355252274093409e+00
2.341740528105994645e+00
-1.257189109620757139e-01
1.154875925539189385e-02
-8.116246426762928345e-02
3.259034195268042833e+00
-4.849883193216343591e-02
-2.400672159749239754e-01
-1.532570530007952847e+00
2.763855472128879054e+00
ReLU
0.1
12
2
-9.560442293208196163e-02 -8.918639044429756968e-01 7.250461122419126214e-01 -2.207385425884437424e+00 2.438416141546481675e-01 -8.670399789667608825e-01 -6.430243487178340933e-01 1.800176831364042274e+00 4.091780943267713244e-01 4.754493710700490317e-01 -2.972949629971757268e-01 5.656443103648178816e-01
-7.400172978647520106e-01 -1.121349116691719022e-01 -4.901823641058449810e-01 -1.448072780176830054e+00 -5.699267802393943871e-02 -1.073650241481637568e+00 4.624082421121380460e-01 1.952428695431893457e+00 -6.031264145052041281e-02 -1.953486844789253246e-02 -3.392851188113020222e-01 9.193108584190702315e-01
6.033966325362042582e+00
6.124116650513210303e+00
Linear
0.1

ct 2024-06-15 12:24:22.955972
