noname
4
4
4
10
-1.102631450570529664e-01 4.110020504311595602e-01 1.210764896680281560e-01 1.218878771902587727e-01
4.284942904252114992e+00 1.970868887640832456e+00 -7.177712318116540313e-01 1.867865559694959821e+00
1.399903353851716714e+00 8.377742655042126341e-01 5.341566552673381318e-01 5.981442685332029052e-01
1.614267197272215126e+00 -3.548614563857896420e-01 -1.956537235993368151e+00 -1.350591754252289112e-01
-2.248770044327688122e+00 -2.108132518093494667e+00 -4.544146281135293286e+00 -1.835509171204730450e+00
4.969179891133293503e-01 3.221691966598956847e-01 -1.816415590292189908e+00 4.750097062532281367e-01
5.333935140315005929e-01 1.307574005239673820e+00 9.678076001167027279e-03 9.498555590621498013e-01
3.057870309465239522e+00 3.002366537736556040e-01 -2.122972243325341957e+00 9.802792510368615320e-01
-4.224388719321327534e-01 1.587896279729053006e+00 1.981796440131387560e-01 4.894684114188785906e-01
-1.070440778836742879e-01 1.127834261633124280e+00 9.231892226522188105e-01 4.602926505400712909e-01
-4.477051006533454003e-01
1.411895375814582743e-01
-4.851401241395826569e-02
-1.031598553383872963e+00
7.859138011696803483e-01
-7.613806232856933087e-02
-9.380720786486447527e-02
9.030615970514736801e-03
-2.039172743981240155e-01
-1.796431921962893252e-01
ReLU
0.2
10
10
-4.938532491000867664e-01 2.954734574632010280e-01 1.506823837282574852e-01 -6.911941013714720250e-02 -9.032280027360199970e-01 1.389789032088043774e-01 1.065112331709138216e-01 6.000658528600093522e-01 3.657848336710737835e-01 1.515822509077847102e-01
-4.894307712496988039e-01 -5.097985065869519161e-01 -1.702881761631389046e-01 -1.058613618745592566e+00 -1.903483786507834452e+00 -5.940004722716211161e-01 -6.442209822847463352e-01 -8.972889508285193383e-01 -4.252152269942345297e-01 -8.427372913451629532e-01
1.532524824106979433e-01 -5.873022748086547118e-01 -5.812014331947845669e-01 -6.855032748608713700e-01 -2.050924770981461087e+00 -4.017673258225907817e-01 -6.517038060557568402e-01 2.796103145673591306e-01 7.933809326625007596e-02 -5.356763328304623428e-01
-1.244656503344643561e-01 -6.372931328868628592e-03 4.521903252289380393e-02 6.683232991167218362e-01 -7.302349535598753327e-01 1.998424230484160680e-01 1.104432973879532348e-01 2.838429055702259007e-01 -1.168677200535085670e-01 -3.992920272576765822e-02
-1.203335476865281806e-01 4.462484661130646790e-01 1.141879988990243677e-01 6.848965418656381976e-01 -6.623027084939459019e-01 2.583351764752952473e-01 1.972025595531587960e-01 3.757108360630472821e-01 -2.323846279752923016e-01 5.018185469968368118e-01
-2.438670797513647348e-01 7.424112797728255053e-02 -1.136755698750438887e-01 4.392706592660364229e-01 -9.206531259160761760e-01 8.346064460849365874e-02 -4.831854928500546598e-02 -1.514464378049828856e-02 4.925156201783455479e-01 2.752652471661902744e-01
5.080593223452993801e-01 3.907630670373323789e-01 -3.513537261592013239e-02 2.127017093220747168e-01 -6.240238346787525536e-01 -1.383334459717107945e-01 5.411705386173557564e-01 5.851856691585533010e-01 -2.955425102404091176e-02 -5.785800905039362174e-02
-1.405106762503367968e+00 -1.083269112259816813e+00 -9.686659199431700840e-01 -8.186802266060511091e-01 -1.529932347829273231e+00 -1.386597792957866782e+00 -8.596966241551891041e-01 -1.390743779635968291e+00 -1.663964027010532920e+00 -1.052360614088625024e+00
2.171884169088809935e-02 6.298811637047257994e-01 2.075347817482462442e-01 -3.621193538834981407e-01 -7.232426012472579213e-01 -5.406867686882221337e-03 -2.903144493648164293e-01 -3.670815888865187060e-01 6.247803127222763264e-03 -3.482647052296067858e-01
-1.357742308116822061e+00 -8.810850209986360593e-01 -4.668850423388115622e-01 -8.249311529532701304e-01 -7.692889125122729377e-01 -1.140387102817350451e+00 -5.449668232604883977e-01 -1.209698111133603371e+00 -6.716877768994345965e-01 -6.392373866238594271e-01
3.319249429189093270e+00
-5.129911258160461118e-01
-4.628061864088130889e-02
2.571342961357893309e+00
2.521198443192008920e+00
1.867318741438586338e+00
2.250095054788799676e+00
-1.438630935293923274e+00
2.189880948163501539e+00
-6.900283733663776786e-01
ReLU
0.2
10
2
1.146337060405638431e+00 9.001877702520824087e-01 1.024362304978633009e+00 7.353845474755861256e-01 9.299698170966537170e-01 6.577717627950844248e-01 9.186848653308007373e-01 1.180576354950628737e+00 8.648906319720386371e-01 1.028603997717664198e+00
1.059346094485953849e+00 7.745411017860792668e-01 9.489964874685893337e-01 6.704122643257118819e-01 8.541640610715299786e-01 5.551377147631219033e-01 8.844588180764453300e-01 -5.730920134125134791e-01 7.049332984734549834e-01 4.108222969951408343e-01
5.223681774536395928e+00
4.331978132643939716e+00
Linear
0.2

ct 2024-06-12 01:23:14.215841
