noname
4
4
4
12
1.394223539055104766e+00 2.509389552371525389e-01 -1.795401247945068279e+00 4.997906401123249909e-01
-4.847012741159411053e-01 7.778198325949297054e-01 2.687189421846595483e+00 2.602293349467524886e-01
1.054191520020940409e+00 9.220913721863687185e-01 8.273329123125169327e-01 3.392181939968336724e-01
3.600884427003143151e-01 8.469549324998605355e-01 1.095606569920714923e+00 9.071002208195492189e-01
1.650581058827344627e+00 1.005583731934875935e+00 -7.436647188961654775e-01 5.525668347512806555e-01
4.707908961409815185e-01 5.657479757527796860e-01 3.436292559505748634e-01 4.333631875431718239e-01
3.090429023586211410e-01 8.525609677055168145e-01 3.679722381076572790e-01 3.558199871631462230e-01
6.074498592486928805e-01 7.971439577120260633e-01 2.093363649206871901e+00 3.103549483396139674e-01
-2.212686314974319710e-02 1.192776829051469756e+00 9.325985569923789242e-01 5.338457941853679278e-01
4.946668393318499612e-01 2.075117503548434272e-01 -2.299810701855515838e-01 6.967322388313161863e-01
1.652480595475418035e+00 1.115815031853133021e+00 -5.511433038145192864e-02 5.238298752113594858e-01
-7.244001720517589948e-01 1.136422689248638429e+00 2.403660834174736305e+00 2.397442789056733470e-01
3.395053585246182171e-01
3.122491922282954468e-01
8.290176957615242870e-01
7.688418307874680391e-01
7.977977058318009851e-01
4.821943448088183981e-01
5.855868565767387013e-01
1.662768564142212413e-01
1.521733019607053768e-04
9.915932178481270398e-01
9.118826689396267726e-01
-4.191810428608087891e-02
ReLU
0.01
12
12
5.337147471577015079e-01 -4.772727579427465949e-01 2.317803577670363990e-01 -1.935003860336779180e-01 5.903867583276279918e-01 4.774347723685120060e-01 2.420877609888073267e-01 4.712694464518278337e-01 4.220268026545376250e-01 8.763800613612098278e-01 2.324794350610498161e-01 2.503887964600546856e-01
1.310610273510853241e-01 7.664856845282391751e-01 4.135873789226506281e-01 6.782319966497546426e-01 5.489364524341378004e-01 2.978767899199292191e-01 3.990714350212071770e-01 7.880590634861117660e-01 3.897003403807418054e-01 4.220348723815073866e-01 4.954226380122914719e-01 8.577270754290553523e-01
-9.642043138705745919e-01 2.574691116751197661e+00 -1.066201428445049393e+00 1.952058603793117797e+00 -2.550173663890926257e+00 2.295289722383033748e-01 -5.539971440643389755e-01 1.714680675881013139e+00 2.308395931407970225e-01 5.913659276536645804e-01 -1.778165118349361418e+00 6.099966748442465780e-01
5.709341161087037042e-01 1.022398846882524928e-02 7.392348697877030306e-01 7.690893699296971198e-01 7.060122942264066559e-01 7.164843524492354732e-01 -1.315764258858427016e-01 -1.540156606879251600e-01 4.000596494522321023e-01 5.567024170554820683e-01 3.742141390681509860e-01 9.003206118845067385e-01
3.812229706171275101e-01 -1.210680281801842090e-01 5.471445543214169538e-01 2.513506862151557719e-01 4.698006910448489504e-01 -3.383892506377007559e-01 -2.530492158131835700e-01 3.954297241575965849e-01 1.651224820849775676e-01 8.088740771117833850e-01 1.599001295688269320e-01 5.855056021976704494e-01
7.689233064517064786e-01 3.479631777614007326e-01 4.878644240862918258e-01 4.705294612731402565e-02 9.341274398114134403e-01 8.385898211279069203e-02 -1.382824219044280489e-01 7.591658298561837492e-01 1.986679790128564535e-02 1.029310221858655394e+00 5.150481805094920817e-01 9.555055861036402254e-01
-3.721132235304646096e-01 3.996940252937543070e-01 1.692632062453567621e-01 5.448335092146390224e-01 -3.653224964077115833e-01 9.340409047542351517e-02 -1.400632874556523022e-01 5.362501262472111480e-02 4.793960976594736634e-01 3.873918769238378634e-01 6.093373765160650102e-01 5.843677545361557479e-01
5.076559108935509990e-01 8.840163509167802136e-01 4.966978868202170383e-01 1.016625785946418281e+00 -1.025626171880555798e-01 2.299331867998235732e-02 -4.112995105294510456e-02 4.459199433229349419e-01 -1.100701487215544200e-01 1.687766818937750102e-01 5.272812249666032347e-01 6.542029541819183169e-01
1.417186990022083759e-01 1.302293310582466557e+00 4.606741432425444094e-01 5.701798266082246380e-01 -9.779821083157072548e-02 4.736880892403977361e-01 7.197459290135778398e-02 8.298630374116575670e-01 2.218041421746450303e-01 6.161737686844066808e-02 -9.999238459976324961e-03 1.315563531186340951e+00
3.170666790202480989e-02 5.103128651131886295e-01 9.108786335564891257e-01 4.679348472669262460e-01 4.141055690842850301e-01 2.921369176595598471e-01 6.729066244490753412e-01 4.887771731245250106e-01 2.541467099012712505e-01 7.415845604978051897e-01 6.253922078967114606e-01 7.210769209444654049e-01
2.157154712003809816e-01 3.254390916551285762e-01 6.847855101381284948e-01 8.276830511654066358e-01 1.443413297015849195e-01 3.811752952282341789e-01 5.395804599872404683e-01 4.134535459780577793e-01 6.639470984208830640e-01 5.956811374971157091e-01 1.016851742322293917e-01 1.014690280231279829e+00
2.563869932580659095e-01 4.756100000737166211e-01 5.414583896832373400e-01 2.109963828657568929e-01 8.922000389116704344e-01 -9.678862167275512768e-03 5.351877753693740081e-01 6.303255884691424948e-02 1.594319728612631215e-01 9.866671883346760374e-01 9.183527061738748776e-01 5.202803559325345217e-01
1.135512565495474746e+00
3.860989702635345688e-01
-1.174959814352044773e+00
6.136756619973469107e-01
6.241952987471831582e-01
8.486220574967769936e-01
2.197129465727069159e-02
1.995489701089236956e-01
-3.994643918020556253e-05
7.968860767060147454e-01
4.783249504856722512e-01
9.581517219777800909e-01
ReLU
0.01
12
2
7.002987401180729155e-01 3.921529310681788338e-01 -1.708725592077170230e+00 8.466546849493459259e-01 4.838346968881658827e-01 8.930532814459956059e-01 1.620056970798687546e-01 3.837627964062904629e-01 3.633301499044578470e-02 6.232824451499872076e-01 6.715416902019959444e-01 1.024691290444514236e+00
1.707233100722242713e-01 5.514568520492163506e-01 -9.419613633299227518e-01 3.730369259785740188e-01 2.218519888973102538e-01 4.853838558198394493e-01 3.080908680396196586e-01 7.329227833345223209e-01 5.662972534503786237e-01 7.472421228413028693e-01 1.004081789933435109e+00 9.678470663233571525e-01
9.078039398285191464e-01
9.084289312802851235e-01
Linear
0.01

ct 2024-06-02 23:42:57.817019
