noname
4
4
4
22
4.863913484158659539e-01 1.288751082609402410e+00 1.796115800766645565e+00 1.205886832147259335e+00
-3.357912320130010397e-04 1.133695692144393696e+00 1.144827906756255009e+00 3.521066293335167741e-01
1.092908468731352167e+00 9.254368263001504502e-01 1.208838845847935550e+00 9.395859533049176759e-01
1.774480781360200377e-01 9.234657661600998990e-01 1.226591197792751053e+00 1.073946562171854691e+00
-4.767013612507955966e-02 7.796937709091131818e-01 1.327011219005026055e+00 6.050416457500146228e-01
6.556032350459360947e-01 8.012810700874488656e-01 7.212468039915734819e-01 5.901253032198866544e-01
-9.041569888850669034e-01 9.107703294477932365e-01 1.575733652384921024e+00 1.667584051585645488e-01
1.158599434840216436e+00 8.437523143346679078e-01 1.169565080943218760e+00 1.005105906559282447e+00
6.920082925939460283e-01 3.889697422395667625e-01 -6.807722926466166502e-01 1.035838301624544489e+00
1.143835047982228348e+00 5.804915628264962768e-01 6.487378264523093740e-01 4.120970226482519316e-01
3.832100801334574758e-01 7.620013130092402331e-01 3.789960955618720817e-01 5.892106435835750000e-01
1.484613517280427564e+00 3.920862534565468516e-01 5.603165293930763013e-01 1.114669992983455371e+00
8.683486646554940958e-01 9.919827572790657078e-01 2.032327284971786163e+00 9.975321955798996942e-01
1.301850797254931580e+00 1.085950247992468531e+00 1.064778214618175012e+00 1.118076879722844419e+00
-3.350038141935324454e+00 1.201534589733548541e+00 9.872980385077809729e+00 1.255894958173712661e+00
4.527233058124602305e-01 6.554180744567379424e-01 1.289598336943282408e+00 4.258515368691455083e-01
6.811753098157433683e-01 8.330764743264941208e-01 1.667489678067777703e+00 7.330656052497495079e-01
-8.451385354711166142e-01 1.482957028805038657e+00 9.497513703811463204e-01 2.409212636877169633e-01
-1.988884202386224653e-01 8.868319092675424065e-01 1.227295366055191295e+00 6.707275895858083592e-01
2.506439542939933873e-02 1.863864389970260049e+00 2.260326508693335512e+00 1.571761371579978583e-01
1.255654556004837996e+00 8.731045677988025222e-01 1.306416071862937400e+00 9.506015623451425922e-01
9.648640137732354682e-02 7.501369504489148188e-01 1.421630045060660930e+00 1.074353605101763531e-01
1.236982945623315455e+00
-1.343626079193036872e-02
1.024127640870306610e+00
1.288785620129129672e+00
5.891421965111024450e-01
3.203684881997588274e-01
-1.933541541773508010e-01
9.670038804055706150e-01
2.021002721670250302e-01
1.803578129534778307e-01
-4.447855153782627191e-01
5.182979802135678771e-01
1.206853565559060648e+00
1.104274349136363798e+00
-2.483098170311889064e+00
3.891797495578842581e-01
8.108132515685302355e-01
-2.131252598151641697e-01
-8.416532712422716278e-01
3.925418652127679597e-01
1.104739556491763253e+00
-3.981563041443523243e-01
ReLU
0.2
22
22
4.417135434545390593e-01 -6.188919340461346980e-02 4.895253500487770082e-01 5.651610422861114147e-01 4.713567564193484882e-01 -3.599168403966134661e-02 -5.928412266587013840e-02 2.516283766512510955e-01 4.479891427280522920e-01 2.537970391811743553e-01 -1.316041192409577246e-02 -9.527910738826773918e-02 7.082303719605915759e-01 1.238551579346454656e-01 -2.402438799401681813e+00 -2.183521638980290558e-01 4.885362624518699848e-01 4.462663303798314884e-01 1.668350297655267767e-01 1.423848765595363275e-01 1.047172771428815652e-01 -6.956711566907146371e-02
1.097139293554204142e+00 5.009913438873838665e-01 1.002340081667318916e-02 6.142766760784380553e-01 1.534780976173808487e-01 2.625138641037532139e-01 2.759101714775802350e-01 1.108586708089504824e-01 -3.535009594015393886e-02 1.255364034026081044e-01 -2.959329224301069927e-01 3.992550339623098243e-01 9.757464498493350069e-01 6.152132525352632664e-01 -2.272301059205167117e+00 2.049203912768594038e-01 1.058406942108006121e-01 -5.357939404604523947e-02 4.308157817660119432e-02 2.613642431551080891e-01 1.933239228446951841e-01 3.496916601932376634e-01
1.733055739573245990e-01 9.266340152882204806e-02 -4.302622769917512913e-01 -2.744662740526542244e-01 3.746822844659514207e-01 -1.452871033887419006e-01 -2.420453675552942940e-01 4.246901653946714150e-01 -1.681215413521091884e-01 -6.920748498980776320e-02 -8.412655451289344777e-01 -5.901691452974967139e-02 9.985756680038528066e-02 2.277734269237683129e-01 -8.392028335218665314e-01 -4.577389028804410009e-01 2.908416486373251453e-01 -1.073882001587005003e-01 -6.631376131148460917e-01 5.377101796600735478e-04 3.417423847800198922e-01 1.587686323860189666e-02
9.064182785867629377e-01 -5.547016116029115929e-02 5.796283351327392586e-01 1.250033718309392361e+00 7.403063101023026338e-01 4.117384389868343209e-01 3.333958275859190690e-01 2.935220569409058289e-01 8.564934191609693270e-01 4.795723263261725267e-01 -1.885178648255739497e-01 3.621277022682102831e-01 9.663961190686064517e-01 1.137190107212144641e+00 -2.466887127010938929e+00 4.725648924511813287e-01 8.576905081535123321e-01 -4.516383373968120563e-02 -7.635387546269944981e-01 9.040059873028420956e-01 9.235066245721373912e-01 -2.365053135233085857e-01
8.694993865617810513e-01 1.105531577258144112e-02 1.705653389274324194e-01 7.462654499741888658e-01 3.259382904892858812e-02 -1.263660424059389054e-01 2.476836991129665599e-01 1.500073546996457674e-01 6.539821111754674510e-01 -1.058181783594384362e-01 -6.928547624109131498e-01 6.825410829372549060e-01 7.431956649632424083e-01 3.295373887243662758e-01 -2.296191248406027174e+00 5.336624218149712551e-01 9.352281343061904506e-01 7.858364347927124793e-01 -7.540768284001904131e-01 8.078223178671031235e-01 1.050293640528707995e+00 -1.621512020732647774e-01
6.690408652319850269e-01 -2.065978230920751391e-01 6.347306297766490690e-01 3.609186509826023403e-02 -1.562897953740949863e-01 9.225683020111663524e-02 1.118125491024229146e-01 5.010944191712968232e-01 5.831292867120491108e-02 1.586276277654964373e-01 -9.458618853729362785e-02 6.896205355046710617e-01 2.574570839290959978e-01 5.523455049485144208e-01 -2.103615074576735910e+00 -1.129830135527571250e-01 4.886322208269277406e-02 4.769489121481316207e-01 -6.146792853718400229e-01 3.426463125418395261e-01 6.756462006611956284e-01 -2.551728307298417042e-01
5.201116442145159446e-01 4.682473562942854883e-01 8.129132087895051262e-01 1.102556461754125916e+00 5.980008316263236701e-01 8.091389126331041681e-02 -2.831198215152057607e-01 8.787900312674199466e-01 4.740810605272792744e-01 9.762543931289059673e-02 -6.401103726357377788e-01 2.729754248111147530e-01 1.051580048711556303e+00 1.026573901419026713e+00 -2.788816054873081818e+00 1.555965910117621254e-01 6.354434410740071593e-02 6.663899365012476705e-01 -6.769594608328594054e-01 6.624609570615341836e-01 8.746755709493949649e-01 3.591447219565634397e-01
7.663531959448920405e-01 3.404253979648253492e-01 2.504948606992382087e-01 3.277014786627644449e-01 4.623928757940686807e-01 -1.981139638873875286e-01 5.077945121917588622e-01 3.667691398988873197e-01 4.867335860021614058e-02 -4.798526186103813096e-01 -2.464019161415013093e-01 1.377530542982036976e-01 5.579527965983495097e-01 5.150608871114458198e-01 -2.533002540585328699e+00 2.184150255012471120e-01 4.311620310463930017e-01 -4.200756412190178590e-01 -2.337206886528702884e-02 -1.451149138130006233e-01 8.269362642061156565e-03 -1.908109631093689029e-01
2.126877492980312201e-01 4.537467042057262145e-01 -3.025862594791049048e-02 3.246935679483783921e-01 4.427937892697368927e-01 9.871031764989177115e-02 -3.112920444632751860e-01 4.811334630817224456e-01 -2.036345962962957945e-01 1.214758750985906743e-01 -1.995322717040069194e-01 5.060532015905687686e-01 1.728857804013979038e-01 6.550500494782376393e-01 -1.446205147247030531e+00 -3.320595151558060620e-01 -5.037330517554260145e-02 -2.513610763356032840e-01 -5.476814412621774375e-01 1.568152350387055360e-01 4.440231502017701337e-01 1.856905925224953957e-01
2.320597885332483512e-01 2.655862594169789981e-01 -3.124043895564087570e-01 -1.948783676400314413e-01 -2.028049230159033045e-01 2.156026930769323335e-01 -3.514212260462563631e-01 -5.632000733010028570e-01 -4.854915415771584586e-01 -6.129068579291310215e-01 -1.005780862380074803e+00 -5.538271555027920318e-03 -3.926006912270023075e-01 -4.014905749299951809e-01 -2.843206342202587722e-01 4.207150138003242779e-01 -3.996497523631932780e-01 4.743966920916268259e-01 4.725923391659432593e-02 8.850410794109585533e-01 5.523681640723195063e-02 -2.423589741928256283e-02
1.254735976619159477e+00 6.104339100686247965e-01 7.357776392085151329e-01 1.161242164117234577e+00 -2.460038718495645080e-02 4.349714065052869283e-01 2.255609584561994452e-01 1.008778426855595489e+00 2.835391161379988700e-01 2.591802119617440670e-01 -3.344981126784997705e-01 3.574013255678227252e-01 9.022868802172225866e-01 5.906609298518317175e-01 -2.906391896634788363e+00 1.462453992493018273e-01 2.743981929852217228e-01 4.738925074374567559e-01 -2.695794295685338682e-02 3.827268399581122971e-01 7.688183579081151464e-01 2.663346575732591925e-02
7.333045498361395742e-01 -3.845215032006085165e-01 9.116934154971730875e-01 1.087462727532778395e+00 -2.400179344383296109e-01 -1.302920979063288895e-02 4.206593607018662695e-01 8.041325309579875347e-01 7.738272991014222280e-01 3.102966560738488200e-01 -1.739421298110545300e-01 2.865169897310145819e-01 3.726785959363084211e-01 1.390655503791005942e-01 -2.799984070172818917e+00 2.340199968997119101e-02 -1.661273871446283454e-02 1.942795299372638285e-01 -7.547514897156832880e-01 2.541279524469132120e-02 6.155869389685265647e-01 -2.111893135071036265e-01
6.713286869785072275e-01 -6.404268229201802443e-02 4.233042106625286571e-01 6.796770971214904922e-02 4.236429595974889328e-01 -1.409424886849254821e-01 4.666876918137077834e-01 -6.512397069518922887e-02 -3.507784406522927445e-01 4.234429349475573590e-01 5.929224601510664494e-02 6.673194238911470677e-01 5.033187250605108964e-01 5.791538123871912136e-01 -1.811891127769684529e+00 6.142542895128838554e-01 3.757662090377564823e-01 9.576995208749732313e-01 -5.145253530935700592e-01 4.898393621391534114e-01 5.747422752865453122e-01 -3.441634067057008362e-01
1.535150271677003797e-01 -6.029443931277240765e-01 -1.277661212604800922e-01 5.167660330442247485e-01 -2.400387040972933872e-01 3.011286845399593348e-01 -3.935178398912049791e-01 3.699963110304944069e-01 4.097390369761451656e-01 -1.596503582441101965e-01 -1.474669731219219460e-01 -1.699085964899046952e-02 3.354116321230282693e-01 -1.109899617774045694e-01 -2.218781325045295461e+00 -1.090082418529247504e-01 1.390800699114769223e-01 -6.526498083924701099e-01 -6.465722192524180345e-01 4.410180077646308483e-01 9.899187286108353245e-02 3.526670329277104554e-01
5.996972339787847162e-01 -2.001123010435893745e-01 6.639079642681744442e-01 1.257306170604727935e+00 3.699210289943368757e-01 1.387823573786601539e-01 2.452055625769365421e-01 5.908808922769465122e-01 3.406649353274636693e-01 6.569969323599910149e-01 -3.983706564140981343e-01 3.250951554369026497e-01 5.884207620775596670e-01 1.036329146506957288e+00 -2.490164952219981132e+00 -1.581483311594626129e-01 1.863910813887724172e-01 4.691229917114746462e-01 1.250588714832613418e-03 8.537264487405021862e-01 5.722801340057764863e-01 5.004762148455809134e-01
-1.130262543282900101e+00 -1.257475002003301201e+00 -9.376217943480542605e-01 -1.821196290276020591e+00 -9.274309651164697188e-01 -1.855317763005692511e+00 -1.597811194532271051e+00 -9.468960472095799830e-01 -1.594507495304793743e+00 -1.425756562231830005e+00 -9.439430223655091989e-01 -1.524492442955358573e+00 -1.825744311690263189e+00 -1.110301719106286944e+00 -1.202443544338871462e+00 -4.319026770803988668e-01 -1.138411600333305129e+00 -1.078849087569055509e+00 -1.556234288554722678e+00 -1.779570596787417136e+00 -1.276152605270087115e+00 -6.988649248169523931e-01
1.707164378178818442e-01 -2.213859243598378934e-01 4.488230539509461825e-01 5.987409046610433494e-01 -1.308645220816315735e-01 2.726310897668510758e-01 -2.236541205445786995e-01 1.161064220273097386e-01 4.549476228679080747e-01 -1.532661069590285086e-01 -2.676643062008034479e-01 1.198252501550203519e-01 7.651138741268977972e-01 9.390857020483293904e-02 -2.268856925025001026e+00 -3.178526190766020609e-01 3.983294398824803462e-02 7.825080021780123074e-01 1.216146220801352443e-03 6.350621233372112373e-01 -2.647703974240846539e-02 3.539193573895314526e-01
4.873760020959817529e-01 3.457267433177350080e-01 2.511186870648917657e-01 5.685603898271535117e-01 1.093393418517777799e-01 -1.564056387491513656e-01 -3.441039138511196027e-01 -5.244296482892564504e-02 -1.014131460494778064e-01 -7.127484476619179166e-01 -2.793564616340768469e-01 2.494733984547341521e-01 -1.741968401127370336e-01 -2.666018239904962006e-01 -1.165945197485879214e+00 3.003533635827012049e-01 4.862391760484450765e-01 -2.829975334202949888e-01 -2.659391379771934294e-01 3.588068612887204134e-01 -3.038679264173492767e-01 2.074577198222454233e-01
8.650987264805737320e-01 2.709289659134214157e-01 5.256149866985551089e-01 5.773549645231773608e-01 1.634711037263262001e-01 -4.746691467927308672e-01 -2.277286015818503484e-01 7.737162657311170699e-01 3.884890547032247010e-01 -2.875706668839437263e-01 -1.698100719703440897e-01 5.005714571772063026e-01 7.458221892431864120e-02 1.445629247448116661e-01 -2.587699942124701113e+00 1.368038796778774102e-01 -1.298722196950850838e-01 1.406307180649333521e-01 -1.039066925634448912e+00 2.821037632103751136e-01 5.286489814415458177e-01 -6.506449973602672354e-02
8.784498168670148988e-02 2.584685883705876153e-01 9.019417079008288374e-01 4.561213548622034542e-01 -2.426444197666794561e-02 4.210763784460332948e-01 1.947493038385817443e-01 2.442910447968563714e-01 6.914792320499029143e-01 -3.899931806875661100e-01 -8.711427350727877217e-01 4.819813055728255913e-01 3.093108699160971309e-01 4.764255572558623864e-01 -2.201449577473986619e+00 1.828978037396940259e-01 -4.632434772494747888e-02 -7.807160905032270101e-03 -7.342282024546825658e-01 3.536254891102277864e-01 2.259945164451611088e-01 -2.486707794451755993e-01
5.242298458659406801e-01 5.672830460641189454e-01 -9.843868319829049418e-02 3.183265288977090157e-01 -1.894678152071953559e-01 2.004457594686182009e-01 -1.787100249584417655e-01 -1.197484007833924113e-01 3.531369259066277633e-01 -2.529730988386316159e-01 -2.338243797900835530e-01 -1.135301932076492187e-01 2.611656245838538462e-02 3.522190887330914344e-01 -1.830627236974794014e+00 3.966543993973394855e-01 -1.171706587848539600e-02 6.359042356884391234e-01 -2.966748110846379460e-01 5.209124465651712166e-01 1.783021867764541246e-01 -4.200929497617267305e-01
1.254935992848035253e+00 1.397196212649920166e-01 5.594731466869425907e-01 4.787685040630264566e-01 9.748270850972136081e-01 5.229231902558152401e-01 3.773751166704098492e-01 8.045183589537591162e-01 3.116841723121498986e-01 -8.021565252807545676e-02 1.297672421919520425e-01 6.530034068634343880e-01 8.191156445137560693e-01 4.321783480741316352e-01 -1.861936852512459328e+00 4.308535654439356599e-01 1.098308899738087874e+00 -5.078794682589603260e-02 -7.889255560729642458e-02 6.162462711980025709e-01 5.832598396382870920e-01 5.809230868473365117e-01
1.420489691798130227e+00
2.136999857295887040e+00
2.234197454687481543e-01
1.881402827784862009e+00
1.927734856335111990e+00
1.083500260366149437e+00
2.272503024612589240e+00
1.932112189339286079e+00
1.085695052302560804e+00
6.662509642239313745e-01
2.421201118618564241e+00
2.091710229073413529e+00
1.389866770123616480e+00
8.744839515937899987e-01
1.630082292778278319e+00
-1.531067773944209787e+00
1.908506018842289986e+00
9.174917026260646091e-01
2.020499826512722752e+00
1.109099546785473622e+00
1.228299680533174509e+00
1.881025457838377379e+00
ReLU
0.2
22
2
4.486365940359872684e-01 6.611837970802784126e-01 -3.095398723551050571e-02 1.053296966250144573e+00 6.473319942713233743e-01 4.804743954864905686e-01 1.090964157778552490e+00 7.196849429429675871e-01 3.780523425324683884e-01 -1.498184968862141531e-01 1.118215320117408540e+00 9.139183500957596129e-01 1.089074635716123091e-01 4.649552558789165624e-01 7.457662066979694471e-01 3.955185662940203239e-01 2.696497428045688816e-01 1.167026322784440184e-01 7.443141734789876507e-01 6.406023004672308785e-01 9.722076795206414934e-02 9.262510208024669067e-01
5.667025300312780178e-01 6.110094439950708445e-01 1.583073986626059582e-01 7.468739200832783531e-01 8.628479884851920634e-01 3.661447885053978335e-01 7.527065458544559551e-01 3.987270608515367520e-01 4.177126081136686153e-01 3.918604623888913285e-01 7.333751890183083377e-01 4.892030991179984745e-01 7.822964736300686006e-01 1.473969568544918063e-01 9.270618383709611221e-01 6.667116531917733901e-01 7.509937197022998889e-01 2.631253894111808544e-01 3.605036391800845452e-01 3.449666837604692948e-01 5.183883253288708026e-01 1.027598736373779964e+00
2.801089308210722439e+00
2.106822807743127246e+00
Linear
0.2

ct 2024-06-12 11:29:26.535648
