noname
4
4
4
12
9.515558791159862695e-01 7.236596127112019383e-01 7.234632975358169515e-01 7.898304399518583097e-01
6.412871145825854713e-01 1.130542705335575437e-01 3.968840248482526922e-01 5.398284130389663371e-01
9.578160506430496435e-01 9.038152602012614611e-01 4.148884786234753319e-01 5.491239606007037866e-01
8.623319072400975616e-01 6.308242251665184819e-01 5.514286805878699793e-01 5.091583486604894793e-01
6.621210476128106537e-01 3.634212146109033759e-01 2.838550690743361082e-01 2.027314597395108997e-01
3.374435232322682277e-01 4.121681651369889510e-01 5.751435887189614293e-01 1.021118474997074754e-01
5.556965647358982352e-01 2.739101153739847971e-01 4.957807589282190452e-01 9.809497650622863718e-01
3.270230064135021264e-01 2.901515204547280291e-01 6.027089406582378794e-01 4.260914584168968844e-01
8.787134796015825255e-01 4.855412791535881345e-01 1.752155752458983695e-02 4.893863338485981984e-01
6.839607230781808989e-01 9.338720800214739270e-01 5.142003297037072151e-01 7.853105214858885352e-01
9.643195328912226305e-01 9.211999636281745785e-01 2.777215798989146611e-01 6.866066262241379281e-01
2.230279765151713667e-01 8.525107722378467701e-01 6.666975412920224109e-01 3.274024432324162959e-01
6.178651233517926666e-01
7.962664779148952432e-01
1.422729869643934997e-01
1.567161122632677595e-01
1.225207312372407209e-01
8.527274239660328492e-01
1.533547120691964860e-01
1.856768602116494193e-01
8.009994383271897833e-01
8.034048564320478425e-01
7.108939841641642721e-01
2.467312561616996636e-01
ReLU
0.001
12
12
9.435408992027124464e-01 9.491187467537621769e-01 8.937596634997448941e-01 1.973382476185381318e-02 1.452135262227720602e-01 7.430398212551554415e-01 4.261997798464309817e-01 1.298352901023223094e-01 7.712965253604884275e-01 7.250914868906506161e-01 6.621181376251330519e-01 5.080429070722937146e-01
9.423873129211026711e-01 6.807570712063323315e-01 1.823526035870208784e-01 9.480030172090658791e-02 8.426179715778909785e-01 9.404842303213333254e-01 7.164656294412788951e-01 1.815513618135510265e-01 7.965308238013708575e-01 6.762677653816318024e-02 3.512672451000131701e-02 5.572011109087258163e-01
8.439621808931696556e-01 8.074823347280487562e-01 2.196878780601098091e-01 5.919177015377963258e-01 5.692326484889098648e-02 5.259551924661047817e-01 9.368296386689962674e-01 8.404747903601951231e-01 5.250384689268190463e-01 8.285359824142823904e-02 9.350963656518107570e-01 4.859581306619730201e-01
8.949851389997035556e-01 2.171724530484955284e-01 7.642519792745874341e-01 8.046277309005147593e-01 5.142648066662158790e-01 5.968806004709359403e-02 9.886487081954598022e-02 4.186522693108285509e-01 6.658049566365442651e-01 9.948838265637596212e-01 4.386720724562199747e-01 1.073932060864825067e-01
7.400482577708143994e-01 4.260411831752410894e-01 4.325305255867870624e-01 1.355964206500142044e-01 1.019276938832989199e-01 6.838659183017441467e-01 7.775285291247553410e-01 3.988009901117683942e-01 4.343304645894486837e-01 3.501099538834283598e-01 1.163334837253139353e-01 7.609612031977465163e-01
5.027757453235607299e-01 7.035400578900518065e-01 2.248773479977862477e-01 1.094583121168888340e-01 4.030721609307517106e-01 4.546466227588709108e-01 3.759666986181384729e-01 8.949160845003987230e-01 2.592450376347597008e-01 9.796413231449333514e-01 1.368956827139533594e-02 9.865412572409992809e-02
3.210639776134146528e-01 6.660730204093225915e-01 8.686495565693498344e-01 1.507179996073072514e-01 2.801011792118147659e-01 4.034355955545718686e-01 3.436009288259885830e-01 5.992633043091946110e-01 9.103417325482380251e-01 6.154088563845583337e-04 5.616611956225151525e-01 8.378130753022333677e-01
7.623444824039944390e-01 6.972968505906174119e-02 2.469293919522305147e-01 6.346466290599530602e-01 4.830299226348033770e-01 1.126544635594989296e-01 6.001267707675173035e-02 1.883593548297872733e-01 3.591887619828582068e-02 9.267619347912252614e-01 4.200830566439051061e-03 7.471958250774889398e-01
4.322792579597533047e-01 7.859979738856048836e-01 9.726075453359304124e-01 4.171940892384981003e-01 1.932431890992470924e-01 8.035358664265193074e-01 4.824041988128828784e-01 5.766754457538469936e-01 1.900169388715622354e-03 5.399674960999277795e-01 3.857709605656055585e-01 5.693428814586748432e-01
8.018205339110232588e-01 9.956128887381067161e-01 9.405448758366631301e-01 5.353750528452548840e-01 4.127161606751346135e-01 6.691056779427828616e-03 1.608574377360499907e-01 9.362509750797339825e-01 4.112180322241265618e-01 1.040050347426854094e-01 3.680326436030273429e-01 7.946536296935621246e-01
9.954022932449403394e-01 1.202453918288632906e-01 7.180636971223586240e-02 6.780932600287226109e-02 6.529970260379995839e-01 3.345335439998154969e-01 1.817163025422909861e-01 5.284060367850476059e-01 6.412762832101281951e-01 1.085563791530022026e-01 9.314314734712351163e-01 9.267489266491720779e-01
6.823219946385351564e-01 2.357823200990423196e-01 6.643390582250163767e-03 5.890052868350211801e-01 2.442819456802973743e-01 7.064428006014292771e-01 6.344431074809961935e-01 1.853975016150237742e-01 2.939771574998036874e-01 2.219591968935079596e-01 4.136020199605208170e-01 9.087651431060943530e-01
4.953331610803947127e-01
9.325533029016815911e-01
5.175797718664646441e-01
5.750557529714190874e-01
8.568547256292591285e-02
7.023715752801092949e-01
5.428619752999503945e-01
4.141552803133254912e-01
2.939870917759769275e-01
3.516505799295368551e-01
5.272319388790681627e-01
6.495955838267820637e-01
ReLU
0.001
12
2
5.250803671768063952e-01 4.625229783552584628e-01 2.294124255557317138e-01 2.178412258493170883e-01 2.625119093730959863e-01 8.574602683002560122e-01 1.439933338075849445e-01 8.766484153069926677e-01 1.733215410154647085e-01 3.098147788656044899e-01 9.340564701330525965e-01 7.349427856778261159e-01
1.407257789468320253e-01 1.001717282153831157e-01 3.269126557185777493e-01 8.258986664619000218e-01 8.390927555860805409e-01 1.274348332406302076e-01 3.663930983541029418e-01 5.194149848966590488e-01 9.490512638377833765e-01 5.180293046016782865e-01 3.750850214864193122e-01 9.129796867919406367e-01
3.254342080235985701e-01
5.930483271520228250e-01
Linear
0.001

ct 2024-06-02 21:35:02.565990
