noname
4
4
4
12
1.454726121157702723e+00 7.328182586532222542e-01 -4.254987222374714828e-01 5.291290980628949869e-01
8.135791159264962324e-01 2.074404103578578878e-02 -6.624267328184924031e-01 3.428067195742136586e-01
1.108082046156270373e+00 7.216499857995946066e-01 -3.132531927586893472e-01 4.674542931420976877e-01
1.222334853127414522e+00 5.168046460292807787e-01 -4.281761159915959958e-01 3.716136124500632465e-01
1.163972862301521971e+00 1.732333177538285252e-01 -6.986568673932271878e-01 1.649029031897097375e-01
5.643245166762590470e-01 2.369762558556302301e-01 -4.822819661863485541e-01 -2.088402619511983346e-02
1.280276411372295531e+00 4.741119476510723962e-01 -8.926726337267428812e-01 5.158326303958338244e-01
8.026172895708040267e-01 2.902340886227517958e-01 -4.975191033314949607e-01 1.877699376793690866e-01
1.204712203855120123e+00 3.459279655648692664e-01 -1.066571562149892349e+00 3.454799424936632612e-01
1.020313893847596853e+00 8.096803735872356578e-01 -5.104709470794047688e-01 6.486772996094364307e-01
1.407350032572583842e+00 8.413994990254378692e-01 -7.134391624519450525e-01 5.510295722973238552e-01
4.081372350079141564e-01 6.068675609567212303e-01 5.501655577804739211e-02 3.164441468747010711e-01
7.318950527539216377e-01
9.375497020700074291e-01
3.282658709550253517e-01
3.265188836109896853e-01
3.493280885946858372e-01
9.295572732596435461e-01
5.317205175346719770e-01
3.271448237628420963e-01
8.637819579465638720e-01
8.613120253985259156e-01
6.919242827483982339e-01
3.379952139411150358e-01
ReLU
0.001
12
12
7.905069356978835504e-01 8.942907529099993758e-01 6.209519003483909838e-01 -1.137028586563317428e-01 4.758350644995584244e-01 8.330171283685630090e-01 2.020171516172937776e-01 -3.208380830110253712e-02 8.126562317745369413e-01 5.468876359363978867e-01 5.646717437462079880e-01 -1.793839633409780726e-02
7.910459648842145253e-01 6.134951222794660097e-01 -5.667546191573177156e-02 -1.848725853262199112e-02 1.210405896424964878e+00 1.042718667012537459e+00 4.909279938217021022e-01 1.961120416363363456e-02 8.339366338313387583e-01 -1.119165068108105288e-01 -5.697602614180016095e-02 6.914371214264178334e-02
6.953909164230652751e-01 8.353408150768590890e-01 -2.605440838862496666e-01 3.225895738558607895e-01 1.945611155575918683e-02 4.746374691078035224e-01 7.596064461402880497e-01 6.985930358410218366e-01 5.506168953683184819e-01 -6.076867152013622209e-02 7.938421132553320492e-01 -2.098693988837749547e-01
8.095792886474336703e-01 3.069577814658260850e-01 3.021804705370783606e-01 5.464308085560427575e-01 3.201112462644870038e-01 -3.728640444610820809e-02 4.233929802616424702e-03 3.431257202104903148e-01 6.978413402845038416e-01 9.283910308865676031e-01 3.285575612833044890e-01 -5.089390252665029202e-01
6.524674511285165623e-01 5.143438756932485756e-01 -3.097202128025013795e-02 -1.230786346670426773e-01 -8.430577705266967259e-02 5.905425530434931236e-01 6.783997690118636070e-01 3.207449544807214892e-01 4.673045203983878793e-01 2.807740315540752651e-01 5.405927700375139436e-03 1.404050831945660160e-01
3.654343857050193489e-01 6.516433489631487941e-01 1.213053479991514812e-03 1.000339693692956812e-02 7.826643748244296317e-01 5.718866084581049058e-01 1.665166879426104862e-01 7.480810179139367744e-01 3.119093212508375901e-01 8.147959383091419872e-01 -6.378193446313305814e-02 -3.769767181915102960e-01
1.954123056680170112e-01 7.185483195916275712e-01 3.831547129055907219e-01 -1.247352056975437745e-01 1.455603249261970822e-01 3.113495258680061273e-01 2.055349342032207760e-01 4.835321964075814938e-01 9.286777939828436690e-01 -1.123583912756883352e-01 4.250221459063117657e-01 1.656716032209197276e-01
6.099148641780974822e-01 5.416312514007044776e-02 -1.254777704511398917e-01 4.450614266002717034e-01 6.999617701191218622e-01 1.713028757459662266e-01 -1.528283750688679554e-01 3.258977811994591411e-02 8.880328213903772305e-02 7.600301773008564243e-01 -1.047293292208609644e-01 1.215918924829018644e-01
3.618846300193972465e-01 8.859713154740983532e-01 5.211498887880662290e-01 1.632501059598963633e-01 -4.522273695387943326e-02 6.916276780845200811e-01 4.067358577541025921e-01 5.164627543523309106e-01 3.015799577851380198e-02 4.917490451408985663e-01 2.821998518029149028e-01 -1.436799463013265464e-02
6.727618915322554072e-01 1.044759245350745047e+00 4.669444492990106887e-01 2.732877983351266749e-01 3.526787301574436095e-01 -4.234815930804124162e-02 5.257557442346348295e-03 8.143046761675124534e-01 4.477737173014278982e-01 -1.691638649428440361e-02 2.406501344676264809e-01 1.170649267514072972e-01
8.448672846447125018e-01 8.475358097995312756e-02 -2.438803757148816920e-01 -8.540505319461291767e-02 9.461627791470490489e-01 4.189654632540383838e-01 -3.786468396246638751e-02 3.705149681312027710e-01 6.926242712557276748e-01 -6.274443887931697994e-02 8.326869146297842805e-01 3.573942955474235239e-01
5.475434090688721112e-01 2.710430234153374252e-01 -4.449388938077147859e-01 3.524083681797601231e-01 2.957583146958113196e-01 7.035372044819789838e-01 4.652479837936593365e-01 5.606978995321645898e-02 3.484379663531339544e-01 8.697713740283052886e-02 2.970003866274186222e-01 2.249659388897097545e-01
6.541705652728945219e-01
1.098004226724031751e+00
5.541024980977136138e-01
5.566035602130406934e-01
7.184131680718544577e-02
8.831726390388607850e-01
5.332777555473460218e-01
5.530780904999562653e-01
2.564282815989766262e-01
3.896130354485522473e-01
6.858638515458134188e-01
7.317258593168082248e-01
ReLU
0.001
12
2
4.927222782527773126e-01 4.867570359182863959e-01 1.825474745009704747e-01 1.764657003253672363e-01 1.823094542740926471e-01 8.339611282459111763e-01 1.276246813141376224e-01 8.091914891487018702e-01 1.095636650042359633e-01 2.488980657635888050e-01 9.245599003999106502e-01 7.127090286855346513e-01
1.161119519421611734e-01 7.230267332728718133e-02 3.023338593933508345e-01 7.813461121453013636e-01 7.898791136983410732e-01 1.257277619341220509e-01 3.204782820682141042e-01 4.505936935871978632e-01 8.912555143123941370e-01 4.844834038095739426e-01 3.192671583994425299e-01 8.488848305858092136e-01
5.350393745876399487e-01
5.353022763869041967e-01
Linear
0.001

ct 2024-06-02 21:35:48.790485
