noname
4
2
2
4
5.275470223303349027e-01 -1.611086958906050581e-01
-7.196908469396418040e-02 2.353213781469298826e-01
7.780138598687067475e-01 3.578948456231030306e-01
6.561136635644025938e-01 3.124858667399727299e-02
2.852498361798869730e-01
5.198715068136157136e-01
1.771199155517867996e-01
5.433819055072942883e-02
ReLU
0.0001
4
4
6.377940938699694362e-02 4.008056941053311784e-01 7.302342808711645983e-01 3.202317458660384197e-01
7.268093130886867925e-01 9.024026354690495300e-01 8.313437796758229581e-01 -2.572434263519219125e-02
1.802123764257013983e-01 -1.177587149162737795e-01 3.400624257511042914e-01 2.744101851627777089e-01
5.067957719722918641e-01 -1.387030291461751053e-01 4.364656729705886917e-01 6.605850548717191462e-01
5.146200918610580599e-01
4.913485932629377828e-01
6.938424386709235447e-01
6.232859363798812918e-02
ReLU
0.0001
4
3
5.013249901476445336e-01 2.710805649772132231e-01 5.306538258717145018e-01 1.825936982657264951e-01
7.721174454670467480e-01 3.185765710590880428e-01 3.246220658698326100e-01 -4.458696327117435410e-02
4.753754331583875947e-01 -1.036060885221367217e-01 6.711827775418394149e-01 5.842835813887314877e-01
6.965769888840557256e-01
1.592984861566853205e-01
5.670402013252847651e-01
Linear
0.0001

ct 2024-06-02 00:53:12.162083
