noname
4
4
4
4
7.934451567040767817e-02 1.600777224659402309e+00 9.509319871018480086e-01 3.820372892728727265e-01
1.037461071986460093e+00 1.500779929292647807e+00 1.508320615508622620e+00 8.660357942616421223e-01
-6.749411593272881538e-01 8.451723328123423862e-01 7.301329543027391900e+00 8.230365452584861297e-01
1.200829135945960857e+00 1.214854531580194630e+00 1.259860184050039189e+00 7.353126824709691478e-01
1.283005521880590527e-01
8.867349384327281037e-01
-1.551235662147790961e+00
5.258631231898266423e-01
ReLU
0.1
4
4
1.698407334738009089e-01 5.592917844444306175e-01 -2.041892879335674316e+00 -3.022179039007951706e-01
5.244312313492430766e-01 7.912954973702985839e-01 -2.206233690597869668e+00 4.429492804808895512e-01
4.211478185963915544e-01 1.572159042030782938e-01 -2.018423633364275105e+00 -1.338403286481024412e-01
-7.604543027772762975e-02 5.133744872237144818e-02 -2.122830786038379269e+00 4.123933603907936618e-01
5.910247526824369269e-02
9.848896806568204765e-01
5.027379416272709234e-01
6.676948183171257933e-02
ReLU
0.1
4
2
2.444999025847645613e-01 1.078853009014349107e+00 5.262397208015484606e-01 1.751277630017428755e-01
2.901595036231860436e-01 9.148366937834787604e-01 3.381659814474403114e-01 3.180114128675898821e-01
1.749504478104281890e+00
1.886346440689726789e+00
Linear
0.1

ct 2024-06-16 15:33:33.917882
