noname
4
4
4
4
4.197258982577569686e-01 8.845054689301301565e-01 1.751825153226436171e-01 1.667739364973329641e-01
2.953755766482304423e-01 8.268823798943760739e-01 2.425363240684448307e-01 2.258975326358055868e-01
3.609472003585207922e-01 5.023441994661044241e-01 9.184739393870855473e-01 4.969810968562998754e-01
7.897903698911071801e-01 2.688928622852768680e-01 5.903093253494652304e-01 5.850260431303675457e-01
1.853137727889957453e-01
8.903681911110641334e-01
8.877427025338624489e-02
9.368913563298224556e-01
ReLU
0.1
4
4
2.568543743511885191e-01 9.451260445163370827e-01 7.170685622671025827e-01 7.846413099808480229e-02
4.479630082078011055e-01 8.365965174831674345e-01 7.359108581656319537e-01 5.583888214938788064e-01
6.257073553967615887e-01 3.059951495390689225e-01 7.167805578714305792e-01 1.954629102902671889e-04
3.037482197116065930e-01 1.776060783893440576e-01 4.619009370556371730e-01 5.913057423583480965e-01
1.409769851516496919e-01
5.824238741314540224e-01
4.240673510329850959e-01
5.132073664006697733e-03
ReLU
0.1
4
2
7.186815195132671974e-01 8.931698106373573420e-01 6.669214456983818540e-01 4.705867660092484250e-01
8.857663632261669751e-02 6.649552821401175651e-01 7.728919904452787870e-01 6.896175145770053749e-01
4.607182083838918807e-01
9.198470789705052164e-01
Linear
0.1

ct 2024-06-16 15:33:30.702197
