noname
4
4
4
6
2.168575765528878208e+00 3.932552276494797994e+00 5.667039643493443357e+00 2.627536999332169110e+00
-1.200731300539259250e+00 1.002667893103325047e-01 4.112333253026662305e+00 -4.302516955653044040e-01
-1.074649526600459870e+00 7.402689915845849233e-01 1.270034323996097392e+01 9.008788218035539419e-01
-3.561407700666771592e-01 4.891103163143428190e-01 2.421303665037412145e+01 8.382832920023579604e-01
-6.621148633437883291e-01 4.734284692406972583e-01 2.196079728187902091e+00 2.331254937198843080e-01
-2.118067093347284935e+00 6.675271233033802654e-01 8.621947612283172191e+00 1.395836423715800301e+00
2.152847365548586911e+00
-1.707176407414223052e+00
3.313930231458791287e+00
-4.652963287736206155e+00
-9.487906821349810782e-01
-1.775938799823191694e+00
ReLU
0.1
6
6
-2.538075796946218446e-02 -7.586526755961673363e-01 -7.605993608090400038e-01 -4.071491077902980038e+00 -2.438080577081578326e-01 -4.951782315191178424e-02
1.167979898965915586e+00 -3.797284269713793736e-01 4.284654947444922479e-01 -8.804049841812034316e+00 -3.054088692254919302e-01 -1.088724495334762343e+00
-7.506183253296305757e-01 -3.613201476907903706e-03 -3.057489342356926598e-01 -4.370681072561248270e-01 -3.231102706737632446e-01 2.055736893776916874e-01
4.259547149837326074e-01 -1.007418416231107949e+00 -4.929425530825120028e+00 -1.670634954585414333e-01 1.309095807597952632e+00 -5.361564388843381712e-01
1.899488530308573314e-02 7.448089139518307977e-01 -3.968337852152439837e-01 -1.779177020014867106e+00 6.931226039091344937e-01 3.282205614487343492e-01
-5.636710125446381392e-02 4.376643340434087093e-01 -1.810877236982678662e-01 -7.318698857500638422e-01 1.990896717508457425e-01 -4.787209029275185102e-01
-1.720121206186182305e-01
1.640843731403335060e+00
-6.333200352273093969e-01
3.223126855330240570e+00
-3.589007950801590408e-01
-1.044271713550965486e-01
ReLU
0.1
6
2
-1.207765927139790169e-01 1.104462097052988812e+00 5.016804444871594271e-01 -1.537879971456979744e+00 3.089113296570600853e-01 5.756581896826098305e-02
-1.535259530544356710e-01 1.161013921603756271e+00 -5.460930724012577064e-01 -1.267552917152829917e+00 1.226904060849557110e-01 -6.318113146941789493e-02
3.572634121446720989e+00
3.810055040350691424e+00
Linear
0.1

ct 2024-06-16 13:30:13.560965
