noname
4
4
4
6
3.039029019322908809e+00 4.794497647399577289e+00 7.218611066125681930e+00 3.171070905068503976e+00
-7.333105491934402975e-01 7.287142873094871742e-01 5.442824670937985942e+00 -5.318427247130199653e-01
-1.168149604133246866e+00 5.941611601350553773e-01 1.722546908361747597e+01 1.174325189016671267e+00
2.977083273520832879e-03 8.946716346310539247e-01 3.067551244755300033e+01 1.825423459623613187e+00
-6.621148633437883291e-01 4.734284692406972583e-01 2.196079728187902091e+00 2.331254937198843080e-01
-1.245370779136614647e+00 1.444873707629264370e+00 1.333745121919199761e+01 1.312847181382674977e+00
2.323537828269543581e+00
-6.463905706692113284e+00
4.862207698088228724e+00
-4.875082303911124626e+00
-9.487906821349810782e-01
-4.161993542594235151e+00
ReLU
0.1
6
6
-2.538075796946218446e-02 -7.586526755961673363e-01 -7.605993608090400038e-01 -4.071491077902980038e+00 -2.438080577081578326e-01 -4.951782315191178424e-02
1.009083652609560566e+00 -1.359480947847435325e-02 2.585337373531139682e-01 -3.071393341254169851e+00 -3.054088692254919302e-01 -6.242560347884144045e-01
-7.506183253296305757e-01 -3.613201476907903706e-03 -3.057489342356926598e-01 -4.370681072561248270e-01 -3.231102706737632446e-01 2.055736893776916874e-01
2.944914825061720753e-01 4.293601296668486889e+00 -1.689404458086117389e+00 -1.670634954585414333e-01 1.309095807597952632e+00 -5.361564388843381712e-01
-5.747602607605638569e-01 -2.374352292153894428e+00 -4.009932440831747158e-01 -1.779177020014867106e+00 6.931226039091344937e-01 3.282205614487343492e-01
2.625901425996151478e-02 -2.356180101088540368e+00 -2.594546943950449158e+00 -7.318698857500638422e-01 1.990896717508457425e-01 -4.787209029275185102e-01
-1.720121206186182305e-01
3.902503768000094464e+00
-6.333200352273093969e-01
2.886717548837869796e+00
-1.963922985316620462e+00
-1.172163861202596413e+00
ReLU
0.1
6
2
-1.207765927139790169e-01 1.088103327062197812e+00 5.016804444871594271e-01 -1.665388188673587067e+00 1.521509597285321605e-02 -7.231493738846478392e-01
-1.535259530544356710e-01 1.037432158727932485e+00 -5.460930724012577064e-01 -1.844577491921150614e+00 -2.057168249351145339e-01 -8.294906835380715382e-01
1.716666213994854306e+00
1.954465969656685953e+00
Linear
0.1

ct 2024-06-16 13:30:37.135656
