noname
4
4
4
6
1.688090643013814951e+00 2.471342562316833913e+00 4.415589538808473158e+00 1.477974739019117134e+00
-3.454007777376848498e+00 -4.798222423832616546e-01 3.362018038958647370e+00 -7.406095350927311971e-01
-1.286343799628890672e+00 1.050813612009699805e+00 5.249711719289458678e+00 9.950588683698775583e-01
-1.554915882366353141e+00 7.888554757004706541e-01 1.858917745136497501e+01 9.784162518224892580e-01
3.558650031418084114e-01 3.355666187963110558e-01 3.656226549238239532e-01 4.355473029311039412e-01
5.661799033451566654e-01 4.679554014109050808e-01 2.674957692748771709e-01 3.408036420789873899e-01
1.450965891104694538e+00
-6.488030821697722272e-01
1.886462767727681511e+00
-3.455498588976730456e+00
1.588550980844833371e-01
3.367830453759673714e-01
ReLU
0.1
6
6
3.678608419735790447e-01 -7.422339154251867965e-01 -1.841743259843691971e-01 -4.068058318515801020e+00 -1.881026166945384548e-01 3.355745974884515315e-01
9.319934689502812342e-01 -4.619143048665235174e-01 5.977965451963407340e-01 -5.671174300927331657e+00 6.307403253865888348e-02 6.099324279447329022e-01
-6.411147688908724884e-01 -3.613201476907903706e-03 -3.057489342356926598e-01 -4.370681072561248270e-01 -2.136286375200228127e-01 3.150705862423500148e-01
1.022467610205289451e-01 -1.314290098164137000e+00 -3.536013996725735353e+00 -1.670634954585414333e-01 6.174852581431838905e-01 1.258190631190482245e+00
8.676168600231520811e-01 9.130683572257639602e-01 8.705932780837207785e-01 -2.226170790724438797e-01 6.144863787413910039e-01 6.381704915702233194e-01
4.210846094039257248e-01 4.587679877877263168e-01 4.218729936184251739e-01 -6.899301866237326220e-01 1.618270542064388917e-01 1.839750579466050695e-01
1.022992798384698282e-01
1.599414546436936480e+00
-5.238171235213365806e-01
1.588150265895237556e+00
9.864744564280305550e-01
5.372591679260544373e-01
ReLU
0.1
6
2
2.512018224730060492e-02 1.087620552020103215e+00 3.921890042031472845e-01 -1.150020382860049484e+00 4.566939232689807282e-01 4.621504132319140812e-01
7.612794998056060525e-02 1.279826416088996721e+00 -4.365993559146746916e-01 -1.183860877483750018e+00 3.273378519660817831e-01 3.483679824014419002e-01
2.807572904501321798e+00
2.747332139879449020e+00
Linear
0.1

ct 2024-06-16 13:30:04.808301
