noname
4
4
4
18
-3.392997797930059067e-01 7.678162126141642174e-01 8.707302918497938915e-01 3.007365771752362194e-01
-4.471659598957832826e-01 1.937865986779329086e+00 1.035414006044454105e+01 5.945743007773579558e-01
-4.975231953506009108e-01 6.008379646185767475e-01 5.034444131475465101e-01 2.210258990347492569e-01
4.518480004732650102e+00 -5.522515149691021863e-01 -7.555683909442972634e+00 -5.488162186513503848e-02
1.367322358490535406e+00 1.057161214231769231e+00 -7.046039985857064369e-01 9.717200337249275455e-01
3.562347592981535693e-01 1.706652055652343680e+00 1.185045556993109761e+00 9.249585008598734115e-01
1.860075775362854289e+00 4.535991990929002515e-01 -1.162599490710983563e+00 1.055208380614357289e+00
9.371292595911866474e-01 1.435237164864439974e+00 1.787290111279599358e+00 4.348107571320329878e-01
1.458981833656626259e+00 -1.037444171089049627e+00 -1.085316647292393810e+01 -2.223155012005211706e+00
-1.477081085215310452e+00 2.400201955596750647e+00 1.438725847318957918e+01 1.156740270074166688e+00
4.871619370767954926e+00 2.441107157334857503e-01 -5.010702442975140336e+00 1.399766719931808678e+00
3.664924106777643686e+00 2.110853348527164552e+00 -1.366031763611043282e+00 1.743045461137635588e+00
1.014943368960422587e+00 6.000733862020678488e-01 -9.740060410132274082e-01 5.648867375097030852e-01
9.364113137436434753e-02 9.319000426444370433e-01 6.647050587201593252e+00 2.670455739453326260e-01
-8.086931035950442048e-01 1.512022665181062431e+00 2.661974919265645223e+00 6.811498834905547195e-01
3.340881719773252101e-01 4.036812179734536321e-01 1.538444261397799995e+00 1.586790565696274691e-01
8.341126409933775632e-01 2.557851427015367940e-01 2.412307109824029794e-01 2.819982828011421416e-01
7.827542581132665989e-01 1.383982682046132284e+00 1.713130824275894026e+00 4.046606066316203454e-01
-1.233360268415286010e+00
-3.953541428826267357e+00
-6.085043211253505779e-01
-9.368471440843479936e-01
-5.143476254211503118e-01
7.329497984022392831e-01
-3.135440855290741458e-01
3.900578051968504878e-02
1.941824210532412609e+00
-5.185408503301152550e+00
4.720614426681409848e-01
3.370995498000038282e+00
-3.457183256648496128e-01
-2.533715790982352889e+00
-1.314733683991964552e+00
-7.674200573169283057e-01
-7.117490152451330099e-01
1.109912291952611374e-01
ReLU
0.2
18
18
-3.043956304769134258e-01 -7.309090277281631298e-01 -1.090992200739983486e+00 2.229174617545995885e-01 -6.176991664755480116e-01 -6.225476532025915333e-01 1.239709724515438427e-01 -7.040172891021412305e-01 -7.258848338492146501e-02 -9.791271670303696162e-01 -6.130543495168229162e-01 -8.600464561503567973e-01 -5.116429525382847343e-01 -1.066396144081581898e+00 -2.764755847181706028e-02 -1.711123919981943631e-01 -7.331542671572041092e-01 -4.476676522203985598e-01
2.254582654814538956e-01 -3.858818941333656660e+00 -3.030568580181789984e-01 8.520945300920688970e-02 4.577764492768474636e-01 -9.151872429224999772e-01 3.547558968626357556e-01 -5.832627681522202234e-01 -2.537980432921531193e+00 -2.563348306081352668e+00 5.716219226368989270e-01 4.643124120617309614e-01 5.184987564304074370e-01 -1.812007318204782447e-01 4.497078834263188440e-01 8.961440852901084164e-02 9.824808600247908474e-01 -2.787741931130364170e-01
-1.174435439289521543e+00 -9.802874946607371687e-01 -9.147659157505245997e-02 -1.007703745602331225e+00 -1.080495879393571279e+00 4.844427668491309291e-03 -7.186389912377619815e-01 -2.609058520506175038e-01 -5.515146151923614459e-01 -1.348749548630694184e+00 -1.373020232388043604e+00 -6.316280797066723407e-01 -2.657484885059238078e-01 -1.667021722889971747e+00 -4.009391251378903176e-01 -9.140832854377209937e-01 -1.107100524322985002e+00 -1.740652135100821951e-01
-3.422338473499557110e-01 -2.149670056904299020e+00 -2.845549751785082515e-01 -1.370460406719115898e-01 -4.034590778680364753e-01 -3.164440996997965883e-01 -2.981072781286125406e-01 -4.211283272666684896e-01 -1.868310360567067563e-01 -1.077668040598393828e+00 -2.275497523372536357e-01 -4.615448257309601177e-01 -8.861315824971886801e-02 -9.484824916366798586e-01 -5.275165665683172467e-01 -5.840853874173108640e-01 -6.614855474153725767e-01 -4.956306592080800821e-01
-4.909114054888331635e-01 -4.412342523056496546e+00 -2.823420491050185888e-01 -8.307775927131583193e-01 6.972024256795598951e-02 -4.158714246025355665e-01 -2.357398174527499946e-01 -4.561577631652269371e-01 -1.404094782757205673e+00 -4.256160787012857050e+00 3.527580517412419459e-02 5.320799832370439741e-01 4.264205496681258006e-02 -2.294571430441643134e+00 -5.874689194694941718e-02 -3.741274460081843167e-01 4.145526722721305790e-02 -7.525968757120212738e-01
-6.542084254973795643e-01 -4.734283766154904427e+00 -7.729824536226913567e-01 -9.137822581706238345e-02 -5.381452677877958113e-01 -5.430514515914236506e-01 1.842795873612120550e-01 -4.470792908316085779e-01 -1.451134036692085072e+00 -3.623314052195228285e+00 -4.979281228435568085e-01 7.322477038359039847e-01 8.851771265528397825e-02 -1.606126480290741565e+00 -1.564870192308201180e-01 -1.009361071405005639e+00 -8.730946518144785395e-01 -7.263924975099490533e-01
-9.589694732110073949e-02 -3.405179649055753988e+00 -3.440585274913612879e-01 -9.090292400881836432e-01 -1.351748086552466144e-01 -4.889252906401109766e-01 -4.131199238220181064e-02 -2.742393853109315605e-01 -1.472413432971462877e+00 -3.788668894113372154e+00 2.371238866619861940e-01 5.150728586192926395e-01 -2.050130549290486992e-01 -1.506649334590988598e+00 -4.882752938875697390e-01 -1.222002192244288354e-01 7.288389646754376283e-01 -2.108489828220301288e-01
4.127562225948062657e-01 -3.742679430168447396e+00 -2.886178981090423146e-01 -2.005724196730551967e-01 -6.039963312211752422e-01 -8.107700197191552993e-01 -1.857716556849952072e-01 -4.755841159777547955e-01 -4.957385968695555145e-01 -2.373940909197598703e+00 1.705185033457869426e-01 -2.252393647062271576e-01 4.576474881371051517e-01 -1.247807246196684705e+00 -2.165565451719781709e-01 2.907572760166151626e-01 5.412109090343835138e-01 -5.389705049275381743e-01
-1.234542540306378111e+00 -1.058198915672230234e+00 -5.991841220501316068e-01 -1.068236631093689271e+00 -7.038606517672916230e-01 -1.237963680485143714e+00 -1.500033509011663879e+00 -8.582410186960344189e-01 -1.245937574064211795e+00 -7.952610445912133841e-01 -1.435153640598892721e+00 -1.580510710288657750e+00 -1.027190987157652557e+00 -1.326773672366126311e+00 -1.164049645754073437e+00 -1.124536116011759512e+00 -1.523001466802624604e+00 -8.743046560049891891e-01
-1.541994109220800324e-01 -2.514422939320954509e+00 -8.342775510794996352e-01 -7.417608467605664169e-01 -4.650466441496957648e-01 -1.095556460796964338e+00 -9.319922729049598953e-01 -6.963555502631700866e-01 -1.356867678604535721e+00 -6.591107468634108679e-01 -4.754989695333922128e-01 -5.614163507141975984e-01 -9.464447773833115640e-01 -9.957801575932428984e-01 -7.226395819600323067e-01 -8.127375670275692743e-01 -5.861335920620801554e-01 -5.103809980518434486e-01
2.032761288529601751e-01 -4.922329297922908298e-01 -1.152433100713542435e+00 -5.280077790037932539e-01 -4.233511750072125324e-01 -3.312591179310707679e-01 -7.207683044195807298e-01 -7.580071871399635119e-01 -3.855171235285921871e-01 -4.177767974959496478e-01 -5.371642964562575173e-01 -4.151577745066110242e-02 -6.090118326166439333e-01 -8.005220208057081122e-01 -1.897318094978139302e-01 -6.908917201945186104e-01 -4.369934380825915565e-01 -1.049781717186460739e+00
-7.107875381597609232e-01 -3.786926401911680617e+00 2.348511184687620823e-01 -8.797444755496578450e-01 -7.570855265837416193e-01 -8.517527489462030088e-01 -4.788631644185856739e-01 -5.469388228837442911e-01 -1.150950639245080787e+00 -4.483783235600428796e+00 -9.733068418758751283e-01 4.316580429881909375e-01 -5.943043022049482316e-01 -1.936537358064092329e+00 -1.950107751814993684e-01 -7.766431683052436030e-01 -3.033149127499405462e-01 -4.230738475273852495e-01
-3.430467439973294841e-01 1.106303785681603397e-01 -6.563292632790491687e-01 -3.442464281492697009e-01 1.375740689679195994e-01 -9.541446452513753229e-01 2.571784862912292469e-01 -4.410689276207471754e-01 -7.876833891503056684e-01 -9.012770270924548299e-01 -3.738623137819125364e-01 -5.027635647726567125e-01 -1.283166675337667206e-02 -8.538244807235025047e-02 -5.449071588313442183e-01 -1.493422787932509044e-01 -2.250222784747992269e-02 -7.860189380477502485e-01
-1.191813014332195469e-01 -4.881973634863240541e+00 2.499268011057865224e-01 2.274576770524134456e-02 -5.661395166134172152e-01 -1.131447088185169481e+00 -2.324942269190055366e-01 -1.133456819205868937e+00 -1.190780033751692057e+00 -2.829065269799617699e+00 -1.357668040596315684e-01 -1.159853296283042678e-01 1.393995827124252795e-01 -2.330689484147063339e+00 -4.700354869532615276e-01 -3.836040016410577347e-01 -4.816802847498576901e-01 -5.422517227885125246e-01
-6.572320217958529387e-01 -4.684797860118937507e+00 -1.758733949845826816e-01 -2.006255640231281667e+00 9.984340580809505927e-02 1.170669126151568928e+00 7.660949739263407665e-02 6.330191390082121616e-01 -1.592066740160684279e+00 -5.101833851807218601e+00 1.466482128133445251e+00 3.194980013579605593e+00 1.264060456175156166e-01 -1.563355478107521623e+00 -5.055415574231505449e-01 -6.488924627459966010e-02 6.388423291151085204e-02 6.204792647095880298e-01
4.782616906476154506e-02 -3.320843416717899288e+00 1.134314617258430080e-01 -3.024811838472954428e-01 -3.318513691828016143e-01 -8.702924443867536830e-01 1.023490181296854706e-01 -1.029625306338939117e+00 -6.658826075499392205e-01 -1.728598050156627153e+00 -9.465855757600172282e-03 1.227917336645694968e-01 5.378708755860469974e-03 -1.487696059051925701e+00 -9.998921267062382823e-02 6.912968308724501930e-03 -2.977790810243198250e-01 -5.432240885865849966e-01
-1.209166105386790813e+00 -3.649143225490657505e-01 -8.455536083613198750e-01 -1.279182610101881945e+00 -1.285842339267996959e+00 -7.156211757466430790e-01 -1.671354773010278461e+00 -7.046958365106056332e-01 -1.124660368783890529e+00 -1.083193845880712658e+00 -9.602829044260349223e-01 -9.638171408222024894e-01 -1.031899840611871788e+00 -1.919107259058504544e+00 -1.345074876650028006e+00 -9.887960265251408698e-01 -1.922975895131090907e+00 -6.247830402681202600e-01
-7.970639118136106926e-01 -2.100087320595373619e+00 -5.098864389961911270e-01 -4.574232400207062788e-01 -1.986878979595413097e-01 -7.263627205896303618e-01 -5.315374940976334006e-01 -4.002199670728825431e-01 -9.883086027822095554e-01 -3.149791433114242367e-01 -9.218799295791098303e-02 -3.368537999117875437e-01 -1.158199308310345010e+00 -1.089694683902723060e+00 -3.908011867083061031e-01 -4.420124005946151624e-01 -1.287641080978280561e+00 -9.090738254097915361e-01
-2.375600977835696237e-01
1.655019703272032627e+00
-6.388252557908781493e-02
6.600136210929301583e-01
1.794694610508809296e+00
1.801344385714133134e+00
2.759526360660031763e+00
1.529698898254310713e+00
-7.684967112355579610e-01
-1.587043144584102394e-01
-2.209494015157223087e-02
2.451522368493172177e+00
-4.217507887805582723e-02
1.869884415793874766e+00
5.041920085051127209e+00
5.843307780827710074e-01
-5.481094220063303935e-01
-4.129479832271486933e-02
ReLU
0.2
18
2
1.192114766639750245e+00 2.602424936201812034e-01 8.593889422918822296e-01 3.979782985531226357e-03 5.759749017507431734e-01 4.706468634026984010e-01 8.564822830117688746e-01 1.773603606168414060e-01 1.055197531010553691e+00 4.512093176695914920e-01 7.505505397977633164e-01 7.557643839241768857e-01 5.993847597024622997e-01 2.113407420980795426e-01 2.841549580773207850e+00 3.784605852814287852e-02 1.348768650910333378e+00 4.088582222484996032e-01
-7.491012303906585679e-01 8.433421088612950145e-01 1.427786161056647796e-01 -9.782799050847774958e-02 3.705782335749653322e-01 5.782006240531980534e-01 3.937871180353685330e-01 1.678337303953201798e-01 -5.686307724855819146e-01 1.335039780576477764e+00 2.078735239870549423e-01 3.293142755101511332e-01 3.544630423878250558e-01 4.338274243613715608e-01 2.249481321945103307e+00 1.463935135762557405e-01 -4.743779950073171991e-01 1.146688859501689972e+00
7.068407244364355968e+00
4.947184204979246935e+00
Linear
0.2

ct 2024-06-12 17:33:01.901159
