noname
4
4
4
14
4.202843998935787972e-01 8.940243003964110091e-01 9.812404955551732311e-01 4.370545153231688573e-01
-1.742629741915827646e+00 9.772948264181140487e-01 8.616416801013946358e-01 -1.703199278386928819e-03
2.882891646285659970e+00 6.209170712602529729e-01 6.526855739669814582e-01 7.833476889523979247e-01
2.581109477631521987e+00 4.915761543851835946e-01 -2.935229091918049038e-01 7.234292882939060698e-01
2.010039284911060431e+00 6.104409858811558065e-01 4.021422387367196150e-01 7.435368733937096630e-01
1.162826828590149963e+00 7.687213283320539770e-01 7.445976022681225492e-01 1.049305242174667585e+00
6.988684563437650432e-01 7.096467456637647331e-01 2.329080376603246405e-01 3.610606401572291069e-01
1.369772421248563354e+00 -2.976715799566936188e-02 5.843806929193120503e-01 9.856403081603329897e-01
8.083061135857827484e-01 6.927894086209633873e-01 1.355217750614756689e+00 6.510285809512739164e-01
5.135261315348537137e-01 7.340740944143285818e-01 2.367759557203940879e-01 4.451782811416352126e-01
2.832457804938939283e-01 6.857142434764315064e-01 5.995217944318430581e-01 4.954358127236060394e-01
4.532055371859688431e-01 7.475857760596497092e-01 1.402813011081452066e+00 7.385639506637748930e-01
2.136898976766289593e+00 8.907138850315730050e-01 1.349141732287197026e+00 7.439150606216952122e-01
5.153661624781091799e-01 6.270194445814361028e-01 1.071399859470326010e+00 2.915775452607415330e-01
3.512375253397730379e-01
-2.548987718983945494e-01
1.567827681297021547e-01
-1.701564514415694965e-02
-1.651873670620171708e-01
7.705301276944998001e-01
-5.582623708260319173e-01
4.986455778131675398e-01
8.219580625011041475e-01
2.148793373819229413e-01
4.153229963730599161e-01
9.083877079884130623e-01
7.792006743703746574e-01
2.676035401183451956e-01
ReLU
0.2
14
14
5.955749461048709392e-01 2.446138823294718156e-01 2.097766723354931306e-01 3.141634055880793142e-01 -2.688031953539017915e-01 -4.603256210592562847e-02 -4.348215346166821593e-01 9.776442799380143100e-02 1.499835359329806383e-01 7.721821985243279562e-02 -5.273540295394993915e-01 -2.232810874520411715e-01 7.297138544366936763e-01 -2.106665503582638432e-01
2.023924199508399524e-01 1.907473532178843856e-01 3.907917113063433256e-01 2.830364324833554990e-02 4.635424954370991335e-01 5.689226735721930606e-01 -3.955829978010979020e-01 3.305665544905423969e-01 9.545050873516092160e-01 8.014920058741044073e-01 6.098996982141423606e-01 7.967251089788122131e-01 1.047906129013198351e+00 3.966522703263778427e-01
8.239809342535280301e-01 -1.630748760558586863e-01 1.471730467492026462e-01 1.100212675861719780e-01 6.119806619782799939e-02 7.420828515024305849e-01 4.692829293245414091e-01 3.441490060697543485e-01 8.318482988456857852e-01 1.822132027224935558e-01 -4.089709355463971852e-02 1.138372227550249027e+00 8.622478245986838763e-01 3.542621601131364095e-02
-1.087549415597743700e-02 3.240620983710059133e-01 6.177547030627338065e-02 1.549850465159793300e-01 2.680425135305813389e-01 8.736978591737485367e-01 -1.374285710576310295e-03 4.539737159456048166e-01 2.466973139871977971e-01 2.397507196659293682e-01 6.513971448284234800e-01 9.524049228095871067e-01 6.153924416801066499e-01 3.059502119299597478e-01
-3.572092788920867845e-02 5.352989379052104368e-01 4.507825158761047946e-01 -1.113954979329341566e-01 -5.709427250666901932e-01 4.602657416694535542e-01 3.463736989415272527e-01 9.019844998721432416e-01 4.709214871163077132e-01 -4.241011395202171769e-02 3.835859494035748218e-01 6.857054840690754993e-01 8.434719441900251358e-01 -7.485919865401849393e-02
-1.533291383453314172e+00 -1.431098103702491464e+00 -7.137146624758208269e-01 -1.098402951847620157e+00 -1.229808986313301267e+00 -9.710432927806973424e-01 -8.704078827986051481e-01 -6.258969289804247049e-01 -5.610690368913346937e-01 -1.468252810393523955e+00 -9.905305688284088417e-01 -1.524375561172735427e+00 -8.506715848617771858e-01 -1.293259191387088558e+00
-2.780476565505895503e-01 1.184664661402729247e-01 5.139757190126775788e-02 2.330730125837140176e-01 -8.378534283618696010e-01 7.447255265286674142e-01 -2.852349414302089436e-01 6.152419653386363985e-01 4.505670781451472373e-01 -2.114741974172932304e-01 -1.638113360547119313e-01 4.099875679582947186e-01 -1.961325793981840565e-02 1.960667919483982669e-01
1.986790191114539694e-01 -4.518030836080195178e-01 -2.446460067286548856e-01 5.502621224912542658e-02 -7.316240631486602419e-01 -4.294168441321185581e-01 -5.955357599922348477e-01 1.430641208561355127e-01 4.856963318082790915e-02 3.036772263264731486e-01 -6.693247621662179458e-01 3.677851370523657626e-02 6.820156102041477486e-02 -2.331631954997477885e-01
-2.974885520167496744e-01 -4.802813313823027230e-01 -4.006190211041038007e-01 -4.281504802878041693e-01 -6.619033862221905817e-01 -9.661346634772699504e-02 3.831754790645606340e-02 3.009314257866803621e-01 3.241427453376015677e-01 -6.759605129129356849e-01 1.567450190096446316e-01 -8.918133814945827798e-02 1.139079245630158638e-01 2.114430731470624547e-01
8.285849839284563367e-02 -1.003337316352381214e-01 -1.626869165998926225e-01 -2.616062296437194346e-01 3.996526844740368872e-02 -1.527877342592295073e-01 2.372825207742709219e-01 -8.540518310655108303e-02 5.027304996615037519e-02 3.716152005801316993e-01 3.719554414157322242e-01 -3.341205828227486463e-02 3.030483216405815416e-01 1.271679106484885080e-01
-9.303424838870777425e-02 6.823469879817473105e-02 -1.391966074235456152e-01 -4.898343623645729505e-01 -9.748811647770281308e-01 9.117219093222397319e-01 -2.117086162676056205e-01 8.656269304812922449e-01 2.572709596816408761e-01 -4.704909183366736553e-02 1.604371271256409270e-01 5.306027008595110006e-01 -1.481882425845709172e-01 -3.477348793580593567e-01
2.856881710327049961e-02 1.595881115208861167e-01 1.756331445593667939e-01 6.948204892938121269e-01 -1.215899458498997110e-01 7.283509706100472769e-01 -4.085487429901123457e-01 4.081706305306370131e-01 6.566248481796042036e-01 -2.406750376201005071e-01 5.426027099015551247e-01 5.986967479744681464e-01 1.030693165289304075e-01 2.604116550319601209e-01
-1.150573461665652802e-02 -1.977130876085016198e-01 -2.333596909292997290e-01 -2.496325024503065204e-01 -7.213487952292234606e-01 2.910263975567294881e-01 -3.784432596440685526e-01 1.847830987380157386e-01 -2.239612073066431230e-01 -3.322764545409251369e-01 -2.889943258582942098e-01 -1.786906304087644004e-01 5.728325954538843190e-01 3.030256896026280455e-01
4.710000233189361452e-01 7.384036394653575863e-01 4.050045623286621654e-01 -3.867297327759092879e-02 3.369216653205687195e-01 1.140773986108158722e+00 3.944807625259113548e-01 6.603227676456090434e-01 5.570756701180903381e-01 5.442336358909057731e-02 4.843407614979034492e-01 4.655503450972346968e-01 1.126929321335722323e+00 3.704996119554980205e-01
7.734393959154880482e-01
1.221745248831651365e+00
1.791353247767027534e+00
9.071574881233983589e-01
8.070179928485649024e-01
-1.392428172995064495e+00
9.657542880122212958e-01
4.515582784052962761e-02
7.115829914327874706e-01
6.918902403867382978e-01
1.398498390034168537e+00
1.338145000806287177e+00
5.351490417779993791e-01
1.308877837121086518e+00
ReLU
0.2
14
2
-1.196918331899945731e-01 8.373511729854099528e-01 1.015082451498761085e+00 5.558447289789311130e-01 8.794451406099700330e-01 9.406256818876982395e-01 5.130962593811423389e-01 3.182873735997619746e-02 1.413053130695646753e-01 2.269662680165052682e-01 9.017702889301923985e-01 4.093935024533111866e-01 1.900823623854828726e-01 7.311574496201542761e-01
5.495350299947957540e-01 9.033077235013295958e-01 5.496762178565399726e-01 7.234247416365012784e-01 2.725802143760057694e-01 9.085588720428156018e-01 2.010890158556309926e-01 -7.196913662274145862e-02 5.057799834735379751e-03 3.831572302122620427e-03 6.637332756474666196e-02 7.190240765029326520e-01 4.103425260942788338e-02 9.364669512259583550e-01
2.001726854702944536e+00
2.240533862169348911e+00
Linear
0.2

ct 2024-06-12 18:31:52.945495
