noname
4
4
4
2
2.088869760749080484e+00 1.069319481690655937e+00 1.930884386068629555e+00 2.685575474798841622e+00
-4.301261159475072704e-01 -2.807799735627554139e-01 -3.749410862584411142e+00 -1.647980850725126178e-01
-1.211064528918226690e+00
-9.714383420578585060e-01
ReLU
0.2
2
2
-9.893926025056919427e-01 6.788491584223211861e-01
-5.798718389565356013e-01 -3.441278092841849046e-01
-4.479103556085870519e-01
-3.643672376095216103e-01
ReLU
0.2
2
2
-3.452367868365503467e-01 -4.237552267382438953e-01
-4.892954602456229818e-01 -4.155377240564790409e-01
1.617815827824048203e+00
2.063405398694441839e+00
Linear
0.2

ct 2024-06-12 14:13:24.748518
