noname
4
4
4
6
-2.690991835663140819e+00 5.084131562722371545e-01 4.584062580255801045e+00 -7.777516077455940424e-01
-1.234083916749729504e+00 1.560004089393732585e+00 5.279910173129533923e+00 1.680102647323167275e+00
1.862774412278387581e+00 -1.600360328881806904e+00 -6.507057595725036947e+00 7.027770098666081822e-01
1.675988865128967831e-01 -2.713975974281226250e-02 -2.446337685771379711e+01 -2.292319989137364455e+00
-6.480275944067012128e-01 2.022356293451939013e-01 2.615119763820855781e+01 2.432283897548328078e+00
-1.367360695477985555e+00 7.428079819439015186e-01 -3.507074520896004799e+00 -9.159331992141710524e-03
-7.345121463348603719e+00
4.676320513866079942e+00
-4.945852841262729171e+00
2.304470663032143651e+00
3.156521004173614031e+00
-1.078142243774599862e+01
ReLU
0.1
6
6
-4.971553527033613640e-01 -3.259576320272337568e+00 -1.223478185723263278e+00 -3.815010078066157106e+00 -2.733017580515601175e+00 4.013483286737674405e+00
-2.784936316121233713e-01 -1.453477229470768739e+00 -5.477506526837769979e-02 -3.911977526091405810e-01 -2.397214950446179601e-03 8.370651983445744904e-01
1.656845219811364123e+00 8.688237349445868674e-01 1.167322403499785777e+00 -1.319079091959248329e+00 -1.535203083900030574e+00 -1.182499076479370359e+00
3.031017742493553602e-01 -7.745826701797450253e-01 3.031017742493553602e-01 -4.886151356537051793e-01 -3.984237831165794996e-01 8.370651983445744904e-01
9.406956861243598311e-01 -1.512201220883717223e+00 9.406956861243598311e-01 -2.170937304676765933e+00 -7.060356974887833648e-01 -8.717187860683955902e-01
5.766595997229218007e-02 -3.078128566872690430e-01 5.766595997229218007e-02 -3.177953666770392260e-01 -2.695356056810049306e-01 5.766595997229218007e-02
-3.536543959410063387e+00
-1.246304839342026405e+00
1.253121663021333632e+01
-1.250092077351508069e+00
-4.925212417530104303e-01
-3.070435260115318976e-01
ReLU
0.1
6
2
3.050458357032347134e+00 -3.219386445979590533e-02 7.403131315222627462e-01 1.746270838940520154e-01 -1.683620700405306314e+00 3.418373998334603980e-01
2.486090720173023794e+00 7.393468719439068478e-03 6.977615776790635493e-01 4.912304294360462231e-01 -1.701263780336507825e+00 3.317689869142458337e-01
1.751570233590960424e+00
1.998006463091810403e+00
Linear
0.1

ct 2024-06-16 14:37:16.286832
