noname
4
4
4
6
-2.690991835663140819e+00 5.084131562722371545e-01 4.584062580255801045e+00 -7.777516077455940424e-01
-1.610945400687127993e+00 1.545658665382227515e+00 6.469311412492970703e+00 1.640679826391621576e+00
1.862774412278387581e+00 -1.600360328881806904e+00 -6.507057595725036947e+00 7.027770098666081822e-01
4.806264741012208908e-02 5.535400320223849563e-02 -2.278505954148297974e+01 -2.136216676674453474e+00
-4.870932803846074188e-01 -9.883244293257222035e-02 2.541029646198895264e+01 2.136643189371962404e+00
-1.367360695477985555e+00 7.428079819439015186e-01 -3.507074520896004799e+00 -9.159331992141710524e-03
-7.345121463348603719e+00
2.862003205199190159e+00
-4.945852841262729171e+00
2.250572614218124379e+00
2.993925433517444556e+00
-1.078142243774599862e+01
ReLU
0.1
6
6
-4.971553527033613640e-01 -3.259576320272337568e+00 -1.223478185723263278e+00 -3.815010078066157106e+00 -2.733017580515601175e+00 4.013483286737674405e+00
-2.784936316121233713e-01 -1.453477229470768739e+00 -5.477506526837769979e-02 -3.911977526091405810e-01 -2.397214950446179601e-03 8.370651983445744904e-01
1.656845219811364123e+00 5.821378367281414556e-01 1.167322403499785777e+00 -1.360512093853852633e+00 -1.481840460136659710e+00 -1.182499076479370359e+00
3.031017742493553602e-01 -7.745826701797450253e-01 3.031017742493553602e-01 -4.886151356537051793e-01 -3.984237831165794996e-01 8.370651983445744904e-01
9.406956861243598311e-01 -1.512201220883717223e+00 9.406956861243598311e-01 -2.170937304676765933e+00 -7.060356974887833648e-01 -8.717187860683955902e-01
5.766595997229218007e-02 -3.078128566872690430e-01 5.766595997229218007e-02 -3.177953666770392260e-01 -2.695356056810049306e-01 5.766595997229218007e-02
-3.536543959410063387e+00
-1.246304839342026405e+00
1.361640639543006515e+01
-1.250092077351508069e+00
-4.925212417530104303e-01
-3.070435260115318976e-01
ReLU
0.1
6
2
3.050458357032347134e+00 -3.219386445979590533e-02 8.414998969519211780e-01 1.746270838940520154e-01 -1.683620700405306314e+00 3.418373998334603980e-01
2.486090720173023794e+00 7.393468719439068478e-03 7.976048433720408504e-01 4.912304294360462231e-01 -1.701263780336507825e+00 3.317689869142458337e-01
1.777784028063939425e+00
2.057402076351936948e+00
Linear
0.1

ct 2024-06-16 14:37:31.912897
