noname
4
4
4
8
-4.446541619942900425e+00 1.472838657029842846e+00 3.589116414983512193e+00 5.874510728676417548e-01
-1.674711461489439390e+00 1.602588659151200634e+00 2.226329089502304726e+01 5.702810830574814860e-01
-2.913063401481228443e+00 -3.149756344106090289e+00 -2.737180479760991503e+01 -4.871915243884881619e+00
-5.599567416833048927e-01 -6.362138909246586697e-03 -3.588948903142737734e+00 6.614315067691105277e-02
-4.058772580584768530e-01 -1.018383146171669001e-01 -5.785530176696732418e+00 1.802651266178053879e-01
-5.986465428168864511e-01 5.689120710304659267e-01 2.149357578818860970e-01 3.826513465627476990e-02
2.682262670408802618e-01 1.399777298437798467e-01 -3.234598550296734487e+01 -1.023824585197114390e+00
-1.286286742285868367e+00 1.325266402099251728e+00 1.375356126214673846e+00 9.418781330759145032e-01
-6.856876611428722512e+00
-6.379581654396732304e+00
5.848207669853290547e+00
-8.578494054988770046e-01
-1.618654476410713583e+00
-1.506257742657718834e+00
8.196528757653442909e+00
-2.202640154643070947e+00
ReLU
0.2
8
8
-1.222668755908299598e+00 -1.040126267600465004e+00 -1.206960952798046716e+00 -5.600227770657228987e-02 -1.452974345940109879e+00 -2.142672806127331242e+00 -7.253158102803262119e-01 -1.141640582405412330e+00
1.893812659211689509e+00 -6.788498482318232607e-01 -5.687935489940977085e+00 5.006399867903108675e-03 5.468789583881059069e-02 -4.277240679182629790e-02 -2.333547272061902156e-01 -4.208989911026262964e-01
-1.013405137404517486e-01 -1.919602131225558228e+00 -1.103750839053148747e+00 -4.623127115864442138e-02 -2.176913063554679062e-01 -6.283178130643001236e-01 2.778531834326357017e-02 -1.898624256323998005e-01
-5.747871277886218433e-01 -1.293755662789522143e+00 -9.703909338940095441e-01 -8.201788613615724755e-01 -4.710830567251303447e-01 -6.740424623698696438e-01 -6.706010523686973812e-01 -9.773041956163901478e-01
2.173176605133713690e-01 -2.223532644782090006e+00 -4.899909654421220062e-01 -1.087026238650713461e-01 -7.935736852618139325e-01 8.721999537173198702e-02 -9.503301292210056261e-02 -1.228502656133864557e+00
3.178019577817796093e-01 -6.521932193590653348e+00 -1.426375576320255245e+00 -2.756620472067620176e-01 -1.344857253000402916e-02 -8.621231088496431050e-02 -2.059654463026217464e+00 -8.077664798216401820e-01
-7.335849552135956797e-01 -1.518597623327517576e+00 -1.590847673211364555e+00 8.599499086782054491e-02 -4.968242900067237899e-01 -1.610822821715546249e+00 -1.188390865416805164e+00 -1.305692369863771685e+00
3.060579482315361144e+00 -4.298433662267099331e-01 -1.801605666945465645e+00 2.395599760237454023e-01 -6.448298410573921613e-01 5.735029626803737068e-01 1.201584737619385113e+00 -1.558329079615261292e-01
-7.485225080330928371e-01
-6.029502607580997653e-01
-6.274894261219127189e-01
-1.267782294891663719e+00
-1.688083447030395590e+00
3.250535515576689516e+00
-3.725250927906467169e-01
4.177169407919960165e+00
ReLU
0.2
8
2
4.963030690007112777e-02 -4.401892071086736524e-01 1.722205957444210983e-02 2.144644132208464726e-01 -7.939523507614305586e-01 -3.470091655398309882e+00 2.749736708132598934e-02 7.595864428191192452e-01
3.292221363144807178e-01 -5.201229827420716240e-02 2.828663264072828754e-01 3.380285418110376416e-01 -6.887050754461047086e-01 -2.333365428540275399e+00 4.712608683162316514e-01 9.811168770312379550e-01
1.070810330440378344e+01
8.984560538831850351e+00
Linear
0.2

ct 2024-06-11 21:16:15.432043
