noname
4
4
4
8
9.745376840566044585e-01 5.772602513609720321e-01 3.882326142232044308e-01 5.836463490740422255e-01
6.384360633787501405e-01 1.946994371801538393e-01 6.335822550880600978e-01 1.208391398189317956e-01
6.129001403919445146e-01 6.338906072460237517e-01 7.498374157320930600e-01 8.605320185523609999e-02
1.176060518254035819e-01 4.825010290255494216e-01 1.924518496666342282e-01 7.223052880597053971e-01
2.443418195060849674e-01 5.699726655185264335e-01 2.351170283901755365e-01 4.922048397525161101e-01
2.939493800159089787e-01 8.548255471314462062e-01 7.645528686795637352e-01 9.912794772233368690e-02
1.002450051284333066e+00 8.829575801410667335e-01 -1.462818782202401080e-01 6.933983871393597509e-01
3.668564993190254198e-01 8.424768185337511150e-01 3.497626777923016350e-01 5.128635923112601080e-01
4.415232930866784811e-01
1.707254182981102208e-01
2.547166287522361072e-01
1.135954129071002350e-01
6.791801763549206727e-01
-4.494028983567363578e-01
9.705106902763670496e-01
5.244692539449944402e-01
ReLU
0.2
8
8
-2.788985559839708417e-01 1.582497688193441054e-01 4.062143583770473909e-01 7.143126069729084371e-01 -2.572138876519090012e-01 -1.709529777692288255e-02 5.266429807319985557e-01 1.621590303420000212e-01
1.792218963918350005e-01 8.306548318285524868e-01 3.030728881491162596e-01 7.957924506244618001e-01 6.026243664924136878e-01 -4.215251673124951193e-01 9.824614212545360603e-01 8.825495717710299948e-01
3.215736333014829196e-02 2.199733487105937912e-01 -3.837009444799538982e-01 7.751319636628267729e-01 7.274022767579554349e-01 1.653802059506492839e-02 1.135312164026925363e-01 7.712958781958210164e-01
4.781976119897513589e-01 -8.027150333818017236e-02 5.327746800043444697e-01 1.073568849268129316e-01 8.345521762373636632e-01 3.215279762554080212e-01 6.899429132240272322e-01 3.950312849697093509e-01
1.765302292942617923e-01 5.287883915032505211e-01 3.631976316467845911e-01 6.391260768937636616e-01 6.303956671745448992e-02 -1.875527897467235416e-01 7.790802070097488929e-01 1.061339604327735664e-01
1.089748694877679114e-02 4.610112028469392498e-01 4.144034914738513320e-02 9.754617204745193171e-03 5.710264535591654811e-01 -5.237641951608474900e-01 2.697443481464820159e-01 6.940785923065516394e-02
5.476204420104541226e-02 -2.662742274599064762e-01 -2.883303572463956632e-01 9.082218118228140291e-01 5.448054970646644124e-01 2.358891196347733810e-01 -1.555817637219107374e-01 -1.661163862808919256e-01
1.099629857937385324e-01 4.819640383515036985e-01 4.023010496888160259e-01 7.864725971330517318e-01 1.919130835154279902e-01 -2.924738661990480826e-02 9.936672621794085947e-01 7.300216380457816845e-01
2.420096651596717052e-01
3.332983640345217324e-01
6.158570125038893561e-01
8.119234949891581538e-03
1.428989043981540585e-01
9.792071175683639828e-01
2.689832359512793758e-01
3.611589411637239344e-01
ReLU
0.2
8
2
5.391318300038676348e-02 5.064716146151200249e-01 4.695193252861324384e-01 5.794835530637496707e-02 6.144667085620064695e-01 8.559965267676888923e-01 4.615794435446678168e-02 6.344024805311238024e-01
4.289903204499766476e-01 9.690149687231166542e-01 1.163432438206410069e+00 2.715220477636558494e-01 9.829564533627261902e-01 7.390515230302014960e-01 5.668010535169939468e-01 7.556113682512857199e-01
5.555554743315438415e-01
5.114901558688893513e-01
Linear
0.2

ct 2024-06-11 21:13:40.137577
