noname
4
4
4
10
-1.318077593762054800e+00 8.168378603878065913e-01 2.234543667107006248e-01 4.748783120134888458e-01
4.858787858359951528e+00 4.566692769982862110e+00 5.471323013784482825e+00 3.852571048040474455e+00
-1.021494939236009314e+00 7.450961464812838608e-01 7.631814540378636380e+00 3.653810092296703171e-01
7.380124077377543390e-01 -2.289826659155275446e-01 -3.531557244487562031e-01 -1.065932190293811949e-01
2.753159840306274031e+00 1.333735632913979341e+00 -4.668354238243397347e+00 1.552361514794857955e+00
1.281422352292059808e+00 -7.615809100147226118e-01 -7.437962634797347761e+00 -2.959329534023231734e-01
2.713423768283445447e+00 3.012679712618074657e+00 1.691439496715652524e+00 1.500158075998153429e+00
-3.692651171376625019e+00 1.623549810868946119e+00 1.572802261887063402e+00 3.633990437112340488e-01
-1.956397031128126462e+00 1.898599699347879755e+00 9.889869350587826347e+00 9.600430591416623249e-01
-1.027322031174381811e+00 1.561724454827730257e+00 3.064705504245144851e+01 1.838746959089974986e+00
-5.943420426807791701e-01
2.977949271643403506e+00
-2.254030324231110161e+00
-3.914559013972557788e-01
-9.574553279973251341e-01
-2.215981890470633875e+00
3.241452501304054046e-01
-4.170886740041475638e-01
-3.518437566379583714e+00
-6.106773066618443657e+00
ReLU
0.2
10
10
-1.053506060692186885e+00 -5.938548273139413469e-01 -1.186422305944799804e+00 -1.917508524637543676e-01 -8.314503115864155802e-01 -1.632939853253551898e-01 -6.176631648778535544e-01 -8.453362521290657128e-01 -6.894073635962960633e-01 -9.327769721895884381e-01
-6.560264199911818306e-01 -1.169208009822019223e+00 -1.886058500527229009e+00 -3.313502720023427939e-01 -9.435140840337099544e-01 -7.315711411612018100e-01 -9.323504239454910580e-01 -1.514952416793784451e+00 -7.273911971235718088e-01 -6.230283277046014812e-01
-8.938800665840772597e-01 -7.312195630897602161e-01 -1.220367518901432913e+00 8.832432978816637248e-02 -4.906748141166573096e-01 -2.699305426518896489e-01 -1.025610091238146060e+00 -8.859816485538590802e-01 -5.163012536110761497e-01 -5.794302190118124640e-01
-4.027556963415173663e-01 -3.985536425270654326e-01 -6.201197448666111445e-01 1.613260359362047869e-01 -7.019766970841086196e-02 7.220040542547248585e-02 -2.516933927809585358e-01 -2.930630348559067899e-01 1.946752096259176876e-02 -6.912160258742707786e-01
2.608756851844661329e-01 -5.315457070008590135e-01 -1.160093635073866203e+00 -2.417665188081104533e-01 -6.718192455928582163e-01 1.132717972384746918e-01 1.136720595900000130e-01 -2.212714281474902900e-01 -3.115081411128431732e+00 -2.541031351413116646e+00
2.744437935847909293e-01 -9.404952133188153596e-01 -1.253625074445680498e+00 -1.255247245486861875e-02 -1.092983615500128930e-01 3.922216057274922202e-02 6.229210742313383564e-01 -1.749742858985806615e-01 -3.617065870236516822e+00 -2.242506131205222797e+00
-3.748485047896704114e-01 2.500876534409173305e-02 -8.929562526981845716e-01 -1.404787784614053014e-01 -6.465071630250348589e-01 -5.656087474328118647e-01 -4.340828532675688467e-01 -3.817081509759241709e-02 -2.366611857792490781e-01 -4.902875939666396232e-01
-4.021763090355930104e-02 1.395976698018640771e+00 -1.500887319539847997e+00 -3.809674018535407214e-01 3.232469295615557625e-01 -1.627796206299318538e+00 1.997672270539204709e-01 3.079074707543281719e-01 -2.801203679070433772e+00 -5.336956382889069594e+00
-3.902743165602744202e-02 -8.116185037090785093e-01 -5.731927743461288083e-01 -7.908840547587261960e-02 -8.232277991864982436e-01 -7.847088046467057820e-01 -1.554404280660438287e-01 -6.253462462246037745e-01 -7.509667376831337116e-01 -1.589689546883714111e-01
-8.574637940509934886e-01 -7.291578275140996324e-01 -8.541386777244648343e-01 -1.012162736849377298e+00 -1.292362835886446737e+00 -9.780844815342178977e-01 -1.487247817821520046e+00 -6.942215973425049924e-01 -8.490609717538821766e-01 -1.205913587320596836e+00
-8.501962709799062434e-01
-7.006570009653075859e-01
-7.941646408423888026e-01
-1.598917594460386171e-01
-1.656015691060547801e-01
-5.195975175122469723e-03
-1.640042423390531967e-01
1.823901705773641746e+00
-7.203297110709642181e-01
-1.126348573814389242e+00
ReLU
0.2
10
2
2.024213883076189546e+00 1.900618677243215870e+00 1.697223601509446400e+00 1.313768918624076187e+00 1.411840724247515888e-01 -2.886340619523337647e-01 1.320345803206697255e+00 1.647287257748777822e+00 1.745600325409167208e+00 1.760924668839694895e+00
-7.184083200450798179e-01 2.158135363127709205e-01 -6.705066254844133100e-02 8.024051150387853104e-01 2.223077153055969257e-01 2.047641348134363048e-01 1.680658953948888090e-01 1.314770898910922359e+00 -4.583945763495289594e-01 -6.936841052349270731e-01
4.447791418736261271e+00
4.662772211540589851e+00
Linear
0.2

ct 2024-06-12 18:20:01.890573
