noname
4
4
4
12
1.472053920555286055e+00 1.070715378244111671e+00 7.181473430685998416e-01 5.971324094149558226e-01
7.832869159737499976e-01 2.992647354284004857e-01 3.716919910090260348e+00 2.474561135772641862e-01
1.364798450672080721e+00 8.642959993925651840e-01 -1.819793216028152694e+00 7.898229464835633262e-01
3.225473896595757450e-01 5.927242385344749787e-01 2.497421196341986338e+00 5.293884081432645994e-01
2.415717458341323787e-01 4.449380230505894929e-01 1.775402193358265546e+00 6.491483658998965511e-01
-1.076458278446178918e+00 1.217815692124900817e+00 3.062487529592098578e+00 7.522165788615270410e-02
1.217283179711832891e-01 1.143202244651509103e+00 1.626833819855383556e+00 1.983965446791149945e-01
4.583367695739845593e-02 9.383897193988626206e-01 2.369861573386940479e-01 1.930137027123352833e-01
1.178429352235684791e+00 -3.685888394391837464e-01 -8.160159525248939616e+00 -5.027268160786368956e-01
1.574752839004685212e+00 6.657443361337703758e-01 -3.150867725162227906e+00 -6.647524849420822779e-01
5.853425776579616047e-01 -1.638012820261931513e-01 -4.911363216011893407e+00 -2.685934126985895509e-01
1.108635097463850139e+00 -3.885809499287279367e-01 -7.794401410315663803e+00 -5.917754944969767505e-01
4.368174360109130516e-01
7.372315884009357223e-01
1.078508184875922815e+00
7.475865600119974141e-01
1.091783050104765174e+00
-4.532046329522352868e-01
1.304430085485463187e-01
1.517750885980442277e-01
2.270370320490352700e+00
2.422781573672922184e-01
1.284981198216345266e+00
2.233909818984805451e+00
ReLU
0.01
12
12
3.446313743522546602e-01 -3.056187980377576552e-01 1.740177587458327790e-01 -6.278594203081314662e-01 3.087614956468016092e-01 6.502584719886831399e-01 5.842664848045096143e-02 9.044694177097351018e-02 1.686393894120715053e+00 -6.019040025053239845e-02 8.567813747521255685e-01 1.346281436834132705e+00
-1.855157611552644414e-01 -1.650741736189771658e-01 9.622867667997622165e-01 -4.123626652475437804e-01 -1.028764640976453648e-01 8.828392467721375425e-01 1.318126508805002595e-01 -4.654484951386801683e-02 2.148798946336908156e+00 2.683853857670642773e-01 5.091965860751979100e-01 1.803900944804378570e+00
2.100859547523419579e-01 -4.820582421919459848e-01 2.345721076267416050e-01 -5.725732869581826590e-01 4.615496280552464081e-01 4.461302124034591254e-01 3.595474271937811744e-02 3.533018438890861979e-01 1.027577313386176749e+00 1.368576262423692458e-01 5.913962803709248428e-01 1.112151238086021010e+00
-4.825212513794533975e-01 -9.502287071478953129e-01 6.995429231332199738e-01 -2.345460797306299083e-01 1.803182346307009021e-01 6.757450454140905283e-01 4.529165038453462078e-01 -4.964983337832273858e-02 1.666499422382139661e+00 4.268323303008717540e-01 3.848178574151925879e-01 1.811318595842849266e+00
7.391494850422890284e-02 -2.139254258659823160e-01 6.420579965326507488e-02 3.198510124460084980e-01 -2.398789684866522443e-01 -7.839806461241032309e-01 2.157715922209814396e-01 -4.226113641932785492e-01 -2.870068624616133324e-01 -3.048843385958540098e-01 1.226277629202216163e-03 2.182976036889396898e-01
-6.965397952968227502e-02 -6.659181313592638096e-01 1.965889003175524119e-01 6.336076612340656167e-02 -1.207178812351911573e-01 6.454725182313514331e-01 4.200235847818808432e-01 -4.934653164977536588e-01 7.868851613744578533e-01 -2.016752868430965184e-01 -2.652706686175525519e-01 5.469208108379758349e-01
1.177885595141860559e-01 -1.734279086266516945e-01 4.282133487046885789e-01 -1.065526957348572334e-01 -3.275624169714570488e-01 6.377541843636769237e-01 4.674112397403724084e-01 7.392325173289810980e-01 1.958307665262095876e+00 -5.165859650588235930e-01 9.369888487886958162e-01 2.352656095921598300e+00
5.634950261174987984e-01 4.052571931147834206e-01 7.477613172621679072e-02 -4.340384873185725856e-01 -7.094473924064440551e-01 1.121907048158228060e+00 1.042511249850916588e+00 1.028078455992742501e+00 -6.657766730986226511e-01 5.637958545173011871e-01 -3.539957077415080144e-01 -8.587499055473073462e-01
-1.132667408610757709e-01 -3.165027328344497404e-01 3.874334588675252822e-01 2.735092520625913570e-01 -1.757965174978690648e-01 7.073344707997355485e-01 1.692321500805746282e-01 2.988232808029296361e-01 1.404072074240983792e+00 6.074956480005943016e-01 1.142649385879690227e+00 1.329854484006580906e+00
-2.976526963457380021e-02 -5.249320726293881245e-01 9.279918681908474465e-01 -2.003471932739711581e-01 2.359560782777556098e-01 3.041101438148942071e-01 5.729296982014236983e-01 1.614296535672975486e-01 1.508260658096465479e+00 -1.163113285254153001e-01 6.525163492995180725e-01 1.783628369115833667e+00
-8.561515891148039348e-01 -1.757879258572364156e+00 -1.997570355999111202e-01 -1.485105025651058952e+00 -2.462173481546389375e+00 9.694224006737477417e-01 -3.396796382860899355e-01 3.842365576949887118e-01 4.168008099710068137e+00 1.520282980955473207e+00 1.709314339614839140e+00 4.177420270646494238e+00
7.169256600780539446e-02 -6.576553431353443502e-01 2.710632823540943745e-02 -4.866774107094843371e-01 2.045401195424542407e-01 6.180943221571419954e-01 7.361049081193099530e-01 -3.452149571085538077e-02 1.627682163506499746e+00 -3.067052977645178813e-01 2.915780430967762071e-01 1.438006064603345457e+00
1.462129062468781493e+00
9.060530735465712748e-01
9.769461256005228522e-01
6.931693374471599167e-01
2.364442902502381788e-02
8.581748729541155418e-01
1.036791413805134399e+00
-3.087906690642159835e-01
6.057201144475463650e-01
1.078204460298624268e+00
2.800697549160960698e+00
1.013273747264685332e+00
ReLU
0.01
12
2
1.108329521393929706e+00 1.122641669424550459e+00 7.080332673120413034e-01 8.518851288011112244e-01 -1.378871364537838373e-02 2.869335285390295365e-01 1.315621693622789357e+00 3.955218123392137408e-01 8.945495719539751089e-01 1.000985473585118690e+00 -3.065150987748539446e+00 9.053483994318215489e-01
1.048682462658340198e+00 1.111583348330880128e+00 9.095681618610922392e-01 1.079709863891622046e+00 1.051442746876826966e-03 4.129556059122834188e-01 8.338120908534445430e-01 3.836455243452597808e-01 1.052086082682223367e+00 1.113016135504263371e+00 -3.110790915505709631e+00 9.712191733664936599e-01
9.315339267395502665e-01
8.781881872388076493e-01
Linear
0.01

ct 2024-06-03 18:42:39.109702
