noname
4
4
4
12
9.144194425614147193e-01 8.006937518769993156e-01 5.969037972387167823e-01 7.721663622703349716e-01
1.300508188513123387e-01 4.316629342404502134e-01 8.327677426811939121e-01 4.285075483922021200e-01
1.041145275227108202e+00 8.532861740801827022e-01 3.623722862457606220e-01 9.408305326176739092e-01
-1.942161386885122437e-02 6.598501223395193405e-01 1.410177656980049488e-01 6.564651348989233304e-01
-4.994213278661998462e-02 4.119821294886474305e-01 1.046676671697415850e+00 5.019441594613467394e-01
-7.769536114260091608e-01 9.627278161086484376e-01 1.721088279434231483e+00 4.146952305541216216e-02
2.361861558573823405e-01 8.510882042557085247e-01 1.043502106108006089e+00 2.778198747243451616e-01
6.604037204443025111e-01 1.001257288231345077e+00 7.159664767022138054e-01 4.194667165660526664e-01
9.787007867446767539e-01 -9.858169130089206728e-03 -4.306888641702565357e-01 3.880222888257968683e-01
1.063427152807007836e+00 9.093824058703262603e-01 1.180500137237975977e+00 4.052252607548910701e-01
6.272448299020321194e-01 -3.015293804381008469e-02 4.178470891931619358e-01 1.968535612052244033e-01
9.452718612966145573e-01 -1.120795120854253951e-01 -2.175370810234538710e-01 3.390844132952792744e-01
7.537117621617819285e-01
6.110281637421509648e-01
1.023168653496190794e+00
7.045251047563078073e-01
8.826556402783730659e-01
-6.070657259123361793e-03
4.250883244956409346e-01
3.239641207114126731e-01
2.711810756445455217e-01
4.190543595515824893e-01
5.027276393992760051e-01
3.364457203013885289e-01
ReLU
0.01
12
12
6.921916283845236384e-01 5.610804408684444411e-01 2.531489267388880027e-01 8.479593708525252904e-02 9.793689919314005898e-01 4.725024775088259021e-01 -1.463305464957872885e-02 5.825685006646739994e-02 3.377135741026117133e-01 2.926883189113742567e-01 3.397481594583419695e-01 7.383760941079439699e-02
2.181923177230255251e-01 6.997914507081801627e-01 1.046918650660362049e+00 2.842006862307887016e-01 5.386888950972130718e-01 7.469641426955336838e-01 1.051557172227985393e-01 -2.807609446448216389e-02 8.481171107232106099e-01 6.433821833045783034e-01 2.175553351384664630e-02 5.828001396202100448e-01
8.714510593825322005e-01 3.307694163653972508e-01 3.845049786529248781e-01 2.886987576563580793e-02 9.459648395058145587e-01 4.820557601596096031e-01 2.653544999146767447e-01 6.916100573337181645e-01 -3.820224352831003839e-02 4.087724450184836433e-01 2.548763193557704310e-01 1.440383856935962548e-01
1.133721311081601207e-01 -9.698193005726804539e-02 8.327919224885590443e-01 4.115167854523282265e-01 7.391673998521424149e-01 6.576299803499329188e-01 5.962485370138502772e-01 1.590567090628844382e-01 5.475908595664454870e-01 8.186882850344583407e-01 2.046766087609163537e-02 7.845555528050557337e-01
3.350212326228780846e-01 -5.820391747681646216e-02 2.788637026628834614e-01 4.571925630477124969e-01 -1.294443617683939673e-01 -1.069553630934108740e-01 5.898367749263161430e-01 -1.050479806034885777e-01 7.084479404669324909e-02 3.189150066566301955e-01 5.525841528157657834e-01 5.816414194647497871e-01
5.585904352770255654e-01 5.137971757867801359e-02 4.280284428030334265e-01 5.992693473693069262e-01 3.845011576360103933e-01 6.931332910832562755e-01 7.256597181342204772e-01 -1.298003969843126160e-01 1.366095812541854582e-01 2.936910943906246296e-01 -2.275283436890938038e-01 -5.347000224284664815e-03
1.866464058525225955e-01 7.284494109592148936e-01 5.270765606739972187e-01 7.231902735701802865e-01 5.481903953257830642e-01 3.178283019973027756e-01 1.825188262046788246e-01 4.352918574680810226e-01 5.470478986114266640e-01 1.527068704210754121e-02 3.927515026240539497e-01 9.892150070842914422e-01
2.101756183536922229e-01 7.649869007926495268e-01 9.315143960672721268e-02 -1.224444365699962345e-01 -1.070017700667522248e-01 3.533015942465128623e-01 5.683572462569912442e-01 6.332004576696510512e-01 1.229950363188233448e-01 6.006378374191925218e-01 1.715086837546542509e-01 -6.702993567737842995e-02
4.430433283077994111e-01 4.790468941168789518e-01 4.809707303352253049e-01 8.682647472780792297e-01 3.192535323573502115e-01 7.086936361099717141e-01 3.158541740875953630e-01 5.253416754185223914e-01 2.428908708277321138e-01 9.198465885576085910e-01 7.339915924379162293e-01 2.604004679597227701e-01
4.804577786481966650e-01 3.164081474201255184e-01 1.027950401155537596e+00 4.510152660647406830e-01 8.017459374452875487e-01 2.203797440204276759e-01 6.404394604881883390e-01 3.055364133648358904e-01 2.810013472776979881e-01 1.837122263722627546e-01 2.065990149019019118e-01 6.451657162406688739e-01
1.718769672706296492e-01 3.607144919465026800e-01 9.700706893271747455e-02 -6.690161295525744178e-02 -4.483600727537979669e-01 2.529830212863384831e-01 -1.838101180460782469e-01 -6.539050606472303351e-02 -3.689761751809672030e-01 2.077832739230453529e-01 1.827385507722559949e-02 3.522159165923147151e-02
5.624513716729957480e-01 6.259989864861642550e-02 1.032218354036279206e-01 4.815953370849745258e-02 6.860013398144210184e-01 5.218425336515775115e-01 8.166930150562583535e-01 1.088468679554427387e-01 5.841019038047222667e-01 1.134910088203828632e-01 -1.607699371691652737e-02 4.843030291449146318e-01
1.086107340999183712e+00
5.184355282427888234e-01
6.321829903972416842e-01
3.305146833102938775e-01
6.659316542801059502e-02
6.965381312069129915e-01
7.621057327571129081e-01
2.720237612060354970e-01
2.074835894337739850e-01
6.888273321792842685e-01
2.850181625758507753e-01
6.320145459808018673e-01
ReLU
0.01
12
2
8.897642031971423338e-01 7.521592613902754465e-01 5.256694593278004035e-01 4.726990991385217611e-01 1.024363897582374755e-01 2.593136352954954482e-01 8.618057241499385013e-01 5.960092220810746938e-02 6.633327478366696228e-01 6.648479762001484605e-01 1.830191141316857978e-02 3.666435373953824128e-01
6.783987209593992374e-01 7.128362085360561151e-01 8.909225237274994713e-01 7.408956200014211735e-01 2.244169993262074836e-01 4.473384887780521568e-01 2.679364011083019692e-01 5.186481657714523408e-01 9.194435551364639192e-01 8.604414100815882538e-01 2.597412699931223729e-02 7.174098954692422758e-01
5.099929417931895470e-01
1.900229466329207695e-01
Linear
0.01

ct 2024-06-03 18:42:04.544897
