noname
4
2
2
8
1.037934988975384443e-01 8.320731013989978164e-01
7.043097372645226173e-01 3.968929669987484310e-01
8.138687169676722677e-01 1.162981515036151658e-01
3.334251586269989520e-01 2.218805959549542337e-02
-1.627059600581018048e-02 1.790032603886093643e-01
1.312870758004152372e-01 8.816386637330486664e-01
1.672194542127254380e-01 1.568613470640417215e-02
4.550237835930965868e-01 5.898912385817045578e-01
5.002358103183494054e-01
7.613139209578689837e-01
2.788428221366511806e-01
7.135736715996526813e-01
8.630740144405154579e-01
1.973153944637583493e-02
4.916810483030382151e-01
8.060849994887406833e-01
ReLU
0.0001
8
8
4.126375174520875988e-01 4.594562986595639997e-01 6.456485199096958505e-01 6.337087757214787676e-01 1.410633634473804077e-01 7.651647414958634430e-01 5.840805138009954600e-01 8.779482824741108304e-01
7.939143464722796528e-01 4.545114428886774527e-01 1.772504001038814059e-01 3.849943403028306399e-01 -1.822722691820180194e-02 4.000518661628719164e-01 1.143568412793111028e-01 4.898696961420803686e-01
2.075534455434823178e-01 1.080316100396892659e-01 8.986708278001949157e-01 -2.847192676862195584e-02 9.294619975835667347e-01 8.509356575592257332e-01 7.673718605062643805e-01 1.591964300452415604e-01
7.924425049712263691e-01 -1.484517513052220454e-02 4.612103786926996865e-03 6.609158963285991506e-01 8.156078799219590447e-01 9.130497099449349507e-01 4.831538502458342932e-01 7.019600223572675102e-01
7.612305502040402905e-01 6.739483675555890674e-01 8.734160783868878397e-01 2.946472679875679068e-01 8.766631620596975205e-01 2.620156421442486061e-01 2.939156702700317439e-02 5.978080197701129972e-01
1.320599502954488969e-01 -5.415783161774532367e-02 3.109532876779499411e-01 2.363732118560827322e-01 3.013619711637500198e-01 1.030420683517203062e-01 8.123273735403188089e-01 3.926857235885594655e-01
5.095359513372597071e-01 5.853963909663476572e-01 1.277261683078777244e-01 5.727641117501474088e-01 -2.649264970011135784e-02 2.498782090568411884e-01 6.629554826882544383e-01 9.154783703478813761e-01
5.844842900328522939e-02 -2.713448054492937495e-02 8.280885991730171369e-01 3.975478426764595397e-01 2.549089320673311176e-01 4.259532299996436344e-01 8.158172653423138021e-01 4.946350856081180858e-01
3.940226104480157310e-02
2.226491071231379848e-01
3.935851274831173585e-01
9.093981851345450673e-02
3.668091253217614089e-01
7.117609743681067025e-01
8.098054275896175713e-02
3.472178155126531829e-01
ReLU
0.0001
8
3
7.981445379018543562e-01 4.612858471306816033e-01 1.851396604910186539e-01 -5.044783089562204087e-02 4.745753614191452474e-01 -5.956155760010985872e-02 7.771941505954583773e-01 3.696073779790007285e-01
4.409008807836052313e-01 2.525854949179102138e-01 1.120268579449917867e-01 5.224503924477144068e-01 8.017138049949983358e-01 2.404670060721025848e-01 4.833310325381771078e-01 1.784688948855926716e-01
7.239774983405954101e-02 7.500471569675731809e-02 4.872836548574416976e-02 6.192004352633103670e-01 8.459983453318794533e-01 6.972532180660093726e-01 7.054674590799336897e-01 2.993507968584870893e-01
3.649728413360629059e-02
-1.410309163985468649e-02
4.111274784762036782e-02
Linear
0.0001

ct 2024-06-01 18:44:54.928032
