noname
4
4
4
6
-5.409012284329287601e-01 -6.655561547550567503e-02 -4.401461236184579517e-01 4.596006074416702503e-01
3.475004977931853478e+00 1.188277944688242105e+00 -1.161445611217542417e+00 8.742979773141217326e-01
-2.784047381681527544e-01 2.172268635502801359e+00 5.133173286350174891e+00 9.671273875120159347e-02
1.213509554737427720e+00 1.588263744988839044e+00 2.533541848240079108e+00 1.545637431609758750e+00
8.707119761752237785e-01 1.024775736102661927e+00 9.945529849857388527e-01 7.007284819929161523e-01
2.943200434581658698e+00 9.115781552854494985e-01 -9.083906091668891847e-01 8.823323926217303548e-01
-1.851986522881167829e+00
7.652103769739884154e-01
-2.257229183526751615e-01
1.451264023958615423e+00
2.431993117909311553e-01
8.480087563582863197e-01
ReLU
0.1
6
6
2.036315671339717359e-01 7.385749188269130627e-02 -3.051995016588503695e+00 -9.847555306450849200e-01 -1.497647910390079440e-01 6.204246313844569843e-02
-1.641324785555936083e+00 -4.486347987708703688e-01 -1.059554125525519863e+00 1.606369120108873394e-01 -4.566776648608037448e-01 2.112987792700706524e-01
1.327103276311544233e-01 1.145138326312098859e-01 -8.540422594784257138e-01 -9.049346041401664653e-01 9.378403039698229859e-02 2.881480084143536735e-01
-2.364628554493008572e+00 1.170834345259046394e+00 4.317967304139740392e-01 -2.150991815435146837e+00 -4.472377075506793753e-01 8.807628164043104224e-01
-9.296662307681472504e-01 5.080428653264181804e-01 5.543638050049678467e-01 4.112452727969865274e-01 -2.850017604177709080e-02 5.879048712732406479e-01
-9.666120693489548277e-01 6.193554131283379727e-01 6.893521435821938770e-01 5.377490489793308459e-01 7.099023579817338725e-02 7.045608667689786664e-01
-6.743844311447556861e-02
5.669864927373897689e-01
-6.258410567206392772e-01
2.817331714994254721e+00
1.677637681210359943e+00
1.811296856654445175e+00
ReLU
0.1
6
2
2.397354082145554954e-01 3.629301985642773842e-01 -2.361307601501691777e-01 -1.231692192456830259e+00 1.073620016556747325e+00 1.253767256510198713e+00
2.688422946488290277e-01 -1.248671289290371189e-01 8.829019718336141020e-02 -1.188754769368389530e+00 1.052503810414778807e+00 1.265311515150404853e+00
3.181529021371517274e+00
2.813994767164065713e+00
Linear
0.1

ct 2024-06-16 13:23:00.895723
