noname
4
4
4
12
-5.060488792060627850e-01 8.408492799929376815e-01 -1.780771468679566594e+00 9.250989531105021646e-01
3.399360988827730412e-01 5.355278474736863831e-02 -5.069840990256447855e-01 2.774445736878934921e-01
-2.837553752199145976e-02 -2.728967998806072215e-01 1.460065194445396173e-03 -2.773410376194008764e-01
-3.416021233589588424e-01 2.534109666574237529e+00 2.193526931505014321e+00 6.278204173382541109e-01
4.357062262097033845e+00 2.014127561028530522e+00 -1.750349779267506678e+00 2.910823043612961403e+00
-1.799399033473869869e+00 1.130217729544106930e+00 1.163610577134752910e+00 5.458879930884714682e-01
-4.119170155302555036e-01 4.000823682918410729e-01 -7.063558905100113527e-01 3.183708438892164927e-01
-1.402875984625163497e+00 1.233589540497352921e+00 1.212131688525873052e+00 6.849676393048077516e-01
-4.184528550528359703e-01 2.889288958690009457e-01 8.601642619939242618e-01 4.919617193974621383e-01
-3.690348096214882134e-01 9.663144568171154747e-01 2.005762327700504599e+01 3.279306246874578723e-01
5.447428987228195574e-01 2.573126656514463040e+00 4.491049983133514445e+00 2.303638585143989115e+00
-2.333012310846951376e-01 2.353049275536489848e-01 3.264353964243867923e-01 9.233171837399686832e-02
-7.759820029103289274e-01
-6.114168079721394866e-01
-5.780324511342365135e-01
-1.035212687246333418e+00
6.354255128500271299e-01
-1.421445271474849115e+00
-3.312869020070103310e-01
-1.418971766545329638e+00
-3.456051031376557781e+00
-4.855320010337712766e+00
2.428128954142475759e+00
-6.004656390380265218e-01
ReLU
0.1
12
12
-1.905018613607027400e-01 1.785652753539479498e-01 -3.508529461237404057e-01 2.354699625119767714e-01 -1.469002480991158099e-01 -6.339595851362002099e-01 -2.812618255432115522e-01 1.822944682189012178e-02 -6.870099698017623213e-02 -4.038883704538209329e+00 -6.586055066123257251e-02 -2.719795437063860510e-01
7.558481308773330465e-01 2.978804281558543599e-01 -4.920617431107313089e-01 1.711968271165331124e-01 -3.898217308382925794e-01 -4.681144630069362655e-01 9.811944200117033166e-01 -5.925030911323426741e-01 3.275214997884479118e-02 -4.830975287079032121e+00 -1.235371315509515622e+00 3.496398769489915681e-01
8.065133528477460567e-01 -5.799920276811102587e-02 -1.264944779092920468e+00 4.760562271477929847e-02 -2.206910969657112975e+00 -3.053705910341935059e-01 1.455405121850437272e-02 -1.355064789470031006e-01 -2.148490334497466403e+00 -2.911140425088711403e+00 -5.227007477073908781e+00 9.620602744197433165e-02
-1.194399388860607064e-01 4.150798454012738503e-01 -2.601083670219990762e-01 -6.490789075026613952e-01 -1.635674778689634457e-01 1.369853429241568443e-01 -2.852330897567262324e-01 -9.984353450224084936e-01 -3.638386025794795864e-01 -6.685420148088978998e+00 1.043753295139263487e-01 4.235784088173591977e-01
4.788127496007275885e-02 5.898390284439775089e-01 7.426374150091383797e-01 2.563518183617299884e-02 1.195175906728967036e-01 -9.164785944459888922e-01 -5.795486347842525310e-02 -7.229766238068324746e-01 -5.548163869162828776e-01 -8.897705946239515384e+00 -2.103981526292798276e-01 -1.012955946604393448e-01
-1.499040729995517740e-01 -3.280115104298787498e-01 -2.781463018612906901e-01 -1.455474579480752206e-01 3.573114623023820324e-01 -1.296197780520656762e-01 3.635443987204604599e-01 -2.507338968096511911e-01 3.121909254065161673e-03 -5.109458493484005714e+00 -7.125501210815733399e-01 1.172855060265953764e-01
-2.810058894346807445e-01 -3.902965024595363430e-01 -2.401519091778254664e-02 1.215095486747720249e-01 4.950816689948441679e-02 -6.395614159982103419e-02 -3.970548120683228821e-01 -2.171049575708668966e-01 -3.291122220893040740e-01 -3.588339916995300083e+00 -4.162831737517297404e-01 -2.826916306318252511e-03
-6.051725968721190924e-02 -8.381095428431166450e-02 -5.466560791853917189e-01 -2.181277016862056550e-01 -1.388686059617983137e-01 -5.944594744647320184e-01 -2.585876665621708037e-01 -1.549460410052703185e+00 -1.420305188673163688e+00 -1.813414128815808013e+01 3.746821329349803165e-01 9.236078700029944077e-02
2.258484091149774373e-02 -3.679783902575232135e-01 -7.575468370411120311e-01 -3.295437242990487681e-01 -3.730874602070156920e-02 -2.183036856171909901e-01 4.309881741500078411e-01 -7.483129681516746956e-01 -2.972368405974185751e-02 -6.829345883115927052e+00 1.825885745756326145e-02 -3.351088529333028365e-01
-2.685755592430231348e-02 -3.894795502366542039e-01 -6.275193688909482814e-01 -6.092332677401157692e-02 1.526436453288530226e-01 -6.846018031591429853e-01 -3.074763847208031864e-01 2.285828567924739485e-01 -1.628927630208396732e-02 -1.883759927448749316e+00 -1.972348961645677690e-01 -3.519728452419381148e-01
2.160276109680198120e-01 8.212909389334263621e-02 1.161995758448105542e+00 5.365372918020531179e-01 1.232976623810424277e+00 -7.530857220132333163e-01 -2.353564697059300492e-01 -1.152138036073773852e+00 -6.354441889753144057e-01 -3.552698977452576123e+00 1.079837155806417259e+00 2.972578534047756738e-01
6.439320609907884796e-01 -3.651875919132883119e-01 -1.475292941051619788e+00 -3.087785087943193951e-01 -7.951329611773126985e-03 3.379085133993388057e-01 2.208710395400869178e-02 -2.704088780758077681e-01 2.522043717210725733e-02 -4.768008132589331538e+00 -1.684880347669932832e-01 6.226879339068548402e-01
-3.171928707609929510e-01
4.177027918920438232e+00
9.038686936463233845e-01
-3.605976164531894401e-01
-1.568135646114465487e-01
-4.789605122896574141e-01
-3.352923136410773108e-01
-2.556994767745078556e-02
-2.701427424484487139e-01
-1.794264018535043081e-01
2.236275272688520221e+00
-1.870784079232236663e-01
ReLU
0.1
12
2
-1.625252712618158049e-03 -1.350075566384204562e+00 -1.195626984765804757e+00 4.373776946669262200e-01 2.556957689269536704e-01 -3.454194018405348787e-01 2.739661179268822466e-01 3.406747959197182207e-01 3.765263942195988256e-01 -3.199733700481690452e-02 1.748383316577677205e+00 -3.284546123126947520e-02
-3.391590025736986730e-02 -1.250120240087409629e+00 -1.010647218311962581e+00 8.338795764222554918e-02 5.485802721675799715e-02 5.247367345068294775e-02 1.096107897289723271e-01 4.355268358560421826e-01 1.885126309141277601e-01 3.352796512422803049e-02 2.104751988069332835e+00 1.292714179057914969e-01
1.063755240362107024e+01
7.211725650179340974e+00
Linear
0.1

ct 2024-06-10 20:28:06.447034
