noname
4
4
4
18
6.781404094110385916e-01 6.795492722786141693e-01 1.218965610075875672e+00 8.989209961325134168e-01
4.533295076585962258e-02 9.802132102139358982e-02 8.276391054384585333e-01 9.729963963534198346e-01
1.145819475699868528e+00 4.257639544029588330e-01 1.164481996480514869e+00 8.748036566994991103e-01
7.024248188595740849e-01 1.145026628566388593e+00 9.261402880324430820e-01 7.241154906954099246e-01
1.770326756313296501e+00 -6.465964677718716302e-01 -4.236268597419858395e+00 -7.567396717885119806e-01
4.436878118747297761e-01 2.786582934543587187e-01 3.532280633760375710e-01 3.983084607906729468e-01
1.903699326862397845e+00 3.210304506473797281e-01 1.836092418065316423e+00 5.136640414031954371e-01
-2.610718789449493649e+00 5.430261257739081859e-01 3.907930394976902200e+00 1.104480805068917881e+00
-4.022387441383347140e-01 1.095039883379645085e+00 8.283890540019114290e-01 7.981316055422527089e-01
1.061653074798976526e+00 3.033303937815746143e-01 -1.966212135635362068e-01 1.756741051254788744e-01
1.392718523645740003e+00 1.360939134494796754e+00 1.018094413533292997e+00 8.783683461269268244e-01
-3.807257577686636307e-01 5.783794805443916998e-01 8.604583118928762486e-01 9.002219897771888135e-01
1.354900112979550375e+00 1.230442672767591228e+00 4.938290542944561157e-01 1.052766630227288891e+00
1.821942081826813054e+00 7.243896807043267438e-01 8.550074427617143646e-01 1.253002086157114059e+00
1.715520010104545801e+00 3.400352142932271393e-01 8.146567745478928702e-01 1.004462810415626794e+00
2.038250669486093791e+00 6.529903967970618339e-01 -8.586497156467161329e-02 7.366815816063655431e-01
2.006553460531160127e+00 1.111359013484817249e+00 1.508869559811160332e+00 1.021485163914633620e+00
9.680858054474448249e-01 -6.697464632803781792e-04 8.167028089497633259e-01 7.216756332475104951e-01
1.088333348212793816e-01
2.940004766721679430e-02
7.925564275037464412e-01
5.524880217392071913e-01
3.638091582801509793e-01
-2.299459188900555784e+00
8.732371353349607235e-01
-1.061571172822196818e+00
7.530667071668120660e-02
-8.167757520814722394e-01
8.414723067910166998e-01
4.342057578574032295e-02
8.502142902734056706e-01
8.866315622048980272e-01
5.457007413840153642e-01
8.400972780996716072e-01
1.218331629275649197e+00
3.923972691134170465e-01
ReLU
0.2
18
18
-1.949185223544768475e-01 1.323624100152808736e-01 4.694017956380525658e-01 4.578709704322304619e-01 -2.160984836535860820e-01 -1.974661615745536003e-01 8.555478220216068408e-01 -8.203997834224294738e-01 -3.940209283151741015e-01 1.137270498542354014e-01 9.821896225047210827e-01 -2.228927315093456596e-01 6.776741080236756698e-01 1.181559511593768930e+00 6.042301858930252401e-01 3.775255753891920696e-01 1.061264094929960988e+00 4.198396046496371548e-01
-4.313070377986120280e-02 2.781247016384140736e-01 9.741919052705879656e-01 2.344631748438462115e-01 -5.755672198345358481e-01 -3.756986189819864208e-01 6.344201623482733643e-01 -1.066034927453426429e+00 -2.204114742704855190e-01 -6.221502457398342401e-02 2.753608310056561703e-01 -2.779896042652850729e-01 5.485496037759977073e-01 2.219807266637906507e-01 1.054993481717279580e-01 7.211455240454269777e-01 1.267798482643937907e+00 2.069866254646061388e-01
-2.797817446624852877e-01 -3.311910862164512692e-01 5.936053665392179712e-02 -5.529556987771299115e-01 -6.177637763492912493e-01 5.300274826984041621e-01 -3.392787547330227138e-01 -6.726759314812125190e-02 3.581647330364802762e-01 -1.712332794676752756e-01 4.705989877283202616e-01 1.657602121686643504e-01 5.280050071358866060e-01 2.171369160065889647e-01 -3.568389122473714092e-01 -1.051550295935499424e+00 2.592170286586101824e-01 -5.149520343675749734e-01
1.786463144614778842e-01 -4.934715459243013136e-01 -3.838614071794249072e-01 3.723745006347287667e-01 -6.392403291924555475e-01 -8.304133993733936459e-01 3.807077933634444022e-01 -7.008989714384658010e-01 4.678383681697714236e-01 -4.894026547441330255e-01 7.308949353457688813e-02 3.729712453734327915e-01 -1.900649132649080142e-01 5.444095661274522130e-02 -3.903641555401182184e-01 -7.307443753801999564e-02 3.691722207328501648e-01 1.781068513802838704e-01
4.562657992589247979e-01 1.613421490332646591e-01 6.595696035897786746e-01 1.186782181051450058e-01 -9.848330898367385622e-01 -1.328203077794046116e+00 -1.530541950846667776e-01 -1.071694052310368850e+00 1.891872630577584036e-01 -5.926564691324500700e-01 3.562491490449584131e-01 -7.982164048654807886e-02 -2.087531911859172584e-01 5.777820555207484610e-01 2.838367679921940390e-01 -4.652174782587661928e-02 1.042019299899038104e-01 6.613018347328655788e-02
-2.269781457291683291e-01 -6.595872158408305763e-02 1.500989963457887433e-01 8.209659222016656155e-02 -4.793417900437840218e-01 -1.343965792654202573e+00 2.384603951433229840e-01 -7.147827196534914940e-01 -8.127690589351450612e-01 -1.187128986582660195e+00 -4.818344966703325682e-01 -7.761110741629022591e-01 -1.613962806010920403e-01 -4.610131090901278816e-01 -5.949944664784174719e-01 -1.222155655252555456e-01 -3.717661804889914046e-01 8.997614765464258257e-02
2.195710077043835362e-01 3.098546762949694333e-01 2.510267407959202446e-01 4.018313875690838199e-01 -9.690235283792290044e-01 -4.060456564814717839e-01 -9.965446903391474154e-02 -9.769212868084869994e-01 1.135470540031646297e-01 5.661524103867074907e-03 4.818538738056886706e-01 3.630255073311178075e-03 -1.650785112108200253e-02 1.687662395210756672e-01 -2.841352831080908373e-02 -3.826248336625552859e-01 2.956754962788464836e-01 -1.313744472099209470e-01
-5.310832706820218796e-01 -3.234196212075556298e-01 -7.202654529568221220e-02 2.125176945284563690e-01 -8.081056476806360855e-01 -1.357377533154652260e+00 -1.204322834005484427e-01 -6.384464039703348082e-01 -2.924828254262442084e-01 3.774439277188170599e-02 2.396167701705806119e-01 2.349313339404202894e-01 3.724827785827962701e-01 5.021382519981180959e-02 -4.012099960009263278e-01 -3.607571584833870193e-01 4.637843748056103554e-01 3.816693363187342869e-01
-1.009906178416634243e-01 2.247995563142722031e-01 -1.027304849642208390e-01 3.019992930197972769e-01 -9.785601994728179154e-01 2.127014624066437154e+00 -1.584119246664966174e-01 -1.265150904259681741e-01 1.926501718947582487e-01 1.674414900281950003e-01 5.380131359955541565e-02 -3.886543498735821056e-01 9.051109020802271254e-02 5.718037336570849227e-01 -2.031877671280121478e-01 -2.668227116829332557e-01 1.884120398139746133e-01 -3.216518143448622857e-01
6.115621521352391232e-01 -2.127551854393889413e-02 1.779272328551458615e-01 6.031343883923055982e-01 -7.478216329046585287e-01 2.175128363777322285e-02 3.659609345685422843e-01 -1.057057924482769140e+00 2.857053573316931799e-02 1.212832434692566602e-01 2.518563745687149580e-01 -1.136448419947149180e-01 1.024341826797524835e+00 5.128578618785260002e-01 3.264661075948922520e-01 1.374261340020393740e-01 1.285767158778167385e+00 6.518882622924214720e-01
8.713020884893690754e-02 -2.205323355536866203e-01 8.563305991912559811e-01 2.488197613544655407e-01 -2.807892236314535328e-01 -3.012575371193131346e-01 2.134098903726185659e-01 -9.149096269754025679e-01 1.845314191626862832e-01 -1.082719708186057339e-01 6.672231998278389531e-01 -1.409841433951412315e-01 8.628438253222184828e-01 7.986027973742344521e-01 6.768871716970721319e-01 -3.171373147790339520e-01 6.262629168027255000e-01 2.991416218640285257e-02
-2.911203794997840877e-01 4.847743156531467146e-01 -1.452094799306727357e-01 1.372744261224212448e-01 -1.067086113180957918e+00 -1.042420542491880209e+00 6.055290472716446937e-01 -1.417265327657504681e+00 -1.583352194126513013e-01 -1.182292182628035482e+00 9.656388119084576838e-01 3.445110140882112759e-01 5.436186978346035925e-01 8.828706534524766170e-01 2.780778348209539397e-01 8.336405264190880349e-01 1.014098862940579160e+00 2.703936219053766632e-02
-4.695963604372231925e-01 -2.113533727419764918e-01 -2.020170421162125196e-01 2.259347127103847053e-01 -1.024041627599719062e+00 -7.242970088656639494e-01 9.001041862794772683e-03 -1.223606167997191463e+00 -2.182078305423756637e-01 -1.111636505631966587e+00 6.962957570551725484e-01 -2.091556847145004117e-01 -1.728134771830953237e-02 9.158768429643094899e-01 1.560661507645093871e-01 3.650954499295172573e-01 -1.330807898835257297e-01 1.901462572470459245e-01
6.144121167659737093e-02 1.061130403096024327e-01 3.053415033003849532e-01 6.042390584822016075e-01 -8.967639763926100738e-01 -4.007351580892278831e-01 3.780678096631116536e-01 -1.488832663497928976e+00 -3.706536990408894616e-01 -4.532517112425346051e-01 3.437616537900930469e-01 2.713607072742524884e-01 7.105184133477124853e-01 -1.669332596828738968e-01 -3.912848471047772891e-01 1.342883378001619998e-01 6.853390234624345823e-01 -3.255998736416179651e-01
1.780164662003891618e-01 -3.907101124845211992e-01 4.322238188597234965e-01 -1.329746288079619032e-01 -5.709279037522898559e-01 -2.710909879384757470e-01 2.203462210582947112e-01 -9.133870840970095273e-01 2.371632329824142210e-02 -1.451406838165283930e-01 3.309547400808348638e-01 2.602954667229105956e-01 -3.074028194567783312e-01 5.125934197991141028e-01 3.564593556471044589e-01 -7.156612485228479592e-01 6.404240381977386321e-01 -4.372066518671164359e-01
-7.126386792244970847e-02 4.477053949538458699e-01 5.604357937740400697e-01 7.652553338023577734e-01 -2.485902120218975164e-01 -1.292789949546754025e-01 4.975469292753703643e-01 -7.248459732839075409e-01 2.509962756699032904e-01 1.682505152388302505e-01 1.054233848107660076e+00 2.657479537158244365e-01 4.740089780912188910e-01 4.889609672986030553e-01 6.295077287258028509e-01 1.904407850446410422e-01 7.104622876744762783e-01 9.196609908266659694e-01
3.667539976017078485e-01 8.036260585237167686e-02 8.812816758789703275e-01 5.543534801715315208e-01 -2.861741757419744570e-01 -4.039774761772894629e-01 9.244893113193594081e-01 -1.032606987972625623e+00 -1.480033622417888939e-01 1.452545448630868374e-01 3.085664060254802443e-01 3.200957445807854351e-01 4.629675456355962782e-01 8.866862296994599824e-01 2.402206041471062203e-01 3.194578018820292131e-01 4.223627695304371654e-01 -5.397150824172862460e-02
-1.940553519085210510e-01 -9.165253281656089712e-02 4.917347053130832757e-01 4.942012156448014615e-01 -6.549149650520107446e-01 -4.847909691390123177e-01 1.738924909250635364e-01 -8.795008870221386887e-01 2.021203170321220211e-02 1.166066800759045508e-01 4.741123105949314187e-01 9.929943414615768904e-02 -3.429016105233048672e-02 1.554310218389687304e-01 9.541223051073050021e-02 -4.917623964794299307e-01 4.860147651315728234e-01 5.200316880637658734e-01
2.430282278289649600e+00
2.404119260290928040e+00
3.494642353543591096e-01
1.140498995065717835e+00
2.142689225595501235e+00
1.740291914500101955e-01
1.824991394426174196e+00
1.237968223671098711e+00
1.371962586635431913e+00
2.607364750675373433e+00
2.294338156145277363e+00
2.038053672296596730e+00
2.075348278344859576e+00
1.425255254257558946e+00
1.658240505558097100e+00
2.843239411782449544e+00
2.724544471807165191e+00
1.672781142601943216e+00
ReLU
0.2
18
2
1.052827142113689884e+00 1.014542261156110570e+00 -2.849540016162624978e-01 1.177360923211431681e-01 4.389683778334083075e-01 8.515228567814073224e-02 3.345163840476302886e-01 1.201780886585220587e-01 1.675968245190434247e-01 8.330687355328127985e-01 5.632037550795250258e-01 7.530780205451148568e-01 3.384292335463106038e-01 2.714235028949456008e-01 2.777345536363126088e-01 1.090482877555134511e+00 8.624491137622964931e-01 3.309858053878994566e-01
7.439105726783853401e-01 6.277011698722494426e-01 1.667987641796284670e-01 1.176324300894307229e-01 3.320432304681012470e-01 3.013412154505317256e-02 4.655037052774686490e-01 1.582001163178307912e-01 4.154529892577429329e-01 9.986321954005117352e-01 8.270598729758779077e-01 3.619454666426478728e-01 1.706093437602911600e-01 2.107073029978185630e-01 2.420233794527099080e-01 9.157669651218480755e-01 6.209605939151729981e-01 4.459530205748540865e-01
3.276571007208051167e+00
2.866102563240445988e+00
Linear
0.2

ct 2024-06-12 01:36:09.761645
