noname
4
4
4
4
7.986343047958184282e-01 7.260695269935373286e-01 8.969418440964439521e-01 3.566541061790145517e-01
4.125769799483878231e-01 6.544030607260132859e-01 1.460243154199830640e+00 1.005405742948267456e+00
8.203466551050028199e-01 9.910231481388487307e-01 5.861471963428348531e-01 4.733603041896541908e-01
9.061489732293814825e-01 5.411097516140942476e-01 4.682891792897581063e-01 4.696557063645203089e-01
5.044288984936409204e-01
-1.535688095031385592e-01
1.039619216414580105e+00
4.103246342141602110e-01
ReLU
0.1
4
3
5.577401491287891089e-01 5.253676752526844629e-01 4.586205079080338809e-01 6.233754979980454802e-01
2.312472745697963794e-01 -8.724682069284775410e-02 9.406437997286217767e-01 2.840111926379624285e-01
-1.386034211639463332e-01 -2.523594138278592580e-02 3.762682446641643641e-01 -2.167157417118820428e-01
9.666319945389137969e-01
7.275658670241409443e-01
-1.612361149310706510e-01
ReLU
0.1
3
2
7.791566155924841697e-01 9.354715129019264275e-01 6.049997271405525845e-02
2.879067511735070584e-01 7.995512746601699527e-01 2.553493191858708378e-01
5.172845109900249261e-01
8.384585530266935871e-01
Linear
0.1

ct 2024-06-16 18:57:14.679235
