noname
4
2
2
3
8.762934143175630242e-01 8.723564671072679966e-01
4.825691308611079755e-02 2.723376399934107628e-01
6.979864171132119655e-01 1.936247718025868592e-01
9.618417324161742110e-01
9.489744239635354850e-01
5.224746460288555161e-01
ReLU
5e-05
3
3
3.334945693691647728e-01 6.484023461699994773e-01 4.341761163232454868e-01
5.119159494029884572e-01 5.552037195365918665e-01 2.255128692075598629e-01
3.388104190549466876e-01 3.781523828187037806e-01 8.677354497185811866e-01
2.812352030804377012e-02
6.056381328597421065e-01
9.203249342026248447e-01
ReLU
5e-05
3
3
4.548174595250157326e-01 2.306930599036478569e-01 6.486181474412051617e-01
4.298108732182837066e-03 8.039216201476292456e-01 8.975156323477911924e-01
3.553051317506328299e-01 9.600009781839342615e-01 7.642836306704120508e-01
8.512993090374084693e-01
7.598731776559628504e-01
8.671986183052798891e-01
Linear
5e-05

ct 2024-06-02 00:06:38.619399
