noname
4
4
4
6
1.936507663587689221e+00 7.531884704057324464e-01 -3.402101118475864272e-01 7.856525140808210406e-01
7.551399745031421862e-01 2.501214166433698427e-01 -3.251394827842431390e+00 8.903846374332406721e-02
4.311529378107468724e-01 6.737057935185088511e-03 -3.010162895972915642e+00 -1.480431539139699382e-01
5.373009583122630994e-01 -2.318441080938413168e-01 -3.956622397401525770e+00 -2.929610009139529403e-01
2.560374122974405919e-01 9.866414031612077973e-02 -3.760758476765806435e+00 5.452800697040934008e-02
6.079955089121605871e-01 -4.248353894928211805e-01 -7.708482415693181267e+00 -6.533248755091466409e-01
4.261595307003459010e-01
8.657336905216718170e-01
9.729748882036786117e-01
1.159643893236511847e+00
8.202588649651210151e-01
1.443290577626290538e+00
ReLU
0.01
6
6
-2.220026441590345900e-01 3.268359530143749025e-01 6.240608981630160201e-01 1.596496280440611537e+00 9.710000763424722070e-01 -1.847955651394287635e+00
-3.156952659804992956e-02 3.761293683828528800e-01 6.842705508387483260e-01 9.119035819202208071e-01 1.267630600268767616e+00 -1.867422953990222512e+00
-2.145381617348160463e-01 1.090467562163079274e+00 2.906695985795024750e-01 1.496546771924333941e+00 6.435712062762845020e-01 -1.753203899010505662e+00
4.948632715681128835e-01 1.091549248050727838e+00 8.380603036722500399e-01 1.212727047439191574e+00 1.124055107109835472e+00 -2.082562708022498654e+00
-5.431427343772753380e-01 1.122018908271550819e+00 8.916582117680914576e-01 1.452718683474187200e+00 8.384423205215337793e-01 -1.557373022065977386e+00
8.681557703215126987e-01 6.756936970285810640e-01 7.265183961575110150e-01 1.142623763924776936e+00 8.884991878371999441e-01 -1.703818083462830923e+00
4.278486475573285985e-01
1.140326921205402355e+00
3.604083139320102963e-02
3.413893816760913552e-02
7.696417539044338174e-02
3.380966839500845582e-03
ReLU
0.01
6
2
1.416970251234064282e+00 8.366316409022437339e-01 1.280191662123513874e+00 1.045059062338034916e+00 1.453798086529534128e+00 6.742281729344911101e-01
1.252422520757891400e+00 1.011802230167362815e+00 8.482985209481944677e-01 1.103993904571714646e+00 4.197647946837878563e-01 7.140005221039391614e-01
7.262618365410447030e-01
9.746551020101340557e-01
Linear
0.01

ct 2024-06-03 12:58:44.004111
