noname
4
4
4
16
-2.317395731429225947e+00 2.022314132792843555e+00 8.169240357055160828e+00 1.045028522228938384e+00
9.034636342438482348e-01 1.459370839747765158e+00 8.158369960972755575e-01 7.333824462805731415e-01
1.812090833722149297e+00 -2.501506034805430212e-01 -1.933186651128367961e+00 -1.425518161237682713e-01
-1.371320202070949401e+00 1.306442451116797576e+00 -1.492880833648236316e-01 5.953095550040352624e-01
1.258341708042724494e-01 3.531879629348668725e-01 1.190915992349661501e+00 2.803289381667830593e-01
-1.036140157430405440e+00 7.568261886756001422e-01 1.271912123079894097e-01 5.153506404715267886e-01
-3.292135996474318538e-01 9.074540596147369076e-01 1.594760517350646944e+00 1.783653556486034519e+00
1.856934314972914057e+00 6.999937923747771018e-01 -2.588074613103723998e+00 5.528164657839115259e-01
3.861054999035764407e-02 7.470295089855892856e-01 -3.276798371177707531e-02 5.905585156202673991e-01
2.500509075613722487e+00 -2.207771765853207557e-01 -5.067791321117566028e+00 7.046795777794081506e-01
-8.304903578283838739e-01 8.762777175302493005e-01 -1.487009658282027469e-01 5.647284018681965057e-01
-8.458076154356177767e-01 1.706679186369572054e+00 2.642570985766250047e+00 5.281234643872588785e-01
-8.843020204882481305e-01 1.452038111526434028e+00 3.959681071066408098e+00 4.376503832765497592e-01
-3.014031161037142859e+00 1.441377246913681631e+00 -7.050107007972159501e-01 -1.819016053477484851e+00
2.374038883663513566e+00 -5.698542376972859369e-01 -2.915218824792212615e+00 1.756135715447207715e-02
3.230442894863411407e+00 1.620613383077679215e+00 1.173722730115355661e+00 2.344063268531562105e+00
-3.405218713477645043e+00
2.153334373221273135e-03
-2.183214615559792904e+00
-2.497067750330346225e-01
-2.301630245270265274e+00
-8.578127072596332114e-01
2.858967676707414585e-01
-3.342816330040928596e-01
-5.850430116895691812e-01
2.241891835949339495e-01
-7.195484576860400328e-01
3.141616588442978225e-02
-2.696915445902220654e+00
-7.617131602286939973e+00
-1.615540254826247857e+00
1.736062522811742115e+00
ReLU
0.2
16
16
-2.481422285012059525e+00 -5.752185578575860214e-01 -4.514122534085328042e-01 -5.582127871178078626e-01 1.315442652166337045e-01 -4.118648143617882618e-02 -1.074469173601581229e+00 -6.097202130107666207e-01 -7.863745880338622873e-01 -2.292525000048182549e-01 -1.371159034393678866e-01 -6.746403695056999439e-01 -1.335394579992078556e+00 -8.533867804094072973e-01 -8.779146362263429149e-01 5.133791513628962466e-01
-6.002631412648442577e-01 -1.941355772043273087e-01 1.992652316891606379e+00 3.371071267007658134e-01 3.694005074399437372e-01 5.247016075934116675e-01 -4.740665834073602425e-01 1.459346439441710219e-01 -2.288178301443597462e-01 1.397991264173080450e-01 6.374243719650510842e-01 -2.223778250623545949e-01 2.589301397789021686e-01 6.319838666413034600e-01 1.414869598150159780e+00 -9.208034732295448110e-01
-2.945382905335942603e+00 -2.485328609272847156e-01 1.757395401609809782e-01 -3.022919554452375146e-01 -3.043442530803811552e-01 1.157303922129556822e-01 -1.075821387355082814e+00 -2.807213196673108979e-01 -2.754985730184589254e-01 -1.093619660014801154e+00 1.915008628541449986e-01 -3.095053707092706996e-01 -1.187037382398092644e+00 -2.203570612496753789e+00 2.925274308506157772e-01 4.101382113295992671e-01
-8.048049254027291877e-01 -1.590316943500692456e-02 -5.859427791152123088e-01 -8.758426996505308537e-01 1.403622285945993822e-02 -7.877761669756467855e-01 -4.842688340764928628e-02 -8.468407263911983951e-02 -1.304267038242565846e-01 -1.044283374448718403e-02 -1.352948663247152794e+00 -1.285622487069789655e-01 -2.858182839846185597e-01 6.506828186500777100e-01 -1.428936518644436937e+00 -2.863424297399779772e-01
-3.370099073624398534e-01 -3.852652909369621015e-01 -1.959642212660766825e-01 -6.021578556821184369e-01 2.807359249308943872e-01 -4.317788394277636832e-01 -6.975807123169902590e-01 -3.847157235168933709e-01 -2.981350386423990972e-01 -2.154238973438354077e-01 -5.795700296844219501e-01 5.001499374302752210e-02 -4.512148820930236282e-01 4.691094826422795849e-01 -9.645489717092099458e-01 -2.153822166719464359e+00
-1.885051138671243409e+00 -2.336350074130906784e-01 6.178270205839360152e-01 2.858511121722865367e-01 5.479605074291361566e-01 1.009025117822152755e-02 -6.129798398553920613e-01 5.059080520528661667e-02 -4.304692342569489960e-01 -1.853574815151655120e-01 -6.699018752293930956e-02 -5.313101737525535162e-01 -2.858598021092614294e-01 -5.138775596356947029e-01 4.510082704483481808e-01 2.705995134727503526e-01
-1.055764395309672921e+00 -7.761732465493424993e-01 -1.453334829497778147e+00 6.652053958317993843e-01 -6.589165393911018409e-01 3.292428963636755412e-01 -4.496008112904489096e+00 1.065178412439589994e+00 -1.522610311554213058e-01 2.804781752138372219e+00 -1.652303620797725137e-01 -1.695309020874097294e+00 -1.652177843801481361e+00 3.818328354571013161e+00 -1.939253217743664770e+00 1.792133319005862757e-01
-1.672073489372676303e+00 -6.587403072921853564e-01 4.206836113273016431e-01 -1.322185831106464649e-01 -5.473823962078174787e-01 4.901957565689278318e-01 7.051977592590072397e-02 -2.545744468218723022e-01 -6.351568852746342086e-01 1.803638707082483306e-01 -3.952839407379828141e-02 1.109064553975133427e-01 -6.772474930161469509e-01 -3.846109707553570511e-01 -6.808481415561355998e-01 -9.515775786821262239e-02
-2.626659245240832607e+00 4.296475013046481828e-01 4.607697227833430498e-01 4.905267811214582552e-01 2.958497154439143628e-01 -3.787936526742306520e-01 7.349547522021160351e-01 2.657166002895119394e-01 2.340462502431181133e-02 9.513351053969907323e-01 1.536409164345278466e-01 8.903061395774042319e-02 -9.124986168598447911e-01 -2.565046050012122159e+00 6.643660418490144881e-01 2.953380366341580299e+00
-2.042998176212786010e+00 -2.527745263465374093e-01 -8.180623349772671044e-04 5.528933742881735336e-01 4.286607805369661017e-01 1.410036499080168371e-01 -1.747060095657495815e-01 -6.437798486900220274e-01 -3.962692203426818049e-01 -2.011158485136116045e-02 -1.039973905208840393e-01 -2.134863983833164558e-01 -5.637767767317536372e-01 9.646342367137913931e-02 7.214131751818482485e-02 -2.952721091212059251e-02
-2.662238176554640123e+00 -2.792721513192015781e-01 2.823646571427166907e-01 1.255546323049182567e-01 2.261420235720427441e-01 2.991303352994422737e-01 -3.007965663652047983e-01 -5.722507721527595459e-01 -1.533816706556765663e-01 2.311135854915686294e-01 -3.656878662778341171e-01 -5.899184051738828316e-01 -8.417969772113839122e-01 -2.121802958857049948e+00 2.011802311403396715e-01 6.289194300719257447e-01
-9.059464146498102943e-01 -1.212470587278820650e-01 -5.511239867105818258e-01 6.613264980784817892e-02 -7.681205535231413473e-01 -7.799491759152802350e-01 3.479654031677085757e-01 -7.499206678904363210e-02 -2.526201682380941893e-01 1.494932323102366456e-01 -5.679419603960106366e-01 -1.979984810478518653e-01 -9.662232231129683768e-01 6.576351118836810672e-01 -1.590110409919667234e+00 -3.011217743327220808e-01
-1.791164068618307459e+00 -9.713852980044707097e-02 3.206161567761044995e-01 -2.671747306133718039e-02 1.736735714159196309e-01 2.604503223930688671e-01 -2.824936475561486415e-01 -5.089404830465905638e-01 4.854579184185724844e-02 -2.217879935657464385e-01 4.335815509270332657e-01 -7.578115757067944991e-02 -6.554479891420831317e-01 -2.542760596037973303e-02 6.121988625202121614e-01 -3.742279230119547467e-02
-2.913353318923147750e+00 -1.115300471252108849e+00 -1.049942624650883172e+00 -3.609171713495161471e-02 5.663441532622470742e-01 -1.689833840155543498e-01 -9.277563205652240574e-01 -2.745300004791886850e-01 -5.197700028587092236e-01 4.908138432696738940e-02 -5.761554052591320169e-02 -7.100021576750747965e-01 -1.450769815958731668e+00 -6.491505895465365938e-01 4.255422788149027524e-01 5.919585280002627181e-01
-2.391950487118294610e+00 -8.843972188550596192e-01 5.266277985577417775e-01 -3.613102739734200264e-01 5.971910444148067487e-01 2.045679441233466123e-01 -7.396834774919415212e-01 -1.240303405963463668e+00 -8.811276004519976723e-01 -2.905239145420280278e-01 -9.321567042077170961e-02 -1.203972907622796518e+00 -1.195078066525247840e+00 2.804151835316504027e-01 2.626988837011136613e-01 4.716892662573988204e-01
-2.209536067049771901e+00 4.988015851580849397e-02 3.204692249608582372e-02 -2.391496887457895404e-01 4.563800158916995198e-01 -4.385619818484531862e-01 -4.968670725053896953e-01 -8.176240593909754883e-01 -2.296305102806516507e-01 -5.927081998910763844e-02 -5.761696039709480743e-01 -4.322393827938409983e-01 -9.636090111826488558e-01 -2.198630875833158971e+00 7.500486664104695222e-01 8.574453781589504997e-01
1.259344583583611454e+00
1.324383072397594008e+00
1.651878013405804480e-01
1.585019792477833367e-01
7.816167088310648214e-01
8.679623074987523612e-01
5.861395175256735257e+00
4.799745482401775870e-02
4.426223959174001799e+00
1.157125471925769533e+00
1.626784885110927448e+00
-1.457274627907251263e-01
1.018309529631360899e+00
1.330735588602901753e+00
6.680829754802309894e-01
2.602730182392179348e+00
ReLU
0.2
16
2
5.130001711621390292e-01 -5.258335546579260278e-01 3.307929201150233700e-01 -5.154074873722554184e-02 -4.560585731420216393e-01 2.410353423650233584e-01 -2.110141699998832721e+00 3.540076804201367638e-02 2.908892617210200537e+00 2.876081778969087344e-01 8.473166313761993917e-01 6.771202970291118756e-03 1.803199866193265222e-01 6.077259806632092642e-01 2.235672097421056437e-01 1.248915910085933056e+00
1.886965796239858384e-01 9.758033802823071201e-02 -1.324073916664948031e-02 1.150734821558507641e-02 9.565412958099282770e-02 6.987154777641887970e-02 -1.900538190812252282e+00 -1.389526977220298734e-02 2.990714385838120215e+00 2.601242607754801206e-01 7.243436203983725230e-01 -4.437842766949628287e-02 1.138199189988805260e-01 3.291322772088117743e-01 1.222636162572200424e-01 9.889785240272442879e-01
7.689330839066709444e+00
4.388360222933387789e+00
Linear
0.2

ct 2024-06-11 21:23:15.803794
