noname
4
2
2
3
7.661407006426039779e-01 1.297301011015749295e-01
8.623181281767808848e-01 7.438522669292371159e-01
6.336741721246027526e-01 4.497445305234047952e-01
8.475496968100656447e-01
4.252168699185192996e-02
3.573127782232998761e-01
ReLU
5e-05
3
3
3.373629658047707092e-01 5.865305122164551355e-01 9.237425197256693421e-01
2.195388569377639265e-01 3.354474737556086272e-01 5.478697911326643188e-01
1.454767814862754916e-01 3.914924181125528646e-01 4.149384834783030329e-01
7.281985088529234762e-01
2.001946345640250313e-01
2.349688876390280956e-01
ReLU
5e-05
3
3
4.288695884182788243e-01 8.122828951609747383e-01 6.403997241860863721e-01
7.112054489207233487e-01 3.782827189327360728e-01 1.853752824540200184e-01
8.932245895912079847e-01 -1.244425236057107413e-02 7.256965979164488045e-01
2.425235340855173838e-01
7.934070640617441050e-02
5.950701220292842208e-01
Linear
5e-05

ct 2024-06-02 11:46:11.461247
