noname
4
4
4
5
-1.946917853266350307e-01 1.439260074583214255e+00 1.353309453725676725e+01 1.546989146998001496e+00
-1.416063599531830253e+00 7.799523203986103992e-01 3.375876251662263794e+00 1.761545442644282922e+00
-1.913523957513832086e+00 2.396108151176026824e-01 -1.100557196130645288e+00 -4.567050663505283770e-01
-1.610092492738903314e+00 7.115700745602855370e-01 2.642907349695646957e+01 2.238464632948677924e+00
-2.075593486954562916e+00 2.006543372485733445e-01 1.253077404075726164e+01 6.213115985793576934e-01
3.986678556301200604e+00
-6.161856942625385081e+00
-4.283083431581875544e+00
-4.310539875986547642e+00
2.346663527001728866e+00
ReLU
0.1
5
4
1.416367288079652509e+00 -1.092372729483065630e+00 -1.879518190694814961e-01 -1.476742731392772345e+00 -1.045043064065533933e+00
-2.910814272937421732e-02 -8.274612880879497756e-02 -2.614609334385425976e-01 1.000000000000000021e-03 1.000000000000000021e-03
-5.856309813292304156e-01 1.959795184815416313e-01 -2.640745410898189816e-01 -6.437720366684636097e-01 1.000000000000000021e-03
-4.708336683674884671e-01 -6.023728574349245246e-01 1.100000000000000066e-03 -4.987771670747744301e-01 1.000000000000000021e-03
-1.389405964286283268e-02
-1.311280582877847600e-01
-4.028056130233229615e-01
-4.696622212721211498e-01
ReLU
0.1
4
2
8.400140932720714382e-01 8.190850499825104436e-02 1.687284142138694987e-01 8.128854092701967016e-01
8.669684257350148693e-01 5.617391046390825954e-02 7.214039533208572996e-02 -5.236068336561219283e-01
1.959838847836557596e+00
1.852728153373616182e+00
Linear
0.1

ct 2024-06-16 10:19:41.985670
