noname
4
4
4
18
4.048381531442101638e-02 -2.121481725243599126e-01 -2.832830557700720231e+00 9.507612701219687601e-01
-1.223475348814514252e+00 8.803769806465431280e-01 -4.195856498826058267e-01 4.533164998713681282e-01
-2.412769301004560329e+00 1.091544266250301876e+00 9.258914403390383185e+00 8.497606792115245389e-01
-2.864678554701943769e-01 7.811463028361397276e-01 -1.989328534445621743e+00 8.770627274302105203e-01
-1.812961063302069631e+00 5.630956188342973734e-01 -1.701201061647807711e+00 -8.227620064755603035e-02
9.753636395767774081e-01 -6.141933452384816805e-01 -7.831635276904229670e+00 1.163969852011090822e+00
-1.429403588688426208e+00 7.280588944424458697e-01 5.386780279942361638e+00 3.735673695316765186e-01
4.169637404305109207e+00 4.169521807232322352e+00 1.943368533761398176e+00 2.441074400505536701e+00
1.556418385425427375e-01 5.021887443113524085e-01 1.030296098239165348e+00 7.859622486218108550e-01
-1.863382270698574539e+00 -3.581809020675932764e+00 -1.615175790622471652e+01 -1.699523964551590494e+00
-5.418205911558003685e+00 2.800845296039710774e+00 1.547862781747247141e+01 9.695233367462043894e-01
-2.981996081361239614e+00 1.490799876288037673e+00 1.316651967484589747e+01 8.974972554578402040e-01
-1.196048408410670838e+00 6.654052614983261282e-01 7.650314955722510302e-01 2.423917481356967496e-01
3.611353801779707773e+00 3.715557956987812105e+00 6.231591110470295902e+00 3.010283158303125983e+00
-5.233559905783108368e-01 -3.488966109622463896e-01 -9.987226701136874274e-01 -4.511093319645668731e-01
-3.426481862657359212e+00 1.074828610412536856e+00 3.671595144862471738e+00 -4.593437910221950249e-01
-3.121709953802863868e+00 1.770371647912138968e+00 6.425185928690281045e+00 4.108553328788728809e-01
8.992214092530491643e-01 -1.418905342656471724e+00 -6.135903053948226216e+00 -1.610115039884834343e-01
-3.294952634139780123e+00
-7.991969976472949044e-01
-3.044033613292790985e+00
-1.019907040481531357e+00
-2.472711600676346322e+00
-4.495557645569242533e-01
-2.256451440214931381e+00
1.007769645010064830e+00
-1.912366860482056730e+00
-4.377163047834433662e+00
-5.587702464356042675e+00
-4.104713645196913063e+00
-9.171492752331119602e-01
2.605124542357961648e+00
-1.650849587375917027e+00
-2.870132410132381739e+00
-3.081978522291701772e+00
-4.888086330355084996e+00
ReLU
0.2
18
18
-9.490535820442712600e-01 3.142237274337266184e-01 -2.446547449470866664e-01 6.020274182036490229e-01 1.470059298718378482e+00 6.422140584961627541e-01 -3.425744853470921170e-01 1.149475492739999050e+00 -1.145059555358605013e-01 -5.662607243102197874e-01 -2.212139409780926602e+00 -2.097512543649875383e+00 -2.090906692904075936e-01 1.193279727222920972e+00 -5.700393473424644197e-01 -1.178142328079024193e+00 -1.642670957748986749e-01 -1.052704157319003464e+00
-4.718920765107430526e-01 3.909221531482888999e-03 -1.891153464894557157e-01 -2.334195337213416932e-02 -6.908424301705118342e-01 1.063857079944842576e+00 -5.596050271281017841e-01 -1.768545581421150925e-01 1.084656449924319643e+00 4.712399917851474718e-01 -9.538707006739929328e-01 -9.288143004019231430e-01 -2.683190183318635014e-01 -1.410503871815917076e+00 -4.689648541211305366e-01 -4.070456307680473396e-01 -5.718265077722631817e-01 -1.722139857800222051e+00
-1.319778820662820040e+00 -6.816734943560354143e-01 -7.437152340449976196e-01 -1.176683069794318692e+00 -5.558907798851125959e-01 -1.101888416487885269e+00 -3.007191123391252385e-01 -8.270935638637675336e-01 -1.265452643834814817e+00 -8.653861485697900147e-01 -1.149521600276006916e+00 -2.624361274290241686e-01 -1.280766771446654850e+00 -1.177778951987611844e+00 -1.406831304617873979e+00 -4.513855179787202299e-01 -7.903172311335796563e-01 -6.088455227692601834e-01
-1.238145239342261367e-01 -2.812860871527823603e-01 -7.918395116148586599e-01 -4.037939209068461266e-01 1.507142092156609769e-01 -6.663412170536241463e-01 -5.754465864574707101e-01 -2.950800048827165734e-01 -4.186009078898155211e-01 -3.362970765771624015e-01 -8.989054584869339282e-01 -5.170230816065398693e-01 -3.986272475221535605e-01 -2.286767107522278408e-01 -7.644797598158207252e-01 -5.022097556285848308e-01 -2.309810245725059732e-02 7.372949118440551564e-01
-1.208354151197281068e+00 -9.795666654853903976e-01 -8.329544971166875644e-01 -2.430060833408375920e-01 6.028196032453561060e-01 -1.625725171530882640e-01 -1.399933128456889130e-02 -4.246190050019504336e-01 -9.707661799512364853e-01 -1.135958494053855627e+00 -2.806753527869435549e-01 -1.010779963827669325e+00 -1.019330687550025427e+00 -1.472540664653351761e-01 -1.235512733479574354e+00 -9.022091157548947082e-01 -1.273857521956336947e-01 -1.018002811886788317e+00
-1.516954620409468157e+00 -1.360719942705153063e+00 -5.528000401356395477e-01 -8.376600460006375370e-02 -1.729016321127581968e+00 -1.007216028155630383e+00 -3.770860418414135884e-01 -1.292906914335991253e+00 -1.334457422580120012e+00 -1.108984334528248850e+00 -3.555573956561854931e-01 -4.499684883566728022e-01 -3.756248067463204832e-01 -4.229097577984055611e-01 -7.168153069658643739e-01 -1.394376301751183433e+00 -1.090990370494263839e+00 -9.599411802468802435e-01
-2.818167518304792174e-01 -1.687071398113819121e-01 -9.772631505654045814e-01 -2.026320271213133961e-01 -2.793970551695457716e-01 1.209665249205561066e+00 -5.970199277397050253e-01 -1.833025378056365673e+00 -9.061578394506004941e-02 2.378649055147621372e-01 5.693622423746486083e-01 -2.672227387766251905e+00 4.649063502225024846e-01 -7.524434453009770651e-01 -4.319086917040138585e-01 -8.912406595096313833e-01 -9.430656336752568647e-01 -1.909443914331373726e+00
9.151854495709325910e-02 -1.029579898675258287e-01 -1.147012355420354179e+00 6.426560668478830118e-01 1.406312900876930394e+00 1.015460940459736783e+00 -3.058365639898305011e-01 8.077448033785145087e-01 4.532679064698293403e-01 -2.804130062083759700e+00 -3.815105744409432731e+00 -1.724080631888963655e+00 -5.958006493247920421e-01 1.284776469901113938e+00 1.342280033039349729e-01 8.871862705568771545e-01 -6.442063002199169830e-01 -3.682294591100657155e-01
-4.538543663234645975e-01 -6.244667605116579479e-01 -1.624918703578326129e+00 9.948082876342949354e-02 -1.693844031394555749e-01 -6.275008589733889475e-02 -6.615679320135502417e-01 -1.584561572301191323e-01 3.198413164436457179e-01 -8.807667877593935435e-01 -1.133871851613307280e+00 -4.017481218806519649e+00 -2.745051517218706771e-01 -1.504215660511561414e-01 -7.253970038837119771e-01 -1.202520813060410809e+00 -1.021550259956188311e+00 -1.464067514446938834e+00
-9.152448734620269866e-01 -5.309658672826632619e-01 -3.816986999372178335e-01 -3.812498223806394249e-01 9.380228754469457364e-01 2.501133543933578007e-01 -9.823630813547606921e-01 -9.841946994077453992e-01 3.697687386177825886e-01 -1.315251927350230332e+00 -2.453567356175819114e+00 -1.507284880754145906e+00 -2.580687568701142687e-01 -4.833078616528134752e-01 -8.073793686772811062e-01 -1.230776867704817257e-01 -7.773917231771229064e-01 -1.124492230926857683e+00
9.064881814894333589e-02 -5.693581087432582344e-02 -1.181815690062220536e+00 -8.563144487044212216e-02 4.445694974729929583e-01 -1.045984999002210758e+00 -1.021683726173554518e+00 1.927850353139049233e-01 5.589165899423084172e-01 -1.646461562818666291e+00 -1.587373135559046577e+00 -2.922251628391655309e+00 -3.023433155141095896e-01 -4.528350154218696022e-01 -4.588648655066739968e-04 -1.423232515738528658e-01 -8.673629927503486714e-01 -1.405993135057791166e-01
-1.206062544389036484e+00 -1.027156706246148632e+00 -9.622170499077378203e-01 -1.173375612936981449e+00 -1.895600004058409338e+00 -1.180726683013028078e+00 -6.212702033967238968e-01 -5.968612687861241106e-01 -1.067919228396893905e+00 -4.062616276297512652e-01 -5.221913431663650629e-01 -3.947732969705212702e-01 -3.121728591118687057e-01 -7.587584991178784044e-01 -9.648931969394709540e-01 -9.571960672859634034e-01 -1.124567898694352808e+00 -7.726451058904498792e-01
8.891145041767511970e-02 -4.442081561257786304e-01 -1.288533257689022271e+00 2.654578224600260827e-01 -2.897137024621911083e-02 7.037668092806086406e-01 -7.020468757430652351e-01 -1.799562956911513689e+00 4.844152504658513769e-01 1.163491254983301859e+00 -1.666478282093920127e+00 -3.175024627836620983e+00 -1.574268292515161594e-01 -9.024376801155067351e-01 3.177033103200081476e-01 -1.036312239357555010e+00 -1.079397978854239465e-01 1.696591284573809810e+00
-9.168317382732267262e-01 -5.318451528539489548e-01 -1.140987130714650633e+00 -1.111422577019972380e+00 -1.171767941152586534e+00 -1.043525376726751164e+00 -1.129110288283308394e+00 -4.538049747040424631e-01 -9.211747708543145396e-01 -1.001470097590949626e+00 -1.154192565199843035e+00 -1.294244449881352121e+00 -5.302536366332575302e-01 -4.906279695526191698e-01 -8.308858478428936545e-01 -9.693817507389553834e-01 -9.908689939557207005e-01 -1.419203829654168025e+00
-1.451373063441794731e+00 -1.245178302108660651e+00 -8.981330101158954138e-01 -1.417840068640566997e+00 -1.883265641968432158e+00 -1.243032558531772969e+00 -1.339324783075005465e+00 -7.601377881423194705e-01 -9.981984758886901510e-01 -1.730030472358969895e+00 -1.164941312655803030e+00 -7.795820088348206500e-01 -1.059159231218587349e+00 -1.104517207805612244e+00 -8.448178914301285314e-01 -1.535529069148680925e+00 -5.350969456578635874e-01 -1.326082094377123211e+00
8.024614319319842703e-01 -3.601512248429500906e-01 -2.118307793661418359e-01 -7.631251824929243810e-01 2.266537854191528201e-01 -7.297702002602708404e-01 -1.015484372931006796e+00 9.396004503716570699e-01 1.482802279140907897e+00 -1.206176077499293786e+00 -9.218664329376847766e-01 -1.887387320307267524e+00 1.081639357986326766e-01 -3.773027221667641040e+00 -8.805404102067809768e-01 -5.372892780438387472e-01 1.283549516405294889e-02 -2.185801323552164721e+00
-2.110502656243776975e+00 -4.414976365696216543e-01 -1.112956459804050002e+00 3.227407855714911067e-01 -2.132511039730161928e-01 -2.466010736414977755e-01 -4.984572806467748585e-01 -5.549483697451867981e-01 -2.407627131576142165e-01 -3.488373918428560594e-01 -4.715139052680209497e-01 -1.982721894887558678e+00 -4.410224314996526868e-02 -4.699218374623628791e-02 3.192197297182345350e-01 -2.615638789550148724e-01 -1.215057111688754521e+00 8.904053595795803355e-01
-2.620202904711771419e-01 1.091697870375385321e-01 -3.518808701333023953e-02 1.522295178621390632e-01 1.372610502667201304e+00 -1.331801187741825432e+00 -7.974681112875227074e-01 3.087122764446092668e-03 2.294418707114928568e-01 -2.934379047943137309e+00 -2.118023057790225039e+00 -1.217442566994230591e+00 -2.061442045233231324e-01 -3.820382097866260040e-01 -3.425872226467354120e-01 2.997502773283031163e-01 -7.184182158534461182e-01 -1.218508081202593907e+00
3.928024963845259343e+00
2.238066843715969867e+00
-3.541522957669572258e-01
-1.388067621508704275e-01
-1.759762990770136551e-02
-4.084674962204901116e-01
3.959492060389217284e-03
3.784728999510388991e+00
3.754394563205629698e-01
1.082235208126290926e+00
4.492534597778373162e-01
-7.959435311602481855e-01
1.295633455824538371e+00
-2.600533469574041190e-01
-7.066156714431304220e-01
3.585498221766398874e+00
-5.689871233224028622e-03
8.151436170660087965e-01
ReLU
0.2
18
2
2.005744745147273633e+00 -7.568230869770464775e-01 -4.617000228457632804e-01 1.352094400150342102e+00 1.158546708222883970e+00 -4.927873799670465238e-01 -1.227649550922674596e-02 2.145156167780349232e+00 -7.759565565906627327e-02 -1.747088765713701586e-01 -1.054075547174406352e-01 -1.177480127000156765e-03 -3.659414998642183670e-01 -4.339392941244267776e-01 4.523903346323700919e-02 -1.391251522058748469e+00 -1.162837951364048827e-01 1.377382179057956013e-01
2.213661466167509140e+00 -1.066202492226424381e+00 1.503896496003608529e+00 6.596462023570694999e-01 7.997042543088921374e-01 1.350389003662401999e+00 -6.435646936225345241e-03 2.197182205696901036e+00 -2.456383700218422658e-03 2.257912998857633802e-01 -5.237114984495108878e-04 1.226811357230476185e+00 -6.411025119300675090e-01 1.265787857668933869e+00 1.307579735206702010e+00 -1.663799645645999803e+00 -2.277871361035031517e-01 3.897122846019345551e-03
9.190278123924413123e+00
1.164090428748343165e+01
Linear
0.2

ct 2024-06-12 17:33:21.117267
