noname
4
4
4
16
8.790289461398901327e-01 6.134116643697682392e-01 -3.088475199507892910e+01 -9.467698566209604705e-01
-1.695539780938471131e+00 2.133656642555876282e+00 8.066325554664867781e+00 6.078702278183838459e-01
-3.987778035857273973e-01 2.405364270338633315e+00 4.535945170065424636e-01 -1.779915526399371117e+00
4.014296525295531382e+00 6.843427344455641492e-01 -9.143501079978068324e-02 5.422556017274259288e-01
-1.201038626058353875e+00 2.356064733385228593e-01 -2.002786676825248691e+00 3.375881483500383085e-01
6.698267985150399895e+00 1.934467295790324171e+00 -4.828503203679542111e+00 4.943607285043948862e-01
2.203903546621017728e+00 2.271245135950538341e+00 9.600084483288798154e+00 2.763932280133415631e+00
-1.341722178502088747e+00 5.150466778821136682e-01 1.212448892181749116e+00 -4.081481913687619034e-01
-2.450947846629010218e+00 1.933657890704432725e-01 2.257949453684896746e+00 1.838956384151385848e+00
-9.710057378779538007e-02 -1.186904244436543854e+00 -4.888068087179870957e+00 -1.273347396819845823e-01
-4.490736049404889935e-02 1.288232762007696375e-01 8.979014351763789925e-01 1.935250985963435366e-01
-3.269756984658009347e-01 4.186427462675519906e-01 1.458524786067931789e-01 3.368433263403970424e-01
1.411066715558322304e+00 -3.381507756897449424e-01 -3.150375928171756712e+00 6.870657189338432724e-01
4.573452594796168502e-01 1.766073420359560942e+00 3.670373547594950825e+00 6.539617240666555364e-01
-4.011797080593895615e+00 -4.711655794067576508e+00 -2.455290564270426046e+01 -4.902634104122937764e+00
-3.064684024662328810e+00 -1.125816054765246932e+00 2.430888561855920393e+00 -1.513185273789966256e+00
7.890533526350673732e+00
-5.704833991957910300e+00
-1.459821697286028019e+01
-7.916362331511464845e+00
-2.971620203801095705e+00
-1.122521852391368746e+01
-5.592853115963189126e+00
-3.006589333341356696e+00
-9.425088602965772111e+00
-4.741531044063655997e+00
-5.685755983676028524e-01
-6.352803281413297309e-01
-1.237015216725953870e+01
-1.016700200524632969e+01
3.186909846504186739e+00
-5.226681840647493971e+00
ReLU
0.2
16
16
-1.459644075549350717e+00 -6.676508511470097273e-01 -1.356733828803651787e-01 3.164552246575023098e-01 2.279412684445055737e-01 6.248359541996093558e-01 1.352005930211320761e-01 -6.261291181859027777e-01 -7.578950028178785825e-01 -2.528144294977749396e-01 2.622605531278490165e-01 1.337699917531366411e-01 -1.894174849326499821e-01 -6.656892868466326441e-01 -8.272570610752985054e-01 3.374674331243595615e-01
-6.720938581655210298e-01 -8.915196945188856859e-01 -7.992283930750990750e-01 -9.770523992082228437e-01 -5.199827672377179688e-01 -1.133634485012754212e+00 -9.001664811676134414e-01 -9.725531226724191125e-01 -1.218607017909819845e+00 -1.126090908822487524e+00 -8.138541687159119853e-01 -1.720965060518973244e+00 -8.695565153973329187e-01 -1.079662939524418830e+00 -4.459347177607647650e-01 -1.248282943485609753e+00
-4.319389879917550523e+00 -6.915638028363298995e-01 -1.818250184813578363e+00 3.686366474414047856e-01 4.387242294288754563e-01 -1.353371757782947105e-01 -1.678353574385368363e-01 1.684429860609459872e-01 -5.496800862941797483e-01 -2.834928541901704957e+00 -7.379117564575218280e-01 -2.045941192757502747e-01 -1.797386767184872669e+00 -2.072692328586512311e-01 -3.937695480067188392e+00 -5.449833612300555297e-01
-2.242007680749273479e+00 -3.450673209996178437e-01 -4.445134681745583904e+00 6.186200808252774408e+00 2.523573595682420678e-01 3.001633130342749922e+00 -4.259615950947024943e-01 5.420972180307243038e-01 -3.997055260673962884e+00 -1.953003238874432723e+00 3.262845263668164852e-01 1.528755942445205740e-01 -2.434497768010976504e+00 2.371683871049827363e+00 -1.528128280107397652e+00 -2.188551601316977013e+00
-6.712214230412865135e-01 -6.708125205191367568e-01 -9.919099852714619026e-01 -1.183495995488792252e+00 -7.224659634527995644e-01 -1.311901935889800974e+00 -9.110151100262767754e-01 -1.125217366638938010e+00 -4.102117623156511517e-01 -1.041280438901379668e+00 -1.523854221563455846e+00 -7.321722081152978179e-01 -1.092065754030946856e+00 -1.398554755331850696e+00 -3.096482462453719608e-01 -1.346214134565161258e+00
-7.239133785469651805e+00 -4.493673346227107235e-01 2.713122270907379008e+00 3.064209377992653582e+00 1.175672807390984342e+00 5.199011978946509238e+00 2.168969487351442460e+00 -2.680861270240105232e-01 -1.081917069789575692e+00 -3.465877597583603364e+00 -3.398103536954529269e-01 -2.115936851364155213e-01 -3.113786711947552188e+00 4.533536567396403427e+00 -3.551735966796171873e+00 2.483728429851927433e-01
-4.482391584515186267e+00 1.183961813463326296e+00 2.462960243161778529e+00 1.540356130914090349e-01 2.866762561409925136e-01 2.034704541915581533e-01 -1.846463823595776432e+00 -4.188759135379960252e-01 -1.665579331984817335e+00 -1.127577317994013784e-01 -1.718537631497022988e-01 -6.662219583555665237e-01 -4.938938088610123067e-01 -7.414707027134967987e-01 -5.926067011702029319e+00 -1.357502523627331370e-01
-8.411520786541877293e-01 4.284152984559985028e-02 -3.124691869584120818e-01 -1.199364461596906795e+00 -1.569400075656629812e-01 -1.010719338873719897e+00 -3.779527340622961251e-01 -9.943707493600045799e-01 -1.171683997721867154e+00 -5.922873337444531927e-01 -6.157138992320278920e-02 -6.765354973100603519e-01 -5.720001995784356197e-01 -6.712737240017172535e-01 -9.025281219857564929e-01 -1.029755077172647582e+00
-3.409297101240096328e+00 -1.188624091198602212e-01 -2.225834963822484469e-01 -8.688385359944184039e-01 -4.401735044653559692e-01 2.177389665961300125e-01 4.864206632007447295e-01 5.106565114898872215e-01 -1.890151268563117881e+00 -3.441710948441287776e-01 -4.704421302121199466e-01 -4.304664629651178132e-01 -2.482311553043485275e-01 8.391448566806322673e-02 -1.594095531780790331e+00 -2.161620328505771960e-01
-9.478304843475819919e-01 -4.128053762622077572e-01 -3.501907639551453122e-01 -1.652520604150741201e+00 -1.011216537777297031e+00 -4.960318301610526226e-01 -5.453119595843493039e-01 -3.638689665175924848e-01 -6.187919907133834663e+00 -3.546388528353717762e-01 -4.639418812841539230e-01 -2.882001784977865078e-01 -3.977576611686119978e-01 -7.454401779055129795e-01 -3.287296433607593271e-01 -8.806008080519720504e-01
-3.337395642562532849e+00 3.315048706406047985e-01 -8.921369550992694353e-02 -1.234596542059781310e+00 3.688039393112186315e-01 -5.232444069661044278e-02 -2.509756098740955621e-01 -1.433883582556970959e-01 -6.082011435155854073e-01 -8.156892057240472393e-02 -6.052130901763536075e-01 -4.436596632234541260e-01 -3.182347685587784136e-01 -8.331179270633208844e-01 -3.840363260744135143e-01 -3.554207050034224324e-01
-2.869614238270193241e+00 -4.707960778971875260e-01 2.474307157296471715e-01 -2.183309536185716881e-01 -1.309924601213859341e-01 1.260772821893483830e-01 2.354443281443161784e-01 5.497081242363505149e-01 -1.238649616625830507e+00 -6.542637587013884481e-02 7.482750182537252492e-02 2.063337987459246403e-01 -5.697162646483756587e-01 -8.094833211036159271e-02 -4.333204932514506114e-01 -4.320760022872648931e-01
5.646455654722116746e-01 2.198753979383557544e-01 -1.366287329421741026e+00 -2.474370654348937215e+00 -8.492197969289710935e-01 1.065547807924447588e+00 -1.825122526111850885e+00 1.158260363731365983e-01 2.730451570393705119e+00 3.054666416937258933e-01 1.372792181382062604e-02 -1.909206612363150701e-01 -1.161219666177839782e+00 -2.863667394016476742e+00 -1.877945544915982978e+00 -3.148440332599045988e+00
-2.953124804379470003e+00 4.024860909936593401e-01 -1.270485298941443630e-01 3.071395033092084947e+00 -3.155994465028799656e-01 4.027342029250577049e+00 7.868409601343885340e-01 2.109665198408124387e-01 -3.224055746299975045e+00 -6.110401143951436076e-01 2.789400847071761280e-01 6.313437004266934105e-01 -8.203563750910818353e-01 2.272631463514997563e+00 -1.143691191883579705e+00 -2.619837600899863617e+00
-2.165693317768500936e+00 -1.129379444603686888e+00 -2.755491570955692082e-01 2.757389675510328875e-01 5.238702370042318951e-02 -8.983200510860600563e-01 -2.588349440437233695e-01 9.964684685795773822e-01 -2.974259063118518676e-02 -8.349358512423155076e-01 2.376156894954169485e-01 -3.467474364754143945e-01 1.680197931495749919e-01 6.721106854739671288e-01 -6.508114262406990314e+00 -3.530032802888284915e-01
-6.766137959979798389e+00 5.317767986384202006e-01 -3.974636283447189888e-01 -1.117294580620094846e-01 -7.558461706439146832e-01 4.873131273460756113e-02 -5.233700130625588143e-01 -2.013925301930090395e-01 -1.599035352456962045e+00 -3.721302188887641638e+00 -8.157758022720673630e-01 -5.183364513594787004e-01 -2.665204586574353662e+00 -6.662019437998647486e-01 -2.359617501710634446e+00 -5.056919358728534375e-01
-5.354420113467407427e-01
-8.542572996882471514e-01
-7.177314782967346429e-02
6.755474537570223426e+00
-7.324663331871398286e-01
1.036831534618132267e+00
-8.100949750418143802e-01
-4.005993108001996705e-01
-1.214386695787134540e+00
-2.209843431454435958e+00
-6.540281164425260085e-01
-1.040869229561955045e+00
1.058385495407184429e+01
5.060928509524094565e+00
-1.431022060035652244e+00
-6.682525669701007143e-01
ReLU
0.2
16
2
-1.101483806871735999e-01 1.347751685406795685e+00 -7.462644848095326688e-01 -2.807780983228701732e+00 1.250221651373111476e+00 -3.095989467988007782e+00 7.820824635898962485e-02 1.306946903525659565e+00 -8.538660327855169818e-01 4.621378049502228302e-01 -3.722957394861729497e-01 -5.606161473507429438e-01 1.852052137486841277e+00 -1.290826880226850104e+00 6.019343402968002632e-01 -8.460107304254228522e-01
-1.045457441791501213e-01 -2.348289210164186680e-01 -9.138427295887231461e-01 -1.783056248204346605e+00 -3.372990852253330840e-01 -2.282412457870615641e-01 -1.245635441082028949e+00 2.763353130990120476e-01 -6.423320218776079615e-01 1.272464471075590131e+00 -1.363897657000552599e-01 -6.265320216776751883e-01 1.669956823751262309e+00 -2.635876789012037147e+00 -1.214845038805314248e+00 -1.337997114286983091e+00
1.490884932931649942e+01
1.417451309083486954e+01
Linear
0.2

ct 2024-06-03 20:34:06.277684
