noname
4
2
2
32
3.118783259480131798e-01 -1.773619401367548531e-01
-8.263074715300694137e-03 -4.870920891478542833e-03
3.106190381514939425e-01 2.988274935812469946e-01
2.700314985289259395e-01 5.827828609633711743e-01
2.958082033434812352e-01 3.385226593021352648e-01
-2.948292097851454296e-01 2.346801664550633992e-01
1.215619762083781641e-01 5.478120556854250145e-01
1.289936400304773079e-01 5.783012033082315373e-01
2.568549014969408462e-01 4.285679759848145531e-01
-4.877522909387365518e-02 4.280940082525915291e-01
2.071752778284968038e-02 -8.430183095065284238e-02
3.991726191235775989e-01 -2.918009239348066663e-01
4.321515954523135750e-01 1.305562514837477761e-01
1.057043714890272684e-01 2.279933868469378178e-01
-3.235468977316124234e-02 1.823803348902577337e-01
3.237253248040933840e-01 -1.285093328661277290e-01
-1.183212234244141736e-01 4.470623320995505412e-01
5.298549143228357128e-01 -2.831864309433259619e-01
2.994869235998096069e-01 2.078197483409493784e-01
2.753367204662008905e-01 -2.706663864929801377e-01
7.333756369868997815e-01 1.585595084175012437e-01
-8.685517208902512887e-02 6.924156314371106014e-01
1.035949098768713800e-01 5.949898510893381065e-01
1.618479011859114830e-02 -5.282370522667937524e-02
6.163438010737718464e-01 6.570731960750370547e-04
-4.458356287186703015e-02 3.634788186980521529e-01
2.955802082755648041e-01 3.682228909327263100e-01
-2.297295492847635789e-01 9.444483350817360623e-02
3.368194062465591082e-02 -1.317531805675183909e-01
3.982623790289160359e-01 7.149893566897538300e-01
1.211722966836809995e-01 2.011534332676359060e-01
5.999571420649522091e-01 3.090097736534420658e-01
-3.696974287072987003e-02
1.538751191362705273e-01
-2.435458815922947051e-01
1.933080524772045339e-01
1.801394327795449168e-01
-1.386886518434296833e-01
-7.388182791223167623e-02
2.105597892253354975e-01
-2.194070325883033107e-02
-3.873898789611390781e-01
5.209729337020012618e-01
-3.297480265120833476e-02
5.905327079731095274e-01
2.011899708957562427e-01
6.156926793400514519e-01
-1.797737092898663847e-01
2.987789268501490625e-01
-1.536629146600075047e-01
4.305197565980151686e-01
2.306049920650228482e-03
-1.419614441896268307e-02
3.623183540561619731e-02
4.749787450916968523e-01
1.503792379899416415e-02
6.483863203991444002e-02
5.673176486685465036e-01
2.911569659119517817e-01
6.863367118446034310e-02
4.737781309557386744e-01
2.653682379390673307e-01
4.077515457950365851e-01
5.650359577563421887e-01
ReLU
5e-05
32
32
-7.012408523974165975e-02 1.530775305879155945e-01 -9.776023424125876438e-02 1.846191347177247311e-01 5.408655895329057550e-01 -1.670052099531920131e-01 2.994949110657932900e-01 4.160240658005136538e-01 -3.322014322707132483e-01 2.937701984314960435e-01 6.672011017322371229e-01 -2.877867561399484742e-01 3.486799727424682582e-01 4.255487110143589824e-01 1.311758641572182971e-01 3.967245226196962349e-02 -7.609527777742959576e-02 3.728614994874130395e-01 3.818326734089314001e-01 -4.890467498994307410e-02 5.930634926875471002e-01 5.102065753339229959e-01 5.284088356738091408e-01 5.077502033382456093e-01 5.202985268419522136e-01 2.017262798336719176e-01 2.456623566167238648e-01 3.943340203185125015e-01 5.021781922030499334e-01 2.603223402688788490e-01 -1.574675261947281260e-02 1.507387794564506861e-02
-5.497498818370591400e-02 9.902123090335814004e-02 4.182862249638341079e-01 -3.103535431769211539e-01 -2.003786911040556507e-01 4.368526965875202950e-01 5.944591901525634325e-01 -1.802559893880713859e-01 4.390107900942228913e-01 1.998149662427113893e-01 1.958318108706440797e-01 -4.525098388517318632e-02 4.210031419422437526e-01 2.607674471706563080e-01 6.758278122848324632e-01 -8.345065557816264135e-02 -2.425969052465774545e-01 7.880035698057816229e-02 -2.779108570213655316e-01 1.276295194709000380e-01 -1.425239407864944963e-01 3.877257634163953637e-01 4.014838848462076171e-01 1.354987585887039436e-01 -2.438198203970854960e-01 -1.059057964763332610e-01 4.727910183860755122e-01 -1.974601721092275955e-02 6.058480750042839480e-01 1.023627068469284002e-01 -1.057236192571569394e-02 6.083693343045371016e-01
4.197351811466463190e-01 -9.020961954018050233e-02 2.772629634231635332e-01 -2.667992761595968099e-01 7.837678868073834348e-02 4.742400150754346178e-01 -1.478690441609177564e-02 -1.874552005935037347e-01 -2.664999670065140158e-01 5.905891146048002360e-01 -1.212462126190846229e-01 -2.590799488948721252e-01 1.756913629579173741e-01 1.262004034880129799e-01 8.294136271698694662e-02 1.506814166537628619e-01 5.405890695009829550e-01 -2.730023873799524714e-01 5.653098488551827616e-01 6.916302082971325094e-01 4.321078407467489613e-01 5.679344995769838311e-01 -1.670025235633615934e-01 3.393040740009390932e-01 5.210787461725868708e-01 -9.334367685333953835e-02 3.516066767218317124e-01 4.176854575128033931e-01 1.997008520088273120e-01 5.129858943149090411e-02 1.158343676700316488e-01 4.344882158850367215e-01
1.498864208165915923e-01 4.608688037798163578e-02 4.641800926403661376e-01 -3.635376882574976598e-01 1.152767145103439084e-01 -1.359778084553125987e-01 5.227035505622357886e-02 -3.644405646267138144e-01 -7.832570201010918831e-02 1.874592114070190163e-01 5.871651837518041539e-01 -1.829969716900926857e-01 -3.768686655213615566e-02 2.304130913360979971e-01 5.695045595199766941e-01 -2.662859936234469038e-01 1.681354532423436354e-01 -1.417056945157678383e-01 3.017605146602215238e-01 1.890384683292792023e-01 3.264165016283535059e-01 -4.313401516179380529e-02 4.722053000770505826e-01 3.364093990368376419e-01 -2.940059519872195160e-01 1.035935863805552831e-01 5.083519279650251105e-02 -2.131647507425457333e-01 -5.490362121264663608e-02 -3.978414166409106056e-01 1.066332492144510813e-01 4.480235689988791292e-01
5.275718262068916919e-01 4.482367915569612227e-01 -4.135544856975250511e-02 9.224669258929923954e-02 3.427272471101095452e-01 -8.279752452117460082e-02 5.591564012218901425e-01 3.990535546675692546e-01 4.282412948026711463e-01 4.322034946139113321e-01 2.418799212811190980e-01 6.365909248548222710e-01 3.632065844816793065e-01 -1.245456847100772646e-01 3.159247907964235491e-01 6.797619548610949192e-01 3.773293213282601921e-01 3.581847707921541613e-01 -1.273206660265381873e-01 4.830702642931002933e-01 5.048160543151195556e-01 5.218734877731104893e-01 3.636958158464732582e-01 4.310996004006497628e-01 -1.803916792987837053e-02 5.644873552469250599e-01 -1.510731143101226304e-01 4.979333862110167652e-02 6.944548260565688302e-01 1.100958064689484400e-01 5.703731955663441378e-01 5.618642422073172327e-01
-2.220547617870867740e-01 5.718510178057545357e-01 1.874644492021501907e-01 -1.531211586012062587e-01 5.239642418658342349e-01 -1.772556212759737737e-01 1.534817575294176450e-01 2.401159499181710066e-01 -2.063821766015829784e-01 -3.061361232720067327e-01 2.669111615920226610e-01 -5.484612397610230672e-02 2.443702600593996022e-01 1.012971867393868547e-01 3.101341802498334133e-01 2.840947461693458242e-01 4.388100281546120085e-01 -9.564027293506759120e-02 6.957582848052429325e-02 1.950914751435344763e-01 -5.322611840084855855e-02 -3.807697125920374570e-01 1.523836399706622047e-01 9.287438494977749703e-02 2.721115715986351380e-01 1.798592583684448937e-02 -5.103625476941755362e-02 7.745738300048272962e-02 1.874804717507820573e-01 -4.148879786752951992e-01 5.943796697189590583e-01 -2.047996611424089588e-03
-1.543827422012943595e-01 -1.064364852651455834e-01 -1.629602620156921367e-01 2.835462857079583121e-01 5.470220892832402537e-01 1.630689611016661877e-01 4.630761405288560950e-01 -9.302196634979888190e-02 -4.027354059310848666e-01 6.148118549510907943e-02 3.500245743965240686e-01 4.043939076485986717e-01 -7.557362032986897349e-02 1.587903258167516207e-01 3.989830444019515365e-01 3.225708378443020719e-01 -1.929993074597340375e-01 3.859628024768216314e-02 3.314107955826373630e-01 5.040263346044491222e-01 -1.210067951363595490e-01 -4.005690535651179052e-01 -2.432857641017228678e-01 -1.095592766237167837e-01 2.014811112103080670e-01 -5.351456996781257108e-02 -2.861277884512362091e-01 -1.934579338388787983e-01 7.351195921000125422e-01 -9.776485636910350885e-02 1.447136736898620157e-01 3.578406842605548754e-01
-1.246735313518571864e-01 9.706629158421194170e-02 -2.417763673975034666e-01 -2.560001152648506695e-01 -3.160830697072149476e-01 5.898256389379308295e-01 -1.963873910244262888e-01 5.001716989588453899e-01 5.255487721947088575e-01 5.276861630454550145e-01 7.400918157596386715e-01 -1.135566807729573024e-01 -2.203764128924012855e-01 6.577649445418526364e-02 -3.598935157186994860e-01 -1.469705024607723398e-01 -1.891518741031241735e-01 5.746984482138709494e-01 -2.659065782075074047e-01 -2.608047397693046953e-03 -8.005298704567344326e-02 3.474425991331208663e-01 1.964063310662504391e-01 5.135119808878128023e-01 1.819037565582773130e-01 4.800114450866831972e-01 1.472336604992226516e-01 1.031786623868045233e-01 5.740964279442719587e-01 -4.349586368133825376e-01 -1.932716539524766131e-01 2.441974559312501403e-02
3.146093796418177324e-01 1.889571809713843642e-01 1.635929647992303282e-01 -2.619754440848304222e-01 1.536307561486442708e-01 -5.904270175780885338e-02 -1.850458080440932629e-01 2.386615628539333900e-01 3.641454590437427363e-01 3.468880429424437417e-01 2.467432984695581977e-01 5.769681094897265439e-01 4.199821097499418787e-01 4.221663216581327815e-01 4.154075159401239836e-01 9.260181197321545876e-02 -2.626055309844073093e-01 -5.909226382890521434e-03 1.865728340342667768e-01 1.316123006146997787e-01 -1.172229886910023397e-03 3.422587081476458765e-02 3.042137308899010018e-01 5.821076952498839274e-01 -3.564645707244308293e-01 4.101665012610484357e-02 4.947405299265431045e-01 8.293828372312113395e-02 -5.792220499616303891e-02 4.754569669417271771e-01 5.386353814584251554e-01 8.161769912387989434e-02
5.696004995514316604e-01 -2.018681822433235351e-01 5.918001768424817621e-01 4.612386428684740469e-01 4.098093490858641386e-01 -1.496344108098431880e-01 -1.963712950446492855e-01 3.842699419930324933e-01 -3.813653613144457610e-01 2.153239071245185432e-01 6.928312724827805080e-02 -2.790042662768545401e-01 1.157935583716502292e-01 4.805827137183952269e-01 3.635519353704171341e-01 -1.310071682792264547e-01 4.445792448787157514e-01 1.263354626228981870e-01 3.342165040484806893e-01 4.884816785811990636e-01 -2.455623748178796251e-01 -8.885192862770270594e-02 5.511150995126786745e-01 2.232181776321801869e-01 2.057175346699558760e-01 -1.952447131427344496e-01 2.596675251390639372e-01 2.831145828648815588e-01 2.482573133266560150e-01 2.448785594908374219e-01 -2.415836701965806410e-01 2.212806974243987368e-02
1.149155144867370221e-01 2.776683922243134428e-01 6.243030986138630167e-01 6.244741722783871962e-01 3.607144293119012857e-01 4.513517075164098502e-01 1.021534775530381856e+00 9.420190223508413396e-01 8.227834369583901797e-01 1.959376489884331329e-01 8.643807446279995199e-01 8.996701231939457921e-01 1.135488742987957433e+00 6.686294470536001677e-01 3.086595347528894306e-01 9.483129975939429412e-01 1.915973680753068620e-01 1.430796631408146891e-01 1.100978804142873857e+00 7.816500670063579459e-02 3.702986114710941079e-01 8.534307271065679767e-01 9.653773334968005493e-01 2.866671393070413174e-02 9.497509307231186693e-01 5.682531886641399854e-01 5.908221291172585099e-01 8.335472705103611490e-01 1.975627305398985345e-01 1.029591264374301041e+00 9.499768234134329248e-01 7.735165725038021245e-01
7.606670668747689441e-03 5.327561134022090750e-01 5.404412494965332020e-02 3.107619632215339323e-01 5.092140338469494099e-01 3.661456567072059465e-01 4.077426887020803581e-01 -1.699309987282620338e-01 5.122009299216861988e-01 -1.421170032690131368e-01 5.918788134056121031e-01 -2.767014447886887996e-01 5.275189424842178232e-01 5.948748757017899291e-02 1.053601889768451816e-01 3.199428111918921069e-01 -1.065452673521428972e-01 2.664678809006822968e-01 3.845699942541423999e-01 -3.420176099537747261e-02 -4.056026328336381215e-01 -3.049580213111482974e-02 -7.206342402320851936e-02 7.451677319851299774e-01 3.413145797661243375e-01 2.471328684732304326e-01 9.272057641309480736e-02 6.207036146027216095e-01 4.736661306580509101e-01 -3.027801675374666712e-01 5.986964540194521511e-01 2.526462358309806144e-01
5.555172471349711927e-01 7.297754638496130042e-01 1.816970068529253080e-01 3.435732583016408159e-01 4.455923695459026446e-01 6.586722709508512352e-01 -3.379421281996541349e-01 4.697779101400510471e-01 5.468538543423591136e-01 -2.903123872713519460e-01 1.308338333198655057e-01 2.235730699117886300e-01 -4.053475304478791098e-03 9.621811432286470067e-02 6.161652109747816075e-01 -1.594428592101086173e-01 1.583865301756011770e-02 1.147857224105646029e-01 2.867760887601106257e-01 -1.296104038993043661e-01 8.440324748839526936e-02 8.536794087084487170e-02 2.612032446047138357e-01 3.506800563230390022e-01 -1.057459917939324034e-01 -6.917463703741327796e-02 1.121001616439272139e-02 2.876673658783239773e-01 8.268238377512969750e-01 -9.050949023981850333e-03 5.274592543821401969e-02 -2.535686255259768651e-01
-3.158775698130843468e-01 1.543074011935038625e-01 1.135335017025999177e-01 2.800679335019971572e-01 -7.077939404484709374e-02 5.434594949260961316e-01 -1.496849001121294265e-01 1.261450299579251477e-01 -1.240542598875283009e-01 5.817618825468355848e-01 1.270965575539801107e-01 -8.417799907160108952e-02 4.438868687874503172e-01 -2.133114349330868589e-02 -2.244394319907697317e-04 -2.945813821991140058e-01 3.151207210853375629e-01 -1.009602450378746935e-01 1.143235224109555165e-01 2.247544278774893725e-02 -4.033665917199207307e-01 5.838662830838472484e-01 -8.767008629277146803e-02 -4.269173617600590526e-02 -1.635705858594928008e-01 -2.627260371746860113e-01 2.522718161185678598e-01 1.039134920576446491e-01 7.964861870730866045e-01 -3.193451163839673979e-01 -1.976533488824085971e-01 -2.342531101614724054e-01
-1.927752818878273877e-01 4.145351102873846560e-01 5.115410062265177693e-01 -1.108409050507411231e-01 6.954438890294263598e-02 -2.103164404400011400e-01 4.227433091078558469e-01 1.104738467751181612e-02 -1.450265112496178059e-02 2.914788381003003970e-01 4.547390564944021607e-01 -2.192640397588056789e-01 -3.970172326002296970e-01 3.175869032540463155e-01 -1.217578065234367068e-01 4.651792235390013186e-01 -3.668077684599178601e-01 5.647239355696245244e-01 3.379948149853366224e-01 5.342942601384987888e-01 3.177901989785735654e-02 -9.574061470393997741e-02 8.377107100999280076e-02 2.677702255130555709e-01 -2.718096150794104271e-01 -1.559196955573167731e-01 3.155016754375432608e-01 -1.688467433278353358e-01 8.818609006896418467e-01 -3.309426374580098362e-01 -1.167514716813201209e-01 -4.157189285109756938e-01
4.194736542662291234e-01 5.662036984020953900e-01 1.916901621603375738e-01 -8.384517804832321286e-02 3.282505512320180729e-01 3.053968145269421799e-02 -2.467053917287258258e-01 1.535901521521072233e-01 2.501992593654054908e-01 -9.897038956216611463e-03 4.951462574923373161e-01 3.551791270594378824e-01 1.199997894323575204e-01 5.417219615615900263e-01 3.100225244589402962e-01 4.519429368913183143e-01 -2.164388766789548113e-01 4.824183923539391294e-01 3.675792649277274116e-01 1.503455940164289961e-01 -3.470804965248042162e-01 -2.525733323193144475e-01 2.281812776993847325e-01 5.776693285369201014e-01 6.279965806367650283e-02 4.250641869369503612e-01 2.337721259644426341e-01 7.305843020154013656e-01 2.500255460784938100e-01 5.198373150138352328e-01 1.249008706424824255e-01 -2.146776060228994809e-01
6.092986913481152067e-01 6.937286997366926000e-01 1.791002610144630525e-01 -3.694643963922769059e-01 2.148274703787001472e-01 5.824572591434717950e-01 1.249178940182708447e-01 -2.934563664319732035e-01 -6.914818438261810529e-02 2.401862886602470770e-01 2.420164394347875392e-01 2.066640721812495196e-01 -1.869250175382454193e-01 1.548694028203665141e-01 3.211586478653025850e-02 5.342465676308525424e-01 3.071112302271810091e-01 4.551614391392018177e-01 4.858515637440963819e-01 1.816041106940137762e-01 3.715772137217678850e-01 -3.225422612653653931e-01 -3.394958329944383624e-01 4.266419108607242272e-01 -2.246378502702084945e-01 -1.564786510428657906e-01 5.978131764738985054e-02 4.196366674079223258e-01 6.239185562887942238e-01 2.389822831378723700e-01 5.933698027715827994e-01 1.421920782531322924e-01
-3.674294742016094850e-01 1.652965811632370885e-01 2.592830588278630111e-01 3.319171977913387139e-01 -1.105466416779417177e-01 5.780684923539015641e-01 -3.619013127303565835e-01 5.068147325271450399e-01 -2.200233267894455003e-01 4.063871624119738124e-01 -8.965396299357857035e-02 -6.305151851660284468e-02 -5.808326330142993960e-02 2.184993119023709990e-02 2.733174335208438666e-01 -2.216481140793927912e-02 -3.339656172336540330e-01 3.454217947049407211e-01 -1.606741886446471923e-01 1.927896180141986937e-01 -1.505405894065442972e-02 2.104314404558453588e-02 2.052526567873769192e-01 8.456087984750172426e-01 1.702506723918941964e-02 3.016320302692998556e-01 -1.792115945904478869e-01 7.419350862063406327e-01 5.746804392594678790e-01 -4.048558037586849623e-01 -1.048277808432327429e-01 4.197644803212232101e-01
-1.521888313886521071e-01 1.744515882633344561e-01 1.098234595716220952e-01 5.168679841519900897e-01 3.441419199869689277e-02 -1.401690589943437593e-01 -1.789155423877801243e-01 -2.394564662887970763e-01 -1.274572508916406721e-01 5.271620381988236792e-01 3.991435435323734127e-01 1.276845887593111850e-01 4.970453670199031365e-02 -1.409532325497922789e-01 1.017937201151310027e-02 6.269211448427607358e-01 -2.461565796310707672e-03 1.813349686706834663e-01 -1.996214616537637654e-01 4.011570024176919214e-01 -2.484178982365204680e-01 -3.574922040570290283e-01 1.533090799699200479e-01 -6.518328061274542007e-02 5.214005179432321668e-01 6.158939935852401071e-01 3.868864243479156473e-01 -1.539254353130399544e-01 3.015825800213043362e-01 -2.648608413323710331e-01 1.138625151647832678e-01 4.511229952492859518e-01
-1.542006003341392373e-01 5.876456941029783998e-01 3.444998789847750209e-01 -2.686430917509025629e-01 3.574379695123069411e-01 5.652262514722022901e-01 5.565327535029102046e-02 -2.706521015281392328e-01 1.477007461981263980e-01 -2.472524242887806367e-01 6.836304692100486635e-01 -1.633492792421661066e-01 -2.669411762196119420e-01 4.366787306421173603e-02 4.731954394339721315e-01 5.254454157025734151e-01 -1.374768482528079538e-01 -7.392763622241507737e-02 -5.043882705043450237e-02 -2.171577463531608465e-01 -2.552226377699374771e-01 -1.130153129775642723e-01 -6.274628311661625824e-02 3.883708163650462231e-01 2.782194851557860948e-01 1.491792734124998132e-01 4.119194343085647581e-01 3.666663292595044865e-01 5.271378069527099530e-01 -2.177842461978935495e-01 3.916463213928592646e-01 -1.366068484690763085e-01
-1.090883554556412172e-01 1.192144072746266353e-01 -3.192578687102613499e-01 -2.130347203805967038e-01 -2.469567963485335138e-01 -1.682349553711739165e-01 1.033368781419340410e-01 5.541495538917607933e-01 2.961595441857308719e-01 4.459255489031931918e-01 -2.371458139162361221e-03 2.479836750512959265e-01 -9.934400062815466892e-02 2.322260056933909134e-01 2.352913522802871360e-01 4.914985622861091086e-01 -2.681942494771087926e-01 4.064184953953448032e-01 2.128429617709713395e-01 2.105678043571536651e-01 2.880718956570959416e-02 -3.840534609325829685e-01 -3.786066395953744945e-01 2.607246038841861124e-01 8.535075738148802105e-02 4.490280130815989534e-01 5.545010589090509923e-01 3.303547112240600714e-01 5.279317788382124066e-01 5.298146965655788909e-01 5.041672399690171336e-01 2.164225332786802181e-01
2.664099503656044421e-01 -1.550231228503462788e-01 -2.398804203747317149e-02 4.462641617858420506e-01 3.610169153935747222e-01 3.599685463102369476e-01 2.610465904668995418e-01 -2.281126677474493158e-01 5.941891550782709697e-01 3.159894277134969731e-01 4.841853748773620181e-01 2.675572828136251746e-01 -2.237901507315244454e-02 -1.972051947881360012e-01 -5.630891061279504756e-02 -1.175665246085740023e-02 8.271164406806856551e-02 -1.946386531243256834e-01 5.856211683947805113e-01 -5.478643012680138591e-02 4.846394991602561708e-01 -1.700608940194800189e-01 2.237466616226090055e-01 7.009761931808883295e-01 -1.732659282610953672e-02 -1.266355767489920348e-01 5.800677804279599087e-02 -2.408505045046021448e-02 4.000574408426655348e-01 -1.945470247699056521e-01 8.556927534063335505e-02 3.357958750530447012e-01
4.693672357105553861e-01 -5.595385714677540701e-02 6.156717573200716845e-03 3.978502412731959592e-01 1.321794826291174674e-01 -1.092565540863025542e-01 -2.612389046565071760e-01 -4.436733423658328901e-01 4.038819097136038261e-01 3.231346377312496188e-01 4.119924187098850110e-01 3.489999372956024137e-01 4.981909853643064490e-01 3.385148230159323868e-01 -3.385805817102942039e-01 -2.709033016233931557e-01 5.127273457992160832e-01 -5.471229803690353527e-02 3.911136732887851575e-01 -3.865859448703515278e-02 -1.958696804090026555e-01 1.044568956339937682e-01 -6.149029079075963439e-02 3.496718385199811263e-01 -1.542855978736625173e-02 2.293491223570648108e-01 -1.311953787630098234e-01 -1.453634498679101938e-01 1.470968022614995430e-01 -7.822149078436944902e-02 3.226186465935487191e-01 -2.681835085439009947e-01
-8.351799571127004052e-02 3.369577870188819047e-01 3.748386946096770589e-01 4.140589525049882536e-01 3.112187402647682011e-01 3.252836953747968995e-01 2.253746768537600864e-01 -2.463267144167662626e-01 -1.869988570340725964e-01 -2.861103831222644445e-01 7.322623467524412566e-02 -2.740555763834434111e-01 -3.017104632894052618e-01 5.655974631438707156e-01 -3.120170521955782927e-01 5.437052894279186255e-01 3.489631924738947292e-03 -1.363841424131719826e-01 -2.270300404687550511e-01 -2.848608344226449818e-01 -2.987719478345253754e-01 3.759663550043368385e-01 -1.472451510901948146e-01 -3.573802196899029254e-02 -2.807649814506902319e-01 6.046059789241732541e-02 -3.201637829899259824e-01 2.760369280691844507e-01 4.437608520419597524e-01 5.357879234162213899e-01 -2.308078763303088032e-01 -3.923120845771835841e-01
4.405331844524457696e-01 6.672758491525890845e-01 -3.439215466736901816e-01 1.328821485682706305e-01 -7.110747695104117916e-02 -2.492431551088884756e-01 -3.771502535749581830e-01 1.274795290305159312e-01 3.134723027795181527e-01 -3.235661623689007338e-01 -1.778807625167621032e-01 6.760038958808395337e-01 -2.826406154285153183e-01 3.032857050544562338e-01 1.564939252093907329e-01 -2.073019521973042817e-02 2.293530184742118283e-01 -1.823769798279249177e-01 2.400260467795559960e-01 -2.574498273167104556e-01 5.972692042769532639e-02 -1.367344730711317902e-01 -2.044167076572794839e-01 1.945970307452403181e-01 -3.094654165217896602e-01 -4.044768844582390388e-01 4.339375405165136756e-01 3.946346802325522152e-01 3.670379950069205255e-01 5.152200006264178178e-01 -2.390635632414204736e-01 -3.093444817081389409e-01
7.054601758510704590e-01 3.515458821577332471e-01 7.429585363605882842e-01 4.348159653762551646e-01 7.702367834923280476e-01 2.594437625836924499e-01 2.813616929037625058e-01 4.980412223662605276e-01 5.977693572766432650e-01 -3.590959117377167525e-02 4.109521566560967454e-01 6.644900985589800857e-02 8.499045888959643955e-03 1.584227043629052312e-01 -6.689523149114454115e-02 2.081895968447945999e-01 7.918425053800136615e-01 3.812785283586550000e-01 2.978832130794578648e-01 8.210496848780597379e-01 2.499306670198019886e-01 8.059715673083801546e-01 8.890150285440571176e-01 -2.473201771122716941e-02 4.653587813283686092e-01 3.590144889461038824e-01 6.041468704698865766e-01 -1.403412774202656421e-01 3.272422380174944134e-01 4.160401892106136423e-01 -8.509576212995773048e-02 5.251346304553624472e-02
-2.926860373180132924e-01 -1.961463729351120011e-01 5.594631544355295472e-02 -3.690089082771036977e-01 2.515042295607121114e-01 2.154280635655278775e-01 2.416832448821719381e-01 -2.327433437188386467e-01 -2.160279496291098722e-01 1.757512951011631352e-01 5.861206663973022035e-01 3.299488470538867180e-01 -1.781311822947441170e-01 5.861702754754865019e-01 2.260449871420459056e-01 5.700229699613655887e-01 4.331594500034674500e-01 -1.661217302031428242e-02 3.435487090497398310e-01 3.795977586957253180e-01 -3.861529531028604634e-01 -3.762630529312607219e-01 1.874101243717333359e-02 3.179845901234114036e-01 -3.482316385378520507e-01 3.287253098965801645e-01 3.733891906563905905e-01 3.906254261586804971e-02 9.591380264514022536e-02 1.357206701835127483e-01 -1.808020689886130281e-02 -4.100565697562443268e-01
1.766712780615660727e-01 1.096222320084212082e-02 8.025024501206792782e-02 -6.115690421835792007e-02 3.931802257798472922e-01 2.442177770320171082e-01 4.616509828871868670e-01 4.505440149426325758e-01 -8.293274608256795410e-02 -1.218031521699182856e-01 1.298652618450920893e-01 5.991925099579586966e-01 -5.150215773685008075e-02 -1.925041487552088815e-01 -2.517857060235688116e-01 5.660346897441632663e-01 1.508561004787852267e-01 4.803804410583198403e-01 8.927559757868316903e-02 2.704664753833733726e-01 4.354610538037612111e-01 2.740369043543401939e-01 -2.207399686161093944e-01 4.300676746297690256e-01 -6.786433759664758925e-02 -8.492766564477363667e-02 -6.520768866738184399e-02 1.482535120640101345e-01 -3.081475783221452724e-03 -3.624465638634172815e-01 1.033734894194656834e-01 4.582870701201643276e-02
6.302056698227470610e-01 5.172421804519946598e-01 2.659304707563424075e-01 4.237607737591650992e-01 1.245433694423680043e-01 2.014765517088793478e-01 -3.322372097227178633e-01 -1.280591150430990810e-01 -5.278486293641350413e-02 -1.568485385523622766e-02 8.006535287745170093e-01 2.204425392007640094e-01 4.262317029164804094e-02 -1.200742783131141800e-01 2.048335160516319975e-01 -1.273158867983449072e-01 5.031034884311634814e-01 6.185048067760837709e-01 1.869749684795277700e-01 5.225575028018861756e-01 -4.011131170887863306e-01 -1.087831660768893011e-01 -1.846323817919801394e-02 1.678266786841700331e-01 2.770385337823990171e-02 1.157240590845844963e-01 -3.933477347775326538e-01 1.637208116176326611e-01 5.357501345171189477e-01 -5.600578793257892513e-02 5.298304794716809374e-01 5.387175452837338341e-01
3.345662734439525110e-01 7.220243696496791985e-01 3.774767818631730720e-01 -4.187761263521875416e-02 2.726879965403513628e-01 -2.595795654072692860e-01 5.006978659471038595e-01 -2.063660057329979799e-02 3.323785328069641110e-01 2.293507498876251605e-01 6.935688955256683608e-01 -1.063714426584264211e-01 -2.003190987776356513e-01 5.387824465325139478e-01 -2.144065507849086949e-01 -6.211017526693104335e-02 -2.050643736286400509e-02 4.544618872484190164e-01 -1.397141717775914338e-01 1.724184220397541878e-01 -3.326810052553245689e-01 5.346702900738479203e-01 2.502873143566308745e-01 3.984222668166066406e-01 3.090026601374603610e-01 -3.025415529943834003e-01 5.411698806628008063e-01 4.355562821739872997e-02 1.097491818679751652e-01 2.588188703973843818e-01 -3.565490013288808990e-01 -3.245620773907214041e-01
4.410076490085267364e-01 5.791348457105335301e-01 8.065113243551427225e-01 1.093424783376261811e+00 6.062821506146157668e-01 9.167411334055295402e-01 5.898123338334182453e-01 9.860523380924812731e-01 1.971048072384991856e-01 3.221735130175638617e-01 -1.152311173997304788e-01 3.710104057897928853e-01 9.563856040598891495e-01 4.005274136790820672e-01 1.017454716050064656e+00 6.642153362016905982e-01 3.559650419334067228e-01 8.090601705983864467e-02 2.634533716506545775e-01 -8.436718445499356844e-02 5.053471945945007260e-01 7.837748286304072609e-01 5.205114576814416916e-01 4.826155626088775991e-02 1.931298856432055733e-01 9.617945406130261610e-01 2.360783459351373237e-01 2.300795308063679490e-01 7.760660305674040860e-01 3.896964089888946270e-01 2.347133991376912088e-01 2.867601453249040144e-01
4.429892366101309542e-01 2.119965158094354596e-01 5.596566499992183807e-01 -3.117654438129981997e-01 2.200919699054445511e-01 -2.244663627472483491e-01 -1.687893783286602278e-01 5.571992226450199759e-01 1.700902478748515800e-01 -1.967139903213612276e-02 2.742899438831443160e-01 -2.396106594001342627e-01 1.502620685255926652e-02 -3.555959214799986334e-01 -4.244283517627446545e-02 4.448347278434135466e-01 -2.847593811612773029e-01 9.026180585123121103e-02 8.239743600928056341e-03 -4.753386675568167796e-02 4.130429013646128023e-02 6.613561671670971365e-02 -3.801863909414234799e-01 1.502287705096575637e-02 1.244241288151978903e-01 -3.381048380902977879e-01 5.721377588496920907e-01 2.945739054410035918e-01 7.550375474007653409e-01 -2.663511193998236437e-01 -7.121825727161110176e-02 -3.669825950215938604e-01
-1.011175370241981647e-01
-4.371772269778965991e-02
-2.167579699945531863e-03
4.331994558689206687e-01
5.341345441690581453e-01
-7.253761488543514213e-02
3.141583800350540301e-01
-6.133626346805800406e-02
-3.383642763006667331e-01
-1.822727487614211606e-01
4.106455712206217856e-01
1.364522530616425755e-01
-2.659077391525270506e-02
4.847300007086663975e-01
4.762963106351126852e-01
-7.874742526408827492e-02
-5.827450250899688516e-02
-2.470862730334878188e-01
-1.944404293674540096e-01
5.981110832091220131e-02
-9.512138514687532020e-02
1.329925381359137182e-01
-6.362140416658421116e-02
2.849579021319562089e-01
1.321976669322848796e-01
-7.003581644973165543e-02
9.943744523505740340e-02
-3.612942358485589645e-01
3.053577445412117841e-01
-1.833494077869829708e-01
5.842411788638086634e-01
2.326000213772850267e-01
ReLU
5e-05
32
3
-2.646683789174582024e-01 3.972266796362132757e-01 2.571548911739493515e-01 5.512100794687668781e-02 3.526585461684009770e-01 -2.491302033276606431e-01 5.579245883194827726e-01 4.063640377211991117e-01 4.841164521038003321e-01 4.227149473255220613e-02 -4.208666775848511898e-01 3.466505880445668875e-01 4.379049165014543554e-01 2.213910811573094328e-02 4.448941286328643718e-01 1.790980484542459839e-01 1.990608643781789922e-01 2.997719802200483619e-01 3.821867953067573098e-01 7.148887608001133209e-01 3.350145074530829770e-01 1.378085278330256902e-01 3.851412182279531082e-01 6.044441560338107422e-01 4.073071185875609679e-01 3.087076907436110337e-02 4.683196805968902199e-01 -2.702895484081614952e-01 2.779390918875097594e-01 2.610298671225569703e-02 -3.727869349516848008e-01 4.031314129881320429e-01
9.715324354250325090e-02 -3.568359753125445732e-01 1.708549733621306244e-01 2.947475969363355097e-01 -6.354470767124870655e-03 6.960731012071733059e-02 2.837684304715232253e-01 5.368136280423674300e-01 2.981907352469614914e-01 -1.938652447787037394e-02 -3.261731958412068533e-01 1.837410678363658456e-01 -1.166987918024547516e-01 6.819264622638888662e-01 5.543310085342403326e-01 4.139606195757169482e-01 5.273774573687699530e-01 6.095316338294458625e-01 4.238623801591798745e-01 4.597435196511100997e-01 6.766857933915289280e-02 7.441908186531648317e-02 5.309416536882990423e-01 3.176482162263812303e-01 1.192951836722512954e-01 -3.551896557832601165e-01 2.214641688921126783e-01 3.203128360032876376e-01 4.133844974460995636e-02 5.486399935395892546e-01 2.846930611126538904e-02 2.404237279814999406e-01
2.525594844592717880e-01 5.276476926039016385e-02 5.723050748813576782e-02 5.518279901759568506e-01 -1.992901961951833445e-01 6.323053900049454557e-01 4.877271534246016005e-01 2.111835008636542277e-01 3.081723164824576866e-01 2.760672292342101763e-01 -6.798611026606794783e-02 7.101503673926821969e-02 -9.893317523480724129e-02 5.572296752154861643e-01 4.042198102080597488e-01 4.256561700464892573e-01 3.490176602438450210e-02 5.897276845263195177e-01 -2.868309365130413124e-01 -1.010003552667390753e-01 -4.351363205970183723e-02 8.643863704917698065e-02 6.111456675469516542e-01 5.966660661373843766e-01 3.388767731330321054e-01 -9.338684150618334345e-02 4.109751489544934411e-01 4.612085929674166196e-01 6.231453827918091992e-01 -2.436886653017262261e-01 -4.592270107338408125e-01 3.436688012547150506e-01
-4.063627536449694322e-01
-2.211648061019123174e-02
-2.198423031343833545e-01
Linear
5e-05

ct 2024-05-31 16:14:23.774998
