noname
4
2
2
32
6.031147403840246835e-01 1.029021203135558477e-01
2.225585648867445809e-01 2.207243654408175548e-01
6.214261187302261291e-01 6.047459293897780030e-01
5.329177365526950316e-01 8.416804254301705202e-01
6.110446792938941662e-01 6.503191812017553586e-01
-1.792086418262672787e-02 5.255801833275757229e-01
3.599059487389738021e-01 7.751947282063765821e-01
3.809115841245840350e-01 8.199796259139560117e-01
5.297844665521087570e-01 6.976019833903285283e-01
2.763254169411369920e-01 7.487199814917113727e-01
2.416026418145856280e-01 1.126633011194817235e-01
6.740492433274982709e-01 -3.121600213535387705e-02
6.598866091652995092e-01 3.529989820890893637e-01
4.303503428737703307e-01 5.507277862581823058e-01
2.551579386436665375e-01 4.691303191200035805e-01
6.374006884577398946e-01 1.755072871302818527e-01
1.472360424065249362e-01 7.125724216674399480e-01
8.495542144169576648e-01 2.088590392087417286e-02
6.129737742126567523e-01 5.180814844393382135e-01
5.717366974112602085e-01 5.391505073712278898e-03
8.956367457398716203e-01 2.997050279494761771e-01
1.438075668700581899e-01 9.153518843837793462e-01
3.483189871092252643e-01 8.343285327699536680e-01
1.560849158686345162e-01 6.701187039000031098e-02
8.372351514559579488e-01 2.046429909864398988e-01
2.350524760033826654e-01 6.354483695476608185e-01
5.956094820372723753e-01 6.618753954872051981e-01
-1.211695193196477699e-02 3.388547417954450580e-01
1.716391548022655755e-01 -3.002278193902957124e-02
5.911793294386854525e-01 9.064140465469947561e-01
4.211369321849708358e-01 4.976364099755815062e-01
8.442196977175522310e-01 5.504657022366816754e-01
2.496625242954365331e-01
3.801718567409840266e-01
6.315627850821892153e-02
4.508706415545877810e-01
4.935045540892448734e-01
1.460580617693148786e-01
1.493987284788998171e-01
4.491902081646361733e-01
2.494059174379827104e-01
-6.523232258445862963e-02
7.288756992769651610e-01
2.331621055930530872e-01
8.084311820027964002e-01
5.255840615942534155e-01
9.042238678964380494e-01
1.263625534629602143e-01
5.616131094309950722e-01
1.564685735150873891e-01
7.419716851679263314e-01
2.858930380672679572e-01
1.221698258298566514e-01
2.535822890241736238e-01
7.117225206381662117e-01
1.443634400593717948e-01
2.663830134451961595e-01
8.395217022394407813e-01
5.852292489225640049e-01
3.019752060725897636e-01
5.963822189934800955e-01
4.533533569704034649e-01
7.067921861602985967e-01
8.084178799678453098e-01
ReLU
5e-05
32
32
1.727489836229695874e-01 2.943048657880768526e-01 1.900862903525945002e-01 4.816455596535516581e-01 8.302313450061342692e-01 2.238943313287683479e-02 5.887227255692772943e-01 7.074090426801238340e-01 -4.069890670292593271e-02 5.655677359407842442e-01 7.772301857331231911e-01 -5.249903026135704226e-02 6.366677993005660507e-01 6.964821864135415375e-01 3.789860847404429300e-01 2.935371612224784155e-01 1.907172816874724286e-01 6.375820156720588550e-01 6.661719165635382467e-01 1.538967028453163133e-01 8.975486072841279972e-01 7.941728925628349645e-01 8.195231370758323530e-01 5.644990776068298244e-01 8.124155552144993742e-01 4.698950282335109807e-01 5.362917374677093063e-01 5.229024168364769798e-01 5.443369534310912305e-01 5.649471574884511460e-01 2.547967562815898757e-01 3.171520818538363651e-01
8.659656201417073595e-02 2.302892515459151190e-01 6.645024599063487081e-01 -4.493271948181189190e-02 5.039751733179637094e-02 6.404755423185793939e-01 8.599633658195408037e-01 8.722988198402439886e-02 6.959240049194297395e-01 4.587889987416141624e-01 2.931862687862414885e-01 5.481069426471350120e-02 6.518085824561117292e-01 5.026910641835135030e-01 9.128796526627311891e-01 9.020518530142715430e-02 2.279977540968895072e-02 2.213315700399474117e-01 -3.678873476832993789e-02 2.325593357406441075e-01 8.985843025976214538e-02 6.651275832225505003e-01 6.709411011723698248e-01 1.872132523450075747e-01 -3.081084470380659676e-02 1.520993958920523748e-01 7.257981675829295876e-01 1.035391332432115674e-01 6.400765067156162225e-01 3.722525988699861288e-01 2.291145672374466924e-01 8.574511755930641632e-01
6.842154904407194982e-01 5.844849343085472410e-02 6.073422204283029924e-01 7.772126960840293475e-02 4.111005409244031239e-01 6.989364405206137665e-01 3.230729147230935183e-01 1.526351954226617125e-01 7.056641403341835928e-02 9.070831217559588433e-01 -5.787355186693374405e-03 -2.652970720563293215e-03 5.055347408041743762e-01 4.378744618889059415e-01 3.712212219127912216e-01 4.289936203467853981e-01 8.560354567528690728e-01 1.349206437630949898e-02 8.909925166740715330e-01 9.120026492064222667e-01 7.800592570367437251e-01 9.038590956686134437e-01 1.735244453462546355e-01 3.975997009743055810e-01 8.516815212100703469e-01 2.214691487721717478e-01 6.864693037180593649e-01 5.520917492834155338e-01 2.441165197237732398e-01 4.052160754416698762e-01 4.276027995029340611e-01 7.809038304825343113e-01
4.359184903038710313e-01 2.023757809035222899e-01 8.205579736260207868e-01 7.494583506957828122e-03 4.742611792894699252e-01 1.081880084516276402e-01 4.169988563689165373e-01 2.348907795393141446e-03 2.852888488518339205e-01 5.300047361046931194e-01 7.070966339272072299e-01 9.336869796536631516e-02 3.191084878296058802e-01 5.678863152507991341e-01 8.830860757433575126e-01 3.568899609878931761e-02 5.102152383013022208e-01 1.682907505712115670e-01 6.536211539268838022e-01 4.235734395427637744e-01 7.015934716998197818e-01 3.197617506348460203e-01 8.394615535314843280e-01 3.966625582284687979e-01 6.366644937864855691e-02 4.448450204211858439e-01 4.120610994698859497e-01 -6.486850498202539894e-02 -9.135182753836280228e-03 -1.724494310087592436e-02 4.444554120873992487e-01 8.210072009530374748e-01
7.462195980197771084e-01 5.858747145021091507e-01 2.346416711162428448e-01 3.805365698003017050e-01 6.212952765813650746e-01 1.133503630874890949e-01 8.414369289313915479e-01 6.836230400922191919e-01 7.099891253244711153e-01 6.993183101011273273e-01 3.496044243253936257e-01 8.448711986411121533e-01 6.361812910467570248e-01 1.376494960641457543e-01 5.601300236792271514e-01 9.113303924067346351e-01 6.430718472848093725e-01 5.923666851244691056e-01 1.450486451847523839e-01 6.692856675802086874e-01 7.911451903453755596e-01 8.034445531172380583e-01 6.487008495170821787e-01 4.863734678185605009e-01 2.536495779863799926e-01 8.294119650855541481e-01 1.291270255414986301e-01 1.685719333351387017e-01 7.357383966448530765e-01 4.054529778421426256e-01 8.319048865035817419e-01 8.501784926525126629e-01
3.476354801907807768e-02 7.197350706619228822e-01 5.151038853676593865e-01 1.879685764837606965e-01 8.540404790305984317e-01 4.604625127000784579e-02 4.885090248819492498e-01 5.771602437920279050e-01 1.277942838878751985e-01 9.456369076184181419e-03 3.790694377534509218e-01 1.858509753893086702e-01 5.711196056494048934e-01 4.117979194849897828e-01 5.987194343173470878e-01 5.599259428594572929e-01 7.534424932319009338e-01 1.837755543591382823e-01 3.928800524153288065e-01 3.990292212996605081e-01 2.900685185630049179e-01 -4.731660350729787606e-02 4.898142533730701076e-01 1.504103768198523650e-01 5.990966262839001466e-01 3.316973811828684005e-01 2.810189460384779347e-01 2.209959148899929560e-01 2.291519244939390076e-01 -6.524097156410509080e-02 9.048217380583969405e-01 3.403807612175686059e-01
1.330259672359760670e-01 5.256655536323421446e-02 2.030713028763806716e-01 6.655346222203192275e-01 9.160149967572006613e-01 4.203398630393670454e-01 8.393722640117265987e-01 2.853298288283429573e-01 -2.857353485047431363e-02 4.157230727625975675e-01 4.715217908237288591e-01 6.798795064450423586e-01 2.901915380673614209e-01 5.064279700779478199e-01 7.240394312291666967e-01 6.281653566390045240e-01 1.621629839874419166e-01 3.490978490860797701e-01 6.927491433453045744e-01 7.385242386886339272e-01 2.627689332252067800e-01 -2.469852440203470362e-02 1.357612382208858437e-01 -4.888492963182615447e-02 5.665127833563846638e-01 3.000221205504368660e-01 8.530286996900393603e-02 -4.259754493497865807e-02 7.812557961907444781e-01 2.938585831837802198e-01 4.927207619512315451e-01 7.403185431282224283e-01
1.706543945970908638e-01 2.545281826414697024e-01 1.181719663797020786e-01 1.183462568939988718e-01 4.643400648855895013e-02 8.387796361464094907e-01 1.714269285601710546e-01 8.701090912989780657e-01 8.925469754694976832e-01 8.732682380053150561e-01 8.627055964746890293e-01 1.769061559989612842e-01 1.400390210582530270e-01 4.067292920089252695e-01 -4.342317459171046723e-02 1.605378154355839304e-01 1.554682003001592872e-01 8.932721609727316547e-01 8.962071195259875556e-02 2.463908351382905204e-01 2.987392660959027335e-01 7.130113642180961886e-01 5.667603724441472313e-01 5.744254033833718909e-01 5.434852600733469652e-01 8.241629666884864314e-01 5.119210743859734514e-01 2.482869606179833322e-01 6.221014941306995949e-01 -5.112298941667699909e-02 1.480402199972820909e-01 4.009860288841127218e-01
5.992386056948693085e-01 3.462162029922828954e-01 5.218185173360249118e-01 1.116811371390614982e-01 5.146902720557753330e-01 1.903894193140561741e-01 1.825917156890552451e-01 6.083959265472749234e-01 7.301157539241447392e-01 6.924757841567621419e-01 3.677021132473897724e-01 8.516901466869869486e-01 7.781409451550806988e-01 7.618405670511357863e-01 7.319831304752312251e-01 3.935104037145261691e-01 8.323848067348685320e-02 3.016437482922944002e-01 5.402054077169609059e-01 3.662639674257011091e-01 3.751440766061657217e-01 4.008386000301861207e-01 6.745492112984210475e-01 6.425696272769887418e-01 1.609235180359697972e-03 3.856143035356555671e-01 8.581459583994793805e-01 2.297335442715711107e-01 -1.160409095288318301e-02 8.587193402848466439e-01 8.786374617132981513e-01 4.563603183893034654e-01
8.089119002140549020e-01 -5.663355531662213338e-02 9.058700703394958476e-01 7.902612796335670708e-01 7.267347308324930699e-01 6.706254372249266515e-02 1.267372804282680954e-01 7.095993544020862132e-01 -5.992864314733271913e-02 5.194568608861227510e-01 1.801502466229190913e-01 -5.721214802972775237e-02 4.274251649132899122e-01 7.780959353771900178e-01 6.402978014927404038e-01 1.278108007670041013e-01 7.485008814130080790e-01 3.856877163919789631e-01 6.437121001481587168e-01 6.807862513630453805e-01 8.250714267113912204e-02 2.341667398916013332e-01 8.770450243487638575e-01 2.801344339765315938e-01 5.159510554538868643e-01 1.069866771394461930e-01 5.787044983870429649e-01 4.186700537446422232e-01 2.895964898531741549e-01 5.826547777388002558e-01 5.556666967302315019e-02 3.508699078310335562e-01
-5.950927955802271657e-02 3.106672901933839048e-01 3.977046663296386897e-01 3.882298626950293485e-01 1.325219997097618341e-01 3.210527336308432456e-01 7.890051714973886909e-01 7.087277746822435720e-01 5.907761348862081707e-01 -1.589059979488102042e-02 9.042800256046888974e-01 7.180201060737215757e-01 9.016374947999187262e-01 4.573980453269826385e-01 1.149998001272144466e-01 7.665085875764663381e-01 -2.172485746392065903e-02 -5.133004988031130561e-02 8.767128655973513984e-01 -5.162635479314673509e-02 1.213142749021031003e-01 6.254564516339062852e-01 7.318050695571766129e-01 6.507642176183527083e-02 7.133631072032325937e-01 3.535814866081566921e-01 3.605758717481249431e-01 8.469662474453714118e-01 2.155841035273795281e-01 7.856179905789038020e-01 7.363096574573581021e-01 5.320472581686287450e-01
2.759040725729890453e-01 6.830343485255169211e-01 3.913511535428290111e-01 6.630097664717096162e-01 8.492830943023359502e-01 5.977096982690182081e-01 7.535860690085223190e-01 1.781137358119899705e-01 8.568531401859429408e-01 1.821808609565291059e-01 7.082713483113702857e-01 -1.718025565017037085e-02 8.645049503487645115e-01 3.784166653218821730e-01 4.011529597587898399e-01 6.029830736764936194e-01 2.172708737950427293e-01 5.568244793770964485e-01 7.173957142140299226e-01 1.885307055727939440e-01 -5.055518523822449123e-02 3.138793162549045612e-01 2.765008007852535754e-01 8.037579653995675644e-01 6.785478422677085897e-01 5.700261498973288044e-01 4.350188709111162400e-01 7.574562055175552144e-01 5.183499400211976083e-01 5.893583039294007092e-02 9.177814288802080833e-01 6.063250638271988624e-01
7.588152982141808112e-01 8.667774483473555946e-01 4.636938162407728270e-01 6.411098753911782522e-01 7.309632637135599076e-01 8.663879805560449343e-01 -4.468040955884024917e-02 7.652609496446480808e-01 8.368022112450631544e-01 -1.140955473705854151e-02 2.359930697835071478e-01 4.060663997874388031e-01 2.719832116311545200e-01 3.659890165143146468e-01 8.708859675925990640e-01 6.426816526622225467e-02 2.964273838730766553e-01 3.306147375753308304e-01 5.644530157611065135e-01 3.655031814780899946e-02 3.719275933484759711e-01 3.818345908809488987e-01 5.576749986512185009e-01 4.049339346379496329e-01 1.641984030305450593e-01 2.083526022812995371e-01 2.986355583132269120e-01 4.101920525490140301e-01 8.660220531852416137e-01 2.955409442535180120e-01 3.216258871295410438e-01 3.939087037334065844e-02
-4.003158906265068262e-02 3.141007799886098573e-01 4.496620363198861048e-01 6.291887482394220577e-01 2.678418896338003452e-01 7.935150624641914563e-01 1.939381735550839425e-01 4.719621360632987872e-01 2.183333031648718170e-01 9.107345362998418015e-01 2.507195896891476483e-01 1.821002881063238377e-01 7.750620282470066513e-01 3.006611345142371494e-01 3.020262114276043852e-01 -7.508050347210640067e-03 6.424940088442294694e-01 1.932899728786193760e-01 4.460272448080445651e-01 2.568418030931733931e-01 -5.843822774418253735e-02 9.279379280727733104e-01 2.585341306009978357e-01 1.907541763746697580e-02 1.657683390073794172e-01 6.289048185217979703e-02 5.924722867219140987e-01 2.540584860917126653e-01 8.442776405649606852e-01 3.666011548628955036e-02 1.232870504159102737e-01 1.133289255047467969e-01
1.104580154878548465e-01 5.744162455057219008e-01 8.814629608153314866e-01 2.727539348579503531e-01 4.417117553029732413e-01 2.769703618981736795e-02 7.992788954573529780e-01 3.895847185009735925e-01 3.619964035421365245e-01 6.437723815996765353e-01 5.784770279711429763e-01 7.295743374705859763e-02 -2.460229068658964860e-02 6.668772393605455484e-01 2.009852514335650209e-01 7.850640604781106147e-01 -1.617144253937194062e-02 8.938781116659725301e-01 7.035551918440302588e-01 7.832778847020418489e-01 4.239709990509931692e-01 2.768791203589516803e-01 4.625402513564005891e-01 3.292488845055915880e-01 1.037256792081248102e-01 1.950207606577020469e-01 6.898638139357310406e-01 -2.284500685435239889e-02 9.299615401290590722e-01 6.272466527596828878e-02 2.332740270363298507e-01 -2.786248806274311748e-02
7.116161019625805162e-01 7.237613641589720759e-01 5.508179414891873904e-01 2.897845751760871336e-01 6.899292679349511292e-01 2.762053759442770207e-01 1.204392185701718687e-01 5.228073558343894200e-01 6.164448600565710645e-01 3.345878060577058832e-01 6.169528792780333282e-01 6.402940932996608048e-01 4.799456884354455499e-01 8.815941810446615845e-01 6.253941335039411298e-01 7.581195280729999819e-01 1.273054657676277734e-01 7.985053560199633083e-01 7.222406648166979082e-01 3.931382963316764623e-01 3.151898721808474302e-02 1.123212572546345156e-01 5.978239442883991339e-01 6.385572710326350432e-01 4.240711639391924748e-01 7.682511056048108022e-01 5.976828241045236689e-01 8.778671341097308289e-01 2.971316030362329830e-01 9.031509131272434932e-01 4.652012682419336409e-01 1.613414568878738797e-01
9.031334770300413206e-01 8.467785591967714742e-01 5.271137268506056461e-01 -8.404845226892408705e-03 5.650220274561790212e-01 8.134098861013052684e-01 4.785113516474055473e-01 6.227616104892212678e-02 2.849569981272895847e-01 5.701566090161374056e-01 3.628461229482664030e-01 4.997859302149173510e-01 1.631939859984504193e-01 4.826356434157534347e-01 3.332430057631572962e-01 8.366483832538841314e-01 6.344162861134482467e-01 7.728514561799783023e-01 8.297100665218329896e-01 4.323500334612264684e-01 7.409693327674758967e-01 2.650023962110474238e-02 1.637525358415021712e-02 4.868354921679751146e-01 1.287482758390872117e-01 1.717237469324217614e-01 4.120180383218733366e-01 5.563922771015223923e-01 6.719775237040398475e-01 6.098396872185303241e-01 9.217019173005909227e-01 5.077405903230548523e-01
-6.433917627257389193e-02 3.267452008922610562e-01 6.305245763641846857e-01 7.178574640078467795e-01 2.632758828065046575e-01 8.346714485282449303e-01 1.775867634133811157e-02 8.884871567459312613e-01 1.585139100745935892e-01 7.630854493329213284e-01 3.507943338814028394e-02 2.335646145456723999e-01 3.142103426168683655e-01 3.737610094314507969e-01 6.007573989001031567e-01 2.949718415098577240e-01 2.238063705572555795e-02 6.726920858721978647e-01 2.060818616050379970e-01 4.452149106796300937e-01 3.758684117847479467e-01 3.986206702499311416e-01 5.873917398724360917e-01 9.076018082082329963e-01 3.905025660254398123e-01 6.573145863322557014e-01 1.969021644139159755e-01 8.943007943735454823e-01 6.231318165849086821e-01 -9.175045585639696188e-03 2.476370682507452459e-01 8.079657455498114871e-01
1.262588583615007198e-01 3.210871769368108808e-01 4.348041839977835887e-01 8.533609431318992522e-01 3.613725084305652313e-01 7.423811015364643884e-02 1.495200761715402282e-01 9.121165500103171897e-02 2.026324681856077337e-01 8.331456717847181004e-01 5.162726612335796217e-01 4.076866276292529512e-01 3.771230567562411373e-01 1.644272903880517056e-01 2.894875225869834590e-01 9.113727696365409026e-01 2.995668331487815750e-01 4.820931937808951018e-01 1.216841974070560078e-01 6.423970349163853344e-01 9.773739478497438238e-02 -3.508013027395480432e-02 4.839202283822220396e-01 -6.709004753396773969e-03 8.527774912077273894e-01 9.198439242421603268e-01 7.156478226324102243e-01 -2.885712050526407710e-02 3.485357760785604553e-01 8.090522058114928139e-02 4.197276600885845865e-01 7.932809236138438358e-01
1.156759314904826780e-01 7.409886844467004074e-01 6.611326569294514455e-01 5.725489396372326206e-02 6.758891846006255255e-01 7.801043372767337836e-01 3.739605028250265195e-01 5.004744333662409367e-02 4.680893582019434729e-01 5.544799495315985011e-02 8.035588084278735277e-01 9.681636959587917868e-02 4.844888793962712215e-02 3.449449905472286027e-01 7.523366773406406915e-01 8.071082200529077211e-01 1.605276115931608683e-01 2.161041862211041109e-01 2.630293567182485637e-01 1.315043264869598764e-02 7.466655890230355919e-02 2.010293607229333701e-01 2.578168113199872935e-01 4.478911579712892554e-01 5.960905386059884847e-01 4.484105805431731206e-01 7.315401995808229474e-01 4.994001946512712786e-01 5.742373278011138060e-01 1.148268918313794795e-01 6.922936576741571812e-01 1.929851646637547324e-01
1.365646155173634024e-01 2.632932620173438765e-01 -5.807857733611567798e-03 1.150321628594405260e-01 6.931469891407975037e-02 4.842991393656451149e-02 4.251341416638999560e-01 8.782258991817132321e-01 6.167387149160359350e-01 7.480908146336280318e-01 1.094591742966365133e-01 4.831879609466457892e-01 2.125880873734359855e-01 5.287081120924909117e-01 5.104038410074414056e-01 7.521340403440422984e-01 3.342173985135113434e-02 6.717951754516480189e-01 5.219630130874260976e-01 4.149850841878554575e-01 3.575014360859196660e-01 -6.314624956449044202e-02 -5.398176248822623979e-02 3.175448864879412136e-01 3.966339370582520618e-01 7.495346704474947774e-01 8.728739502965874308e-01 4.590708561065381388e-01 5.706564862110591330e-01 8.667460210247114327e-01 8.004834224953836230e-01 5.451013991808437709e-01
5.148898456024344483e-01 -1.029526208267268067e-02 2.898222844237617890e-01 7.742403074999788526e-01 6.774615610341173655e-01 5.733226132781363837e-01 5.823898337272702674e-01 9.550940978177716034e-02 9.147805386861023180e-01 6.172505284389471214e-01 5.962885519401464052e-01 5.055715330330320390e-01 2.903228186820087098e-01 9.902446411501046597e-02 2.175222007775393096e-01 2.515451531230065707e-01 3.827252007146448309e-01 7.479971888641147315e-02 8.950723471630745998e-01 1.509628575514319337e-01 8.147837042033623245e-01 1.496975235495344447e-01 5.477979842569263846e-01 7.581090037208596533e-01 2.957446356632007500e-01 1.725838110697436867e-01 3.764843399061529872e-01 1.068162422208827900e-01 4.427831972787004133e-01 1.424727677111933544e-01 3.816239716944078708e-01 6.652100543106024277e-01
7.689843594651114556e-01 1.054953170784883459e-01 3.769313887169243316e-01 7.836720612984474643e-01 5.056388427917322126e-01 1.485478630704653857e-01 1.184851778123340443e-01 -6.192985049627620225e-02 7.821873589732143417e-01 6.801756141291680491e-01 5.362633430087140329e-01 6.405545252283206814e-01 8.696556715483588773e-01 6.902382862409019992e-01 -1.075936584270182315e-02 4.400005403163605860e-02 8.698010989244163715e-01 2.688527192903423235e-01 7.573448555692900985e-01 2.094265070017150843e-01 1.940552092642005011e-01 4.825906190949724173e-01 3.207856275786666322e-01 4.115122960597467627e-01 3.566963167276044344e-01 5.854679938392305383e-01 2.445958070590566469e-01 7.500418776694630502e-03 1.950414866370179245e-01 3.173067456186326463e-01 6.748446765865701025e-01 1.193983207763775478e-01
2.004394972985871215e-01 4.974162734564684940e-01 7.388526536851020010e-01 7.939831286246366027e-01 6.782502920859826423e-01 5.870402624000091718e-01 5.999705447149544790e-01 1.303485104680897899e-01 1.851573038427590523e-01 6.841556749922388103e-02 1.953627455326943652e-01 -4.297140183667037816e-03 6.033763409092400554e-02 9.125183613711710384e-01 1.361118602072471616e-02 8.464094039645660983e-01 3.589229916625062411e-01 1.692569860117068281e-01 1.322053768367429660e-01 -5.296095823358751287e-02 8.019221475461144055e-02 7.510674092279575609e-01 2.301597066221785504e-01 2.523800282687071322e-02 7.941752816424926809e-02 4.137920095492417794e-01 4.917369812532031842e-02 4.295070762843851697e-01 4.898155102124912008e-01 9.247098915138501907e-01 1.161043550456932749e-01 -1.319537068173173323e-02
7.134689391715580697e-01 8.206473790017847492e-01 9.912820701081225330e-03 5.028265906892153136e-01 2.857201545173862489e-01 -5.646478402337304879e-03 -1.300742360745225923e-02 4.937210589403348004e-01 6.754855110986318634e-01 1.858697494071101519e-02 -6.101832815472663096e-02 9.327598419439089295e-01 7.061830334239813101e-02 6.386665657724495127e-01 4.692723437003384901e-01 2.721154086136658434e-01 5.723182819793317666e-01 1.137426502844040566e-01 5.890760710252471721e-01 -3.874400734574395128e-02 4.311305696409869492e-01 2.270455840825744975e-01 1.625189260526770929e-01 2.534209881370808048e-01 4.293447832131139230e-02 -6.321844395803129235e-02 7.932084504521550450e-01 5.396257048497379305e-01 4.109464529989297343e-01 8.948621494087082295e-01 9.658003961051032926e-02 6.098452725599100982e-02
7.066373687888626298e-01 4.549441037573094260e-01 7.539538088270728577e-01 4.460147138160671654e-01 7.822423539533291947e-01 3.511225057260853877e-01 2.970867064499420063e-01 5.140837401874961410e-01 6.088515958623182955e-01 1.404995812328306646e-03 4.910081452399889246e-01 4.064006902496403173e-02 3.237629511759649963e-03 1.850835690316380011e-01 -2.048484437790109094e-02 2.213834538601308355e-01 8.329318094021965768e-01 3.656812614914532467e-01 3.087955416966436939e-01 8.337782976444841898e-01 2.291982014023893344e-01 8.352165407096376892e-01 9.060346517074407968e-01 2.183849818236860765e-02 4.480919641348182214e-01 3.931357185073762195e-01 6.151652971667992409e-01 -5.211170617256936921e-02 3.561451093809679946e-01 4.207607521250102955e-01 -6.247852106933091121e-02 4.870732465125862665e-02
-2.426183824330095662e-02 -4.016559133121463260e-02 3.921554418416430821e-01 -1.937871576179560351e-02 5.902258923648961986e-01 4.565326180650571830e-01 5.854957623377881060e-01 1.132440232669355701e-01 1.266628866905301909e-01 5.028626667251296922e-01 7.050147565530884286e-01 5.816932841080355576e-01 1.545824839010483676e-01 9.068486585447754766e-01 5.259354080724120140e-01 8.548833487366592765e-01 7.589762142058957828e-01 2.720755341265426730e-01 6.752655351548842999e-01 5.989458947687869017e-01 -3.834988197644841057e-02 -3.266347645522201665e-02 3.651047078644265031e-01 3.776204483308242543e-01 -1.666362612203927188e-02 6.529823211574913300e-01 7.138953576348799901e-01 1.869646023100030863e-01 1.407055403699836449e-01 4.930119513802611042e-01 3.018556442949481000e-01 -6.089443313360265453e-02
4.579044333996266647e-01 1.617238324983401310e-01 4.158803750004446687e-01 2.862810123459869627e-01 7.307450290352530686e-01 4.652902107893895911e-01 8.016801053502463636e-01 7.926403003602379149e-01 2.580612595119592401e-01 1.965008292288875080e-01 2.470874058780075100e-01 8.754224847295276613e-01 2.857713362476161922e-01 1.238462902776326091e-01 3.897980944520769431e-02 8.586176465668403646e-01 4.659681401364573206e-01 7.859229579698184809e-01 4.208987662458237855e-01 5.050765911444592415e-01 7.911815578120088288e-01 6.093817227413904636e-01 1.213685484172699336e-01 4.893547480276432271e-01 2.729869768494837534e-01 2.310739151651037271e-01 2.741729264579945147e-01 2.889203005282538483e-01 4.237313965763814944e-02 -5.909877990499246003e-03 4.200371685248031617e-01 3.979428182432918071e-01
8.998704518190416834e-01 6.728109963084710765e-01 6.213488154819510889e-01 7.955844402996165021e-01 4.830836742480864587e-01 4.516830367059053164e-01 3.425866653491085184e-02 2.405069345961482752e-01 3.110705155738154870e-01 3.298640783193665382e-01 9.180017235711228629e-01 4.713907821060084880e-01 3.965873720092827348e-01 2.178393361677945228e-01 5.215137238709596224e-01 1.646338152822640344e-01 8.500562501948720762e-01 9.103759221652030220e-01 5.375766746189194478e-01 7.361318250305597388e-01 -2.991106826628360180e-02 2.582603303746876522e-01 3.509000826679270491e-01 2.270994845379828431e-01 3.796287848272884013e-01 4.604905416620326264e-01 -3.235427153162289543e-02 3.140485636084205390e-01 5.791881114781768369e-01 3.251907346656308651e-01 8.678756040695376761e-01 9.098384357307272019e-01
6.207017272077320902e-01 8.669694312071961617e-01 6.916806229813865503e-01 2.802618945141896467e-01 5.879659262035958900e-01 -6.524524776298061546e-02 8.129485388834346571e-01 2.938615603215495864e-01 6.493233990084326113e-01 5.181337192849113649e-01 8.113141628149526108e-01 1.860507779828338704e-01 1.186954094697487000e-01 8.318756365045621992e-01 4.894202844886277881e-02 2.247380068872357750e-01 2.600983996703352674e-01 7.638215899261999731e-01 1.714297390982488789e-01 4.245002335463357590e-01 5.972609682372836439e-03 8.359211153325444288e-01 5.640533274472916414e-01 4.572405193139949531e-01 6.357483823986246341e-01 -1.700221382165733458e-02 8.577708980463180088e-01 1.642228825574438555e-01 1.580267624769240153e-01 5.901208820539814992e-01 -6.278266933705664576e-02 7.546921728031365066e-03
4.062574430274623061e-01 6.304446884386342154e-01 6.302872945795715554e-01 8.951252478962403725e-01 4.255560444553083688e-01 7.776882785504727336e-01 3.864305742042281611e-01 7.824029909559117035e-01 6.908093209962194899e-03 1.310027178552186644e-01 -4.760845893026116604e-02 3.948562903246438105e-01 7.894263249853642472e-01 2.289025909785514235e-01 8.474269285636926163e-01 5.846880752154757221e-01 1.515388909818111696e-01 4.000262776991717756e-02 9.266308809416985703e-02 -1.866726069406333954e-02 3.369901123116194053e-01 5.661249895707933799e-01 3.142506031275771328e-01 9.088906301989062297e-02 4.645396940837313166e-02 7.664595944560852470e-01 5.203936874094001325e-02 2.206949967105967247e-01 8.100018732141954780e-01 1.854835506289465585e-01 6.261211502773091075e-02 1.071565281011773729e-01
7.292456992107788638e-01 3.672490555001439172e-01 9.133224113412475864e-01 5.548113204837297474e-02 5.761324694493169529e-01 7.170042458205675394e-03 1.913569195459516037e-01 9.195075099630726223e-01 5.302354642883074787e-01 3.179207033550548456e-01 3.933524184693396042e-01 3.256515030002172378e-02 3.700872512888678800e-01 -2.144810353654844765e-02 2.665483835265315959e-01 7.482280972275678899e-01 5.115428885295065370e-02 4.014568321446787547e-01 3.576760568380392691e-01 1.830484189179037713e-01 4.153350166463229409e-01 4.229719625968590413e-01 -1.760453473777047820e-02 7.467322611878039751e-02 4.818553754770714126e-01 -2.118342401765247428e-03 9.302652725732922789e-01 4.374925331936370676e-01 8.003569186783315859e-01 1.104790762830372697e-01 2.633298971419997803e-01 3.888485643523050938e-03
2.207819414042575812e-01
2.712867673810622771e-01
3.840372575543923861e-01
8.441408933612450927e-01
8.638542270620308550e-01
3.041353446751424716e-01
7.402188013063655259e-01
3.524969403227675158e-01
7.825016928796421634e-02
1.886042673672672920e-01
1.417946875174019294e-01
5.315725910541333477e-01
3.180896117032441239e-01
8.623961494156735519e-01
8.962681958152295403e-01
3.346156036486217511e-01
3.397860428244354747e-01
1.788359521358921234e-01
1.792567902607550279e-01
4.170882495559351533e-01
2.768450305649748922e-01
5.021553910857865510e-01
3.632638650246554635e-01
7.063796345860908765e-01
5.463173884180114737e-01
-6.160975427837018376e-02
4.806316403329865539e-01
1.813724688330672560e-02
7.222529768030953035e-01
1.662270462602876142e-01
3.496017095909381145e-01
6.388875479092637200e-01
ReLU
5e-05
32
3
5.723540780195133376e-02 7.025723698544953377e-01 5.594959630756063396e-01 3.243423255854279708e-01 6.765510168481833064e-01 5.209124525121820032e-03 8.140545988131926425e-01 6.479576969366925843e-01 7.866535943739042525e-01 3.505257549910973380e-01 -3.337338105570208935e-02 6.382477694681439884e-01 7.269036254748681980e-01 2.541341864928148842e-01 6.839115341788311042e-01 4.649775559717570506e-01 4.603838233447896111e-01 5.567925110622091722e-01 6.569216633224901347e-01 9.206977902981358097e-01 6.271896805244525641e-01 4.389739340126842526e-01 6.563635532434168862e-01 8.524160622778299556e-01 6.452134532469705475e-01 3.845523450936618182e-01 6.864990010145114452e-01 -2.312392502621939648e-03 5.431671252239926861e-01 3.191182181644008908e-01 9.076370610506206624e-03 6.330809414851484851e-01
4.280660093031009028e-01 -4.759008360788623965e-02 4.834809283686912207e-01 5.707279953369837067e-01 3.285369457154377337e-01 3.350154350747893695e-01 5.573818970452951715e-01 7.827548143334821518e-01 6.106647767155487516e-01 2.967654079392872402e-01 7.227600333233633045e-02 4.858262423841472333e-01 1.801982998538110281e-01 9.066817460181381128e-01 8.074419703137571958e-01 7.137882380315542230e-01 8.096290414486065901e-01 8.742751712058628444e-01 7.140621944680317634e-01 6.732318029805933746e-01 3.731900813604158151e-01 3.865535206611348529e-01 8.105378623776330338e-01 5.606255073679462519e-01 3.695869997490933145e-01 7.646626855076427316e-03 4.450648643299646157e-01 6.083088516442195504e-01 3.228667636890256154e-01 8.496793726715897721e-01 4.190120948132885492e-01 4.900014765165718322e-01
5.908423239313108644e-01 3.737200047202027808e-01 3.754094569680487270e-01 8.360650081633924646e-01 1.405267867419731087e-01 9.020843273070352497e-01 7.592501974706423740e-01 4.664920381579117925e-01 6.262893343100358612e-01 6.000139727434888881e-01 3.365529906669509352e-01 3.786058791794854606e-01 2.053131865102003906e-01 8.012678454194743782e-01 6.573698058690582435e-01 7.273001575738311519e-01 3.121440320904912413e-01 8.614605490465531146e-01 3.911401841097843397e-03 1.178394150461477413e-01 2.648532855799440866e-01 4.036742733553214668e-01 8.972161288471466323e-01 8.583838888020695057e-01 5.914043175150849319e-01 2.770528772392048533e-01 6.432029435283334040e-01 7.451166214565777546e-01 9.035438579592526276e-01 6.480888411114164860e-02 -6.031121303551237323e-02 5.874169108689640817e-01
3.204344139523822299e-02
4.057890189731019337e-01
2.293716853097854669e-01
Linear
5e-05

ct 2024-05-31 16:00:44.008255
