noname
4
4
4
8
-5.998873123221928338e-01 1.235114635568162589e+00 -1.249602436218369528e+00 1.234764882759670744e-02
1.232647088048447248e+00 -2.100494630909482408e-01 -5.107280119126134821e+01 -5.406474408459817305e+00
-1.921817851856847392e+00 5.407284671594828618e-01 7.167128226349818831e+00 2.223992998271478783e+00
7.932987706837841824e-01 -2.376533721179406866e-01 -2.517364366605794146e+01 -2.957357199747014498e+00
-1.129368622969079416e-01 6.743949389041229425e-01 -1.081665978773915349e+01 6.661385620186226486e-01
-8.162132897950659105e-01 -4.815425189549279450e-01 3.030262803300814767e+01 3.743256335887174657e+00
-1.537718305780141070e-01 9.589530749884708216e-01 -2.148872656823771266e+00 -4.494108744680466727e-01
-6.204269552480182748e-01 4.657288225551879379e-01 -5.254219569312210680e-01 2.548384763469225267e-01
-6.485789600391421494e+00
-1.248326721601551981e+01
-8.065267939125169150e+00
-4.200895267967182711e+00
-2.933809681180670648e+00
-4.267590244340128791e+00
6.125019723284111928e-01
-9.304618075766861729e-01
ReLU
0.1
8
8
-4.204603399976976075e-01 -3.017040428400833640e+00 -8.119616507041947928e-01 -3.248175121492498096e-01 -1.344314100793549738e+00 -8.268687050713211528e-01 -2.581789005695379391e+00 7.594195088401528571e-01
5.679262519008535515e-01 -2.021120187572314819e+00 3.653711666126160940e-01 -1.105054908509229161e+00 8.791215039832593614e-03 -9.900860668387795327e-01 3.003922172845374106e-01 2.085074938462432304e-01
-3.097555508756100195e-01 -1.403023750242846646e+00 -8.815037086016063173e-01 -4.913886916620328726e+00 -8.261334312409214231e-01 -1.182571712430583732e-01 -2.603075933471684644e-01 7.594195088401528571e-01
-2.207880469223099329e+00 -5.142480141909385738e-01 -9.548431077031006575e-01 -3.463778655661614359e+00 -5.112307934936873854e-01 -2.571777509828404362e+00 5.934116168702661120e-01 7.594195088401528571e-01
1.693045728268422367e+00 -1.257269635795233098e+00 1.029663697794479083e+00 -2.740669658348677817e+00 -7.372991726423649972e-02 -2.313468844560177817e-01 -1.319119601558091714e+00 7.594195088401528571e-01
9.061129642249730054e-01 -4.634456414640226285e+00 9.061129642249730054e-01 2.659108473564579800e+00 4.611115105346177967e-01 2.096855335307041823e-01 1.250091216402428929e+00 -2.520903425828951994e-01
4.447206747575255248e-01 -7.280138878024886573e-01 4.447206747575255248e-01 -1.070421584040413876e+00 4.447206747575255248e-01 -1.161575852587332536e+00 -9.023596393528268145e-01 3.811420374466940042e-01
5.838147520437574345e-01 -1.901365130412529414e+00 5.838147520437574345e-01 9.256820682431032843e-01 5.838147520437574345e-01 -2.019677661278760361e+00 7.689284091195551785e-01 5.838147520437574345e-01
-6.318699708913130486e+00
6.705399947969156393e+00
-5.680712537194051670e+00
-6.854334093445732634e+00
-3.101357462607203352e+00
-3.969825961985489648e+00
-6.743459291478418605e-01
1.220861641153208499e+00
ReLU
0.1
8
2
-6.310735136780161181e-01 1.619428293977783984e+00 -5.315469084382119097e-02 -2.340371009437743066e-01 1.713070483553512435e+00 -3.013558949001351323e-02 -4.366442058959271039e-02 7.353605156828024736e-01
4.921687832571309151e+00 1.764476366849578204e+00 -1.053739950177283058e+00 -7.053335126837709801e-01 -1.043387158996260888e+00 -1.548064006355352795e+00 -4.836644138710915336e-02 -1.053573602727118051e-02
2.576591550434591316e+00
2.864184953676388368e+00
Linear
0.1

ct 2024-06-16 10:37:44.262613
