noname
4
4
4
12
2.044811329316477411e-01 5.131556121923606106e-01 7.847390468777541706e-02 7.708648570380921550e-01
9.499305458677128611e-01 4.353930487162670226e-02 5.560306903540992440e-01 1.882363250948594635e-01
9.491980725696749221e-01 6.233727131533578492e-02 4.207096300104466446e-01 4.921903154693626492e-01
9.784475057361142758e-01 4.010443350444918842e-01 -1.287484431617223202e-01 5.124606382585746855e-01
8.476928594191526223e-01 8.500752514525391490e-01 1.003925313021941879e+00 2.873475539951434454e-01
2.023056425339153641e-01 8.180829783270335831e-01 8.312499125505933284e-01 5.859676309747543499e-01
5.603123616099471294e-01 1.254941405841615565e-01 1.363592625221202725e-01 2.919508982412759579e-01
1.100821458099633610e+00 -4.419411340779380581e-02 1.389988455385255395e-01 7.924806830679090308e-02
6.657030743080007973e-01 1.354853711044342601e-01 6.560704345219954270e-01 2.884227389313788192e-01
3.901279215814241197e-01 8.297805473901258555e-01 7.697455300617404017e-01 9.368635166954452087e-01
5.004624268002965115e-01 8.155082864020279931e-01 7.954346163457446384e-01 2.404775536667682900e-01
6.951012139774671583e-01 6.265713251053044441e-01 6.253066041308282808e-01 9.929404254142595865e-02
4.665190770920268348e-01
7.084313384793325952e-01
3.227956766124748800e-01
2.796202973927118252e-01
9.492394811634835561e-01
5.148997287764784936e-01
4.255405453642138042e-02
6.582526065702736240e-01
2.052417992532763746e-01
1.045072385591627073e+00
5.558732514934681124e-01
8.673446493993213213e-01
ReLU
0.1
12
12
9.105403196208957661e-01 1.463097609839655588e-01 2.171705360576708099e-01 5.783873037298353781e-01 9.183948310728156095e-01 9.913297707185819707e-01 6.859091025396606423e-01 6.560561906071115112e-01 6.960040146322989951e-01 6.661466696768801876e-01 7.430049193868768498e-01 3.308341290955528757e-01
6.176485862316428710e-01 2.878673943761742571e-01 5.398320084054439860e-01 1.590241517452365971e-01 8.618654612147995664e-01 5.083352369415546773e-02 5.157953487067381548e-01 1.754249059581156761e-02 6.366670550961751607e-01 3.639145483280836202e-01 3.291082670001264643e-01 2.002216689855032539e-01
6.562131210416486393e-01 -9.725701171282513657e-02 -1.194681592256725267e-01 1.239409780656298699e-01 3.649999816871289382e-01 -3.885611444795857711e-02 -3.052500268937630157e-01 5.456890409885918614e-02 -2.537833639499092464e-01 5.367441176933633873e-01 4.974818201236275161e-01 5.730777968132421130e-01
1.409311962213085634e-01 1.853075181714488318e-01 4.488021481405310431e-01 3.661636742229480435e-01 4.442760473150076383e-01 8.099402966776222956e-02 4.408624108283051846e-01 7.655355008535403849e-01 2.652853169624725393e-01 5.789833307885217106e-01 2.854245672236949138e-01 3.130887572440647082e-01
8.088415699880947551e-01 3.596219660636194582e-01 8.587331246458371758e-01 6.274672987319062090e-01 2.298750561821940042e-01 6.453142236035152024e-01 1.092123178303564812e-01 5.402740831313476710e-02 1.501629449559139795e-01 6.569833326643935711e-01 3.839714979721146060e-01 1.417482695394425840e-01
5.485617779030750318e-01 -5.993278913300578714e-02 -1.483144135273779460e-02 6.097810417701022834e-01 3.107700204776405739e-01 5.121318951457028978e-01 2.702175379035142710e-01 -1.473424699439609409e-01 8.622656320106616978e-02 1.950814594544996172e-01 1.339195222683836339e-01 5.219998145266642187e-01
4.791465324499878387e-01 8.092899083172270247e-01 7.843212161552144401e-01 5.599729327682836377e-01 7.378904360861474609e-01 7.600708549498325084e-02 -1.462298691462568800e-01 9.486139472221380986e-01 4.430907508371357273e-01 2.857145449846214547e-01 7.692975832033911443e-01 1.312717014404233551e-01
5.093198239616539835e-01 3.417492711417257634e-01 2.694632120110648232e-01 2.491761520416609366e-01 6.146536003827136607e-01 1.724208122822383227e-01 5.178129160868730763e-01 3.877405563463290350e-01 1.131850449873423314e-01 2.290454637392071169e-01 5.704718682118909978e-01 4.393715021354775430e-01
6.503316757708145213e-01 8.714948265354421908e-01 6.077272123326744602e-01 3.795166265402401540e-01 9.701529253499594496e-01 8.524390862715017780e-01 1.706847371094299126e-01 4.390568169080066863e-01 4.123966553588301331e-01 5.376487325833868569e-01 1.818427502360760450e-01 6.915026725949083852e-01
3.733155786472391185e-02 5.658459367572588050e-01 5.311283345879003193e-01 3.532605262002445068e-01 7.369354627918541789e-01 5.682974997749647983e-01 -3.297605276582169509e-01 4.612675853800325965e-01 3.570058669142403551e-01 4.023028836511323703e-01 1.070797466191977243e-01 6.125090311371561569e-01
4.035359554656557379e-01 1.489589008794925951e-01 -6.901413717962799621e-02 -4.352051765339260553e-02 6.451917559913992184e-01 7.846189779486463234e-01 4.682991513475569939e-02 1.188634125028053545e-01 1.164681590666435812e-01 2.407975571193534114e-01 3.489910284332558010e-01 6.845801327839565742e-01
2.676563877373019928e-01 2.063217696306984816e-01 -3.084817439013863294e-01 -1.731345253713645060e-01 -4.935550367439339031e-02 -1.175577962080328748e-01 1.250735495401664177e-01 -1.690277921593271448e-01 -1.016964732329533327e-01 -3.968458313360427314e-01 4.146973518257977553e-01 4.180020720685392321e-01
8.757466320208339150e-01
5.998454975536632316e-01
5.557672250061723718e-01
2.880684909417605133e-01
9.088126685688194817e-01
5.961049833629656902e-01
4.938672920339848282e-01
2.729139076039959755e-01
4.354378441619024542e-01
7.769361590065119172e-01
6.589659913062956287e-01
5.873507535866511198e-01
ReLU
0.1
12
2
3.333570285177461234e-01 7.731552934462695426e-01 1.576941746308185566e-01 9.090247290409345648e-01 5.750844083527728579e-01 8.028733296797920804e-01 2.060843622073084136e-01 5.625729866236957033e-01 8.908218520319273193e-01 8.591437981650698053e-01 7.023298629381710123e-01 1.645179081520983799e-01
7.952124470104497966e-01 5.647124012098417856e-01 2.212877510189332209e-01 3.271467487208714608e-01 7.552048560944690792e-01 2.894850292401738856e-01 7.184719299042849894e-01 7.092220081607937265e-01 1.007063839077505740e+00 2.682470507221560996e-01 2.227091495849553571e-01 7.604601754705117567e-02
6.189075201514048219e-01
5.483361521465541788e-01
Linear
0.1

ct 2024-06-03 20:51:00.807016
