noname
4
4
4
12
-5.252862051142176414e-01 -5.408208030825766288e-01 -5.731772399364063908e+00 2.732213481837695301e+00
-1.372330719090953277e+00 -2.793003403309865518e-01 -3.192260860872792594e-01 1.250475777293378471e-02
1.087839418177373590e-01 -3.779106357718532427e-01 -2.841278947746410211e+00 1.471970544204912468e-01
-6.221220342770474865e-01 3.316875623042055410e-01 -1.204416488626725457e+00 3.064387055657027403e-01
2.021215130573459806e+00 2.890712065315953705e+00 5.792264627227767804e+00 2.481551730764904207e+00
-3.342727528117162894e+00 9.132396377720655156e-01 1.308918196872013384e+00 8.997285528701673418e-02
-4.538038024645754676e-01 4.427163665434572515e-01 2.040299928295966225e+01 1.736371999812913902e+00
-8.795764744701912996e-02 -5.525608308725398626e-02 -5.136897156387487673e-01 -4.165583643742877540e-02
-2.476915032134306971e-01 3.516691731478066574e-02 -7.234447149745952543e-02 6.094890926335217590e-02
4.150731809098622271e+00 2.758118990251934743e+00 -2.215079439949554918e-01 2.629257982989048781e+00
-6.604893388087414996e-01 4.520546304155851902e-01 -2.634000082736212001e-01 3.208159450533292212e-01
-1.115335752309170481e+00 8.630982635837848305e-01 1.686793871770627007e+00 6.739011835353005964e-01
-1.000014540120590212e+00
-2.316950817684039876e+00
-1.830378418441987565e+00
-3.200566327580808279e-01
2.563781673935050964e+00
-1.373965696466061814e+00
-4.043409118593543461e+00
-3.497420435139655392e-01
-3.645977152477010153e-01
8.832191225080829877e-01
-3.675950138643334086e-01
-1.191884769065046257e+00
ReLU
0.1
12
12
-3.146233977663673853e-01 -2.368613468452440252e+00 -2.892026051846972035e-01 -1.041867977855962385e-01 -2.009071303654126617e-01 -5.124256432622129598e-01 -2.352506716215178706e+00 2.125634681880341492e-01 -1.881816201667673577e-02 1.674339089867679931e-01 2.597269183197851161e-01 -1.851993014672954629e-01
3.546284078168634224e+00 1.361131816738359257e+00 2.428595099005364383e-02 -3.287656965108222140e-01 8.225554609156794372e-01 5.188349445122786285e-01 -9.813203865655186320e+00 -2.765560964799062549e-01 9.441570988195750747e-02 -7.804217028351950747e-01 -5.137362461167874206e-03 -2.492779390569105080e-01
-4.136338503805914862e-02 -6.828061445606430357e-01 -7.026856561193886019e-01 -8.018698739977909995e-02 -2.226335282065055043e-01 -6.076694134629577748e-01 -1.788881056167966443e+00 -4.709852281652179284e-01 -4.509407824334902837e-01 8.011925955708160130e-02 1.525348299815333375e-01 1.764529641304429103e-02
-2.079040181895201567e+00 -3.855559933617940249e-01 -7.212291065244570420e-01 -4.745140478850878168e-02 -2.349957642314232764e+00 -8.915343982738244133e-01 -4.623359119876356615e+00 4.775911583064895716e-01 -1.690040697567979089e-01 4.557885058484870133e-01 -2.842768148454227067e-02 -4.436763648551141359e-01
-5.019695715854708418e-01 2.786944864607298067e-01 -1.792965253746586773e-01 4.794078108059345728e-02 5.391576994889251129e-01 -7.135881982309227878e-01 -6.430794417154276132e+00 -2.899584042659881233e-01 -5.150852290305826253e-01 1.062987280894149844e+00 2.467417679366318978e-02 -6.045708869713602995e-01
-2.631953434975661810e-02 -3.545939531513075393e-01 -7.819480364272521911e-01 1.803771732435297537e-01 -5.208674265849845497e+00 -5.232099670460848007e-01 -1.785029321953021109e+00 -5.259631609818570253e-01 -1.852884247767104808e-01 2.637009174976154391e+00 -2.263963184222613501e-01 1.425557231403399849e-01
-7.365949504215295596e-01 1.140786117896858964e-01 2.355672627965827715e-01 -1.477580089494636428e-01 -1.127890298557414628e+00 -7.711749169456737496e-01 -3.977037686771830671e+00 3.715756938827781686e-01 2.153793972143083681e-03 -1.331723808806564158e+00 2.756769920418709607e-01 -4.262033043525824683e-01
-7.901501445774893051e-02 -2.690126949387326993e-01 -5.106528784877292226e-01 -3.000652626283609181e-01 -3.606085812988347739e-01 -6.332840289088722541e-01 -3.417053271486605759e+00 -6.323701569172571202e-02 -3.444678357373320843e-01 -6.190118326139448790e-01 1.359167581666496649e-01 -1.258932053929024408e-01
2.147932718005599373e+00 4.760524507273561357e-01 6.886044471378724996e-01 -7.330177078852312400e-02 2.340066742956162127e+00 4.140836822680831752e-01 -9.308940072033205837e+00 2.817064707006781132e-01 -1.691398913272627313e-01 4.374751106047075622e-01 6.852657013574637787e-03 -1.195196461795549475e-02
2.637273410572373300e-01 -6.706645300567478651e-01 -9.935120846582137233e-01 -7.112722599158752268e-02 3.805728279695844152e-01 -2.759748452919389416e-01 -1.588363957655031022e+01 2.360996082292782794e-01 -1.946989588032868868e-01 -3.488215226595663965e-01 -2.078227239358327039e-01 4.045446021324705099e-01
1.424918175118032419e-02 -4.621875681315080198e-01 -1.461422410616468825e+00 -7.298207130429716916e-01 -1.007904793274761568e+00 2.581373115684084119e-01 -4.378488514107376162e+00 -3.325104399467991301e-01 -4.027702672019519148e-01 -5.665179878784047940e-01 -2.846364137107326373e-02 -1.364837977914043314e-02
-8.103133868607856338e-02 -1.181682837626254062e-01 -4.049611013144077676e-01 -3.383620768857057426e-01 -2.981067560008106576e-01 -2.032689902626929335e-01 4.995266177403989705e-02 -6.048879387472807512e-01 -3.101029230688009397e-01 -5.172681057909678248e-01 1.518682147670303018e-01 8.238454222105340286e-02
-6.399947103383949454e-01
-1.032303438915493699e+00
-1.301928152369442870e-01
7.543114773834159736e-01
3.847809210696242488e-01
1.553166630454904551e+00
-3.727205590076956843e-02
1.138343714574854143e-01
2.949727430458624511e+00
2.375379128175363341e+00
-9.472037573080630546e-01
-1.201698388108673465e-01
ReLU
0.1
12
2
3.540549524181570984e-01 -7.906981208379922910e-01 4.640609888513105852e-02 -9.406080903545970262e-01 9.040977678080426294e-01 -1.386812581229943442e+00 -5.171144751226652153e-02 6.443932302525945399e-02 1.728508746778239846e+00 5.635954587100169277e-01 2.818129365846348822e-02 4.509865166310624007e-02
-2.002261515932233504e-01 -1.176022831837802318e+00 5.814416405811203420e-03 -6.491479318382783470e-01 -5.329668099092121220e-02 -4.569126270471727813e-01 -1.806823527444217925e-01 -2.166036618519236873e-02 2.171433752593072253e+00 -8.914849369602184659e-01 1.192992866038221182e-02 1.256020598256844256e-01
5.439097761127133168e+00
5.332054110399147895e+00
Linear
0.1

ct 2024-06-03 20:51:29.325772
