noname
4
4
4
8
1.734591797712317640e-01 -1.811513207455209828e-01 1.739223508462245249e+01 1.560859917083849968e+00
-1.416063599531830253e+00 7.799523203986103992e-01 3.375876251662263794e+00 1.761545442644282922e+00
2.188100638827010780e-01 6.383584417573858749e-01 2.143185732522121523e+00 1.343025554389147835e+00
-6.034526165299644029e-01 4.760503431492172921e-01 2.697054443533375334e+01 4.526132456691748907e+00
-2.026522708054058763e-01 -8.783952626578181988e-01 2.176395896001973185e+01 2.002603611476846623e+00
-2.309641935532670901e-02 2.064258710011030118e+00 1.843817720206292199e+00 3.857599105266515505e+00
1.311010753587825983e-01 1.315697747576576593e-01 -1.411327558981625652e+00 -2.157594385943449045e-01
1.593537245665697322e+00 2.393661100999768809e+00 -5.237646525035556166e+00 2.654902059860524965e-01
6.087788120959458205e+00
-6.161856942625385081e+00
-9.529677447056361217e+00
-1.416003248550721683e+00
1.524090535703227722e+00
-7.708544846931117078e+00
-3.957320139238607482e+00
-1.027219723244271243e+01
ReLU
0.1
8
8
1.667208717659500739e+00 -1.092372729483065630e+00 -9.390003047462561758e-01 -9.734491129465472348e-01 -1.255712868116250158e+00 -1.789001641784283114e+00 -1.236206017352346143e+00 1.259925671666851210e+00
-2.910814272937421732e-02 -8.274612880879497756e-02 -2.614609334385425976e-01 1.000000000000000021e-03 1.000000000000000021e-03 1.000000000000000021e-03 1.000000000000000021e-03 1.000000000000000021e-03
-5.856309813292304156e-01 1.959795184815416313e-01 -2.640745410898189816e-01 -6.437720366684636097e-01 1.000000000000000021e-03 1.000000000000000021e-03 1.000000000000000021e-03 1.000000000000000021e-03
-4.708336683674884671e-01 -6.023728574349245246e-01 1.100000000000000066e-03 -4.987771670747744301e-01 1.000000000000000021e-03 1.000000000000000021e-03 1.000000000000000021e-03 1.000000000000000021e-03
-4.815518733873475066e-01 1.100000000000000066e-03 1.100000000000000066e-03 -5.552606892815963313e-01 -4.751947417515812733e-01 1.000000000000000021e-03 1.000000000000000021e-03 1.000000000000000021e-03
-6.455404615039136429e-01 1.100000000000000066e-03 1.100000000000000066e-03 -7.372965019350209426e-01 -6.389208986154569780e-01 1.100000000000000066e-03 1.000000000000000021e-03 1.000000000000000021e-03
-4.838701269474639521e-01 1.100000000000000066e-03 1.100000000000000066e-03 -5.335779942049747593e-01 -4.917707942477264060e-01 1.100000000000000066e-03 1.100000000000000066e-03 1.000000000000000021e-03
-4.896640447988276357e-01 1.100000000000000066e-03 1.100000000000000066e-03 -4.826808430734401689e-01 -4.916932954094760944e-01 1.100000000000000066e-03 1.100000000000000066e-03 1.100000000000000066e-03
-5.618786165488184534e-03
-1.311280582877847600e-01
-4.028056130233229615e-01
-4.696622212721211498e-01
-4.874864961005079822e-01
-6.489089485118179068e-01
-4.826349534159153909e-01
-4.887625408833194962e-01
ReLU
0.1
8
2
7.049990873279122772e-01 8.190850499825104436e-02 1.687284142138694987e-01 8.128854092701967016e-01 -4.827679581738018588e-01 -4.098398093156077615e-01 -4.851756643164903959e-01 -5.001453995024586208e-01
7.058162405649052173e-01 5.617391046390825954e-02 7.214039533208572996e-02 -5.236068336561219283e-01 -4.783537272190642176e-01 -2.332803412750259764e-01 -4.850657779367792966e-01 -4.766204325173226120e-01
2.098973614709946478e+00
1.997638136997423874e+00
Linear
0.1

ct 2024-06-16 10:24:16.414553
