noname
4
4
4
12
5.314757188311016733e-01 3.818623809229129695e-01 3.489698651121226902e-01 7.289761773707292836e-01
4.605533791503458318e-01 1.860045010255937659e-01 7.682110571842107882e-01 3.367786356563652328e-01
3.445359179767134572e-01 8.690686910589622283e-01 8.447201383906915995e-01 2.227056740244039157e-02
3.370457491163904029e-01 5.110702546697184490e-01 9.935842915263214392e-01 5.293383257065016334e-01
7.372528555809597650e-01 -8.033847562062630676e-02 1.057513101661085309e-01 1.002225426524018248e-01
5.739965795327827136e-01 2.250184660608895992e-01 6.690349340089708496e-01 8.885383376647180975e-02
7.240789313024461604e-01 4.756837087900729899e-01 2.328664878405560246e-01 5.756879584669183370e-01
1.752619626951470444e-01 4.138875784329026364e-01 6.864422492589509206e-01 7.133899019731517743e-01
5.545931862861203793e-02 7.495607911488333386e-01 2.046812452155716833e-01 7.408848019925095008e-01
4.681296302473322846e-01 9.079728498851802332e-01 7.462474686380036193e-01 3.807533445735343802e-01
2.347316849839556352e-01 1.877687820150936854e-02 8.208634548357075511e-01 8.379878456749815241e-01
7.277474951926808933e-01 5.242987984002515089e-01 6.075992093152631224e-01 7.986200842150693591e-01
5.733709757424677589e-01
5.975982568916056170e-01
-7.203357535004388523e-03
6.873137823809065683e-01
7.923095808614536439e-01
1.641997896247728295e-01
4.539188155998883367e-01
3.317403400558991966e-01
8.009312490593776257e-01
3.339949424463595218e-01
7.213347862443403313e-01
2.797994754686661256e-01
ReLU
0.1
12
12
1.303723090817678898e-01 1.051507476945981567e+00 1.585370629784940144e-01 7.582463085769897138e-01 4.732572710169831165e-01 5.614209537750488588e-01 8.654375701584404723e-01 1.049818533361068118e+00 1.070726605518244057e+00 2.295318581835184557e-02 4.638031355758522323e-01 1.511807708198759648e-01
5.429866394800546558e-01 1.467571524572190422e-01 4.071352021355582884e-02 2.685271504074303595e-01 5.823303415117732085e-01 4.567428888914705776e-01 8.605631020415025478e-01 2.904560738591468461e-01 3.458236694174853798e-01 5.886579782135102912e-01 1.028701858088920673e+00 9.470786279532804608e-01
3.356031795844494070e-01 5.770065405615859566e-01 5.740434699199008506e-01 5.823984169070537398e-01 7.602461194170432313e-01 6.592869439272768251e-01 8.599766906401333788e-01 7.024773671669876096e-01 5.911496148539566731e-01 5.639925547526443150e-01 4.928417449333301059e-01 6.996581846308178587e-01
3.337469199697365441e-01 7.433628317993040691e-01 4.081755556752214575e-01 2.043670124559510831e-02 6.810065016381634528e-01 2.511728682848654026e-01 -1.554713218074896264e-02 7.247474930662421988e-01 5.940866331995646732e-01 3.907203949141476174e-01 2.003908585191151448e-01 8.498735189583103145e-01
6.626139269870783277e-01 8.310090892965248388e-01 4.542638733794969741e-01 8.437989977487119209e-01 3.722111800076223775e-01 5.789966328132105655e-01 4.327576854624793357e-01 8.395703510983454354e-01 -2.875088279550106624e-02 8.246030990695532026e-01 8.228175763962524147e-01 9.379128964651753941e-01
1.642687209518291502e-01 8.365615465925808625e-01 8.067364352302929253e-01 -2.772656987326840156e-02 1.289635939401570786e-01 2.391070324930144320e-01 6.846272461630531492e-01 9.508967708579558753e-01 3.849359727174153645e-01 7.876381480071035224e-01 7.196314489802161374e-01 3.757057476643694827e-01
7.836904270584200694e-01 1.623467657350927684e-01 3.261625869598276384e-01 2.902378394731443545e-01 6.911668957526299062e-01 5.981047828391415910e-01 5.391174862964924763e-01 2.316173463989559811e-03 3.238570184439402144e-01 6.336906378436372167e-01 5.456519147855291019e-01 -9.241600883762690621e-02
-7.171034439028911578e-02 3.297052192118523073e-01 8.257096126968250793e-01 6.562351846908480724e-01 5.154957655571585917e-01 5.715445638591871713e-01 1.546939901269212547e-01 5.447344622666080438e-01 5.582494376121885926e-01 1.512642873865104320e-01 8.048105652896166973e-01 6.662467744207116738e-01
4.667619991824598080e-02 7.813173294348847442e-01 2.021765929480596746e-01 -6.803835596599656921e-02 5.185113740615121536e-01 7.284112401472997433e-01 -7.160278220671545402e-02 7.182301436741670431e-01 4.593436862300594170e-02 2.719269742540689760e-01 4.182106282572490841e-01 5.776465304068864048e-01
4.024553428602014038e-01 3.691301187710097631e-01 6.982030844572163497e-01 7.510266907212177490e-01 4.872146656418935851e-01 -1.009750239292276225e-01 -4.018207448107963264e-02 4.970744800114823558e-01 3.770478173616323980e-01 3.007695253443910810e-02 9.546930418827544174e-03 4.544672841750008185e-01
4.513414236294978066e-01 5.705803499058111905e-01 9.196685207653930716e-01 5.771578685696261424e-01 4.840687454641847687e-01 9.503542771716542159e-01 6.608359922902016237e-01 9.921374801317368597e-01 4.969435402495641640e-01 7.760760420975906237e-01 2.920601871900546098e-01 9.278784752064707098e-01
4.742763107974912185e-01 -3.318485893408104070e-01 1.481037786560678304e-01 -2.439993448239669571e-01 4.557845729985051109e-01 2.339656974555361368e-01 -1.195153851244102755e-01 2.243838651244005611e-01 -2.403009883033088712e-02 -2.248019818764147859e-01 4.191134745656452942e-01 -2.320221067095229461e-03
1.007242110876327867e+00
1.172016069627447310e-01
7.211364017650181424e-01
4.812768404987060045e-01
4.086824590182255856e-01
4.752171416570512563e-01
2.987318741896084484e-01
6.763432799538465767e-02
6.283679332815345076e-01
1.077903390778071485e-01
6.939038659920685470e-01
5.224551376422333915e-01
ReLU
0.1
12
2
7.629527430535586463e-01 4.619936443658125835e-01 9.620550936174401269e-01 4.309441633461010279e-01 3.020215017536799773e-01 1.235290175615743891e-01 1.036250680377966749e+00 4.723015315491465582e-01 1.457237707321147602e-01 4.491547704639601291e-01 4.624677548603344235e-01 1.482217507656277689e-01
3.369085477224710856e-01 3.191996569253410798e-01 1.029527968264613680e+00 5.668805276417617778e-01 9.292898684390177300e-01 6.275204979728731258e-01 8.880414403836004444e-01 4.948441912942048715e-01 7.128461358792800850e-02 5.770873996117130700e-01 1.908190227811539796e-01 1.215473523156548191e-01
4.209863041630063085e-01
3.729798723177432107e-01
Linear
0.1

ct 2024-06-10 19:30:43.378930
