noname
4
4
4
8
7.600611053233810033e-01 8.708042705499127178e-01 8.989681906504370934e-01 2.738956382298168291e-01
1.408907873214863271e-01 2.602588336309929473e-01 2.661261463386934145e-01 8.614365525720849570e-01
4.469859127219897865e-01 5.088111192493652846e-01 8.492215372453530975e-01 2.574732914956611718e-01
6.718320437102028864e-01 4.554333799602552357e-01 9.977077503997032748e-01 7.989271714598150664e-01
9.018123552692729472e-01 4.828321414260385303e-01 5.795115569381359411e-01 1.915563563500307931e-01
3.165107537158983186e-01 7.979562638234775074e-01 -1.643608281877431947e-03 4.058769447970962951e-01
7.115486340313630365e-01 7.371651718669014475e-01 2.060263949805913042e-01 9.655780894992958829e-02
6.179966288329280522e-02 3.727030907057704567e-01 1.894540769758620846e-01 4.588899004277608440e-01
9.853358964992772195e-01
9.911405974149647413e-01
4.582796449352147805e-01
6.640078409495174527e-02
2.327252668698903681e-01
4.878702958829574388e-01
1.850623077633803959e-01
5.452739594951734325e-01
ReLU
0.1
8
8
-2.807307592300932519e+00 -3.027297449423193676e+00 -2.783798486952204776e+00 -2.835384053437095098e+00 -2.753751510356132748e+00 -2.766002227313396844e+00 -2.571981207120072277e+00 -2.492444511740667501e+00
9.774836854208125425e-01 3.761303507086685705e-01 3.539235832550103877e-01 4.011996666526970734e-01 9.057730063864571912e-01 3.346879868819248594e-01 8.262660376317222388e-01 2.342685187016596560e-01
-2.502924718816786687e+00 -2.574252844677668683e+00 -2.775486214792984629e+00 -3.063773311841853531e+00 -2.620653278629228922e+00 -2.431912840282627997e+00 -2.801602045740450908e+00 -2.472963617380034229e+00
4.934468515135271849e-01 4.757146557510182339e-01 7.023737658671325157e-01 1.503629195961618259e-01 4.801287030822837254e-01 9.000762451919780416e-01 3.545527723137673060e-01 4.292519837573189889e-01
9.004834307593932996e-01 1.744388749239512149e-01 7.503626383853950754e-01 2.067766856230878747e-01 4.690381157341463880e-01 2.835753197057244365e-02 2.458426158563810915e-01 5.798495176655437122e-01
2.958432124823509243e-02 1.799902076794402117e-01 2.596675534712438727e-01 7.130553865622631937e-01 4.534555127867684887e-01 5.514199858231831897e-01 6.771193702501535627e-01 2.746091929846382063e-01
7.682886325064322008e-01 6.151151911032935043e-02 4.932535427716704113e-02 8.657578254540286844e-01 7.914912878277340358e-01 2.925300672333246421e-01 1.502057717513840818e-01 1.225389605553303674e-01
5.851407134237397445e-01 1.247231138214090901e-02 2.083199842941976243e-01 6.801266276318435056e-02 3.160331283575127936e-01 3.648842115973949252e-01 -6.069034703828089405e+00 2.907802475496389927e-01
-2.665095515344160670e+00
5.897866911600202489e-01
-3.119299491058780571e+00
7.256037386733408256e-01
3.590707248913861949e-01
8.809076045341556194e-01
9.391075896716991611e-01
3.850084040956746612e-01
ReLU
0.1
8
2
-2.537379796901740647e+00 8.021524215235179556e-01 -2.410952160364829844e+00 2.791715281019532813e-01 2.721531284193800526e-01 9.303581698599375782e-01 8.904769144693246430e-01 9.611603197328154602e-01
3.170022093509629713e+00 3.038913287470832447e-01 3.174131566182989861e+00 8.963720676352329164e-01 7.600848872545599155e-01 4.460558161999836901e-01 7.367988216590254380e-01 2.109548060195422237e-01
7.045478110579475040e-01
8.773998576853190290e-01
Linear
0.1

ct 2024-06-03 12:14:10.919668
