noname
4
4
4
4
7.075611412295337299e-01 3.215528272904746299e-01 9.618066815855633722e-01 9.811278199703250547e-01
6.611322695738500954e+00 8.517609505144320414e-02 6.696843484518497647e-01 -5.964890187356399309e+00
5.267414709544161466e-01 9.228002618361866860e-01 6.165684078950824931e-01 2.973121079483975748e-01
2.873894940822718791e-02 8.669304716227876559e-03 -2.157899024616901501e-02 -2.314401991756340031e-03
3.129331310217834949e-01
3.761893993574144668e-02
2.738876591862376975e-01
7.669431205474605150e-05
ReLU
0.1
4
3
8.661069677359686247e-01 4.753227547396955965e-01 7.297103668547726407e-01 -8.932268705431603475e-04
8.500324411993668283e-01 -1.328469790662147598e-01 8.165115117976914361e-01 -9.617473872578964243e-04
3.138271032024368967e-01 3.115989193855903117e-01 8.194911028041843570e-01 -9.696738004667271663e-03
4.874525494079576804e-01
7.927319244818291644e-01
6.007430376105058617e-02
ReLU
0.1
3
2
4.118009387616671235e-01 4.228410840547970340e-01 4.605627319884057769e-03
5.970216576154053767e-01 5.894395772934312161e-01 1.976228583629489888e-01
1.007687269107629291e+00
5.891128669366850756e-01
Linear
0.1

ct 2024-06-15 22:57:49.410300
