noname
4
2
2
3
1.816311443157946348e-01 5.133480659929884338e-01
3.467462832592491107e-01 7.097113515811324103e-01
6.272183213835843540e-01 9.582571831804687079e-02
7.193042365897528434e-02
8.188196223125780993e-01
6.856663513195611070e-01
ReLU
0.001
3
2
1.700725247921320571e-01 1.138146512192122171e-02 5.809502720338295678e-02
7.118403086207935049e-01 9.405805495291392759e-01 7.171025882137358476e-01
-1.573712809504927354e-02
8.866118935076285901e-01
ReLU
0.001
2
3
1.626144828011388821e-01 5.018708925206161187e-02
6.872175482771719635e-02 7.053927609548886479e-02
5.754505474732195536e-01 2.309225668086718752e-02
7.140385514937923617e-01
6.787092941510630695e-02
3.792723503581960087e-01
Linear
0.001

ct 2024-06-06 11:27:16.404679
