noname
4
4
4
8
1.440213939810898180e+00 4.550280896563883848e-02 -1.128049382723498528e+00 2.789169133084583585e-01
-5.725582598896523656e-01 7.273695533324899820e-01 1.522465258071045380e+00 1.844954358938855621e-01
1.505134871369006921e+00 6.087618141933652804e-01 6.463822825828927643e-01 6.505988826423881877e-01
5.432419019414652661e-01 3.140578655734300728e-01 1.134486587461351448e+00 4.853667756590136495e-01
-1.462088789141926248e-01 8.022882240621275196e-01 7.829957321349588772e-01 4.521924267492412053e-01
-1.119705944957497534e+00 5.799192211040149481e-01 2.785012919178531110e+00 -1.583907181577769996e-01
2.865693848506038477e-01 1.126798855004605082e+00 9.178109879196765242e-01 6.046362739474707704e-01
-9.923742954252716686e-01 6.003947817840185053e-01 5.832105312050763324e+00 6.195705303117822194e-01
-1.610603048045270436e-01
1.604424683208773572e-01
7.870118201474518571e-01
9.606079460972776207e-01
3.052828799847537300e-01
-2.395407021662343816e-01
5.143242464895123600e-01
-1.377694484487446136e+00
ReLU
0.01
8
8
-6.274127411053668224e-01 3.065305016850692343e-01 3.172278413965011756e-01 1.146549190144610930e-01 -1.934535325908655068e-01 3.993850658271828613e-01 -4.508242110920217260e-02 -1.523221791602789699e+00
2.359880871376033862e-01 2.543990640285802018e-01 7.073451009081594965e-01 8.632890556561045869e-01 2.519388305986985377e-01 5.822530920348559791e-01 2.799213714015908461e-01 -2.448086494488480369e+00
-8.895994466513128252e-02 -1.184294054051302988e-02 5.012467496517901688e-01 5.553168984992770119e-01 -2.842100356315278020e-01 -7.804730615560859230e-02 1.427416664703176630e-01 -2.061302469414745708e+00
9.034182060060863377e-04 -2.744755786353224036e-01 -1.267726265238154279e-02 8.254726440309412272e-02 -5.018928691927110330e-02 5.588292847737963420e-02 8.886697234574678084e-02 -2.993158586801205612e+00
4.161519867642095027e-01 7.280775366834298101e-02 5.389588653142116659e-01 7.448393621097402217e-01 3.656039787007439590e-01 9.331336470601485633e-01 7.663237194739864755e-01 -2.451154864027449864e+00
-2.318214518379283374e-03 7.571254278391540415e-01 1.039852244132234843e-01 8.840570205397083603e-01 4.148106177034572850e-01 3.786293976177712017e-01 3.756087621005560484e-02 -2.111616629095276920e+00
1.083712791443042639e-01 -8.039235824643570227e-02 2.396419473570885195e-01 4.276233986997249881e-01 -1.594945430801207598e-02 -3.337342473965922429e-01 -2.890196061393750931e-02 -3.206558737341317133e+00
-3.230777645380275009e-01 2.500896522180638334e-02 1.213738721599175174e-01 -1.664543654001169604e-01 1.960698782087298142e-01 -2.949281470019672891e-01 -6.627434005069900158e-02 -3.985219004333440673e-01
8.965112086907346400e-01
6.659838198287649780e-01
6.273330692120984153e-01
1.081709232412671584e+00
4.669069225037684734e-01
4.470771887176314130e-01
2.192475669440541175e-01
-1.495584338215983078e-01
ReLU
0.01
8
2
4.434983080431618152e-01 8.443541588726619640e-01 8.018717458281520161e-01 1.335740860593978674e+00 9.388097567211483030e-01 5.434200642022612993e-01 1.166564174094023354e+00 7.174344441090244051e-02
6.287195822198072825e-01 8.685937852290268602e-01 6.223036069786438418e-01 8.103759353112405250e-01 9.676464812613018163e-01 9.491943962715154726e-01 7.783381198412664403e-01 1.368047857325561251e-02
9.890703761613304223e-01
8.917776443053668789e-01
Linear
0.01

ct 2024-06-02 21:29:40.605958
