noname
4
4
4
3
9.234651737264762961e-01 1.868964878630769433e-01 6.733535941915103962e+00 6.561570231286878441e-01
3.192898450992105452e-01 7.576978772891714842e-01 6.802227822802989765e-01 9.774729350446346166e-01
9.688575165135437928e-01 4.088121144907219118e-01 7.427898523680400711e-01 4.451428447559291901e-01
5.462316167368073128e-01
7.071581159780203629e-01
5.654542048420337919e-01
ReLU
0.1
3
3
4.312185181236607434e-01 7.459951056589599894e-01 2.025930598478490052e-01
2.831228358181432370e-01 9.547410120349032470e-01 1.389641315023332213e-01
3.321009382970004364e-01 9.194530301876223666e-01 8.149983045382787061e-01
3.088269320905587256e-01
2.143249813701060269e-01
1.280991515899157773e-01
ReLU
0.1
3
2
6.429751442751958923e-02 2.372474771714102107e-02 7.126182135522532990e-01
7.276997808840668380e-01 1.461989960858725568e-01 2.489952964928328003e-02
1.048587313795647846e+00
8.584276677012638856e-01
Linear
0.1

ct 2024-06-15 22:50:15.687895
