noname
4
4
4
3
1.034955695724154578e+00 2.376598363732146946e-01 6.518735736969643035e+00 5.854582868704353293e-01
7.138544781258490124e-01 8.304420648738208843e-01 -4.053319220636137504e-02 8.502637843133634687e-01
1.306628148250209343e+00 4.479742285763227416e-01 1.371959048372607959e-01 3.661500066044675039e-01
5.642184012977509155e-01
7.404915311609004958e-01
5.846931480962639371e-01
ReLU
0.1
3
3
2.640461072569563750e-01 7.165946961633824497e-01 1.982065867570247664e-01
2.916711254784328244e-01 9.485797165416265386e-01 1.361956824233119534e-01
-9.793708056745586976e-02 8.853310091860361331e-01 8.203278592156288962e-01
4.291434881088811437e-01
2.279262333712402944e-01
3.143072446622005023e-01
ReLU
0.1
3
2
-7.095626110027652977e-02 -1.086587296594630908e-01 6.514078583547604495e-01
6.608871034444300241e-01 8.320671474728937034e-02 -2.289138077355657233e-02
3.009813347073927225e+00
2.046815971672410139e+00
Linear
0.1

ct 2024-06-15 22:50:45.580097
