noname
4
4
4
2
-1.533865418558594262e+00 -1.989468444754444620e+00 -2.749430885947458769e+00 -2.271889591812782605e+00
-1.168668247724585496e-01 5.640987605663618787e-01 -5.917235886420900925e+00 1.057352982151872789e+00
5.412421551911625883e-01
-1.442356251240559661e+00
ReLU
0.2
2
2
-1.606282597192494555e+00 -2.313246903398101240e-01
-3.616631921010415307e-01 5.950792474793339393e-01
-4.191401861516208527e-01
9.993102474224778708e-01
ReLU
0.2
2
2
8.963125605343121027e-02 1.317071837268379841e+00
2.340633514187168696e-01 2.361562882220404613e-01
1.477035713721129850e+00
2.017220402032343873e+00
Linear
0.2

ct 2024-06-12 14:13:52.355876
