noname
4
4
4
2
5.786933829388416495e-01 1.092612470669856561e+00 -1.320594605247031317e-01 3.830179745977663752e-01
9.316917996770901489e-01 3.521424241523632981e-01 2.526588755847927192e-01 3.266229737444246717e-01
3.248400772255897184e-01
8.188528605905311120e-02
ReLU
0.2
2
2
2.868132317537096937e-02 5.764318400554173660e-01
5.648022593046848616e-01 6.832651224603232265e-01
3.133783462111291995e-01
3.127975014223678407e-01
ReLU
0.2
2
2
3.940589460032212776e-01 6.830540793202319882e-01
6.305938151876036013e-01 3.639252218327696520e-01
7.419979645100549526e-01
3.812653618527830357e-01
Linear
0.2

ct 2024-06-12 14:09:45.573985
