noname
4
4
4
16
3.393687391834312894e+00 3.696032030784344169e+00 -2.529465538185879492e+00 -2.379963472937939528e+00
3.440277671358167755e+00 3.896230109890099325e+00 -2.872616330691790676e+00 -2.489276884486514074e+00
3.510116438385689985e+00 3.674888737431880603e+00 -2.576950354255364672e+00 -2.958545913414000861e+00
-2.335665343678805961e+00 -2.548676716302380463e+00 3.410466942655429712e+00 3.182427495130368822e+00
3.315015579277393432e+00 3.588546746267903487e+00 -3.148737863918996904e+00 -2.931200598842266025e+00
3.615196120153861159e+00 3.373074259764339722e+00 -2.511633389492772483e+00 -2.330740703982251638e+00
3.360059810019010662e+00 3.968837839432578729e+00 -2.668651337643883181e+00 -2.950271746599563372e+00
3.515363772997962322e+00 3.558473719571195737e+00 -3.056042512818553991e+00 -3.113756499696012536e+00
3.551848620636047116e+00 3.983139518664728040e+00 -2.688042613286803828e+00 -2.773842613088466358e+00
3.810147809020365983e+00 3.627863988461822675e+00 -2.446348600251137650e+00 -2.427198094649618110e+00
3.704011658766301451e+00 4.127671203212153195e+00 -2.162530728449544082e+00 -2.255158502130097276e+00
3.403469371252809683e+00 3.647853255644506021e+00 -2.943792798679417899e+00 -2.222604191281868147e+00
3.701946016373061532e+00 3.222665486295638093e+00 -2.602367022422077625e+00 -2.399362676367780445e+00
3.899587835683278492e+00 4.039923705042071767e+00 -2.941908871629846267e+00 -2.416464506492101982e+00
3.786783991585644493e+00 4.034018509374980077e+00 -2.926958033232702761e+00 -2.523586628296158985e+00
3.354287438862236570e+00 3.252015992076116913e+00 -2.498445676781876568e+00 -2.463327435557591372e+00
-3.016077769695700184e+00
-2.457940716660615976e+00
-2.904657899918373420e+00
-2.445306914400440679e+00
-2.684613901634619992e+00
-2.752977847053462934e+00
-2.466908740901345709e+00
-2.664229895708458695e+00
-2.623466872483720458e+00
-2.347333520022393927e+00
-2.765377363769781383e+00
-2.425188287629420181e+00
-2.513770212284541561e+00
-2.218131623599632007e+00
-2.849405665530447607e+00
-2.636524108255242638e+00
ReLU
0.1
16
16
-3.001521755118875312e+00 -2.435506843614958061e+00 -2.628100082013055783e+00 -2.167975242652647072e+00 -2.597870556597150937e+00 -2.624179227519541246e+00 -2.308053130640983941e+00 -3.161320512133076299e+00 -2.598907296071449657e+00 -2.743585367185056079e+00 -2.786755527586973091e+00 -2.320313420775847124e+00 -2.727237785658592539e+00 -2.203837155701838135e+00 -2.893356341249870844e+00 -3.003379387368090292e+00
-2.913202846571042670e+00 -2.365071599588893569e+00 -2.346595243596949487e+00 -2.992819577601211201e+00 -2.692773255163083412e+00 -2.779274741435568519e+00 -2.408239892423467143e+00 -2.876365691127175772e+00 -2.219666831324240697e+00 -2.662136493954240901e+00 -2.968698635999244217e+00 -2.190377574756825485e+00 -2.816625075035312342e+00 -2.888356494094337368e+00 -2.675115111984567307e+00 -2.371667681373501591e+00
-2.873320778261432284e+00 -3.151678155480625687e+00 -2.613502734194117050e+00 -2.965545954990731925e+00 -3.105589204552397398e+00 -2.777249344754622040e+00 -3.060089209969725665e+00 -2.849116008976908532e+00 -2.696392720302073442e+00 -2.737422020431055536e+00 -2.382162314156829552e+00 -3.018136957119952335e+00 -2.735384829162867959e+00 -3.111685447844430019e+00 -2.205176376427800733e+00 -2.306067195232743394e+00
-2.484456633234975786e+00 -3.003928608840116254e+00 -2.689713328567933992e+00 -2.171578853333216763e+00 -3.099768557498353783e+00 -2.422737927441804384e+00 -2.187357300020950301e+00 -2.632540424623555086e+00 -2.312474761756324604e+00 -2.365839669553378322e+00 -2.887700093265639811e+00 -2.414869015336526648e+00 -2.451385234951522385e+00 -2.172831392101465475e+00 -2.239212229920648500e+00 -2.984801075347657040e+00
-2.721070510693465838e+00 -3.139592066814076876e+00 -2.481554692306619625e+00 -2.927915624880237822e+00 -2.700134306412883767e+00 -2.589482795479771227e+00 -2.512071221001153098e+00 -2.237736372837643373e+00 -2.343835178544193543e+00 -2.313751416444945974e+00 -2.405887689250477912e+00 -2.399460322921203925e+00 -2.292394852803809613e+00 -2.896565575649287183e+00 -2.348181266388941424e+00 -3.012554718636852868e+00
-2.541090032650710651e+00 -2.468973198442665495e+00 -2.662266321459342944e+00 -3.004803806510796260e+00 -2.170460406555737798e+00 -3.104202801138007395e+00 -2.812499521602497499e+00 -3.152272635483178931e+00 -2.847501539681585925e+00 -2.708304902811494053e+00 -2.332073493836455569e+00 -2.633826091275074610e+00 -2.296070971879871081e+00 -2.813249786803770913e+00 -2.216336004702315066e+00 -2.730935423759750513e+00
-2.535131598023722788e+00 -2.442316843130897919e+00 -3.091278588889177836e+00 -2.463516852744143115e+00 -2.928378723123429950e+00 -2.507437065376430851e+00 -2.448632059410921880e+00 -2.416631206462103165e+00 -2.939455281737551218e+00 -2.887076615832826043e+00 -2.320475830375180237e+00 -2.263011079322363006e+00 -2.890192394509992990e+00 -2.881388913268534413e+00 -2.614616780263626872e+00 -2.410655350014346610e+00
-2.452608827282230841e+00 -3.093942353787038968e+00 -2.496307649088699954e+00 -2.385553400435173277e+00 -2.762819324334788273e+00 -2.931417849397251807e+00 -3.154314724185381724e+00 -2.796077364418517064e+00 -3.051788742272180777e+00 -2.673064542781415032e+00 -2.382691012787811591e+00 -2.978862219581336124e+00 -2.492514567955749882e+00 -2.233891987310558491e+00 -2.948648307977566940e+00 -2.416305696699009964e+00
-2.195018453181833973e+00 -2.880847095774115019e+00 -3.038788645318741821e+00 -2.433303730178229429e+00 -2.559398508121147220e+00 -3.008862675186799063e+00 -2.791216639785779385e+00 -3.075335025681224188e+00 -2.684240082661904836e+00 -2.362045177024047149e+00 -2.261070710496108305e+00 -2.958399783891518808e+00 -2.185476337375257927e+00 -2.950659192656721608e+00 -2.314491154163414777e+00 -2.319658849760393160e+00
-2.677476164070953679e+00 -3.133994670671405025e+00 -2.905170699118655442e+00 -3.060692908808920976e+00 -2.576739316628628984e+00 -2.319756198218473120e+00 -2.841407524757904035e+00 -2.382601088226182995e+00 -2.981928107708001541e+00 -3.052235821699152307e+00 -2.430572605869499192e+00 -2.863373894894380989e+00 -2.198957719744778050e+00 -3.120827722735457499e+00 -2.606842728624606753e+00 -3.030837385635059889e+00
-2.623000803350989507e+00 -2.694158233434832184e+00 -2.354985594104770374e+00 -2.723197808248279728e+00 -2.536087007232681323e+00 -3.010294493442827068e+00 -2.279749776803081218e+00 -2.530690719089173868e+00 -2.285210695030564398e+00 -2.625223812412373903e+00 -2.682613948244167545e+00 -2.207247237653398031e+00 -2.539716370094267095e+00 -2.777105181195016037e+00 -2.275513559513642647e+00 -2.435352599504883031e+00
-2.976693037046356238e+00 -2.314930567451627397e+00 -3.032900231892436960e+00 -2.347066733684596951e+00 -3.041770028067059428e+00 -2.919576941656692792e+00 -3.145741523380067406e+00 -2.176549907032941711e+00 -2.734485733250639150e+00 -2.697739234813396614e+00 -2.637281649262523509e+00 -2.891110644508629424e+00 -3.012098398416731548e+00 -2.673210794672952417e+00 -2.633408823392002329e+00 -3.094156106490494551e+00
-2.816216641731015269e+00 -3.075505957869384854e+00 -2.847461922754714436e+00 -3.127553538349291173e+00 -2.893194575692705328e+00 -2.950344389442395521e+00 -2.549524645134668699e+00 -2.806827364503305056e+00 -2.220545026427674706e+00 -2.803910062661439273e+00 -2.499346150488610530e+00 -2.388167776768065576e+00 -3.053612565189320005e+00 -2.605912104547537744e+00 -2.887016793741688847e+00 -2.765056848681798130e+00
-2.634542921646828351e+00 -2.248010026174592557e+00 -2.737401078967112600e+00 -2.862078507184745657e+00 -2.612060392564508060e+00 -2.833185850491735547e+00 -3.117797003361891139e+00 -2.447056006213063739e+00 -2.791294083823457672e+00 -2.357148839838583143e+00 -3.103147719626753620e+00 -2.286138032726555025e+00 -2.732023768096824679e+00 -2.257393889521353891e+00 -2.632806581956135261e+00 -2.452952977610829421e+00
-2.747254996638978763e+00 -2.718284639427441807e+00 -2.450481280629174918e+00 -2.535089281414628193e+00 -2.496088594805415894e+00 -2.230324990474168878e+00 -2.939464690134552249e+00 -3.131207881044701047e+00 -2.260073604169395622e+00 -3.150401039533549774e+00 -2.470714175211496499e+00 -2.804275620349284459e+00 -3.074432994102604066e+00 -2.893347999674831250e+00 -2.545369581090606292e+00 -2.326796049966743496e+00
-3.114470280792082324e+00 -2.235873311701219279e+00 -2.833493098719385372e+00 -2.438814194691203419e+00 -2.345762337625618699e+00 -2.901056702361212380e+00 -3.021054494403461188e+00 -3.072600330069388264e+00 -2.426356133845477991e+00 -2.413753671287202529e+00 -3.097360543605604644e+00 -3.001411653647507727e+00 -2.646993615507718278e+00 -2.676503901125114826e+00 -2.509340885122099518e+00 -2.827117024780716026e+00
-2.812541663320998531e+00
-2.823845617516614226e+00
-2.872039595513072641e+00
-2.655050055145534493e+00
-2.944739666944984791e+00
-2.253235127146024919e+00
-2.473394698288849725e+00
-2.332724310260064549e+00
-2.886307511212120147e+00
-2.515539635102620686e+00
-2.849239132760408300e+00
-2.450402075223316878e+00
-2.803715066184865545e+00
-3.015372089197307481e+00
-2.469803685008654437e+00
-2.845027072343323304e+00
ReLU
0.1
16
2
-2.497000677625254905e+00 -2.171721179365411647e+00 -3.004623159328852378e+00 -2.729770911813996559e+00 -2.784653024559106349e+00 -2.365237450098071292e+00 -3.083232590428990783e+00 -2.691000351515843825e+00 -2.897481134762954991e+00 -3.083250878440449760e+00 -2.818736640370109736e+00 -2.402469739687268735e+00 -2.611343155582319664e+00 -2.610619906784029443e+00 -3.159685872179630817e+00 -2.572401696030992557e+00
-2.876018554163677354e+00 -3.083692089035402706e+00 -2.352266376890798316e+00 -2.164613841751683587e+00 -2.959309590372349419e+00 -2.320763328502164491e+00 -2.380128764885012238e+00 -2.636126976360869900e+00 -2.561399411020862882e+00 -3.079511037553272157e+00 -2.894738350131400573e+00 -2.805738928993056991e+00 -2.835373755507433646e+00 -2.955945557757029274e+00 -2.828639727025178630e+00 -2.227442301018002446e+00
4.043034827444871304e+00
4.771663068696723187e+00
Linear
0.1

ct 2024-06-03 12:24:59.882453
