noname
4
4
4
4
-2.807498977911211391e+00 2.610673425855958296e-01 1.311123428993389961e+00 -8.932721076869912791e-01
-1.677401141453903344e-01 -3.131072066469383630e-01 2.771579746011874901e-02 -6.131675893241124164e+00
1.224740540863548111e-01 1.382496110372177123e+00 -2.439768918573314682e+00 -1.244960037315136159e+00
-3.110831152426530632e+00 -1.928735475422230228e-01 -1.987759172596802770e+01 -4.832103458625126025e-01
-9.070382465213160827e+00
6.358719430283282792e-01
-7.644857079698156532e+00
-6.422311148579239237e+00
ReLU
0.1
4
4
1.569535760927373458e+00 8.068744526017002094e-01 1.571535800105105379e-02 -7.306521310632319022e-02
-9.190898578894625137e-01 -3.627223801977600637e+00 -6.905496407184440466e-01 -5.200671007809392066e-01
-9.371378725524155406e-01 -3.951673409662664671e+00 -5.917935947563099930e-01 -4.294872065374343295e-01
-9.025291897260305785e-01 8.177113028506823866e-01 9.701349778314360961e-02 1.107596667707912097e+00
-4.472182462454113439e-02
-3.509543268759967916e+00
-3.862112289429561862e+00
-8.338126226986485312e-01
ReLU
0.1
4
2
6.723101699072324688e-01 1.788354736495077812e+00 1.562137587965511054e+00 -6.053714994400974936e-01
-1.022193233903566645e-01 -5.079556883276516999e-01 4.378394278409728280e+00 -6.618517330114686015e-01
7.759462800176953223e+00
8.288097685587453967e+00
Linear
0.1

ct 2024-06-16 20:12:32.434679
