noname
4
4
4
4
1.267237251854851809e+00 1.258872950430741655e+00 1.408923969023141209e+00 6.549962875978437848e-01
6.900088909006516502e-01 8.287308676812547015e-01 1.378988645824646531e+00 6.295882405896412459e-01
1.229197594090418288e+00 1.039486817382009765e+00 1.109948902051492547e+00 6.591786303616036236e-01
3.641255275186567886e-01 1.266135837508602480e+00 6.695564729226388678e-01 6.698692607556013812e-01
6.898494215352123371e-01
7.523739641250533072e-01
6.594197389520491948e-01
2.742704557862157833e-01
ReLU
0.1
4
4
-1.994179137235336796e-01 1.304913810465589963e-01 -8.903291355305878452e-02 4.214837789721633254e-01
4.819535369881385867e-01 4.566742173097914081e-01 5.328436221337379958e-02 4.449301173666960763e-01
6.032618974127369471e-01 2.233250913858486619e-01 7.148159455395286521e-01 1.948410634049552448e-01
-2.565949581200895335e-01 -2.966057437116672579e-01 1.991989326493462387e-01 -2.286100416567472537e-01
6.255466683878670997e-01
1.160566973501838128e-01
4.658970903862019730e-01
7.394486578832536461e-01
ReLU
0.1
4
2
2.707678177219358107e-01 5.277486780307412140e-01 8.628095277671712360e-01 1.129958869845681668e-01
3.396625330632431217e-01 5.539786297243519675e-01 9.912815979813763834e-01 2.077439194961777091e-01
8.927776180648988591e-01
1.110450853294551621e+00
Linear
0.1

ct 2024-06-16 14:18:14.100712
