noname
4
4
4
3
5.480085989489498211e-01 4.736758457834522318e-01 3.650552081404227489e-01 1.010863635247308157e+00
9.600769240942624849e-02 5.133617163017432927e-02 3.716294916150011396e-01 8.920866662652765511e-01
3.739435056598907486e-02 1.825151971343158541e-02 1.381498964119096895e+00 3.327573967583660752e-01
7.970827129973523384e-01
6.566317375806042245e-01
-3.195239991211830666e-01
ReLU
0.1
3
3
8.447368877152900968e-01 4.273905975550926217e-02 -5.178930007515570866e-01
5.408513461004172962e-01 8.674210836459427254e-01 -9.495448486047944336e-02
7.895847314173663756e-03 7.590189862454020941e-01 -3.865260646933987299e-01
6.508442107841284630e-01
2.229419698035543240e-01
4.068169080019145012e-01
ReLU
0.1
3
2
1.128061874738263359e+00 5.069117841069403774e-01 6.229805451552541395e-01
7.303592882949635490e-01 8.994242579868468868e-01 7.969344013749092293e-01
1.198967522073744574e+00
1.028931765357886663e+00
Linear
0.1

ct 2024-06-16 15:37:57.391044
