noname
4
4
4
14
1.305918990858921713e+00 3.412326773332319263e+00 6.743617117268392747e+00 3.817545996913282114e+00
-2.104010491061071964e+00 1.562445871056715729e+00 -5.603179215438424121e-01 1.139974270508540499e+00
-1.067508977064767883e+00 -7.382210074627552909e-02 -3.612302656257411648e+00 2.582333598520994422e-01
-2.406745680011198374e+00 1.575623486093928882e+00 6.432590517437365207e+00 1.302886060918538036e-01
-2.896197836238426859e+00 7.884912258015808195e-01 2.837207958866892366e+00 7.633478626131962042e-01
-3.129688693680657163e+00 1.661190407457200147e+00 1.590556436806151908e+01 1.323507982751068290e+00
1.839715245292457835e-01 1.783592772496070067e+00 1.636291408034099559e+00 1.719180431273540810e+00
2.468578776163024013e+00 1.154163468076116583e+00 -2.510674683026183462e+00 2.758271371205341715e+00
-2.940866249884402261e+00 9.101059758109600883e-01 6.229914612574265487e-01 2.082273771693288755e-01
-1.758928013617753860e+00 1.656066155939627249e+00 5.491325988821929904e+00 7.865317461696552659e-01
-1.118445220591304801e-02 8.444153559005179721e-01 -9.452596175009911894e-01 6.454747088042446235e-01
-2.149695367033876536e+00 2.043988919430875573e+00 3.015840515095466046e+01 2.746697149882090905e+00
4.306925461813213007e-01 5.971902417224180804e-01 -1.677220117277832712e+00 6.848588912501517578e-01
-2.467952276575725357e+00 1.674205660800346607e+00 1.952526470745755249e+00 6.305321016396493450e-01
3.537751275978362031e+00
-4.491440918383977632e-01
-8.563560378757186786e-01
-3.341709167415808590e+00
-7.975802859090841412e-01
-4.746302361016072169e+00
-3.179422687631522915e-01
7.239953119449726859e-01
-1.642326245375298699e+00
-2.859900509048184603e+00
-1.450931732170673616e+00
-7.368449485484449113e+00
-7.494342452036053537e-01
-2.073466657537730740e+00
ReLU
0.2
14
14
-1.192974976290537725e+00 -2.919902404649417083e-01 -6.422908974064884813e-01 -2.686031009152868521e+00 -6.030923804713321790e-01 -6.211516221142715510e-01 -9.336060717550747068e-01 -1.660535482174984034e+00 -3.965736473992829692e-01 -2.245543478386319569e-01 -8.680083990921913517e-02 -5.275133916661765010e-01 2.099263235679831585e-01 -3.134255765394442506e-01
-2.558378782895310843e-01 2.345219311606548673e-02 -4.544747955355709079e-01 -1.115719061103556786e+00 -6.381705898797688237e-01 -5.654545553808205671e-01 -4.979629749591796828e-01 -1.711743896740214599e-01 -6.577862409293095958e-01 -7.666869963496926177e-01 -1.493716333683846320e-01 -5.233127382334600286e-01 6.366679621510357157e-03 -2.235260892594422288e-01
-7.441471233156005560e+00 -2.531240207178556911e+00 -1.087013661545668697e+00 -1.610824331428945655e+00 -3.418700092884796593e+00 -1.130268235906157770e-01 -4.747809931682042794e+00 -2.041498524021540639e+00 -1.098552411152926345e+00 -1.582444623058144317e-01 -2.333972546782575819e+00 -5.285589996803756740e-01 -5.375976913820079695e-01 -7.197167555669451433e-01
-3.855897673841597317e+00 -6.341282983751206359e-01 -7.114465665002822625e-01 -1.487932380038131219e+00 8.436640274595996747e-01 -2.476936982460730546e-02 -1.146728814220086656e+00 -1.789133053016551456e+00 -6.408663689129697749e-01 -3.703914456188891480e-01 -1.812044900019211743e-02 -5.163540883643190638e-01 3.396447083759375762e-01 4.742357394578048946e-01
2.458139113709029822e+00 -9.480738780109872199e-02 7.186592058561031005e-01 -2.961140593056166725e+00 -8.973915503869957233e-02 -2.446704539554642732e+00 5.583993079059745845e-01 1.526229550415454383e+00 -3.667138596465484568e-01 -1.295451697887400222e+00 -9.439475999890217794e-01 -5.622906501376601085e+00 -3.195807504790553755e-01 -2.385175254217232130e-02
1.171380970241379327e+00 4.309710445831897996e-01 -7.620154803410625899e-01 -2.913830218025186269e+00 -5.526602617867665268e-01 -2.714459392988974873e+00 -5.286754185872045708e-01 2.215660500926251164e-01 -3.611888924564291559e-01 -1.686053822042284933e+00 -7.993755747239372766e-01 -8.452569976897803983e+00 1.115525481747957071e-01 3.724444598873070666e-01
-6.432906728450019651e-01 -2.794100585314909235e-01 -5.482038500583260587e-01 -8.331232070877584439e-01 -1.065061481413982714e+00 -6.387958449391240023e-01 -1.193128264692649099e+00 -2.077144706105212291e-01 -6.632141482118153464e-01 -7.400258691230859887e-01 -6.805099372620155851e-01 -8.440972956253446347e-01 -2.241931366268052617e-01 -1.230827048012079344e-01
-2.086612243387508392e-01 -6.406211763833535855e-02 -1.654710578076859506e-01 -2.451913202827258775e+00 -7.260668705553371405e-01 -2.869549221299359409e+00 -2.551926861909017963e-01 8.462133975032165578e-02 -9.109289217233725866e-01 -1.459097350222772205e+00 -4.696291682844516702e-01 -2.464920304090750136e+00 -4.649336231022657140e-01 5.227022589161256505e-01
-1.222298569788167200e+00 -1.439530887172193685e+00 -7.436080515136013203e-01 -1.665917191150330101e+00 -1.352813859194049062e+00 -1.124476512641611192e+00 -8.872662343736172907e-01 -1.440959739139340945e+00 -1.086881134527242665e+00 -5.055104319096019871e-01 -7.292943253071570986e-01 -1.184381010060197470e+00 -1.216562324710309007e+00 -4.605995504418974873e-01
-2.696309592824687185e-01 1.989388211403112991e-02 -1.254174315505228454e-01 -3.060977262834430057e+00 -9.877881837440409540e-02 -2.611340186518895656e+00 -9.603436302861477480e-02 1.300472313223482723e-01 -4.704935273999623080e-01 -1.139243288543847710e+00 1.661363553853761332e-01 -2.883097334067803441e+00 1.522658408584652290e-01 1.768432044044471532e-02
4.064930283830909263e-01 3.857790570355444648e-02 9.944886902813597496e-02 -2.611543099580156735e+00 -2.373432192700889731e-01 -2.694591257414836960e+00 1.744135056390894445e-01 -5.510113024583958019e-01 -2.458534622016753934e-01 -1.505365538887512455e+00 -3.145394259956779681e-01 -5.248474523411807979e+00 2.449146064633878905e-01 9.373065459015311740e-02
-6.916444948651057079e-01 -1.791347908287645729e-01 -5.934526709094096325e-02 -2.635478273837863039e+00 -8.226100928452144689e-01 -6.381460272267824863e-01 -5.302688494703682309e-01 -2.273849371346757520e-01 -8.871177397742773252e-01 -5.131769751647099476e-01 -2.952507574770064647e-01 2.346789923786383320e-02 -2.809994461693907652e-01 -7.636962204414465827e-01
-1.319332930011419824e-01 1.673566396284559554e-01 -3.025957783166164372e-01 -2.788247291684410989e+00 -2.263075356749318645e-01 -2.535060926651211410e+00 -3.589273179858794571e-01 -2.923342627106252367e-01 -4.102889687153714604e-01 -1.445722225801192584e+00 -4.330768112975680317e-01 -3.279876118222298853e+00 -4.874233237181120337e-01 7.806804484169692637e-01
-6.066769880160579609e-01 -3.788515392743345700e-01 -2.791557439611987990e-01 -1.736382660338048334e+00 -2.419060341263541414e-01 -2.198526988550358885e-01 3.955075090327292257e-03 3.900838849804834363e-02 -9.564645622472868203e-01 -7.552022357153066467e-01 -7.077315562442760832e-01 -3.654912661438105004e-01 -6.763988525475238267e-02 -8.529277227968468100e-01
1.770755651979474710e+00
-1.426032097188565384e-01
1.298339753631470916e+00
7.011097659132821125e-01
2.886204122825554830e+00
1.903222638894928265e+00
-1.994269343521328508e-01
5.372029007937779710e-01
-3.331843348738116051e-01
6.729641331869626875e-01
5.770418372584947830e-01
2.209646088784048001e-01
1.346775406896899285e-01
-3.379880713682829607e-01
ReLU
0.2
14
2
-3.775844629609096947e-01 2.448752064752065249e-01 -1.169782325799928913e+00 -7.327327868463739957e-01 1.728733000238156237e+00 1.051058947924411457e+00 -1.020077269675573606e-01 2.627733133327103676e-02 -1.006211716114746302e-01 5.233321088508188605e-03 2.645522267267184091e-01 1.727115836030678267e-02 1.438982952610284860e-01 2.881969768507037788e-01
2.799353473567944284e-01 5.100093136230311047e-02 -1.643534233709202264e+00 -4.289622281783035951e-01 2.354807443317300741e+00 1.074907926704100403e+00 -8.222977729773942590e-01 -3.597137470301668000e-02 7.255931518015054094e-01 -6.893694595491120514e-02 2.475040914117352664e-01 -2.033062740822084158e-01 -8.163629038201425381e-02 -2.290626751634713965e-01
9.459181958686938785e+00
1.024146144012093096e+01
Linear
0.2

ct 2024-06-12 01:30:08.328309
