noname
4
4
4
14
9.819216688143972416e-01 3.351231675247204223e+00 8.310274522571447164e+00 3.789388289076078387e+00
-3.910918926997492662e+00 1.423836419474311610e+00 -1.018772921183839220e+00 8.173417799020172847e-01
-3.207736584323456874e+00 -2.131409227943252271e-01 -3.580735293885616954e+00 -2.403471772006951501e-02
-2.406745680011198374e+00 1.575623486093928882e+00 6.432590517437365207e+00 1.302886060918538036e-01
-4.052677907835679605e+00 8.562777287535403570e-01 3.729549603400814206e+00 3.018433286039012842e-01
-3.118679369301966986e+00 1.795794877252605337e+00 1.574671842399337329e+01 1.189924422862032927e+00
-1.034595439993635013e+00 1.839709730085918205e+00 1.743400380540841565e+00 1.393512698871444577e+00
3.159116892878847338e+00 1.012293034384170065e+00 -4.176053431218211820e+00 3.162983120006587878e+00
-3.066887062428208743e+00 8.954722504669023753e-01 6.411658538639282146e-01 2.114614326142074119e-01
-1.758928013617753860e+00 1.656066155939627249e+00 5.491325988821929904e+00 7.865317461696552659e-01
9.864229046808506984e-01 7.356086000641461897e-01 -4.872992577339673170e-01 1.081682135237762132e+00
-3.040084553447545801e+00 1.529977808662041250e+00 3.619676626584202950e+01 2.572726506851167994e+00
3.687159067734543938e-01 4.452127140323903220e-01 -1.878768479213892784e+00 8.591030980452553090e-01
-2.467868581726186950e+00 1.674099556198871852e+00 1.952488305690809778e+00 6.306160794835349304e-01
4.021519459488207993e+00
-7.087080883432380629e-01
-1.630726938482100374e+00
-3.341709167415808590e+00
-1.356032272039344733e+00
-4.914507697594345359e+00
-9.066154072801203556e-01
7.336241445421500806e-01
-1.634584605138141633e+00
-2.859900509048184603e+00
-1.729801046727851732e+00
-7.690545028555662910e+00
-8.647377800589505226e-01
-2.073496916503694720e+00
ReLU
0.2
14
14
-6.556735773224691144e-01 -2.768597972279136510e-01 -7.454987875460699076e-01 -2.686031009152868521e+00 -5.790255978873589671e-01 -6.211516221142715510e-01 6.304858033539143536e-01 -2.069312695711932104e+00 -3.965736473992829692e-01 -2.245543478386319569e-01 -8.679663293506997834e-02 -5.275133916661765010e-01 2.099263235679831585e-01 -3.134255765394442506e-01
-2.558378782895310843e-01 2.345219311606548673e-02 -4.544747955355709079e-01 -1.115719061103556786e+00 -6.381705898797688237e-01 -5.654545553808205671e-01 -4.979629749591796828e-01 -1.711743896740214599e-01 -6.577862409293095958e-01 -7.666869963496926177e-01 -1.493716333683846320e-01 -5.233127382334600286e-01 6.366679621510357157e-03 -2.235260892594422288e-01
-9.142992637868573524e+00 -2.512612780937704127e+00 -2.806527691391671464e+00 -1.610824331428945655e+00 -3.487683218383081041e+00 -1.130268235906157770e-01 -5.087024041961541343e+00 -2.732686363643466620e+00 -1.098552411152926345e+00 -1.582444623058144317e-01 -2.333986850626064591e+00 -5.285589996803756740e-01 -5.375976913820079695e-01 -7.197167555669451433e-01
-4.330862877063083261e+00 -6.211666801006545668e-01 -1.593277047615250241e+00 -1.487932380038131219e+00 8.310738752965258769e-01 -2.476936982460730546e-02 -5.412488133058186435e-01 -1.930899736611652262e+00 -6.408663689129697749e-01 -3.703914456188891480e-01 -1.811077309299884489e-02 -5.163540883643190638e-01 3.396447083759375762e-01 4.742357394578048946e-01
2.284755325650916102e+00 -4.593925027661299731e-01 2.863136945927955423e-01 -2.961140593056166725e+00 -1.310108254809430051e-01 -1.976708155283307233e+00 6.313223899847835163e-01 1.331789957523874302e+00 -3.723519966491353195e-01 -1.295451697887400222e+00 5.109154850528898617e-01 -9.008970138103991943e+00 2.322777691599348382e-01 -2.376047597404298481e-02
1.378268657586129597e+00 3.678617647566206350e-01 -1.420920053838332864e+00 -2.913830218025186269e+00 -6.455378211047226866e-01 -2.483057119455820860e+00 -3.380724897816229091e-01 5.426588573642925351e-01 -3.653069639344627140e-01 -1.686053822042284933e+00 -2.527714464875991940e-01 -9.477625519145846056e+00 -3.582233085797190686e-01 3.724149507577813600e-01
-6.432906728450019651e-01 -2.794100585314909235e-01 -5.482038500583260587e-01 -8.331232070877584439e-01 -1.065061481413982714e+00 -6.387958449391240023e-01 -1.193128264692649099e+00 -2.077144706105212291e-01 -6.632141482118153464e-01 -7.400258691230859887e-01 -6.805099372620155851e-01 -8.440972956253446347e-01 -2.241931366268052617e-01 -1.230827048012079344e-01
-4.634182429912860890e-01 -6.393961710577734936e-02 -2.267804974493478343e-01 -2.451913202827258775e+00 -7.262474388052088115e-01 -2.869549221299359409e+00 -2.563791758657348319e-01 9.746146322012114172e-02 -9.109289217233725866e-01 -1.459097350222772205e+00 -4.696291847234134176e-01 -2.464920304090750136e+00 -4.649038866721496022e-01 5.227022589161256505e-01
-1.222298569788167200e+00 -1.439530887172193685e+00 -7.436080515136013203e-01 -1.665917191150330101e+00 -1.352813859194049062e+00 -1.124476512641611192e+00 -8.872662343736172907e-01 -1.440959739139340945e+00 -1.086881134527242665e+00 -5.055104319096019871e-01 -7.292943253071570986e-01 -1.184381010060197470e+00 -1.216562324710309007e+00 -4.605995504418974873e-01
-4.776646849997830402e-01 1.943038571246589324e-02 -1.917426936054912601e-01 -3.060977262834430057e+00 -1.003960747374991469e-01 -2.611340186518895656e+00 -9.061983678199010683e-02 1.144265150203654657e-01 -4.704935273999623080e-01 -1.139243288543847710e+00 1.661346849072068699e-01 -2.883097334338395878e+00 1.533151905153051775e-01 1.768432044044471532e-02
9.926535677663907153e-02 6.640671184107718727e-02 1.123120406238702247e-02 -2.611543099580156735e+00 -2.230580284679126724e-01 -2.694743452375420567e+00 1.480687216553816798e-01 -6.997951411739299354e-01 -2.458629236980399146e-01 -1.505365538887512455e+00 -3.035672159354241284e-01 -5.205645683384796385e+00 2.382977528898707620e-01 9.378701124292181113e-02
-7.547771420292315181e-01 -1.781521316434352964e-01 -1.229656404045257473e-01 -2.635478273837863039e+00 -8.226100870208763460e-01 -6.381460272267824863e-01 -5.478976643018255155e-01 -2.345397034431913885e-01 -8.871177397742773252e-01 -5.131769751647099476e-01 -2.952508533607886010e-01 2.346789923786383320e-02 -2.809994461693907652e-01 -7.636962204414465827e-01
-1.491632405928551008e-01 1.675542342965352371e-01 -3.019433930867144733e-01 -2.788247291684410989e+00 -2.263075288179503819e-01 -2.535060926651211410e+00 -3.596479466493918697e-01 -2.926221709037575280e-01 -4.102889687153714604e-01 -1.445722225801192584e+00 -4.330767715110571126e-01 -3.279876118222819770e+00 -4.874233237181002654e-01 7.806804484169692637e-01
-6.066769880160579609e-01 -3.788515392743345700e-01 -2.791557439611987990e-01 -1.736382660338048334e+00 -2.419060341263541414e-01 -2.198526988550358885e-01 3.955075090327292257e-03 3.900838849804834363e-02 -9.564645622472868203e-01 -7.552022357153066467e-01 -7.077315562442760832e-01 -3.654912661438105004e-01 -6.763988525475238267e-02 -8.529277227968468100e-01
2.041369817793069252e+00
-1.426032097188565384e-01
1.431103966497895952e+00
2.100531627326101436e+00
1.244426968124827670e+00
7.513960885415111868e-01
-1.994269343521328508e-01
5.198601673662758271e-01
-3.331843348738116051e-01
7.022081307809201478e-01
1.135068010885154494e-01
9.739676213282548456e-02
-6.776894675924093926e-03
-3.379880713682829607e-01
ReLU
0.2
14
2
-3.476396073547550758e-01 2.448752064752065249e-01 -1.401603859324488388e+00 -9.383116949186185440e-01 1.656594128490820994e+00 1.202857458039504390e+00 -1.020077269675573606e-01 -1.467511880896979204e-01 -1.006211716114746302e-01 -1.612327389134078637e-01 -1.624410520398908708e-01 -2.086075301177968758e-02 1.341914583490741442e-01 2.881969768507037788e-01
3.869747952597714646e-01 5.100093136230311047e-02 -1.590755006083798939e+00 -4.049501303343113756e-01 2.115995850378940446e+00 9.275625330240504507e-01 -8.222977729773942590e-01 -1.410857378216592295e-01 7.255931518015054094e-01 -1.887101497323376842e-01 1.979533313219677126e-01 -1.022619738836195030e-01 -8.011639644778638381e-02 -2.290626751634713965e-01
1.415589826003204799e+01
1.044578855091191194e+01
Linear
0.2

ct 2024-06-12 01:30:33.482674
