noname
4
4
4
5
6.789451881867677452e-01 1.857882645784854070e+00 4.836069570363595860e-01 7.626046965518219478e-01
-1.431501577679892945e+00 1.189436935256845906e+00 4.501200505080260150e+00 7.532025909903428129e-01
2.162240566430707389e+00 1.828384337760886602e+00 2.444335504336210274e+00 1.074911902175452960e+00
-1.756531655047132379e+00 1.090988253832450461e+00 1.342439421209623163e+01 1.308714619766388143e+00
1.268461814379480357e+00 2.015502158302440172e+00 3.947473371051060553e+00 1.405645513910369404e+00
-1.750338215539341269e-01
-1.979721175842582559e+00
4.765363438072131586e-01
-3.369759223253089964e+00
1.446766100629560459e+00
ReLU
0.1
5
4
3.372714245468005356e-01 -1.308815088628145218e-01 -2.249145173670411557e-01 -7.885805829488971019e-01 -2.623911924228937043e+00
8.292882755420698526e-01 2.727505714881440224e-01 4.365604544510572338e-01 -4.343974274791908008e-01 -9.172753972111502563e-01
2.614267231427220284e-01 -1.858373284666665404e+00 5.486693668720080685e-01 -3.253242347114945421e+00 7.176544268647164770e-01
-4.731626399591838394e-01 -4.027233678840902997e-01 -1.037392041166605994e+00 -6.947545158394569098e-01 -4.267089126775505670e-01
6.664529561784535705e-01
4.613966036471880972e-01
4.958130732903009430e-01
3.179061541049255091e-01
ReLU
0.1
4
2
-6.996812332549298130e-01 -5.103679756194366979e-01 1.165771357820778453e+00 -6.329565388335733900e-02
-9.002426617784109464e-01 -1.724479947547866432e-01 8.866819707904456394e-01 -2.447128213570653466e-01
3.105271266191069746e+00
2.878674974865909508e+00
Linear
0.1

ct 2024-06-16 15:35:50.420402
