noname
4
4
4
3
1.670180111091513986e+00 -1.973598163716202558e-01 -1.244704164896886134e+01 -4.520206004807552636e-01
4.439956776903791758e-01 -8.482494782178690018e-01 -1.526249816886653754e+01 -1.208929591890701261e+00
5.188229882588769604e-01 -3.070503079409582781e-01 -4.376606898373014864e+00 -1.556563340932545780e-01
3.331370350425610027e+00
2.874066968842417857e+00
-1.233925395467622366e+00
ReLU
0.1
3
3
1.600231332360216641e+00 -1.507881604429720301e+00 -7.608306145061456416e-01
-1.178617382592815621e-01 -6.298808053375078986e-01 -5.311162876518642495e-01
-1.828888610566372641e-01 -7.213063803953991514e-03 2.535722890342265723e-01
-8.136390762685323172e-03
-5.558752081397437816e-01
-1.315987380392000250e-01
ReLU
0.1
3
2
1.009753598785091633e+00 1.457570915741563389e-01 1.299196835543993678e-01
8.399426156566772717e-01 4.753051467442083455e-02 2.564871759867001222e-01
1.835747108830477980e+00
1.481497055664395823e+00
Linear
0.1

ct 2024-06-16 20:27:30.265729
