noname
4
4
4
3
1.378022901664474498e+00 -2.612315987466978795e-01 -1.443046648553267453e+01 -6.574874043266123458e-01
5.724381907208797582e-02 -9.188512536121552499e-01 -1.772447155162503662e+01 -1.343153752073992013e+00
5.188229882588769604e-01 -3.070503079409582781e-01 -4.376606898373014864e+00 -1.556563340932545780e-01
3.845722964660031273e+00
2.974327807647389577e+00
-1.233925395467622366e+00
ReLU
0.1
3
3
1.433579177760515799e+00 -1.288841268261261552e+00 -7.608306145061456416e-01
-1.178617382592815621e-01 -6.298808053375078986e-01 -5.311162876518642495e-01
-1.828888610566372641e-01 -7.213063803953991514e-03 2.535722890342265723e-01
-2.264827144260160227e-02
-5.558752081397437816e-01
-1.315987380392000250e-01
ReLU
0.1
3
2
1.317384809745758334e+00 1.457570915741563389e-01 1.299196835543993678e-01
7.035862711365570288e-01 4.753051467442083455e-02 2.564871759867001222e-01
1.458427658356078460e+00
1.393484002193611904e+00
Linear
0.1

ct 2024-06-16 20:27:42.829794
