noname
4
4
4
4
-5.684706159023894534e-01 1.548269282610570841e+00 9.105306231706077114e+00 1.540060310956080425e+00
-2.635302837842101176e-01 5.662854803581355290e-01 -6.775586283096236562e-01 5.270210839045020856e-01
-2.668061643782030368e-01 5.357753873725997762e-01 -3.200269979781578122e-01 5.797122022607780201e-01
6.430605036033406385e+00 2.908178632661735818e+00 -3.240419825632783191e+00 2.952063770118017683e+00
3.173910606340014429e+00
-9.361093071583008740e-01
-1.123670436153237029e+00
4.550082325207747136e-01
ReLU
0.2
4
4
-1.324963736318983232e+00 -2.323805066100219363e-01 1.558763619560514513e-01 1.849232930790378204e-01
4.532657563103607012e-01 1.512674203997718680e-01 9.407052367477414245e-02 1.218449743289578668e+00
2.902605701797980609e-02 -4.765325587008082397e-01 4.777219402745360721e-01 4.857344011439938825e-02
-1.379142099945048550e+00 -1.002188827947284588e+00 -8.299568217589076147e-01 1.215969750255491144e-01
2.226736963772073086e+00
-8.849514025719571464e-01
-7.502785698391648550e-01
-1.224512335618223036e-01
ReLU
0.2
4
2
-9.024894019326924477e-01 5.826905814470888512e-01 -6.129496727139327472e-02 1.873652739722326821e-01
-8.414779605980484689e-01 4.633634578121793579e-01 1.301031835684892390e-01 -2.489146522038422280e-03
4.384178728129259461e+00
4.568252215093588475e+00
Linear
0.2

ct 2024-06-12 14:15:27.819026
