noname
4
4
4
4
1.753658137129105177e-01 3.553085269129621637e-01 1.797558308434679120e+01 5.340928340793348106e+00
-3.177035372341782127e-01 5.509388537681780829e-01 -6.695043922474924747e-01 5.313447706722890240e-01
-2.668061643782030368e-01 5.357753873725997762e-01 -3.200269979781578122e-01 5.797122022607780201e-01
3.820470676673787036e+00 4.410473757611701906e+00 4.777467681731602411e+00 6.361740649988856688e+00
3.113173711181090209e+00
-9.390417097162632176e-01
-1.123670436153237029e+00
2.836343422579543638e+00
ReLU
0.2
4
4
-1.240611531726437233e+00 -2.323805066100219363e-01 1.558763619560514513e-01 -1.529545053208856586e+00
-5.111295884341274798e-01 1.491433186786752518e-01 9.407052367477414245e-02 -9.135497209912015748e-01
-6.549282120904640347e-01 -4.765325587008082397e-01 4.777219402745360721e-01 -5.291090272983463016e-01
-1.379360361842618010e+00 -1.002188827947284588e+00 -8.299568217589076147e-01 -5.243102784375257563e-01
3.705725618849255554e+00
-8.207962977220568668e-01
-8.713633585487888800e-01
-2.665263420456486232e-01
ReLU
0.2
4
2
1.383240143775887609e-01 -1.331930326213505433e-01 6.432502501407096930e-03 1.051358349237817569e-01
-5.882168051565676015e-01 8.685238188989331531e-01 8.546695717630778399e-02 -1.527698281031514456e-02
7.270494327804305712e+00
7.530980097516975391e+00
Linear
0.2

ct 2024-06-12 14:18:09.582736
