noname
4
4
4
12
4.086202297925746185e-01 6.290132408947325393e-01 1.824761371580691516e-01 6.369343338514025232e-01
1.275853897281097993e+00 6.160574105692329105e-01 1.744050148470786266e-01 6.231208626767538172e-01
5.471084046646813581e-01 2.746280101228497639e-01 -4.804825517717728478e-01 1.738414206131562167e-01
7.450675510317391614e-01 1.913223109731765348e-01 -1.460882846215101338e-01 1.514128991537262159e-01
9.609514276021656753e-01 4.422967794371657213e-01 -4.459341156502654169e-01 5.634148994176900738e-01
1.181230525752562377e+00 5.471113117309430729e-01 -5.169866342365934120e-01 3.751638065021534740e-01
5.223582012404253128e-01 4.978990217373023275e-01 1.930353142181641113e-01 1.263974869458349692e-01
7.930761355606953389e-01 2.740843484821791076e-01 -1.092279093031123693e+00 3.122257332895813087e-01
8.277463752685570997e-01 5.182702060284082313e-01 -7.688741252855129105e-01 3.499517537490627883e-01
8.385718358525329208e-01 4.146902736602464667e-01 9.189290867986349420e-02 1.789410945066519931e-01
1.059598271441933859e+00 -3.074681362342308183e-03 2.918728780685619917e-01 8.447055707280477777e-02
7.111754242883099042e-02 5.600182733467607976e-01 -2.395412790884312582e-01 6.889155975379703811e-01
5.520287874243292592e-01
6.821689585553895041e-01
2.470406947526113117e-01
7.389171916843810806e-01
4.206833645622528595e-01
4.950953516405738886e-01
6.452454580179001198e-01
3.908200340093105352e-01
3.213057358336456337e-01
8.264161138682850627e-01
6.538511125227089993e-01
8.264274338303347900e-01
ReLU
0.001
12
12
1.097542004454200137e+00 5.692686996238425223e-01 -1.473226773748947394e-01 4.633025436517115847e-01 8.898002207762434335e-01 1.172293614014150026e-01 2.219553061031712682e-01 7.088821409730985401e-01 -2.244610297277171151e-01 1.484938718338078556e-01 6.257314520966672511e-01 1.134654680114996372e+00
6.374611288536492955e-03 -1.054852500010536841e-02 3.598114292890273735e-01 9.193156360666233651e-01 5.794738187295758181e-01 4.546227570785567051e-01 4.980607049587859603e-01 9.399848786792379673e-01 8.640691587826422326e-01 3.419592573739206331e-01 4.490522728688149945e-01 3.905289037526548657e-01
5.339214123548188251e-01 6.596729846807711795e-01 1.710368907106022962e-01 7.954866394149918696e-01 4.869717112128155168e-01 -1.828586848920351823e-02 -1.081345744816162302e-01 1.579853531350128570e-01 7.560912473330865247e-01 9.023055340477398323e-01 5.634768593728707309e-01 8.600634671691949062e-01
7.061708401072213093e-01 1.872472657950060571e-01 6.679322914140503054e-01 7.836093442067896264e-01 3.402562263250139551e-01 8.990717349664270053e-01 1.478136159945390819e-02 4.008777541097783836e-01 7.977532289635185236e-01 5.459528187757448636e-01 7.762976675923407566e-01 1.795409346589741106e-01
1.213768957317320901e-01 2.738238132559254745e-01 5.627148981942087236e-01 4.001534826191626565e-02 6.319657841629283679e-02 1.670176845434817869e-01 3.530306030799070238e-01 5.223989382795244385e-01 3.952618707811371146e-01 3.527733189877108044e-01 1.971353238443447620e-01 4.877164068725441393e-01
1.608862696500165945e-01 5.876437683698058079e-01 5.198303228635698936e-01 5.749693015794249407e-01 3.070662745474561084e-01 8.579911714321288851e-01 6.121406791515773271e-01 6.238597504767702251e-01 2.813903043148932581e-01 2.823228376086579505e-01 3.245412774184064930e-01 4.836187364662052346e-01
1.298128216853537964e+00 5.208345783384259464e-01 -7.108192435447344693e-01 -9.216859343649404235e-02 1.407837821369144260e+00 6.625917461830769239e-01 -5.413740098090531055e-02 2.778872084773428286e-01 -8.659849143658655823e-02 1.687876012208407162e-01 5.960814869785985293e-01 6.551452619391431309e-01
1.088591773268531709e-01 7.625761364469344494e-01 5.335325878600720717e-01 3.458412767681650068e-01 -1.221001917320307384e-01 9.430767477556413203e-01 9.928381538431657605e-01 4.909472408000415400e-01 1.094911389851515482e+00 9.806385731350856227e-01 5.658224364834074649e-01 6.964446882233887859e-01
4.041425239333805708e-01 7.831397831427944212e-01 9.506882873551192326e-01 6.246371078419155065e-01 -9.070038054095926061e-02 8.361205369566129253e-01 1.110385946962796910e-01 4.432763507094834576e-01 9.844192104438157509e-01 1.634503366140790392e-01 7.907295967388626723e-01 8.963830435716769740e-01
2.866467499535722552e-01 1.193270559866827618e+00 2.843448377887872747e-01 1.400574813382660933e-01 3.319276337272667465e-01 8.843516856481719035e-01 7.057845136794389795e-02 3.365606637770772180e-01 -4.405067077610965581e-02 1.836181738255618090e-01 4.735585834090874080e-01 1.169092426053768952e+00
2.555809036504929632e-01 8.960412667440632584e-01 5.294528737170935973e-01 7.872177418006761629e-01 4.342065250121336373e-01 7.327352914961317021e-01 6.823643005778059489e-01 8.560015339079658503e-01 7.647479315114787957e-01 7.346836593493938361e-01 7.711021472899592943e-01 4.182739434176027116e-01
7.347125215893661465e-02 1.083149184276100824e-01 9.987611221560086516e-01 3.151687488606283449e-01 -1.684465036368311963e-01 7.085935500968746359e-01 9.415042892699423960e-02 8.157249226913302342e-01 6.515105761421322583e-01 2.148958054907908546e-02 2.826153228703531806e-01 3.858033400195279849e-01
6.113655555093076011e-01
8.145017330658395061e-01
6.950280448525477661e-01
5.531881860002358930e-01
1.092497165504845880e+00
3.911240027157771859e-01
-3.292494310486296927e-01
5.120481867025372669e-01
1.762396269932705040e-01
3.290150077895185876e-01
4.861956296592460647e-01
9.030496410903274818e-01
ReLU
0.001
12
2
8.261520524686612188e-02 8.582641147067426868e-01 5.021817655217550858e-01 9.255747867911748861e-01 7.076483100626715927e-01 3.361942494430624206e-01 -1.910643946286515460e-01 9.238985379811912590e-01 3.042961080181234568e-01 -1.622713197633231935e-02 6.563830050793296733e-01 4.272889099082640141e-01
8.694754027878128788e-01 1.772587228437824958e-01 5.577546102162000974e-01 6.442078751954758431e-01 2.945468942386340605e-01 1.876684163037664888e-01 3.519253324078741585e-01 2.654407744233570621e-01 2.197720737134764846e-01 4.698775102482212196e-01 6.330915107083626703e-01 3.322182629634126694e-01
7.297421193946411755e-01
5.297733274227918177e-01
Linear
0.001

ct 2024-06-03 12:44:32.773641
