noname
4
4
4
5
-5.594640366864973124e+00 2.709364188092601378e+00 1.521803814499001994e+01 3.957268946164273160e+00
2.060315477434858877e+00 2.653257425294571537e+00 1.110208077169310670e+01 2.794367769477171137e+00
2.950746974757886498e+00 -1.089508344943491025e+00 -8.099335753196665877e+00 1.133730339132231091e+00
-1.823716362126422963e+00 3.689185619144119244e+00 1.091554904634855383e+01 8.513212858594767507e-01
6.365167487947759994e+00 4.052111944263906196e+00 -8.404234148457458531e+00 3.589240665022211285e+00
-4.981824437235650826e+00
4.066473929226560813e+00
-5.798322023849821427e+00
-1.573777359291701705e+00
4.225726977544340679e-01
ReLU
0.1
5
5
-2.034407811928023335e+00 -6.180141467231682562e+00 9.747090185068343349e-01 -2.176180739163523725e+00 -1.831513573521282578e-01
-1.494950216753226924e+00 -4.587122726093264546e-01 -1.086793987470534351e+00 2.937654578349099821e-02 -2.569244777219565901e-01
-4.199580410599093483e+00 7.351920709186433589e-01 1.173418070444202099e+00 6.110024335472374890e-01 8.985304327458735196e-01
-2.064658721133394437e+00 -3.160896118540898470e-01 -1.505729935711915601e+00 -9.298088470639935821e-01 -1.089625741857292329e+00
-7.063710330307442220e-01 -2.687968910404532785e+00 2.550150495918926286e+00 1.204129717632899249e-04 1.727478141288486979e+00
-1.962991132290722307e+00
-4.633076455354246392e-01
-1.615372113106194885e+00
-1.610021375692148649e+00
3.764708196137557028e+00
ReLU
0.1
5
2
3.576308148872155979e-01 -9.522260079953394005e-03 5.765449918987196609e-01 -4.774748001943281417e-01 -8.758154865662374222e-01
3.668335885383578465e-01 2.256047477502145793e-01 6.146719371870525972e-01 -2.651415787088673426e-01 -9.371152952307981732e-01
6.142573153236710937e+00
6.352118473107768004e+00
Linear
0.1

ct 2024-06-16 11:53:13.829750
