noname
4
4
4
5
-1.846552783450259083e+00 3.919810043919769171e+00 3.303269075945646449e+01 3.741672571276576931e-01
2.868765126007757793e+00 2.097127453374156403e+00 1.381814652002579180e+01 2.796563742767178340e+00
2.950746974757886498e+00 -1.089508344943491025e+00 -8.099335753196665877e+00 1.133730339132231091e+00
-4.469535457767853104e-01 2.823421890725272387e+00 1.842821690997093498e+01 2.427988945461575510e-01
7.874826829129865757e+00 4.613538849277589726e+00 -9.114423180281962189e+00 4.195286683700683916e+00
-1.249179609233103605e+01
4.718265454969865047e+00
-5.798322023849821427e+00
-1.644618950751607356e+00
6.891510368477438142e-01
ReLU
0.1
5
5
-2.034407811928023335e+00 -6.180141467231682562e+00 9.747090185068343349e-01 -2.176180739163523725e+00 -1.831513573521282578e-01
-1.494950216753226924e+00 -4.587122726093264546e-01 -1.086793987470534351e+00 2.937654578349099821e-02 -2.569244777219565901e-01
-8.797587438682221261e+00 3.466792696374440541e-01 1.173418070444202099e+00 1.176250173573037960e+00 1.064745563463172395e+00
-2.064658721133394437e+00 -3.160896118540898470e-01 -1.505729935711915601e+00 -9.298088470639935821e-01 -1.089625741857292329e+00
9.103324060226779535e-01 -1.955000910271330383e+00 2.550150495918926286e+00 9.661582969545148836e-02 9.915327306233381321e-01
-1.962991132290722307e+00
-4.633076455354246392e-01
-1.298731529819740826e+00
-1.610021375692148649e+00
4.713367055495759850e+00
ReLU
0.1
5
2
3.576308148872155979e-01 -9.522260079953394005e-03 3.563583920458860410e-01 -4.774748001943281417e-01 -9.621599865383596573e-01
3.668335885383578465e-01 2.256047477502145793e-01 3.957114279073067342e-01 -2.651415787088673426e-01 -9.468875402370219296e-01
7.052059351754429883e+00
6.808469769556990236e+00
Linear
0.1

ct 2024-06-16 11:53:51.686946
