noname
4
4
4
16
3.434042372246859931e-01 9.571414378601329487e-01 8.896767700289062164e-01 5.298864764767315938e-01
-9.369927166723627243e-01 7.972677464726096730e-01 6.496678653544293525e+00 8.409024473837634073e-01
8.305151349208843570e-01 1.081221132824555120e+00 4.839872261790466590e-01 6.630110944863645273e-01
7.681703910103977462e-01 8.846708926864603750e-01 1.120505292722024038e+00 5.017274199078820551e-01
7.801113334194671456e-01 9.555213739027232922e-01 8.433625051513848891e-01 6.853651945251220123e-01
2.679419588877091640e-01 6.699609654209227605e-01 3.807111173683566108e-01 3.713519103627147544e-01
1.086092699769841463e+00 4.889199742813336025e-01 3.344931425297850702e-01 3.654458742448953856e-01
3.987735176950168436e-01 3.957263500851541660e-01 6.529050785376447896e-01 5.512972083122331668e-01
-1.029301411347259831e-01 7.746630101751756925e-01 2.578604830226307598e+00 2.044127140152975433e-02
5.606907965062588040e-02 7.514261076409002316e-01 1.351769914004766315e+00 6.867232427029410502e-01
1.238082471719883504e+00 9.351547683839823710e-01 6.861623382255007675e-01 8.685364752383152309e-01
7.929363602391987786e-01 9.760620964653786702e-01 -1.666778874522863996e-01 5.776110766111094419e-01
-2.919747591727718805e-01 7.427152131908767441e-01 2.476793939137164724e+00 -9.702603208275914493e-02
1.219847818834452591e+00 3.878772785235577447e-01 7.834497565288222054e-01 2.459209765475488807e-01
7.763094346633381271e-01 5.899235786478120858e-01 -2.581260117157879286e+00 -1.547632567294722483e-01
6.758202434798342706e-01 8.857157172931945377e-01 2.305829541865897780e-01 6.060119880376994006e-01
3.495003185931898626e-01
-1.466674706532795414e+00
4.164195580876674518e-01
4.356183966287858200e-01
5.855988344864284656e-01
1.390968413490955291e-01
1.640839384833694126e-01
8.445551065192784534e-01
-4.402526584586405334e-01
8.216125288779764224e-01
9.425363330948608453e-01
1.892889672519741384e-01
3.168170934670035827e-02
2.115623126958717792e-01
-7.102036150547245130e-01
3.302432438801324865e-01
ReLU
0.01
16
16
-3.533162052413259535e-01 -3.518422730150856825e+00 5.662347471266383492e-01 2.923564997878150828e-01 -5.887446428793116637e-02 -4.733927995707406522e-01 2.474454911967102488e-01 3.333382171349173473e-01 7.795835366065139160e-01 1.262840707377495264e-01 7.226172000275375984e-01 3.801579545178654373e-01 2.441490480667243279e-01 -1.038594114754621753e-02 -7.990940670497787002e-02 -1.197831138490742381e-01
-1.731286879498393771e-01 -3.484415413895131319e+00 4.078013376892890007e-01 1.759747124214792319e-02 2.851593550851363457e-01 -4.146610438139451404e-01 -2.722876914650074198e-01 7.745025807308457688e-01 8.191989815487472626e-01 -3.401905121025193546e-02 3.598266762713754896e-01 5.730661079827135129e-01 3.237773953492369405e-01 -2.210288706880852438e-01 -5.262849973181847885e-01 -8.404753918273176472e-02
8.888576272410142476e-02 -3.968208332263658100e+00 3.608740070691899282e-01 -1.384733252313882779e-01 7.562285101500111351e-01 -5.398373220251725946e-02 -1.379301459403909358e-01 2.725529792256684569e-01 6.680567248351861886e-01 8.928376006718947711e-01 5.355063589130658608e-01 -4.201948632796125849e-01 4.377200933341844902e-01 2.053262138397239922e-01 -6.204306590092464324e-01 4.235523104299059316e-01
1.925016496764653806e-01 -4.731066668104111805e+00 3.766005849970996966e-01 2.413631920005492731e-02 2.701968698033776484e-01 4.283679409823571427e-01 2.738401206827098533e-01 4.992646361355958240e-02 2.324702067652287263e-01 5.333542246117946029e-01 1.001075551540117348e-01 -1.268980924474250038e-01 1.861875821349837784e-02 4.986212613202446742e-02 -9.072199326208361114e-01 -1.281979068605751948e-01
2.260994321282263630e-01 -3.672400483002412397e+00 4.319480419848082953e-01 2.295331779353855239e-01 4.756782244670672982e-02 -2.872050731763929887e-01 -2.564100056896522761e-01 2.671513894991863758e-01 9.919843173524602042e-02 3.275629024665571154e-01 2.595283373392541781e-01 1.083069639977091714e-01 3.742300123714768501e-01 4.717480675857116945e-01 -4.743225810297349021e-01 -3.940010389629160226e-02
5.397581290517962371e-02 -5.163087934347744934e+00 -3.507340185616123485e-01 3.009136192899436457e-01 8.130516252474637717e-01 -5.947003340781657418e-03 -2.965782762657749871e-01 6.500020507943098380e-01 2.914682441145591829e-01 -1.804768359759502741e-02 7.558252357519008591e-01 5.741667209206000044e-02 -3.100844438334232622e-02 -1.150767464718771144e-01 -5.507511069632406997e-01 -9.948935151791099551e-02
-8.963811383422229384e-02 -4.362796426506318603e+00 2.939593761167321184e-01 -4.968133057651795692e-01 -3.154422333261372533e-04 3.358190670620327806e-02 4.244780616535474005e-01 -1.033692989208302299e-01 7.838949470515797768e-02 4.356377528396360166e-01 5.295929618496624247e-01 -1.488404229836513271e-01 -3.126465599863085809e-01 4.407058370709648898e-01 -6.497698896675063729e-01 5.989735995378414612e-01
5.914576371740734029e-01 -3.170002909955046633e+00 -1.165871850695187062e-01 4.900556458907202595e-01 6.192464464631921572e-01 -2.297646099095158045e-01 -2.730946258705987950e-01 4.626385025890217828e-01 7.817643077680488939e-02 4.242794035435835109e-01 5.462468969960510012e-01 6.120074067072480695e-01 3.558166251171923644e-01 -1.889688122642981249e-01 -7.022379382636023681e-01 -6.347269809117186967e-02
-1.331874754471360223e-01 -3.263409621279733663e+00 6.878656700279420777e-01 7.996669217169348753e-01 6.341169424949691935e-01 2.746205601381185857e-01 3.552780354674392460e-01 8.097579943613926190e-01 5.613970346658213595e-01 5.782116018748808539e-01 3.216129171135966858e-01 -3.725967154554790106e-01 2.877701103037529351e-01 -2.978366452232709682e-01 -8.450310095760886764e-01 3.982506180832710019e-01
2.856730224119705674e-01 -3.259604334071815934e+00 6.654501441812799012e-02 1.794051018640485662e-02 -4.612882124167831666e-02 -4.009273964435923210e-01 -1.036630088445306408e-01 7.926197079755378239e-01 7.342064340665339639e-01 2.324905247938606756e-01 -3.734835059727136149e-03 -1.521946986984308303e-01 6.783745521270170831e-02 4.495855131143208783e-02 -2.660872571530629171e-01 -2.050811954546417071e-01
-1.490964673697270926e-01 -4.000003456287321235e+00 5.818367698664352883e-01 -3.806073608566080957e-02 -7.007881764252602008e-02 1.407866618847223583e-01 2.566999443167430894e-01 2.396795388218061207e-01 3.876904326214525853e-01 9.021467272880807908e-02 4.817428700100069849e-01 -2.302954360000633860e-01 7.069089540617075063e-01 2.611016323162891339e-01 -2.248089645324038433e-01 9.510320848400485860e-02
6.225820538349265965e-01 -3.265560647847942199e+00 4.771304962359792512e-01 3.169466829880340231e-01 7.309336624316056241e-01 4.525203399288263983e-01 1.246218126484040373e-01 1.965189320408763929e-01 5.774329248551894889e-01 1.470563432548957772e-01 7.110131130956395262e-01 4.716664058375787949e-01 6.815141991676272326e-01 -6.613598395868457158e-02 -5.394318018246357926e-01 1.971743120835565133e-01
4.823144188092304968e-02 -4.093066549466393589e+00 1.526083190169723880e-01 4.531557111564314955e-01 1.432630712455320587e-01 3.279456995839972189e-01 -6.987480542723016608e-02 4.067356773221731947e-01 7.315430722628472049e-01 1.587238559030400564e-01 2.770428149623803682e-01 4.672404842193217944e-01 5.159947630992479939e-02 -4.695554455658922377e-01 -8.281995301081625238e-02 3.655445655269433103e-01
-2.443560320831765498e-01 -2.605220034926913453e+00 3.830231897598518898e-01 -8.351237544537321034e-02 6.854667694415815804e-01 2.410284568336046873e-01 -2.800453254660780211e-01 3.525064487976408700e-01 4.523035190221171842e-01 8.632752961478332709e-01 4.803138387381208213e-02 -2.605722538174202185e-01 8.426343567188520067e-01 -7.894790181968645848e-02 -5.997898836011216206e-01 -1.220472128026470204e-01
6.595940258936914269e-01 -3.574907518805920059e+00 -3.043678916376723817e-04 6.956101636918106124e-01 6.400491466503346327e-01 -1.353069309970867939e-01 4.126808093732979854e-01 8.080537853078005872e-01 5.727795520839896737e-01 6.137810717243485925e-01 5.149158490731892135e-01 5.050990778791526470e-01 3.234868823520659631e-01 2.936526289957723246e-01 -2.445220492448923477e-01 5.866260882235562191e-01
2.777243282583783390e-01 -4.174953501519044430e+00 4.282078951812224865e-01 5.396117565572234875e-01 4.523571769763319317e-01 4.417641602185388150e-01 -2.595002074317617063e-02 9.270360860463677799e-02 3.886439392316675123e-01 4.631949213327882231e-01 2.825748165047944904e-01 -1.657025724871565298e-01 2.850230257040880510e-01 1.282675242290470252e-01 -6.056984595980527963e-01 -8.122200227522420601e-02
2.344708555130917693e-01
4.077465777255249169e-01
6.292555179751865291e-01
7.809401752929824303e-01
5.951482755233757915e-01
1.153499304715753099e-01
9.024744917549525347e-01
7.041050177068446381e-01
9.005291648997226783e-02
8.193053406734639443e-01
6.786699030818533762e-01
8.974209230559220263e-01
2.474934574662603914e-01
2.395196729415364212e-01
1.078775584545097477e+00
5.228022942002246154e-01
ReLU
0.01
16
2
9.530810699035843214e-01 1.110461723767134590e+00 6.680049241813755811e-01 8.509644310176188720e-01 1.089027817995553482e+00 1.018616843930099325e+00 9.141856008542228462e-01 7.275716862790072570e-01 5.590023276068029068e-01 7.107529461064423515e-01 1.301389746861357333e+00 8.450734203985322823e-01 7.007742707733228826e-01 4.162901173515510811e-01 9.162677669402160552e-01 6.402533410290185412e-01
6.249478320512420471e-01 7.456016282603691314e-01 8.913558592201290542e-01 8.039902874009122735e-01 7.061455815425533578e-01 1.089616361662136379e+00 7.210536784644089314e-01 9.678964839243227036e-01 9.509132689120632920e-01 4.625219229536829402e-01 1.106227964335027458e+00 6.357059887421249167e-01 6.699123941379629965e-01 7.192483672500162850e-01 1.035323297092621386e+00 8.290254330456421350e-01
1.353586472921062711e+00
7.918977809842970839e-01
Linear
0.01

ct 2024-06-05 10:21:14.932612
