noname
4
2
2
8
2.738147285084630567e-01 5.018467182945702820e-01
-5.964169761610173259e-02 1.844493309835098377e-02
5.369855303240288896e-02 4.984894181603002905e-01
-4.501894082701068944e-02 4.049538442710329256e-01
6.594467971888229307e-01 6.398225607341460064e-01
1.364622170974047755e-01 2.392792364811665851e-01
6.657616675167200848e-02 3.823795485845670750e-01
5.379710458924505945e-01 -1.374941416909677416e-01
-8.436379394478790705e-02
1.421219403026908745e-01
-2.293514728181481332e-01
5.945883437575861796e-01
8.106008742795555166e-01
3.031383871780008940e-02
4.994575687324135371e-01
-2.123264065621363328e-01
ReLU
0.0001
8
8
-7.716209784415149764e-02 1.569277812832036711e-01 -1.904835663805838075e-01 -2.665261133908691446e-02 -2.346826308134521977e-01 6.407415240722224015e-01 1.018999018003353685e-01 5.910663886449653015e-01
-3.139252007439989889e-01 3.568420402412313952e-01 1.563337080252242273e-01 -1.272197085015576989e-01 -7.301910675896447489e-02 -2.445642366047252880e-01 5.564862941689273645e-01 2.380780700547553141e-01
4.051835138584020113e-01 2.425482778023949765e-02 -2.383527374140708976e-01 -4.700279801133977649e-03 -3.424540319372937347e-01 1.592238083955063166e-01 3.858259490863564234e-01 -1.022174214288012889e-01
1.270695980915624856e-01 3.925640528024891829e-01 9.161325796461043669e-02 3.567568515053315403e-01 -2.796505090783262815e-01 2.924084743669167485e-01 -2.689873611575177570e-01 3.342045652799343625e-01
-2.666168371208559318e-01 3.280776088693047043e-01 5.937515438468468076e-01 5.837124648497604013e-02 -2.408065048963081989e-01 1.055986778834409473e-01 -8.495525636197130692e-02 3.895939521223514834e-01
2.460374052628789832e-01 2.684858299430441519e-01 3.329375507213244711e-01 3.489172637018646550e-01 -3.623276921125266337e-01 -2.237186309359973924e-01 4.494880126025039835e-01 4.776192100080335901e-01
3.777749786211940242e-01 3.150290449566292006e-01 1.647809235336952505e-01 3.750008802069196290e-01 5.140291995340670050e-01 3.301540194667850203e-01 3.646779202802910569e-01 -2.614266542223730311e-02
1.721032719012895174e-01 1.166015053970979459e-01 6.348213880587458835e-01 9.341907450739239671e-02 7.544760428993574353e-01 7.333436831247475141e-01 -7.043138734947126597e-03 3.062268494491207638e-01
-2.322528804701038119e-01
3.636301322424980720e-01
-4.626830535942803024e-01
-1.458418542055855971e-01
-3.576384452974234462e-01
-2.739841401238015187e-02
4.831588100078260117e-01
4.614061588092951416e-01
ReLU
0.0001
8
3
-1.192841706349508230e-01 1.346482782664935873e-01 1.144137130265300561e-01 8.992269875931011014e-02 -1.622849562401656454e-01 -4.276302823543137732e-01 9.797688323305488167e-02 -2.205193207866111282e-01
1.423744662189026511e-01 3.411310207946313677e-01 4.744907076704950599e-01 7.598349145260924198e-01 6.284157534558142411e-01 5.914169250832119751e-01 -1.452593632082955777e-01 -2.309560259343318434e-01
1.486446359536713058e-01 4.740889198208759203e-01 4.057348824438228307e-01 3.609183407704151803e-01 9.507744685707227028e-02 2.373216918407913475e-02 -2.171595070099171243e-01 -7.127237790973769971e-02
-5.905089807517169831e-01
9.784105108219182112e-02
2.629780043441957704e-01
Linear
0.0001

ct 2024-06-01 09:13:25.792580
