noname
4
4
4
4
-1.502370549679068912e+00 1.314512977335488220e+00 8.816753610900551763e+00 4.416253474557616521e-01
9.757956426509308834e-01 -3.477459129628801549e-02 -1.547094937359595512e+01 -1.828563724774953658e-01
1.029185454979362424e+00 -7.270633368882429837e-01 -8.133021196231654315e+00 -5.760848281111831115e-01
4.762241320902420583e-01 -4.520040240849250157e-01 -1.840876790883428882e+01 -8.437399386204769147e-01
-2.986417658530371444e+00
3.536003659432700452e+00
-2.462131176705620650e+00
3.691592539315073029e+00
ReLU
0.1
4
3
-4.971553527033613640e-01 3.744292783832477850e-02 -1.223478185723263278e+00 -1.746055754753044198e-01
-2.784936316121233713e-01 -9.187901084049096001e-01 -5.477506526837769979e-02 -3.911977526091405810e-01
-2.754314392473968809e+00 1.888065744610059049e+00 -9.172753086056011362e-01 -1.621669706984014692e+00
-2.615348648983580326e-01
-7.116001457497135307e-01
7.156214847544115076e-02
ReLU
0.1
3
2
1.895302042409384088e-02 5.025006897733559352e-01 9.777172770067338314e-01
5.684285941136225928e-02 5.420961421688069715e-01 8.718544780444692499e-01
2.205226589309841057e+00
1.863568560256382067e+00
Linear
0.1

ct 2024-06-16 14:27:29.049250
