noname
4
4
4
4
1.797420292616430881e+00 -6.754964043253103290e-02 -1.845945201585736273e+00 4.504414689172661634e-03
4.161242033307709920e-01 2.525183747666049916e-01 2.059635788917695554e-01 1.447828786973314186e-01
1.038408839392572336e+00 1.792291356580390238e-01 -6.697562931626444005e-01 1.216949356450294784e-02
2.621302598449462562e-03 -1.656955496239094841e-03 -2.753302639227979583e-04 7.283456786648303573e-03
6.536442578373850010e-01
-1.947800462909291541e-01
6.536049303177623448e-01
-1.534181992151325636e-03
ReLU
0.1
4
4
4.996865283244434491e-02 3.041883827606187141e-01 2.103729013422450667e-01 -2.571440777096466635e-04
9.610080262103180004e-01 1.337296691459831897e-02 6.782369547145333799e-01 -8.666878764748250225e-03
1.761117618983183142e-01 -1.038970608638760257e-01 -3.135995425732219788e-01 1.213372507689929481e-03
7.759069933163094488e-04 9.070751049249450599e-04 5.943559779437603387e-04 9.926352400381976103e-04
5.572249429040010416e-01
3.998398752204574969e-01
1.463694069015355481e+00
9.796805745413107117e-04
ReLU
0.1
4
2
5.372644565153136265e-01 1.368645047172950990e+00 1.027174275494133981e+00 1.515784927472991908e-03
4.722731404855315396e-01 3.733680749768215623e-01 1.297923521963555427e+00 8.708672162537430981e-04
9.538090147549881381e-01
1.406897982875064956e+00
Linear
0.1

ct 2024-06-15 23:06:11.336071
