noname
4
4
4
4
9.642197819634245048e-01 1.066625167729849111e-01 1.863097373378420907e-01 3.565721537713003597e-01
4.482399994214066319e-01 2.801448847517004626e-01 2.015544476828813603e-01 1.448347176145885484e-01
6.980726853680355726e-01 4.518449207922941580e-01 3.874749150347047144e-01 3.380606749233604491e-01
1.095924521290822648e-03 1.195734105477680789e-03 8.952033263934578485e-04 8.118678846903838557e-04
1.039611801490742504e+00
-1.286847931320041216e-01
5.746031942910221346e-01
1.251687674745466340e-03
ReLU
0.1
4
4
1.060425628123634195e-01 3.378662098439789707e-01 4.357458442329886217e-01 9.379480697037951165e-04
9.298019034014326500e-01 9.247223631866541282e-02 8.214045638196743049e-01 8.622016238695553482e-04
1.551003090868480483e-01 -2.292005964162869072e-02 1.021265242533451190e-01 9.097987309789221056e-04
1.035069732775472035e-03 1.000000000000000021e-03 1.018255598458406340e-03 1.000042664895844577e-03
4.878526184981611946e-01
3.337356970184152116e-01
1.125405712604073960e+00
1.058436890882591712e-03
ReLU
0.1
4
2
6.095515442878025603e-01 9.487778672313470496e-01 1.096634349566195654e+00 1.043516191561120023e-03
3.198841626887991563e-01 9.191952025458176578e-01 9.308886597996806067e-01 1.075192174952957925e-03
4.110547658331953347e-01
5.583292171840538165e-01
Linear
0.1

ct 2024-06-15 23:05:41.560924
